dataset,method,seed,epoch,train_mse,train_acc,val_mse,val_acc,factor_mean
segment,gradient descent,100,1,0.10116784185932845,0.5658385093167702,0.10135469418025732,0.5657142857142857,
segment,gradient descent,100,2,0.0666398879499304,0.677639751552795,0.06587544546107915,0.6914285714285714,
segment,gradient descent,100,3,0.058195903938931946,0.6708074534161491,0.056474848622457316,0.6828571428571428,
segment,gradient descent,100,4,0.04076844262565059,0.8403726708074534,0.039315723501453605,0.8542857142857143,
segment,gradient descent,100,5,0.048465722484289736,0.7577639751552795,0.048033259906304734,0.7685714285714286,
segment,gradient descent,100,6,0.03832385264784528,0.8161490683229814,0.037828896152420154,0.8171428571428572,
segment,gradient descent,100,7,0.026357033575001132,0.9024844720496894,0.026079531752385397,0.9085714285714286,
segment,gradient descent,100,8,0.02359724091754255,0.9130434782608695,0.023791161172966348,0.9142857142857143,
segment,gradient descent,100,9,0.02420944029437227,0.9012422360248448,0.024632303300711197,0.9,
segment,gradient descent,100,10,0.023399337208628152,0.9186335403726708,0.02435444266086307,0.9142857142857143,
segment,gradient descent,100,11,0.022770854149949508,0.9173913043478261,0.02444525966497801,0.9142857142857143,
segment,gradient descent,100,12,0.01908780675873465,0.9229813664596274,0.01994438987522634,0.9142857142857143,
segment,gradient descent,100,13,0.01949886164977726,0.9173913043478261,0.020040533168835625,0.9142857142857143,
segment,gradient descent,100,14,0.01903960159064076,0.9304347826086956,0.02071915729404349,0.9228571428571428,
segment,gradient descent,100,15,0.035322033246080596,0.8422360248447205,0.03796210476472102,0.8228571428571428,
segment,gradient descent,100,16,0.020461130500894372,0.9118012422360249,0.021136282489639054,0.9142857142857143,
segment,gradient descent,100,17,0.017704601002763005,0.9267080745341615,0.018899314072455035,0.92,
segment,gradient descent,100,18,0.0164645329527796,0.9385093167701863,0.01767404496192652,0.9285714285714286,
segment,gradient descent,100,19,0.015544781466962965,0.9366459627329192,0.01727084062152094,0.9285714285714286,
segment,gradient descent,100,20,0.01986586570081864,0.9136645962732919,0.020262244196970366,0.92,
segment,gradient descent,100,21,0.0239071252342613,0.8993788819875776,0.02687573938700296,0.8771428571428571,
segment,gradient descent,100,22,0.01539319109333008,0.9329192546583851,0.016752816123171213,0.9285714285714286,
segment,gradient descent,100,23,0.015174996051454708,0.9341614906832298,0.01668043209475685,0.9285714285714286,
segment,gradient descent,100,24,0.015768178432771812,0.937888198757764,0.01725274113832925,0.9285714285714286,
segment,gradient descent,100,25,0.01639660506697719,0.9285714285714286,0.018982072156044555,0.92,
segment,gradient descent,100,26,0.015873495288133834,0.9403726708074535,0.018781256604392074,0.9285714285714286,
segment,gradient descent,100,27,0.014849594931466186,0.9360248447204969,0.017084392032005773,0.9171428571428571,
segment,gradient descent,100,28,0.01706518040933375,0.9391304347826087,0.019877930309736194,0.9314285714285714,
segment,gradient descent,100,29,0.013767366121637087,0.9385093167701863,0.015587317602998155,0.9285714285714286,
segment,gradient descent,100,30,0.01674553963327466,0.9273291925465839,0.019526771694550176,0.9228571428571428,
segment,gradient descent,100,31,0.02581167091553698,0.9024844720496894,0.029052323868240117,0.8828571428571429,
segment,gradient descent,100,32,0.013546118253790809,0.937888198757764,0.01573426167413739,0.9257142857142857,
segment,gradient descent,100,33,0.013251262689930295,0.9484472049689441,0.01624502029664564,0.9371428571428572,
segment,gradient descent,100,34,0.015752865247072808,0.937888198757764,0.019263457524913624,0.9285714285714286,
segment,gradient descent,100,35,0.013854538819143745,0.9347826086956522,0.015852724255558073,0.9257142857142857,
segment,gradient descent,100,36,0.01269342986535573,0.9403726708074535,0.014934562560673456,0.9257142857142857,
segment,gradient descent,100,37,0.014754116735008451,0.9304347826086956,0.016304344232496333,0.92,
segment,gradient descent,100,38,0.012701434823272907,0.9496894409937888,0.015715550320331274,0.9371428571428572,
segment,gradient descent,100,39,0.011591664817586944,0.9521739130434783,0.014327164436585466,0.9371428571428572,
segment,gradient descent,100,40,0.01161954953886679,0.9515527950310559,0.014452974554363526,0.9371428571428572,
segment,gradient descent,100,41,0.012235807213906333,0.9490683229813665,0.015227334494504299,0.9371428571428572,
segment,gradient descent,100,42,0.01158738363050036,0.9496894409937888,0.014752827576076474,0.9285714285714286,
segment,gradient descent,100,43,0.014363579969717117,0.9304347826086956,0.016127905846477185,0.9171428571428571,
segment,gradient descent,100,44,0.01865580517564242,0.9136645962732919,0.021827480943614665,0.9,
segment,gradient descent,100,45,0.01583606470975074,0.9254658385093167,0.01750585230436045,0.9171428571428571,
segment,gradient descent,100,46,0.024048369801604224,0.8900621118012423,0.027102937791000956,0.8828571428571429,
segment,gradient descent,100,47,0.012809283724562697,0.9459627329192547,0.016126214828642394,0.94,
segment,gradient descent,100,48,0.010963621221243423,0.9527950310559006,0.014104915781360255,0.94,
segment,gradient descent,100,49,0.0176965466109086,0.9192546583850931,0.018731990996792604,0.9228571428571428,
segment,gradient descent,100,50,0.010615772322010275,0.9540372670807453,0.013688115875687148,0.94,
segment,gradient descent,100,51,0.011463873281082013,0.9434782608695652,0.01402814885768547,0.9314285714285714,
segment,gradient descent,100,52,0.012729849717819021,0.9397515527950311,0.01497239128542589,0.9257142857142857,
segment,gradient descent,100,53,0.010934986777765072,0.9478260869565217,0.013658977370590878,0.9314285714285714,
segment,gradient descent,100,54,0.011770494597861373,0.9453416149068323,0.014327327352761998,0.9314285714285714,
segment,gradient descent,100,55,0.012443146708020216,0.9391304347826087,0.015554493452402889,0.9371428571428572,
segment,gradient descent,100,56,0.016244797180570748,0.9217391304347826,0.017808759512654062,0.9257142857142857,
segment,gradient descent,100,57,0.012310824641521102,0.9372670807453416,0.015483502191711662,0.9314285714285714,
segment,gradient descent,100,58,0.01197399527703559,0.9465838509316771,0.015402088621706658,0.94,
segment,gradient descent,100,59,0.01092847656903473,0.9472049689440993,0.013725886445946635,0.9371428571428572,
segment,gradient descent,100,60,0.011380126037979119,0.9422360248447205,0.014009266391255477,0.9314285714285714,
segment,gradient descent,100,61,0.010035542311694762,0.953416149068323,0.013217459491193606,0.9371428571428572,
segment,gradient descent,100,62,0.010295072343997673,0.9540372670807453,0.013226627127600164,0.9285714285714286,
segment,gradient descent,100,63,0.010385013055571173,0.9521739130434783,0.013194154380101238,0.9342857142857143,
segment,gradient descent,100,64,0.010009070544621761,0.9540372670807453,0.012862172548533222,0.9314285714285714,
segment,gradient descent,100,65,0.009804575397466014,0.9552795031055901,0.012709185940833626,0.9371428571428572,
segment,gradient descent,100,66,0.012126616105743206,0.937888198757764,0.015285362471859621,0.9342857142857143,
segment,gradient descent,100,67,0.009781327043530219,0.9552795031055901,0.013069260933637571,0.9428571428571428,
segment,gradient descent,100,68,0.009668832646767251,0.9540372670807453,0.012882406611810915,0.9428571428571428,
segment,gradient descent,100,69,0.014443678309083852,0.9267080745341615,0.017852394329422972,0.9171428571428571,
segment,gradient descent,100,70,0.030425533746655586,0.8683229813664596,0.03242701329990279,0.8742857142857143,
segment,gradient descent,100,71,0.012648715226859964,0.9422360248447205,0.014837290093144386,0.9314285714285714,
segment,gradient descent,100,72,0.01570993913707856,0.9204968944099379,0.01871794689544616,0.9142857142857143,
segment,gradient descent,100,73,0.009195174894496871,0.962111801242236,0.01246436821900078,0.9428571428571428,
segment,gradient descent,100,74,0.010089713649602103,0.9546583850931677,0.012966828404349717,0.94,
segment,gradient descent,100,75,0.009700385663679156,0.9571428571428572,0.012531302762005807,0.94,
segment,gradient descent,100,76,0.009049323356891412,0.9627329192546584,0.012247935413176208,0.9428571428571428,
segment,gradient descent,100,77,0.009638196617678972,0.9565217391304348,0.012492881603615263,0.94,
segment,gradient descent,100,78,0.010062399593671318,0.9540372670807453,0.012822718942276644,0.9428571428571428,
segment,gradient descent,100,79,0.010563368027041256,0.9490683229813665,0.013961940076820507,0.94,
segment,gradient descent,100,80,0.00894381589954181,0.9608695652173913,0.012489136707753796,0.9371428571428572,
segment,gradient descent,100,81,0.008826020040258984,0.9608695652173913,0.012258293065453604,0.9428571428571428,
segment,gradient descent,100,82,0.008831194193902684,0.9596273291925466,0.012133874843572761,0.9371428571428572,
segment,gradient descent,100,83,0.009017354258231624,0.9596273291925466,0.012532884246716995,0.9371428571428572,
segment,gradient descent,100,84,0.009136239243380573,0.9583850931677018,0.01269600421988462,0.9371428571428572,
segment,gradient descent,100,85,0.008917513555668189,0.9590062111801242,0.012326001352184592,0.9342857142857143,
segment,gradient descent,100,86,0.009002061266384427,0.9614906832298137,0.012651047389998506,0.9371428571428572,
segment,gradient descent,100,87,0.010464410509152536,0.9515527950310559,0.013351225026996328,0.94,
segment,gradient descent,100,88,0.010276463647717437,0.9515527950310559,0.013841444186213536,0.9342857142857143,
segment,gradient descent,100,89,0.008957142572492563,0.9608695652173913,0.012510249861388122,0.9371428571428572,
segment,gradient descent,100,90,0.008872867571336294,0.9583850931677018,0.011881784321370372,0.94,
segment,gradient descent,100,91,0.008199890396048876,0.9614906832298137,0.011634457109237408,0.9371428571428572,
segment,gradient descent,100,92,0.00813898166259781,0.9633540372670808,0.011731174223265094,0.9371428571428572,
segment,gradient descent,100,93,0.01050480199833417,0.9546583850931677,0.012945451713068237,0.9428571428571428,
segment,gradient descent,100,94,0.008260983265011644,0.962111801242236,0.011550258257067013,0.9428571428571428,
segment,gradient descent,100,95,0.00873204196870315,0.9608695652173913,0.011656820382912532,0.9428571428571428,
segment,gradient descent,100,96,0.009288253837743737,0.9614906832298137,0.012163249876044233,0.9428571428571428,
segment,gradient descent,100,97,0.008677738249189614,0.9645962732919254,0.012108701258391412,0.9342857142857143,
segment,gradient descent,100,98,0.008286481260440282,0.9664596273291925,0.011870074299204279,0.9457142857142857,
segment,gradient descent,100,99,0.00883133385049061,0.9608695652173913,0.011264561998037319,0.9514285714285714,
segment,gradient descent,100,100,0.00797579071258638,0.968944099378882,0.011075157626221395,0.9485714285714286,
segment,gradient descent,100,101,0.009309473558841356,0.9614906832298137,0.011944990709204493,0.9457142857142857,
segment,gradient descent,100,102,0.011478319709152827,0.9478260869565217,0.014075085164577292,0.9342857142857143,
segment,gradient descent,100,103,0.009491006171010303,0.953416149068323,0.012855750292176608,0.9428571428571428,
segment,gradient descent,100,104,0.010034242394874352,0.9546583850931677,0.01242815749200914,0.9485714285714286,
segment,gradient descent,100,105,0.007335828146955371,0.9695652173913043,0.010614988665452123,0.9514285714285714,
segment,gradient descent,100,106,0.010371168153803028,0.953416149068323,0.014400232825728044,0.9314285714285714,
segment,gradient descent,100,107,0.00755661553777393,0.9683229813664597,0.010905711568599728,0.9542857142857143,
segment,gradient descent,100,108,0.00773080169888717,0.9677018633540373,0.010585891438100839,0.9485714285714286,
segment,gradient descent,100,109,0.00749487017396196,0.9670807453416149,0.010447034472200193,0.9514285714285714,
segment,gradient descent,100,110,0.007583908321693677,0.9683229813664597,0.01070373517612969,0.9514285714285714,
segment,gradient descent,100,111,0.019292473871618795,0.9149068322981366,0.021174365842913743,0.9142857142857143,
segment,gradient descent,100,112,0.009840092745169966,0.9565217391304348,0.012742304835581607,0.9428571428571428,
segment,gradient descent,100,113,0.006944344779236974,0.9695652173913043,0.01027659148332476,0.9485714285714286,
segment,gradient descent,100,114,0.010111719845519021,0.9521739130434783,0.013208132202738504,0.9485714285714286,
segment,gradient descent,100,115,0.007925054824679947,0.9677018633540373,0.011335434028984818,0.9514285714285714,
segment,gradient descent,100,116,0.007230122639379585,0.9683229813664597,0.010867717400712431,0.9428571428571428,
segment,gradient descent,100,117,0.008152047905712338,0.9664596273291925,0.011380324636799858,0.9514285714285714,
segment,gradient descent,100,118,0.006979491763427104,0.968944099378882,0.010643133634219213,0.9485714285714286,
segment,gradient descent,100,119,0.007851505035942435,0.9677018633540373,0.011226173850733205,0.9485714285714286,
segment,gradient descent,100,120,0.00959953361703563,0.9614906832298137,0.01286534321548189,0.9485714285714286,
segment,gradient descent,100,121,0.006766019809906639,0.9683229813664597,0.010193469972672405,0.9485714285714286,
segment,gradient descent,100,122,0.006907476336272298,0.970807453416149,0.00999172635967028,0.9542857142857143,
segment,gradient descent,100,123,0.00663519700231638,0.9701863354037267,0.009824991966367946,0.9514285714285714,
segment,gradient descent,100,124,0.00710305315255834,0.9701863354037267,0.010386292768655268,0.9514285714285714,
segment,gradient descent,100,125,0.006558141720567682,0.970807453416149,0.0097566602013882,0.9514285714285714,
segment,gradient descent,100,126,0.006488170147361295,0.9714285714285714,0.009741032920168716,0.9485714285714286,
segment,gradient descent,100,127,0.017682634193991555,0.9236024844720497,0.019500811217882958,0.92,
segment,gradient descent,100,128,0.006518058009583347,0.9745341614906833,0.009766371869838607,0.9514285714285714,
segment,gradient descent,100,129,0.006392378672530854,0.9726708074534162,0.009834826244949336,0.9571428571428572,
segment,gradient descent,100,130,0.018001614978383526,0.9229813664596274,0.020075851286435107,0.9171428571428571,
segment,gradient descent,100,131,0.007413540789306303,0.968944099378882,0.010737547779582177,0.9514285714285714,
segment,gradient descent,100,132,0.007920462461476738,0.962111801242236,0.011189101248666507,0.9457142857142857,
segment,gradient descent,100,133,0.007367414690570228,0.968944099378882,0.010364630350850534,0.9542857142857143,
segment,gradient descent,100,134,0.006162882373830773,0.9732919254658385,0.009333169248751624,0.9542857142857143,
segment,gradient descent,100,135,0.006389258362176569,0.970807453416149,0.009676277227499027,0.9514285714285714,
segment,gradient descent,100,136,0.018879166271582776,0.9204968944099379,0.020519037095817743,0.9228571428571428,
segment,gradient descent,100,137,0.009610500335077671,0.9583850931677018,0.01218137366398539,0.9457142857142857,
segment,gradient descent,100,138,0.007584233756323842,0.9739130434782609,0.010140711727774471,0.9571428571428572,
segment,gradient descent,100,139,0.00793030956965181,0.9664596273291925,0.010668178232874378,0.9514285714285714,
segment,gradient descent,100,140,0.006029910269207841,0.9732919254658385,0.009348860895623978,0.9571428571428572,
segment,gradient descent,100,141,0.007005702311270063,0.970807453416149,0.010438435922011775,0.9542857142857143,
segment,gradient descent,100,142,0.0064601347571363816,0.970807453416149,0.009791567745500414,0.9542857142857143,
segment,gradient descent,100,143,0.015824325615991786,0.9285714285714286,0.017779230319761623,0.9228571428571428,
segment,gradient descent,100,144,0.007038615332853071,0.9701863354037267,0.010374646494580154,0.9514285714285714,
segment,gradient descent,100,145,0.006191996680986443,0.9732919254658385,0.009249013928849623,0.96,
segment,gradient descent,100,146,0.0068427429642954046,0.968944099378882,0.009983345567433233,0.9542857142857143,
segment,gradient descent,100,147,0.005820022087730787,0.9763975155279503,0.009084550241055887,0.9571428571428572,
segment,gradient descent,100,148,0.005874761147195696,0.9732919254658385,0.009096291942758095,0.96,
segment,gradient descent,100,149,0.0076760300340388225,0.970807453416149,0.009995644662044022,0.96,
segment,gradient descent,100,150,0.006058575219383646,0.9757763975155279,0.009141668170938996,0.9571428571428572,
segment,gradient descent,100,151,0.006096266537045287,0.9739130434782609,0.009452571764357681,0.9542857142857143,
segment,gradient descent,100,152,0.013084326413899918,0.9341614906832298,0.015608615528435876,0.9228571428571428,
segment,gradient descent,100,153,0.012816943716258827,0.9428571428571428,0.015557377723390471,0.9257142857142857,
segment,gradient descent,100,154,0.00558076232281829,0.9770186335403727,0.00883845164029455,0.9571428571428572,
segment,gradient descent,100,155,0.006242592752401906,0.9732919254658385,0.009620496875786713,0.96,
segment,gradient descent,100,156,0.006570796020432639,0.9739130434782609,0.009428899650322915,0.96,
segment,gradient descent,100,157,0.014441240130555736,0.9360248447204969,0.016456194077669795,0.92,
segment,gradient descent,100,158,0.005495724645792443,0.9770186335403727,0.009087464481754256,0.9571428571428572,
segment,gradient descent,100,159,0.0058491296106796585,0.9751552795031055,0.0095412984467748,0.96,
segment,gradient descent,100,160,0.005558296698754024,0.9782608695652174,0.00936954867818501,0.9571428571428572,
segment,gradient descent,100,161,0.006074735195963495,0.9757763975155279,0.009646790486016571,0.96,
segment,gradient descent,100,162,0.006264401936743434,0.9745341614906833,0.009784231180810534,0.9571428571428572,
segment,gradient descent,100,163,0.005219515182347402,0.977639751552795,0.008787128123846855,0.9571428571428572,
segment,gradient descent,100,164,0.0052050778071590365,0.9782608695652174,0.008809018796674119,0.96,
segment,gradient descent,100,165,0.005346125765220236,0.9788819875776398,0.008858772328878968,0.9571428571428572,
segment,gradient descent,100,166,0.0065140490379691045,0.9739130434782609,0.010257211137651219,0.9542857142857143,
segment,gradient descent,100,167,0.007261251777612322,0.9695652173913043,0.010633105471058845,0.9542857142857143,
segment,gradient descent,100,168,0.00572684805633458,0.9757763975155279,0.009349513106201584,0.9542857142857143,
segment,gradient descent,100,169,0.00507589373361486,0.9782608695652174,0.008591304108239616,0.9628571428571429,
segment,gradient descent,100,170,0.00506680287662026,0.9788819875776398,0.00875474190908329,0.9571428571428572,
segment,gradient descent,100,171,0.010147970341588538,0.9552795031055901,0.012353500440549663,0.9428571428571428,
segment,gradient descent,100,172,0.0076040704978990415,0.9645962732919254,0.011024487308468967,0.9542857142857143,
segment,gradient descent,100,173,0.0051644070669098685,0.9782608695652174,0.008453916216588003,0.9628571428571429,
segment,gradient descent,100,174,0.006540361323249328,0.9695652173913043,0.010338904730863581,0.9514285714285714,
segment,gradient descent,100,175,0.00808931967717163,0.9652173913043478,0.010632330026671027,0.9542857142857143,
segment,gradient descent,100,176,0.004946619703220202,0.9795031055900622,0.00859405555280866,0.9628571428571429,
segment,gradient descent,100,177,0.005062338620967073,0.9788819875776398,0.008730596817099827,0.96,
segment,gradient descent,100,178,0.00489078598873491,0.9782608695652174,0.008387252500667576,0.9628571428571429,
segment,gradient descent,100,179,0.004906874528652786,0.9782608695652174,0.008580397640692529,0.96,
segment,gradient descent,100,180,0.011958202781512803,0.9428571428571428,0.014606759996971199,0.9285714285714286,
segment,gradient descent,100,181,0.004957028165020436,0.9795031055900622,0.008515008578252851,0.96,
segment,gradient descent,100,182,0.005242425742070629,0.9770186335403727,0.008624954689966073,0.9571428571428572,
segment,gradient descent,100,183,0.004904598250499963,0.9788819875776398,0.008591705954584491,0.96,
segment,gradient descent,100,184,0.006784087959166268,0.9677018633540373,0.009363450252856459,0.9542857142857143,
segment,gradient descent,100,185,0.005833018796703017,0.9757763975155279,0.009467638086307557,0.96,
segment,gradient descent,100,186,0.004802904258031195,0.9782608695652174,0.008283570429968964,0.96,
segment,gradient descent,100,187,0.004916931247659296,0.977639751552795,0.008499794130074276,0.96,
segment,gradient descent,100,188,0.005935407954538147,0.9714285714285714,0.00928004639869058,0.9571428571428572,
segment,gradient descent,100,189,0.0052210790052654435,0.9770186335403727,0.008505632249035415,0.96,
segment,gradient descent,100,190,0.004690471269853484,0.9819875776397515,0.00826200380168676,0.9628571428571429,
segment,gradient descent,100,191,0.00482673869722426,0.977639751552795,0.008230915004690696,0.96,
segment,gradient descent,100,192,0.006370097365913565,0.970807453416149,0.009542841610657497,0.9571428571428572,
segment,gradient descent,100,193,0.004683042336325761,0.9795031055900622,0.008225992448260748,0.9628571428571429,
segment,gradient descent,100,194,0.004658356510217665,0.9801242236024845,0.008227417531389404,0.9628571428571429,
segment,gradient descent,100,195,0.007514024236172489,0.9664596273291925,0.011024794788679204,0.9514285714285714,
segment,gradient descent,100,196,0.004884316558577878,0.9770186335403727,0.008264843609658621,0.96,
segment,gradient descent,100,197,0.004918459251389028,0.9788819875776398,0.008721860133026522,0.9514285714285714,
segment,gradient descent,100,198,0.005154690369928107,0.977639751552795,0.008743317312857912,0.9514285714285714,
segment,gradient descent,100,199,0.0069898605197694945,0.9670807453416149,0.010628040816323634,0.9485714285714286,
segment,gradient descent,100,200,0.005633240176101473,0.9739130434782609,0.00873914919091051,0.9571428571428572,
segment,gradient descent,100,201,0.004872246935846796,0.9782608695652174,0.008676977660364658,0.96,
segment,gradient descent,100,202,0.004603208089325347,0.9813664596273292,0.008482393465353576,0.9571428571428572,
segment,gradient descent,100,203,0.009755124275753858,0.9565217391304348,0.01324663908973801,0.9485714285714286,
segment,gradient descent,100,204,0.005113357385387323,0.9801242236024845,0.009035028294882532,0.9571428571428572,
segment,gradient descent,100,205,0.004946721581608945,0.9770186335403727,0.008453969475356158,0.9542857142857143,
segment,gradient descent,100,206,0.006636882899180832,0.9701863354037267,0.009969712666725496,0.9542857142857143,
segment,gradient descent,100,207,0.0045351765858587965,0.9813664596273292,0.008168808605575234,0.9628571428571429,
segment,gradient descent,100,208,0.004657412114316193,0.9782608695652174,0.008394921466438207,0.96,
segment,gradient descent,100,209,0.008308242945209482,0.9614906832298137,0.011832716796387711,0.94,
segment,gradient descent,100,210,0.004773086990675941,0.9782608695652174,0.008223461869641327,0.9542857142857143,
segment,gradient descent,100,211,0.005138866411971643,0.977639751552795,0.008918913176214334,0.9628571428571429,
segment,gradient descent,100,212,0.004716606942877066,0.977639751552795,0.008315047292271945,0.9571428571428572,
segment,gradient descent,100,213,0.004938314104940764,0.9782608695652174,0.008480351300746234,0.9542857142857143,
segment,gradient descent,100,214,0.011255699226183406,0.9484472049689441,0.013916323521719953,0.9314285714285714,
segment,gradient descent,100,215,0.004392776481815554,0.9819875776397515,0.008031767304441257,0.9628571428571429,
segment,gradient descent,100,216,0.0044119500203372,0.9819875776397515,0.008057811477774797,0.9628571428571429,
segment,gradient descent,100,217,0.004502811449026948,0.9819875776397515,0.008047308566997527,0.9628571428571429,
segment,gradient descent,100,218,0.004927724775822773,0.9770186335403727,0.008676259678321288,0.96,
segment,gradient descent,100,219,0.004368423644192349,0.9807453416149068,0.007852038659026592,0.9628571428571429,
segment,gradient descent,100,220,0.004434483845481769,0.9795031055900622,0.007850031520624903,0.9628571428571429,
segment,gradient descent,100,221,0.004378342303886363,0.9826086956521739,0.007965081359608125,0.9628571428571429,
segment,gradient descent,100,222,0.004582191599379968,0.9782608695652174,0.008348851105300995,0.96,
segment,gradient descent,100,223,0.004360328710783283,0.9788819875776398,0.007924478451174456,0.96,
segment,gradient descent,100,224,0.005040544050476879,0.977639751552795,0.00837062073295437,0.9542857142857143,
segment,gradient descent,100,225,0.004535465809498482,0.9795031055900622,0.00825203020003396,0.96,
segment,gradient descent,100,226,0.004387946109717516,0.9795031055900622,0.007841948729522949,0.9628571428571429,
segment,gradient descent,100,227,0.004267313463327277,0.9826086956521739,0.00789552123433225,0.9628571428571429,
segment,gradient descent,100,228,0.004264140948890405,0.9819875776397515,0.007956361273229842,0.9628571428571429,
segment,gradient descent,100,229,0.004493533126617539,0.9801242236024845,0.008237326813546685,0.96,
segment,gradient descent,100,230,0.005416406922721668,0.9763975155279503,0.009208709074314663,0.96,
segment,gradient descent,100,231,0.009712542605495976,0.9540372670807453,0.012487565024635763,0.9428571428571428,
segment,gradient descent,100,232,0.006488693818090312,0.968944099378882,0.009172478388804535,0.9542857142857143,
segment,gradient descent,100,233,0.00429338676767004,0.9813664596273292,0.007730440517815112,0.9628571428571429,
segment,gradient descent,100,234,0.004935294853402912,0.977639751552795,0.008170059839997287,0.96,
segment,gradient descent,100,235,0.004550622673637796,0.9788819875776398,0.008007906922093341,0.96,
segment,gradient descent,100,236,0.004896914090588632,0.9788819875776398,0.008334127499727274,0.9571428571428572,
segment,gradient descent,100,237,0.007573662385925756,0.9652173913043478,0.01116772107230856,0.9485714285714286,
segment,gradient descent,100,238,0.004948169889984452,0.9782608695652174,0.008589013526375385,0.9628571428571429,
segment,gradient descent,100,239,0.004630574131588807,0.977639751552795,0.00834021692386522,0.96,
segment,gradient descent,100,240,0.004757875495837287,0.977639751552795,0.008435801787173014,0.96,
segment,gradient descent,100,241,0.004129826813216813,0.9826086956521739,0.007692352188172891,0.9657142857142857,
segment,gradient descent,100,242,0.004897357050494037,0.9782608695652174,0.00834951285234121,0.96,
segment,gradient descent,100,243,0.0066201945383031965,0.9739130434782609,0.010044696746353289,0.9571428571428572,
segment,gradient descent,100,244,0.00426737224726858,0.9807453416149068,0.007828353899699356,0.9628571428571429,
segment,gradient descent,100,245,0.004686587516506561,0.9801242236024845,0.008250343398796616,0.9628571428571429,
segment,gradient descent,100,246,0.007428761224316599,0.9670807453416149,0.009814794191562164,0.9485714285714286,
segment,gradient descent,100,247,0.004280571649132678,0.9838509316770186,0.007920981744660735,0.9657142857142857,
segment,gradient descent,100,248,0.0074907388732302045,0.9652173913043478,0.01087474087847867,0.9485714285714286,
segment,gradient descent,100,249,0.004588577067386645,0.9801242236024845,0.007743463047629345,0.9657142857142857,
segment,gradient descent,100,250,0.004068078684667893,0.9819875776397515,0.007553936495444194,0.9685714285714285,
segment,gradient descent,100,251,0.004656420382192502,0.9801242236024845,0.007711430153578216,0.9657142857142857,
segment,gradient descent,100,252,0.003942877861899039,0.984472049689441,0.007378674368357626,0.9657142857142857,
segment,gradient descent,100,253,0.00401538540532406,0.9819875776397515,0.007307474359227656,0.9628571428571429,
segment,gradient descent,100,254,0.004306912618650588,0.9813664596273292,0.0075152633981787394,0.9657142857142857,
segment,gradient descent,100,255,0.008071339894574932,0.9633540372670808,0.01122204807381232,0.9514285714285714,
segment,gradient descent,100,256,0.0038878054427714023,0.9819875776397515,0.0071838030853015825,0.9628571428571429,
segment,gradient descent,100,257,0.0038604721818623813,0.9832298136645963,0.007072429634118474,0.9685714285714285,
segment,gradient descent,100,258,0.003858642963503804,0.9826086956521739,0.00717240650963704,0.9657142857142857,
segment,gradient descent,100,259,0.00382041447723221,0.986335403726708,0.007061330265087649,0.9685714285714285,
segment,gradient descent,100,260,0.003929253203301772,0.9838509316770186,0.007159578599039248,0.9628571428571429,
segment,gradient descent,100,261,0.011261911551721312,0.9503105590062112,0.013068486474941599,0.9371428571428572,
segment,gradient descent,100,262,0.004340692866499165,0.9795031055900622,0.0077394978976391155,0.9657142857142857,
segment,gradient descent,100,263,0.003801296697357398,0.9832298136645963,0.007170810869601313,0.9657142857142857,
segment,gradient descent,100,264,0.007298450056288514,0.968944099378882,0.009956758416899244,0.9514285714285714,
segment,gradient descent,100,265,0.0038004035987694545,0.9850931677018634,0.006850831180194843,0.9657142857142857,
segment,gradient descent,100,266,0.004326827714913373,0.9826086956521739,0.007534751255143014,0.9628571428571429,
segment,gradient descent,100,267,0.003670581435819138,0.984472049689441,0.006898751915315508,0.9714285714285714,
segment,gradient descent,100,268,0.003719893712298054,0.984472049689441,0.007094903225187597,0.9657142857142857,
segment,gradient descent,100,269,0.0038129202147087955,0.9838509316770186,0.007141044240309184,0.9657142857142857,
segment,gradient descent,100,270,0.004244446940156955,0.9813664596273292,0.0076296951587057045,0.9657142857142857,
segment,gradient descent,100,271,0.0035592855401619075,0.9850931677018634,0.006878643707658754,0.9685714285714285,
segment,gradient descent,100,272,0.003596532002985437,0.986335403726708,0.006752763156093519,0.9685714285714285,
segment,gradient descent,100,273,0.003493699546561763,0.9875776397515528,0.006798186247461921,0.9685714285714285,
segment,gradient descent,100,274,0.0036794498029876035,0.9857142857142858,0.006814452805049291,0.9685714285714285,
segment,gradient descent,100,275,0.006591766716588389,0.9695652173913043,0.009832897689300958,0.9542857142857143,
segment,gradient descent,100,276,0.003457803555307108,0.9888198757763975,0.006843562146474994,0.9685714285714285,
segment,gradient descent,100,277,0.0049335068831685295,0.9788819875776398,0.007660122732859016,0.9657142857142857,
segment,gradient descent,100,278,0.00346490868829141,0.9881987577639751,0.00688583004060415,0.9685714285714285,
segment,gradient descent,100,279,0.0038123961187581873,0.9857142857142858,0.006992292241822644,0.9685714285714285,
segment,gradient descent,100,280,0.0034188516321101187,0.9881987577639751,0.006664208862828205,0.9742857142857143,
segment,gradient descent,100,281,0.0033988449353185685,0.986335403726708,0.006762183274013722,0.9685714285714285,
segment,gradient descent,100,282,0.003963214014527577,0.984472049689441,0.007221234295027371,0.9685714285714285,
segment,gradient descent,100,283,0.0034217383105841328,0.9894409937888199,0.006790690655776713,0.9685714285714285,
segment,gradient descent,100,284,0.0034753052384352977,0.9894409937888199,0.0069216788956543195,0.9714285714285714,
segment,gradient descent,100,285,0.0033494260573224167,0.9875776397515528,0.006877681343069342,0.9714285714285714,
segment,gradient descent,100,286,0.0032977212517536184,0.9894409937888199,0.006740432070499282,0.9714285714285714,
segment,gradient descent,100,287,0.0033611340267139344,0.9875776397515528,0.006855309655046599,0.9657142857142857,
segment,gradient descent,100,288,0.004208442445191754,0.9832298136645963,0.007713926960693192,0.9628571428571429,
segment,gradient descent,100,289,0.0036325381074756775,0.986335403726708,0.0067430290359864,0.9685714285714285,
segment,gradient descent,100,290,0.003626070960338999,0.9881987577639751,0.007062013906212573,0.9657142857142857,
segment,gradient descent,100,291,0.0032346842534241678,0.9888198757763975,0.006599016625675972,0.9714285714285714,
segment,gradient descent,100,292,0.003311345591583874,0.9888198757763975,0.006745438665211031,0.9714285714285714,
segment,gradient descent,100,293,0.003362412169322047,0.986335403726708,0.00674010539608151,0.9714285714285714,
segment,gradient descent,100,294,0.003603371778931941,0.9857142857142858,0.0070133599817739775,0.9685714285714285,
segment,gradient descent,100,295,0.00591909076106706,0.9739130434782609,0.008459914607907364,0.9657142857142857,
segment,gradient descent,100,296,0.0036229665763678628,0.9857142857142858,0.006968289216046702,0.9685714285714285,
segment,gradient descent,100,297,0.006670893148211579,0.9720496894409938,0.009279970304988039,0.9628571428571429,
segment,gradient descent,100,298,0.0031924213048507436,0.9888198757763975,0.006794767515302639,0.9714285714285714,
segment,gradient descent,100,299,0.008262054480366977,0.9608695652173913,0.01105152135372464,0.9514285714285714,
segment,gradient descent,100,300,0.0032773575620158434,0.9869565217391304,0.006802440295475607,0.9714285714285714,
segment,gradient descent,100,301,0.014137911789533046,0.9409937888198758,0.01602359996761585,0.9314285714285714,
segment,gradient descent,100,302,0.005123010774406938,0.9819875776397515,0.007897913358874688,0.9657142857142857,
segment,gradient descent,100,303,0.0037989169617294923,0.9838509316770186,0.007302424967269097,0.9714285714285714,
segment,gradient descent,100,304,0.0032262426428039757,0.9888198757763975,0.006849939584996782,0.9714285714285714,
segment,gradient descent,100,305,0.00897505817108279,0.9571428571428572,0.012042586255353952,0.94,
segment,gradient descent,100,306,0.0031873454568129146,0.9894409937888199,0.00661402014385353,0.9685714285714285,
segment,gradient descent,100,307,0.003159491148390902,0.986335403726708,0.006525030197344088,0.9742857142857143,
segment,gradient descent,100,308,0.003150739325635899,0.9875776397515528,0.00652987167013845,0.9714285714285714,
segment,gradient descent,100,309,0.003084298441769097,0.9888198757763975,0.006548568805966641,0.9742857142857143,
segment,gradient descent,100,310,0.0033415688266650503,0.9888198757763975,0.006657348596260012,0.9714285714285714,
segment,gradient descent,100,311,0.0032267656760791986,0.9881987577639751,0.006812719423127731,0.9685714285714285,
segment,gradient descent,100,312,0.00739691301478931,0.9670807453416149,0.010677880824334195,0.9514285714285714,
segment,gradient descent,100,313,0.0031412607492584824,0.9888198757763975,0.006771928320039871,0.9742857142857143,
segment,gradient descent,100,314,0.003907105343336923,0.984472049689441,0.0075176126543644575,0.9685714285714285,
segment,gradient descent,100,315,0.003135597122612267,0.9888198757763975,0.006787256808346081,0.9685714285714285,
segment,gradient descent,100,316,0.0033176080856662867,0.9857142857142858,0.007071180609902687,0.9657142857142857,
segment,gradient descent,100,317,0.0031701450463997895,0.9875776397515528,0.006551731549355053,0.9714285714285714,
segment,gradient descent,100,318,0.002970230587386181,0.9906832298136646,0.0066152667805868546,0.9742857142857143,
segment,gradient descent,100,319,0.003279272024724813,0.986335403726708,0.006831575711750697,0.9714285714285714,
segment,gradient descent,100,320,0.0029487217181340688,0.9906832298136646,0.006485777320596355,0.9742857142857143,
segment,gradient descent,100,321,0.002964330692847827,0.9888198757763975,0.006568668584108866,0.9742857142857143,
segment,gradient descent,100,322,0.0031552363053961776,0.9869565217391304,0.0068350680464141006,0.9685714285714285,
segment,gradient descent,100,323,0.00300634780128649,0.9900621118012423,0.006709422960749822,0.9714285714285714,
segment,gradient descent,100,324,0.002921396744041994,0.9900621118012423,0.006498305735750287,0.9742857142857143,
segment,gradient descent,100,325,0.004930510207629633,0.9832298136645963,0.007686532370250942,0.9685714285714285,
segment,gradient descent,100,326,0.0031659279396693014,0.9875776397515528,0.006542450995885037,0.9714285714285714,
segment,gradient descent,100,327,0.0031339807444328424,0.9900621118012423,0.00691613194077738,0.9685714285714285,
segment,gradient descent,100,328,0.003964045797662621,0.9850931677018634,0.007681740267884397,0.9685714285714285,
segment,gradient descent,100,329,0.010360563381896509,0.9583850931677018,0.012610499421509923,0.9485714285714286,
segment,gradient descent,100,330,0.007857104480893658,0.9664596273291925,0.009543511821391357,0.9542857142857143,
segment,gradient descent,100,331,0.0031459891858235762,0.9888198757763975,0.006913001113480231,0.9685714285714285,
segment,gradient descent,100,332,0.00310519892377868,0.9875776397515528,0.006591490156347202,0.9714285714285714,
segment,gradient descent,100,333,0.002916935501950363,0.9906832298136646,0.006689018818835841,0.9742857142857143,
segment,gradient descent,100,334,0.0029009285956716037,0.9906832298136646,0.006723868975545886,0.9685714285714285,
segment,gradient descent,100,335,0.0029401114724354033,0.9881987577639751,0.0065833393749959055,0.9714285714285714,
segment,gradient descent,100,336,0.003099655902963683,0.9881987577639751,0.006801521218859876,0.9685714285714285,
segment,gradient descent,100,337,0.008399999204736419,0.9664596273291925,0.009705023194825553,0.9571428571428572,
segment,gradient descent,100,338,0.0028452836972765387,0.9906832298136646,0.006546634146126686,0.9742857142857143,
segment,gradient descent,100,339,0.003195937751625065,0.9894409937888199,0.006823229979596671,0.9742857142857143,
segment,gradient descent,100,340,0.0032877417858121,0.9881987577639751,0.006816575236942011,0.9714285714285714,
segment,gradient descent,100,341,0.0032171349124197708,0.9881987577639751,0.006796921383994125,0.9714285714285714,
segment,gradient descent,100,342,0.012359763569831464,0.9490683229813665,0.014472990554818474,0.9371428571428572,
segment,gradient descent,100,343,0.004191002759270603,0.9832298136645963,0.007932395032912876,0.9685714285714285,
segment,gradient descent,100,344,0.0028360501245074123,0.9894409937888199,0.006511801079371435,0.9714285714285714,
segment,gradient descent,100,345,0.0029126880710961863,0.9881987577639751,0.0064874150350012465,0.9714285714285714,
segment,gradient descent,100,346,0.0028937796658547992,0.9888198757763975,0.0065853033885549354,0.9714285714285714,
segment,gradient descent,100,347,0.002739601156219061,0.991304347826087,0.006600931534105855,0.9742857142857143,
segment,gradient descent,100,348,0.0027833198476734135,0.9888198757763975,0.0065172688405464585,0.9742857142857143,
segment,gradient descent,100,349,0.002763730739575658,0.9900621118012423,0.006568524165512118,0.9742857142857143,
segment,gradient descent,100,350,0.002780445889086126,0.9906832298136646,0.006689755861961663,0.9714285714285714,
segment,gradient descent,101,1,0.14230917816556202,0.4,0.14205278124738777,0.38857142857142857,
segment,gradient descent,101,2,0.11401970950685382,0.3316770186335404,0.11284826471642236,0.3514285714285714,
segment,gradient descent,101,3,0.1059710871978332,0.598136645962733,0.1050840676792242,0.6228571428571429,
segment,gradient descent,101,4,0.06622380350365974,0.6627329192546584,0.06557231737190215,0.6714285714285714,
segment,gradient descent,101,5,0.03188475027208846,0.8596273291925466,0.03194746411917701,0.8742857142857143,
segment,gradient descent,101,6,0.02750192213370692,0.9105590062111801,0.028047106266599408,0.9085714285714286,
segment,gradient descent,101,7,0.024778438352876343,0.9136645962732919,0.025955316307746185,0.9,
segment,gradient descent,101,8,0.026542154513743612,0.8875776397515528,0.027103133892920232,0.8885714285714286,
segment,gradient descent,101,9,0.02029488753916352,0.9248447204968944,0.02116431018592561,0.9171428571428571,
segment,gradient descent,101,10,0.024655300805129256,0.9180124223602485,0.026920898836003536,0.9,
segment,gradient descent,101,11,0.022531175838033216,0.9229813664596274,0.024540954320706708,0.9142857142857143,
segment,gradient descent,101,12,0.02077511527516711,0.9236024844720497,0.022776326545418925,0.9171428571428571,
segment,gradient descent,101,13,0.018056352465133863,0.9273291925465839,0.01934970952438655,0.9171428571428571,
segment,gradient descent,101,14,0.019993189598688725,0.9298136645962732,0.022493136003712767,0.9257142857142857,
segment,gradient descent,101,15,0.016323151261769288,0.9366459627329192,0.01817440753056311,0.9257142857142857,
segment,gradient descent,101,16,0.016711321022256802,0.9316770186335404,0.017979125547162304,0.9228571428571428,
segment,gradient descent,101,17,0.01627568868435014,0.9304347826086956,0.017769155837014737,0.92,
segment,gradient descent,101,18,0.01610590128526286,0.9366459627329192,0.018878749427279365,0.92,
segment,gradient descent,101,19,0.01562816063627442,0.9347826086956522,0.017451651824469745,0.9228571428571428,
segment,gradient descent,101,20,0.016600973649391615,0.931055900621118,0.01793980261155665,0.9257142857142857,
segment,gradient descent,101,21,0.014739181930037018,0.9372670807453416,0.016672650262015264,0.9285714285714286,
segment,gradient descent,101,22,0.015011397859229529,0.9434782608695652,0.01770311645824828,0.9314285714285714,
segment,gradient descent,101,23,0.016283364032376527,0.9267080745341615,0.01751513470927476,0.92,
segment,gradient descent,101,24,0.015488111399664484,0.9403726708074535,0.018040980900208656,0.9342857142857143,
segment,gradient descent,101,25,0.014639334358542602,0.9360248447204969,0.01645326407901722,0.9285714285714286,
segment,gradient descent,101,26,0.013616339059042516,0.9403726708074535,0.01614352440862886,0.9314285714285714,
segment,gradient descent,101,27,0.01601922728583499,0.9409937888198758,0.01905873419877925,0.9314285714285714,
segment,gradient descent,101,28,0.014400249934056409,0.9366459627329192,0.016419736387757424,0.9285714285714286,
segment,gradient descent,101,29,0.013477067146728335,0.9397515527950311,0.015568674067298276,0.9257142857142857,
segment,gradient descent,101,30,0.01382171855409826,0.9465838509316771,0.016262451142425853,0.9342857142857143,
segment,gradient descent,101,31,0.014443476305483557,0.9372670807453416,0.017176479867797332,0.9342857142857143,
segment,gradient descent,101,32,0.013524960250375376,0.9490683229813665,0.01630183871641016,0.9371428571428572,
segment,gradient descent,101,33,0.013772793677862287,0.9472049689440993,0.017286152338872596,0.9371428571428572,
segment,gradient descent,101,34,0.013093472900789962,0.9484472049689441,0.016140090423906097,0.9371428571428572,
segment,gradient descent,101,35,0.012169807312276073,0.9509316770186336,0.015145308859636337,0.94,
segment,gradient descent,101,36,0.013221878571058264,0.9465838509316771,0.016266243031367787,0.9342857142857143,
segment,gradient descent,101,37,0.012359057913534428,0.9434782608695652,0.014880778748517646,0.9285714285714286,
segment,gradient descent,101,38,0.013355178460072052,0.9372670807453416,0.01551220693898995,0.9285714285714286,
segment,gradient descent,101,39,0.011635827367345612,0.9503105590062112,0.014438953566466161,0.9342857142857143,
segment,gradient descent,101,40,0.013164781891367534,0.9385093167701863,0.015221599598465866,0.9342857142857143,
segment,gradient descent,101,41,0.011755839852258013,0.9527950310559006,0.014519578035076251,0.9371428571428572,
segment,gradient descent,101,42,0.012368131462562267,0.9490683229813665,0.016329137296917668,0.9428571428571428,
segment,gradient descent,101,43,0.01244453693101007,0.9478260869565217,0.014752596590281762,0.9342857142857143,
segment,gradient descent,101,44,0.012787874717523264,0.937888198757764,0.014625461135958834,0.9371428571428572,
segment,gradient descent,101,45,0.010827296319840496,0.9571428571428572,0.01350820031175805,0.9428571428571428,
segment,gradient descent,101,46,0.010956289213209644,0.9540372670807453,0.014178252153325258,0.94,
segment,gradient descent,101,47,0.011775174849470561,0.9472049689440993,0.014498684260615364,0.9314285714285714,
segment,gradient descent,101,48,0.013517820693430365,0.9341614906832298,0.01543480102666815,0.9314285714285714,
segment,gradient descent,101,49,0.013195070058788887,0.9385093167701863,0.016400837500414794,0.9285714285714286,
segment,gradient descent,101,50,0.015345516970535622,0.9316770186335404,0.018619460311279347,0.9228571428571428,
segment,gradient descent,101,51,0.010682257039367524,0.9521739130434783,0.013500058525095957,0.9342857142857143,
segment,gradient descent,101,52,0.010412786556643717,0.953416149068323,0.013524814706028614,0.9285714285714286,
segment,gradient descent,101,53,0.010415184807950674,0.9546583850931677,0.014288428453220222,0.9457142857142857,
segment,gradient descent,101,54,0.010796746670054976,0.9490683229813665,0.013696486957219384,0.9314285714285714,
segment,gradient descent,101,55,0.010992247227032863,0.9515527950310559,0.01413617227469144,0.9371428571428572,
segment,gradient descent,101,56,0.009762539482775662,0.9577639751552796,0.012969892480371536,0.94,
segment,gradient descent,101,57,0.009570910523875062,0.9583850931677018,0.012717970938892653,0.9342857142857143,
segment,gradient descent,101,58,0.010532028258412582,0.9521739130434783,0.013624800231853416,0.9371428571428572,
segment,gradient descent,101,59,0.010440407535827121,0.9577639751552796,0.013334779900344877,0.94,
segment,gradient descent,101,60,0.011848247064657919,0.9409937888198758,0.013839671510750476,0.9428571428571428,
segment,gradient descent,101,61,0.009397606274479029,0.9577639751552796,0.012398992036294864,0.9342857142857143,
segment,gradient descent,101,62,0.009237232428549904,0.9577639751552796,0.01249684004276338,0.9342857142857143,
segment,gradient descent,101,63,0.00949256859043877,0.9596273291925466,0.012709985619676149,0.9342857142857143,
segment,gradient descent,101,64,0.010919100871467809,0.9583850931677018,0.013037638733601994,0.94,
segment,gradient descent,101,65,0.00904861960589204,0.9614906832298137,0.011864484554241278,0.9342857142857143,
segment,gradient descent,101,66,0.010583112915568802,0.9577639751552796,0.013580602578648106,0.9371428571428572,
segment,gradient descent,101,67,0.010497448395852852,0.9565217391304348,0.013677412557532858,0.9371428571428572,
segment,gradient descent,101,68,0.010532373992842148,0.9571428571428572,0.013635682707799274,0.9457142857142857,
segment,gradient descent,101,69,0.01772251148971631,0.9161490683229814,0.020638317173088547,0.9028571428571428,
segment,gradient descent,101,70,0.009040144164398791,0.9627329192546584,0.012342603585031774,0.9371428571428572,
segment,gradient descent,101,71,0.008993135799758196,0.962111801242236,0.012010562608767192,0.94,
segment,gradient descent,101,72,0.008706985359170522,0.9627329192546584,0.011642972611401587,0.9457142857142857,
segment,gradient descent,101,73,0.013989213489184629,0.9366459627329192,0.015595011413943588,0.9371428571428572,
segment,gradient descent,101,74,0.015507542376377807,0.9279503105590062,0.01853469275382795,0.9057142857142857,
segment,gradient descent,101,75,0.008687191584177745,0.962111801242236,0.012063232556589308,0.94,
segment,gradient descent,101,76,0.00908570027026612,0.962111801242236,0.012310915704702888,0.9428571428571428,
segment,gradient descent,101,77,0.00896191610136485,0.9627329192546584,0.012446149939328239,0.9342857142857143,
segment,gradient descent,101,78,0.008660174234995691,0.9627329192546584,0.01183083609177013,0.9371428571428572,
segment,gradient descent,101,79,0.012424526346145433,0.9428571428571428,0.014715249696161961,0.9342857142857143,
segment,gradient descent,101,80,0.008084820549745214,0.9664596273291925,0.011485944897092532,0.9428571428571428,
segment,gradient descent,101,81,0.008233755942224008,0.9645962732919254,0.01169559894313234,0.94,
segment,gradient descent,101,82,0.008292591687955875,0.9664596273291925,0.011520708398342391,0.9485714285714286,
segment,gradient descent,101,83,0.008007575802645356,0.9664596273291925,0.011373145418741225,0.94,
segment,gradient descent,101,84,0.007936197849223062,0.9695652173913043,0.01101681427734263,0.9428571428571428,
segment,gradient descent,101,85,0.008015154894875979,0.9652173913043478,0.011164448161628772,0.94,
segment,gradient descent,101,86,0.010265356510650171,0.9490683229813665,0.012991455511870377,0.9514285714285714,
segment,gradient descent,101,87,0.013218114509691417,0.9416149068322981,0.015378133810669815,0.9342857142857143,
segment,gradient descent,101,88,0.007761849324268175,0.9670807453416149,0.010947188782111454,0.9485714285714286,
segment,gradient descent,101,89,0.007925942469918346,0.9670807453416149,0.011112511271515548,0.9485714285714286,
segment,gradient descent,101,90,0.011146190583510324,0.9459627329192547,0.014308350185019721,0.9285714285714286,
segment,gradient descent,101,91,0.007559445927531635,0.9664596273291925,0.010733353068571028,0.9457142857142857,
segment,gradient descent,101,92,0.007424537012988273,0.9726708074534162,0.01066284409386358,0.9542857142857143,
segment,gradient descent,101,93,0.008399447028361625,0.9633540372670808,0.011554324315730016,0.9485714285714286,
segment,gradient descent,101,94,0.011716324672869741,0.9484472049689441,0.01370437981265657,0.9342857142857143,
segment,gradient descent,101,95,0.007872040902205063,0.9670807453416149,0.0107577176879489,0.9514285714285714,
segment,gradient descent,101,96,0.012849642025314698,0.9347826086956522,0.015593083023911557,0.92,
segment,gradient descent,101,97,0.007224025080408741,0.9701863354037267,0.01030653471382304,0.9542857142857143,
segment,gradient descent,101,98,0.008684481118080201,0.9596273291925466,0.011426621153867911,0.9485714285714286,
segment,gradient descent,101,99,0.012556864792119262,0.9385093167701863,0.01523042678934395,0.9228571428571428,
segment,gradient descent,101,100,0.008103622081076544,0.9677018633540373,0.011466570791166126,0.9514285714285714,
segment,gradient descent,101,101,0.0075309801848191206,0.9658385093167702,0.010564203914984813,0.9485714285714286,
segment,gradient descent,101,102,0.007226803485570572,0.9695652173913043,0.01039269205876096,0.9514285714285714,
segment,gradient descent,101,103,0.007314597409768605,0.968944099378882,0.010425704099008466,0.9514285714285714,
segment,gradient descent,101,104,0.008268947683630925,0.9614906832298137,0.011212239049939801,0.9457142857142857,
segment,gradient descent,101,105,0.007025319196482119,0.9701863354037267,0.010250159879939004,0.9485714285714286,
segment,gradient descent,101,106,0.007999887479788172,0.9627329192546584,0.010882801818747437,0.9457142857142857,
segment,gradient descent,101,107,0.007699600835296293,0.9664596273291925,0.0109641949978401,0.9514285714285714,
segment,gradient descent,101,108,0.00788754570565152,0.968944099378882,0.011247912542765127,0.9514285714285714,
segment,gradient descent,101,109,0.006866842206868707,0.9701863354037267,0.010116277344886728,0.9514285714285714,
segment,gradient descent,101,110,0.007679088325335862,0.9670807453416149,0.010822692596618371,0.9542857142857143,
segment,gradient descent,101,111,0.009586833536327465,0.9590062111801242,0.012485053972207567,0.9485714285714286,
segment,gradient descent,101,112,0.006999520542706797,0.968944099378882,0.010179064689783869,0.9485714285714286,
segment,gradient descent,101,113,0.006852659261966927,0.970807453416149,0.010135341072336972,0.9485714285714286,
segment,gradient descent,101,114,0.00697549049259178,0.9677018633540373,0.010113900941974839,0.9542857142857143,
segment,gradient descent,101,115,0.006768652408159717,0.9701863354037267,0.0100095313296637,0.9542857142857143,
segment,gradient descent,101,116,0.007257951126321606,0.9664596273291925,0.010717917284734408,0.9485714285714286,
segment,gradient descent,101,117,0.006511508105145744,0.9714285714285714,0.010019742571189285,0.9514285714285714,
segment,gradient descent,101,118,0.013580764250034986,0.9366459627329192,0.016115458933655135,0.9228571428571428,
segment,gradient descent,101,119,0.006672965333368821,0.970807453416149,0.010115844094514456,0.9542857142857143,
segment,gradient descent,101,120,0.007277819564897742,0.9683229813664597,0.010535088596174896,0.9514285714285714,
segment,gradient descent,101,121,0.007094639391705515,0.968944099378882,0.010572466474236741,0.9457142857142857,
segment,gradient descent,101,122,0.0073186804074540845,0.968944099378882,0.01054819759455556,0.9542857142857143,
segment,gradient descent,101,123,0.006746604712916908,0.9695652173913043,0.010187060519664658,0.9514285714285714,
segment,gradient descent,101,124,0.007644265732691864,0.970807453416149,0.010679962094429908,0.9542857142857143,
segment,gradient descent,101,125,0.006390984641065956,0.9714285714285714,0.00995325844428628,0.9514285714285714,
segment,gradient descent,101,126,0.00624277399975325,0.9732919254658385,0.009712124579398969,0.9485714285714286,
segment,gradient descent,101,127,0.006773039873294627,0.9695652173913043,0.01009614926237165,0.9457142857142857,
segment,gradient descent,101,128,0.006221509197836486,0.9726708074534162,0.009745544445052353,0.9514285714285714,
segment,gradient descent,101,129,0.008393584581063453,0.9639751552795031,0.011696452516715184,0.9457142857142857,
segment,gradient descent,101,130,0.00633070167650071,0.9726708074534162,0.009847533716755416,0.9514285714285714,
segment,gradient descent,101,131,0.0067275285772976584,0.9720496894409938,0.010359491668197485,0.9514285714285714,
segment,gradient descent,101,132,0.00762330426230418,0.9683229813664597,0.01108771805083542,0.9485714285714286,
segment,gradient descent,101,133,0.007330052263223071,0.9670807453416149,0.010617954125715687,0.9485714285714286,
segment,gradient descent,101,134,0.006174097141440453,0.9732919254658385,0.00970707754758395,0.9542857142857143,
segment,gradient descent,101,135,0.009091996504472294,0.9552795031055901,0.012380478640234456,0.9485714285714286,
segment,gradient descent,101,136,0.016759962574875418,0.924223602484472,0.01891460147638777,0.9171428571428571,
segment,gradient descent,101,137,0.006471219490951114,0.968944099378882,0.009920875239751615,0.9485714285714286,
segment,gradient descent,101,138,0.0060110232266906444,0.9720496894409938,0.009715919280942864,0.9485714285714286,
segment,gradient descent,101,139,0.006444080268075712,0.9683229813664597,0.009829339508854477,0.9457142857142857,
segment,gradient descent,101,140,0.007599597028608774,0.9645962732919254,0.01102498636328202,0.9485714285714286,
segment,gradient descent,101,141,0.005978786342099584,0.9726708074534162,0.009650739016517564,0.9514285714285714,
segment,gradient descent,101,142,0.006534446792064181,0.9695652173913043,0.010137867605031551,0.9514285714285714,
segment,gradient descent,101,143,0.011214726520092293,0.9509316770186336,0.01425058871024374,0.9371428571428572,
segment,gradient descent,101,144,0.00604054071935417,0.9732919254658385,0.009818746797769078,0.9542857142857143,
segment,gradient descent,101,145,0.013786888971260756,0.9372670807453416,0.01595022690888794,0.92,
segment,gradient descent,101,146,0.005802547858140961,0.9751552795031055,0.009424456870911015,0.96,
segment,gradient descent,101,147,0.00670288790822154,0.9714285714285714,0.010222798713143334,0.9485714285714286,
segment,gradient descent,101,148,0.006009389178173904,0.9726708074534162,0.009688210373742913,0.9514285714285714,
segment,gradient descent,101,149,0.005747026911067781,0.9751552795031055,0.009475400582937858,0.9514285714285714,
segment,gradient descent,101,150,0.005795300902220445,0.9757763975155279,0.00959537771768954,0.9514285714285714,
segment,gradient descent,101,151,0.0058170357870146105,0.9745341614906833,0.00959349456703872,0.9514285714285714,
segment,gradient descent,101,152,0.006064638522284497,0.9739130434782609,0.00966495543795189,0.9514285714285714,
segment,gradient descent,101,153,0.006357405536343049,0.9695652173913043,0.009977398435261894,0.9485714285714286,
segment,gradient descent,101,154,0.0058184250541991065,0.9726708074534162,0.009764380719914376,0.9514285714285714,
segment,gradient descent,101,155,0.005810169138387691,0.9745341614906833,0.009552020934582905,0.9514285714285714,
segment,gradient descent,101,156,0.0055934320156889854,0.977639751552795,0.009381562195401044,0.9542857142857143,
segment,gradient descent,101,157,0.010699209510102885,0.9521739130434783,0.013074239683592934,0.9371428571428572,
segment,gradient descent,101,158,0.005947200552778098,0.9739130434782609,0.009946850240762061,0.9514285714285714,
segment,gradient descent,101,159,0.0073256524372750645,0.968944099378882,0.010319361466965353,0.9514285714285714,
segment,gradient descent,101,160,0.0056102329595478975,0.9745341614906833,0.009477675320769008,0.9571428571428572,
segment,gradient descent,101,161,0.005923395960494261,0.9732919254658385,0.009718322856286751,0.9514285714285714,
segment,gradient descent,101,162,0.005889367841023763,0.9739130434782609,0.009662437242212605,0.9542857142857143,
segment,gradient descent,101,163,0.0075237095368169415,0.9633540372670808,0.010827441188777187,0.9428571428571428,
segment,gradient descent,101,164,0.005786170693911788,0.9732919254658385,0.009688607260830352,0.9514285714285714,
segment,gradient descent,101,165,0.005461166035581834,0.9757763975155279,0.009332152711006857,0.96,
segment,gradient descent,101,166,0.01091106005247837,0.9472049689440993,0.014151509126497513,0.9314285714285714,
segment,gradient descent,101,167,0.005597051844266309,0.9745341614906833,0.009531913039864432,0.9542857142857143,
segment,gradient descent,101,168,0.005482550632734508,0.9751552795031055,0.009434071047500592,0.9485714285714286,
segment,gradient descent,101,169,0.005458846856679603,0.9751552795031055,0.009428535529823341,0.9542857142857143,
segment,gradient descent,101,170,0.016925750347902186,0.922360248447205,0.01929674926062761,0.9171428571428571,
segment,gradient descent,101,171,0.005623061960355491,0.9763975155279503,0.009522387630225582,0.9542857142857143,
segment,gradient descent,101,172,0.0054824395749840955,0.9739130434782609,0.009504977675675312,0.9514285714285714,
segment,gradient descent,101,173,0.005369201689955307,0.9751552795031055,0.009312541542467915,0.9571428571428572,
segment,gradient descent,101,174,0.0053719166241676854,0.9770186335403727,0.009378064142375898,0.96,
segment,gradient descent,101,175,0.005328906307532874,0.9770186335403727,0.00930830733217234,0.9571428571428572,
segment,gradient descent,101,176,0.005724471818505986,0.9745341614906833,0.009747640058451747,0.9542857142857143,
segment,gradient descent,101,177,0.005743650114731751,0.9739130434782609,0.009787362011476862,0.9571428571428572,
segment,gradient descent,101,178,0.005745124748614994,0.9739130434782609,0.009707055445987399,0.9514285714285714,
segment,gradient descent,101,179,0.005629518837338973,0.9745341614906833,0.009521935561799678,0.9514285714285714,
segment,gradient descent,101,180,0.006468511091214236,0.9677018633540373,0.009907942057050066,0.9485714285714286,
segment,gradient descent,101,181,0.005331887615874333,0.9757763975155279,0.009318419588886335,0.9514285714285714,
segment,gradient descent,101,182,0.005476641421663038,0.9745341614906833,0.009348366604655647,0.9514285714285714,
segment,gradient descent,101,183,0.005716212780919774,0.9757763975155279,0.009773819199509252,0.9485714285714286,
segment,gradient descent,101,184,0.0053726051203846345,0.9763975155279503,0.009510454587200099,0.9485714285714286,
segment,gradient descent,101,185,0.005373502896967169,0.9751552795031055,0.00947480893393304,0.9514285714285714,
segment,gradient descent,101,186,0.005395424317308,0.9757763975155279,0.009660367391130539,0.9542857142857143,
segment,gradient descent,101,187,0.005339517572266489,0.9757763975155279,0.009339877913947303,0.9542857142857143,
segment,gradient descent,101,188,0.0061148261569056684,0.9732919254658385,0.01028739031950327,0.9485714285714286,
segment,gradient descent,101,189,0.005225312333312103,0.9763975155279503,0.009343286692351174,0.9514285714285714,
segment,gradient descent,101,190,0.005629462205939308,0.9745341614906833,0.009478607129555684,0.9571428571428572,
segment,gradient descent,101,191,0.005185808497358494,0.9763975155279503,0.009363688166335715,0.9542857142857143,
segment,gradient descent,101,192,0.005220986875148203,0.9757763975155279,0.009411988834236535,0.9514285714285714,
segment,gradient descent,101,193,0.005195294148359346,0.9751552795031055,0.009468060583067992,0.9542857142857143,
segment,gradient descent,101,194,0.009822363004808463,0.953416149068323,0.013397785230657667,0.9342857142857143,
segment,gradient descent,101,195,0.00855211689036279,0.9602484472049689,0.011850451135060426,0.94,
segment,gradient descent,101,196,0.00515670679347106,0.9763975155279503,0.009499494949954447,0.9485714285714286,
segment,gradient descent,101,197,0.005679399312863049,0.9732919254658385,0.00975287937489608,0.9571428571428572,
segment,gradient descent,101,198,0.005231930270063739,0.9757763975155279,0.009555144095429107,0.9542857142857143,
segment,gradient descent,101,199,0.005022568154346615,0.9782608695652174,0.009353722912147281,0.9542857142857143,
segment,gradient descent,101,200,0.005151324818277032,0.9763975155279503,0.009350437008776328,0.9571428571428572,
segment,gradient descent,101,201,0.0050223506181473225,0.977639751552795,0.009333458860597447,0.9571428571428572,
segment,gradient descent,101,202,0.005106999983027114,0.9763975155279503,0.009385982902675763,0.9514285714285714,
segment,gradient descent,101,203,0.005333055876561686,0.9745341614906833,0.009519128518524154,0.9514285714285714,
segment,gradient descent,101,204,0.0054251188828170925,0.9770186335403727,0.00956292017551404,0.9514285714285714,
segment,gradient descent,101,205,0.005624464744580683,0.9714285714285714,0.009817141554423524,0.9542857142857143,
segment,gradient descent,101,206,0.004954568053835852,0.9782608695652174,0.009159281315192202,0.9542857142857143,
segment,gradient descent,101,207,0.005195041721836108,0.9757763975155279,0.009501518012473736,0.9514285714285714,
segment,gradient descent,101,208,0.0050285669420930745,0.977639751552795,0.009372455755233437,0.9571428571428572,
segment,gradient descent,101,209,0.00821472257177531,0.9602484472049689,0.01234941153470867,0.9342857142857143,
segment,gradient descent,101,210,0.005527592560299444,0.9745341614906833,0.009835357715308204,0.9542857142857143,
segment,gradient descent,101,211,0.0050105350400773616,0.9770186335403727,0.009315344046369314,0.9542857142857143,
segment,gradient descent,101,212,0.005367658883804302,0.9732919254658385,0.009719983608458865,0.9542857142857143,
segment,gradient descent,101,213,0.005071252724330578,0.9763975155279503,0.009411442413336562,0.9542857142857143,
segment,gradient descent,101,214,0.004963966194846948,0.9770186335403727,0.009329795675729077,0.9542857142857143,
segment,gradient descent,101,215,0.005090360828840663,0.9751552795031055,0.009488858216021844,0.9542857142857143,
segment,gradient descent,101,216,0.006122284721152071,0.9701863354037267,0.00998028272909068,0.9457142857142857,
segment,gradient descent,101,217,0.009870564908000937,0.9546583850931677,0.012381024451497804,0.9371428571428572,
segment,gradient descent,101,218,0.0056835326742898234,0.9732919254658385,0.010035439489032752,0.9571428571428572,
segment,gradient descent,101,219,0.004830088617521505,0.9782608695652174,0.009325175910066876,0.9571428571428572,
segment,gradient descent,101,220,0.004901466038116552,0.977639751552795,0.009384807287565428,0.9514285714285714,
segment,gradient descent,101,221,0.0048737553336160875,0.9782608695652174,0.009406073111437095,0.9542857142857143,
segment,gradient descent,101,222,0.00814482274268196,0.9602484472049689,0.012381486830829904,0.9428571428571428,
segment,gradient descent,101,223,0.004812946693052953,0.9788819875776398,0.00922799896103,0.96,
segment,gradient descent,101,224,0.004808672262415298,0.9782608695652174,0.009329166008227729,0.9571428571428572,
segment,gradient descent,101,225,0.0049411785457920835,0.9763975155279503,0.009376935652924329,0.9514285714285714,
segment,gradient descent,101,226,0.008724241014544946,0.9540372670807453,0.012814139530482093,0.9371428571428572,
segment,gradient descent,101,227,0.012077039712462401,0.9434782608695652,0.014932964848518448,0.9257142857142857,
segment,gradient descent,101,228,0.005457648918228567,0.9720496894409938,0.00981482532850499,0.9542857142857143,
segment,gradient descent,101,229,0.005011464048126891,0.9770186335403727,0.009538224491096462,0.9514285714285714,
segment,gradient descent,101,230,0.004774898893332586,0.9782608695652174,0.009312082804188328,0.9571428571428572,
segment,gradient descent,101,231,0.00512422321189091,0.9751552795031055,0.009808362733017086,0.9542857142857143,
segment,gradient descent,101,232,0.006584026511077945,0.9683229813664597,0.010940930079623098,0.9514285714285714,
segment,gradient descent,101,233,0.004727401813799712,0.9782608695652174,0.009406024966254568,0.96,
segment,gradient descent,101,234,0.004810553762178154,0.9763975155279503,0.00955897734831034,0.9542857142857143,
segment,gradient descent,101,235,0.006776245597360458,0.9701863354037267,0.011399779750520785,0.9514285714285714,
segment,gradient descent,101,236,0.00482545169657553,0.9763975155279503,0.009593639955302826,0.9542857142857143,
segment,gradient descent,101,237,0.004935452458103059,0.9770186335403727,0.00974644386980821,0.9514285714285714,
segment,gradient descent,101,238,0.004776672306347615,0.9782608695652174,0.00935615746470581,0.9542857142857143,
segment,gradient descent,101,239,0.0048642145120465574,0.9770186335403727,0.009576664820142279,0.9542857142857143,
segment,gradient descent,101,240,0.005108954712292181,0.9739130434782609,0.009803328950434094,0.9542857142857143,
segment,gradient descent,101,241,0.004797018538624296,0.9763975155279503,0.009610625909990058,0.9514285714285714,
segment,gradient descent,101,242,0.004817073513342175,0.9763975155279503,0.009481578702762344,0.9542857142857143,
segment,gradient descent,101,243,0.00471513117055638,0.9782608695652174,0.009406350145442529,0.9542857142857143,
segment,gradient descent,101,244,0.00552601748361679,0.9726708074534162,0.009604470676102761,0.9514285714285714,
segment,gradient descent,101,245,0.005781130782003623,0.9726708074534162,0.010195348272114439,0.9571428571428572,
segment,gradient descent,101,246,0.0065245293795929814,0.968944099378882,0.010629345713107651,0.9457142857142857,
segment,gradient descent,101,247,0.005357299274331641,0.9757763975155279,0.009962121169181722,0.9485714285714286,
segment,gradient descent,101,248,0.00890724259275256,0.9583850931677018,0.012052868304722275,0.94,
segment,gradient descent,101,249,0.004743657271604661,0.9782608695652174,0.009433809823075609,0.9571428571428572,
segment,gradient descent,101,250,0.004629939734645174,0.9795031055900622,0.009367996520179472,0.9571428571428572,
segment,gradient descent,101,251,0.005223437912934268,0.977639751552795,0.009947033392607564,0.9485714285714286,
segment,gradient descent,101,252,0.0047529204864320005,0.9782608695652174,0.009636050727649009,0.9514285714285714,
segment,gradient descent,101,253,0.0046662953956908455,0.9782608695652174,0.009515629427884788,0.9542857142857143,
segment,gradient descent,101,254,0.004762196739476852,0.977639751552795,0.009485579741536505,0.9514285714285714,
segment,gradient descent,101,255,0.004990495430529363,0.9782608695652174,0.009826528936996683,0.9457142857142857,
segment,gradient descent,101,256,0.0050739422954109775,0.9770186335403727,0.009538274800190686,0.9571428571428572,
segment,gradient descent,101,257,0.00453891079836126,0.9788819875776398,0.00922476860715757,0.9542857142857143,
segment,gradient descent,101,258,0.006369424853952356,0.9701863354037267,0.01066423854200797,0.9514285714285714,
segment,gradient descent,101,259,0.0045964154586942835,0.9782608695652174,0.009370507008389468,0.9571428571428572,
segment,gradient descent,101,260,0.004517257599666257,0.9782608695652174,0.009222022732622454,0.9514285714285714,
segment,gradient descent,101,261,0.0045113899641039575,0.9788819875776398,0.00927974733995577,0.9542857142857143,
segment,gradient descent,101,262,0.005439110845783005,0.9739130434782609,0.010088653678307464,0.9485714285714286,
segment,gradient descent,101,263,0.004492981639725705,0.9795031055900622,0.00917607093825128,0.9628571428571429,
segment,gradient descent,101,264,0.004580929596575452,0.9782608695652174,0.009325252061435014,0.9542857142857143,
segment,gradient descent,101,265,0.004589798369869972,0.977639751552795,0.009422318291611536,0.9514285714285714,
segment,gradient descent,101,266,0.006179456226100765,0.9732919254658385,0.010827637826169186,0.9542857142857143,
segment,gradient descent,101,267,0.004747416142778587,0.9807453416149068,0.00935995815387409,0.9542857142857143,
segment,gradient descent,101,268,0.005025515151703389,0.9807453416149068,0.009480915648984508,0.9542857142857143,
segment,gradient descent,101,269,0.004903236833928812,0.9788819875776398,0.009513781947291442,0.9542857142857143,
segment,gradient descent,101,270,0.0047470942528579215,0.9801242236024845,0.009672351023542356,0.9542857142857143,
segment,gradient descent,101,271,0.004635035757040569,0.9826086956521739,0.009220010330420185,0.9571428571428572,
segment,gradient descent,101,272,0.004496248398160511,0.9788819875776398,0.009295554651411922,0.96,
segment,gradient descent,101,273,0.007604267364292897,0.9602484472049689,0.01185377420430723,0.9457142857142857,
segment,gradient descent,101,274,0.004409192543199228,0.9813664596273292,0.009003042574124018,0.96,
segment,gradient descent,101,275,0.004257050329904227,0.9819875776397515,0.009029033795432953,0.96,
segment,gradient descent,101,276,0.0110913304046888,0.9465838509316771,0.014065417911844265,0.9314285714285714,
segment,gradient descent,101,277,0.004075811061530837,0.9832298136645963,0.008615359357822375,0.9628571428571429,
segment,gradient descent,101,278,0.004118404311549022,0.9832298136645963,0.008561960682580883,0.9628571428571429,
segment,gradient descent,101,279,0.01001545438939352,0.9559006211180124,0.012937517817029573,0.94,
segment,gradient descent,101,280,0.004264321313914653,0.9819875776397515,0.008715365434526261,0.96,
segment,gradient descent,101,281,0.004083126420462108,0.9832298136645963,0.008780743413682696,0.9628571428571429,
segment,gradient descent,101,282,0.004101800046065815,0.9826086956521739,0.008693707931903877,0.9628571428571429,
segment,gradient descent,101,283,0.004096252641468123,0.9838509316770186,0.008736574565725108,0.9657142857142857,
segment,gradient descent,101,284,0.003956181523118835,0.9838509316770186,0.008501397594914315,0.9657142857142857,
segment,gradient descent,101,285,0.004166596738800373,0.9832298136645963,0.008784075602027933,0.9542857142857143,
segment,gradient descent,101,286,0.004482932490349744,0.9813664596273292,0.00879766547248227,0.9542857142857143,
segment,gradient descent,101,287,0.004222074623307052,0.984472049689441,0.00879056751572924,0.9571428571428572,
segment,gradient descent,101,288,0.004021065645018385,0.984472049689441,0.008504273673254303,0.9628571428571429,
segment,gradient descent,101,289,0.003937759869009458,0.9838509316770186,0.008654241257646552,0.9628571428571429,
segment,gradient descent,101,290,0.009851265773913731,0.9540372670807453,0.013007236930084763,0.9342857142857143,
segment,gradient descent,101,291,0.003925083056013837,0.984472049689441,0.008471382486914859,0.9657142857142857,
segment,gradient descent,101,292,0.0038660452844794147,0.9850931677018634,0.008534447298846372,0.96,
segment,gradient descent,101,293,0.0038740923457622283,0.9838509316770186,0.008475505120179519,0.9628571428571429,
segment,gradient descent,101,294,0.0038370996011797614,0.9832298136645963,0.008424349706080705,0.96,
segment,gradient descent,101,295,0.0045380312570652845,0.9795031055900622,0.009031573021420096,0.9571428571428572,
segment,gradient descent,101,296,0.003986361154752102,0.984472049689441,0.008589302074259056,0.9628571428571429,
segment,gradient descent,101,297,0.003782861925597327,0.984472049689441,0.008464930546598963,0.9628571428571429,
segment,gradient descent,101,298,0.003781305713393108,0.9857142857142858,0.008466324891788852,0.9628571428571429,
segment,gradient descent,101,299,0.004613627963426749,0.9807453416149068,0.009130088005653734,0.9628571428571429,
segment,gradient descent,101,300,0.0037512043990609047,0.9850931677018634,0.008545604374326636,0.9628571428571429,
segment,gradient descent,101,301,0.0037349698024092166,0.986335403726708,0.008401030815878043,0.9628571428571429,
segment,gradient descent,101,302,0.003852853434200873,0.9826086956521739,0.008424619826965173,0.96,
segment,gradient descent,101,303,0.0047666666501076345,0.9813664596273292,0.008792848335426174,0.9571428571428572,
segment,gradient descent,101,304,0.003914657482668581,0.9832298136645963,0.008772435008340207,0.9571428571428572,
segment,gradient descent,101,305,0.0037707630110426537,0.9838509316770186,0.008637596287290557,0.9571428571428572,
segment,gradient descent,101,306,0.003831058446639724,0.9838509316770186,0.008593841012339247,0.9571428571428572,
segment,gradient descent,101,307,0.0037605063940495333,0.9838509316770186,0.00850108618854359,0.96,
segment,gradient descent,101,308,0.003906274892983318,0.9838509316770186,0.00871523619854351,0.9542857142857143,
segment,gradient descent,101,309,0.004138147177741164,0.9813664596273292,0.0088001890326099,0.9571428571428572,
segment,gradient descent,101,310,0.003795064672791872,0.9832298136645963,0.008561764989644904,0.9571428571428572,
segment,gradient descent,101,311,0.00417562689149882,0.9838509316770186,0.008959088953004686,0.9514285714285714,
segment,gradient descent,101,312,0.003666422491873989,0.986335403726708,0.008417668075739673,0.9542857142857143,
segment,gradient descent,101,313,0.004325091629136848,0.9807453416149068,0.009061906316562606,0.9571428571428572,
segment,gradient descent,101,314,0.0052257477573392445,0.9782608695652174,0.009957730427230933,0.9571428571428572,
segment,gradient descent,101,315,0.003852527333049895,0.9838509316770186,0.008615906148469351,0.96,
segment,gradient descent,101,316,0.004267541922956589,0.9813664596273292,0.00901995275056992,0.9571428571428572,
segment,gradient descent,101,317,0.003694470892344843,0.986335403726708,0.008381720848059677,0.9628571428571429,
segment,gradient descent,101,318,0.009663815178223222,0.9565217391304348,0.013102849369557001,0.94,
segment,gradient descent,101,319,0.0040717851226456155,0.984472049689441,0.009305592158492889,0.9571428571428572,
segment,gradient descent,101,320,0.004210484980005317,0.9801242236024845,0.00886917222640693,0.96,
segment,gradient descent,101,321,0.003721655202007318,0.984472049689441,0.008500338229085413,0.9571428571428572,
segment,gradient descent,101,322,0.00355072284443243,0.986335403726708,0.008373442328043271,0.96,
segment,gradient descent,101,323,0.003591419348815549,0.984472049689441,0.008487476122595372,0.9628571428571429,
segment,gradient descent,101,324,0.004505699103922987,0.9795031055900622,0.009088483433245536,0.96,
segment,gradient descent,101,325,0.011648477735385224,0.9490683229813665,0.014406305828809689,0.9257142857142857,
segment,gradient descent,101,326,0.003750493189571654,0.9838509316770186,0.008655275434859347,0.9571428571428572,
segment,gradient descent,101,327,0.003949545911644338,0.9826086956521739,0.008761071167474141,0.96,
segment,gradient descent,101,328,0.003546641953208336,0.9857142857142858,0.008284324489285068,0.9628571428571429,
segment,gradient descent,101,329,0.003627499189677159,0.9875776397515528,0.008510687811509612,0.96,
segment,gradient descent,101,330,0.003897049966476108,0.984472049689441,0.008754887429734915,0.96,
segment,gradient descent,101,331,0.0034662405508028436,0.9857142857142858,0.008438793957528615,0.9628571428571429,
segment,gradient descent,101,332,0.003597159388851343,0.986335403726708,0.008418975085238213,0.96,
segment,gradient descent,101,333,0.0049874115021830475,0.977639751552795,0.010161752757140059,0.9514285714285714,
segment,gradient descent,101,334,0.003662379982014689,0.9850931677018634,0.00835527257385305,0.96,
segment,gradient descent,101,335,0.0034510029111760503,0.9875776397515528,0.008365934254004224,0.9657142857142857,
segment,gradient descent,101,336,0.005537800765248109,0.9751552795031055,0.010154435632282919,0.9542857142857143,
segment,gradient descent,101,337,0.0035282517241095627,0.986335403726708,0.008390166272603859,0.9628571428571429,
segment,gradient descent,101,338,0.0034239419640930456,0.9869565217391304,0.00833335541017208,0.96,
segment,gradient descent,101,339,0.006225357400885113,0.9701863354037267,0.011141778790485779,0.9428571428571428,
segment,gradient descent,101,340,0.004183312937743528,0.9819875776397515,0.008823221537249463,0.96,
segment,gradient descent,101,341,0.0038571592106476415,0.9826086956521739,0.008608274238856007,0.96,
segment,gradient descent,101,342,0.0034106588742537753,0.9850931677018634,0.008314559828246661,0.9657142857142857,
segment,gradient descent,101,343,0.0033950844103208203,0.9850931677018634,0.008359433122069666,0.9657142857142857,
segment,gradient descent,101,344,0.0046716730458217955,0.9801242236024845,0.00943542615316806,0.9542857142857143,
segment,gradient descent,101,345,0.0034005547741874143,0.9850931677018634,0.008385419687062896,0.9657142857142857,
segment,gradient descent,101,346,0.0035213168601786553,0.984472049689441,0.008622443140075093,0.9628571428571429,
segment,gradient descent,101,347,0.00581072623888584,0.9739130434782609,0.010530356913654906,0.9485714285714286,
segment,gradient descent,101,348,0.00344268861517139,0.984472049689441,0.008481980290654523,0.9657142857142857,
segment,gradient descent,101,349,0.0033852030780005746,0.9857142857142858,0.008401708977281444,0.9657142857142857,
segment,gradient descent,101,350,0.003487959756118188,0.9857142857142858,0.008227705960415117,0.9657142857142857,
segment,gradient descent,102,1,0.1382139730985894,0.20559006211180125,0.13864953549076556,0.20285714285714285,
segment,gradient descent,102,2,0.08180947771503057,0.5167701863354037,0.0802244353410876,0.52,
segment,gradient descent,102,3,0.06828368772836105,0.6484472049689441,0.06631633484846078,0.6571428571428571,
segment,gradient descent,102,4,0.08948294084214677,0.55527950310559,0.08970070150726643,0.5457142857142857,
segment,gradient descent,102,5,0.05022756822619148,0.7428571428571429,0.04958567645977171,0.7542857142857143,
segment,gradient descent,102,6,0.04931831879553614,0.7391304347826086,0.0485304235465556,0.7428571428571429,
segment,gradient descent,102,7,0.04566648977114405,0.7583850931677019,0.045282179459618745,0.7657142857142857,
segment,gradient descent,102,8,0.028836863606924223,0.9,0.029783363805595806,0.8942857142857142,
segment,gradient descent,102,9,0.025044586318347703,0.915527950310559,0.026812885097770443,0.9085714285714286,
segment,gradient descent,102,10,0.0237077299668968,0.9118012422360249,0.02509885200773373,0.9057142857142857,
segment,gradient descent,102,11,0.020284666385085488,0.929192546583851,0.021628042901124005,0.9171428571428571,
segment,gradient descent,102,12,0.018541187371995702,0.924223602484472,0.019494042891571563,0.92,
segment,gradient descent,102,13,0.01803849510847414,0.9279503105590062,0.01917088204886479,0.9257142857142857,
segment,gradient descent,102,14,0.022467367763208474,0.9006211180124224,0.023168888160732377,0.9028571428571428,
segment,gradient descent,102,15,0.016651190903918617,0.9335403726708075,0.017905829724995846,0.9257142857142857,
segment,gradient descent,102,16,0.016984859009938666,0.9372670807453416,0.018659487057004126,0.92,
segment,gradient descent,102,17,0.01654712545762868,0.9335403726708075,0.01842284743470397,0.9228571428571428,
segment,gradient descent,102,18,0.017066973182360685,0.9279503105590062,0.017805526628270767,0.9171428571428571,
segment,gradient descent,102,19,0.015381418665849972,0.9372670807453416,0.017154772234741843,0.9228571428571428,
segment,gradient descent,102,20,0.02244642858286401,0.9211180124223602,0.02536464942309238,0.9142857142857143,
segment,gradient descent,102,21,0.014908792760957763,0.9391304347826087,0.016709482958552353,0.9228571428571428,
segment,gradient descent,102,22,0.014865045924187149,0.9360248447204969,0.016528516620042847,0.9285714285714286,
segment,gradient descent,102,23,0.016567487198388523,0.9260869565217391,0.017603194683716197,0.92,
segment,gradient descent,102,24,0.016211261421070485,0.9285714285714286,0.017426914680290794,0.92,
segment,gradient descent,102,25,0.016316925174384916,0.9279503105590062,0.018433013496450802,0.92,
segment,gradient descent,102,26,0.01634411392669058,0.931055900621118,0.01736059146145288,0.9142857142857143,
segment,gradient descent,102,27,0.016311617519856592,0.9335403726708075,0.017856444408395976,0.9257142857142857,
segment,gradient descent,102,28,0.01571366913027977,0.9267080745341615,0.016980534648711996,0.9228571428571428,
segment,gradient descent,102,29,0.015138229152231375,0.9329192546583851,0.017560908973595926,0.9257142857142857,
segment,gradient descent,102,30,0.013968033286824126,0.94472049689441,0.016235665500379165,0.9314285714285714,
segment,gradient descent,102,31,0.01352330400463415,0.9360248447204969,0.015175509993039033,0.9285714285714286,
segment,gradient descent,102,32,0.013817106708858077,0.9459627329192547,0.015502517651197879,0.9285714285714286,
segment,gradient descent,102,33,0.015760198941840903,0.9260869565217391,0.018246645462553453,0.92,
segment,gradient descent,102,34,0.014703825603079012,0.9434782608695652,0.017353621308480983,0.9285714285714286,
segment,gradient descent,102,35,0.013349906608259306,0.9372670807453416,0.01497227188520429,0.9257142857142857,
segment,gradient descent,102,36,0.034397685562819816,0.8639751552795031,0.03733709260267832,0.8514285714285714,
segment,gradient descent,102,37,0.019238373143029938,0.9186335403726708,0.02028388387306473,0.92,
segment,gradient descent,102,38,0.01628821342481484,0.9229813664596274,0.01687669852662951,0.9228571428571428,
segment,gradient descent,102,39,0.015659400703610604,0.9267080745341615,0.01842929381964153,0.92,
segment,gradient descent,102,40,0.011837442528681907,0.9496894409937888,0.014225161034127163,0.9371428571428572,
segment,gradient descent,102,41,0.013625717706797819,0.937888198757764,0.01522291872812931,0.9228571428571428,
segment,gradient descent,102,42,0.015113928725323066,0.9322981366459627,0.018620053028917914,0.9257142857142857,
segment,gradient descent,102,43,0.012392643533647316,0.9503105590062112,0.014840289020622989,0.9371428571428572,
segment,gradient descent,102,44,0.012804970359904822,0.9391304347826087,0.014728039677946553,0.9285714285714286,
segment,gradient descent,102,45,0.01685781697677748,0.9217391304347826,0.019986193402837596,0.9114285714285715,
segment,gradient descent,102,46,0.01313919431576333,0.9465838509316771,0.01586687301002587,0.9257142857142857,
segment,gradient descent,102,47,0.014513355464681615,0.931055900621118,0.01764033388678254,0.9114285714285715,
segment,gradient descent,102,48,0.011661271788244536,0.9465838509316771,0.014293216425083459,0.9257142857142857,
segment,gradient descent,102,49,0.010818105672043853,0.9546583850931677,0.013965808595816136,0.94,
segment,gradient descent,102,50,0.0356785932783078,0.8608695652173913,0.03782578869198372,0.8485714285714285,
segment,gradient descent,102,51,0.010907049641097245,0.9527950310559006,0.013520887771354434,0.9314285714285714,
segment,gradient descent,102,52,0.010850659915779484,0.9527950310559006,0.014050472979257211,0.9371428571428572,
segment,gradient descent,102,53,0.01200387423480687,0.9434782608695652,0.014210129685134281,0.9314285714285714,
segment,gradient descent,102,54,0.013932813703098476,0.937888198757764,0.017760566999979473,0.9171428571428571,
segment,gradient descent,102,55,0.010298812297048442,0.9546583850931677,0.013544025473677532,0.9371428571428572,
segment,gradient descent,102,56,0.010992059583881901,0.9515527950310559,0.014379272831822902,0.9285714285714286,
segment,gradient descent,102,57,0.011067710045038412,0.9515527950310559,0.013325159246662813,0.94,
segment,gradient descent,102,58,0.010868011495170568,0.9515527950310559,0.013587991368341984,0.9285714285714286,
segment,gradient descent,102,59,0.00997096395301349,0.9546583850931677,0.012990728925961828,0.9342857142857143,
segment,gradient descent,102,60,0.010420048202416002,0.9559006211180124,0.013610705644236203,0.9342857142857143,
segment,gradient descent,102,61,0.010852683402569905,0.9540372670807453,0.013502905990427427,0.9371428571428572,
segment,gradient descent,102,62,0.009817525678353197,0.9596273291925466,0.013108006364138572,0.9342857142857143,
segment,gradient descent,102,63,0.009960616596370308,0.9546583850931677,0.013015437787420007,0.9285714285714286,
segment,gradient descent,102,64,0.009887598254550082,0.9583850931677018,0.013286966436597259,0.94,
segment,gradient descent,102,65,0.010434730173986868,0.953416149068323,0.013956224021519482,0.9285714285714286,
segment,gradient descent,102,66,0.012924557330075514,0.9422360248447205,0.01622428827280276,0.9342857142857143,
segment,gradient descent,102,67,0.021538213351607403,0.9192546583850931,0.02535376760515429,0.9,
segment,gradient descent,102,68,0.00935933211442065,0.9583850931677018,0.013218972534214278,0.9342857142857143,
segment,gradient descent,102,69,0.009170662566600643,0.9602484472049689,0.012738818334656279,0.9342857142857143,
segment,gradient descent,102,70,0.015833593403209507,0.9298136645962732,0.017327417814301853,0.9257142857142857,
segment,gradient descent,102,71,0.011089250095472158,0.9509316770186336,0.014789931721994923,0.9314285714285714,
segment,gradient descent,102,72,0.00913282424100267,0.9590062111801242,0.012799928986300698,0.9342857142857143,
segment,gradient descent,102,73,0.008990067160674265,0.9602484472049689,0.012479762920067413,0.9371428571428572,
segment,gradient descent,102,74,0.008977031664566615,0.9602484472049689,0.012746056191812892,0.9371428571428572,
segment,gradient descent,102,75,0.009288119020496248,0.9633540372670808,0.012653057403337711,0.9428571428571428,
segment,gradient descent,102,76,0.009515572207628702,0.9577639751552796,0.013155578291254804,0.9342857142857143,
segment,gradient descent,102,77,0.009189011614466445,0.9583850931677018,0.012438057957746766,0.94,
segment,gradient descent,102,78,0.010416418023809205,0.953416149068323,0.012871558243396102,0.9514285714285714,
segment,gradient descent,102,79,0.009475407607806317,0.9627329192546584,0.013107030784903672,0.9428571428571428,
segment,gradient descent,102,80,0.008608000175099505,0.962111801242236,0.012106929841502368,0.9428571428571428,
segment,gradient descent,102,81,0.010751344220765327,0.9515527950310559,0.012924429506547357,0.9457142857142857,
segment,gradient descent,102,82,0.008848520585981868,0.9596273291925466,0.011666347004719834,0.9428571428571428,
segment,gradient descent,102,83,0.008972296420838804,0.9602484472049689,0.011901024404565813,0.9371428571428572,
segment,gradient descent,102,84,0.00841343051073835,0.9633540372670808,0.011800997855413296,0.9457142857142857,
segment,gradient descent,102,85,0.008946463484565029,0.9627329192546584,0.012332005397795574,0.9428571428571428,
segment,gradient descent,102,86,0.008964896421938977,0.9596273291925466,0.01170425916536636,0.94,
segment,gradient descent,102,87,0.013341426304899817,0.9428571428571428,0.014895054316081695,0.94,
segment,gradient descent,102,88,0.01438750670028181,0.931055900621118,0.017176499858831514,0.92,
segment,gradient descent,102,89,0.00834601591443195,0.9652173913043478,0.011575530032196631,0.9485714285714286,
segment,gradient descent,102,90,0.012457822995868766,0.9484472049689441,0.013857232933785924,0.9485714285714286,
segment,gradient descent,102,91,0.010005115466622402,0.9546583850931677,0.012165827583765118,0.9457142857142857,
segment,gradient descent,102,92,0.012161748816267385,0.9416149068322981,0.015420289597477467,0.9314285714285714,
segment,gradient descent,102,93,0.013814431388414575,0.9434782608695652,0.014780589530926553,0.9314285714285714,
segment,gradient descent,102,94,0.008967824594217244,0.9590062111801242,0.01157062542049578,0.9457142857142857,
segment,gradient descent,102,95,0.011134254381234183,0.9416149068322981,0.014013485637924433,0.9342857142857143,
segment,gradient descent,102,96,0.008933736630826155,0.9583850931677018,0.010956936674519458,0.9514285714285714,
segment,gradient descent,102,97,0.007708994540929734,0.9652173913043478,0.010889530662080753,0.9428571428571428,
segment,gradient descent,102,98,0.007742357430617097,0.9670807453416149,0.0109935291236739,0.9457142857142857,
segment,gradient descent,102,99,0.007985704756869003,0.9639751552795031,0.011100097273613526,0.9457142857142857,
segment,gradient descent,102,100,0.008321862101154407,0.9658385093167702,0.010977514626696586,0.9457142857142857,
segment,gradient descent,102,101,0.007942594353620842,0.9652173913043478,0.011029410865550107,0.9457142857142857,
segment,gradient descent,102,102,0.008631047423189066,0.9658385093167702,0.011154885245344782,0.9485714285714286,
segment,gradient descent,102,103,0.008955280010374062,0.9627329192546584,0.011835034081366977,0.9428571428571428,
segment,gradient descent,102,104,0.011573875629338561,0.9490683229813665,0.0133452543914014,0.9342857142857143,
segment,gradient descent,102,105,0.009953179247690349,0.9527950310559006,0.013175248092339404,0.94,
segment,gradient descent,102,106,0.007735345590311823,0.9664596273291925,0.010662476665584689,0.9428571428571428,
segment,gradient descent,102,107,0.014138248549464596,0.929192546583851,0.016847286432982538,0.9171428571428571,
segment,gradient descent,102,108,0.007233605476165048,0.970807453416149,0.010359247349537713,0.9457142857142857,
segment,gradient descent,102,109,0.0074774737732913425,0.9664596273291925,0.010498354066677552,0.9428571428571428,
segment,gradient descent,102,110,0.011452411740298039,0.9527950310559006,0.01471954901013536,0.9428571428571428,
segment,gradient descent,102,111,0.007219461653528304,0.9670807453416149,0.01026578465661893,0.9457142857142857,
segment,gradient descent,102,112,0.008177774944197271,0.9627329192546584,0.01046717381956918,0.9485714285714286,
segment,gradient descent,102,113,0.007744048623803447,0.9652173913043478,0.011302717244753098,0.9457142857142857,
segment,gradient descent,102,114,0.007711282624181415,0.9701863354037267,0.010331600285551093,0.9542857142857143,
segment,gradient descent,102,115,0.007097537740774613,0.9683229813664597,0.0102061734432637,0.9485714285714286,
segment,gradient descent,102,116,0.008988000236611926,0.9577639751552796,0.010611190756029272,0.9542857142857143,
segment,gradient descent,102,117,0.007019200206341831,0.9695652173913043,0.009650012628381286,0.9514285714285714,
segment,gradient descent,102,118,0.006910583898233112,0.968944099378882,0.009655535286046813,0.9514285714285714,
segment,gradient descent,102,119,0.007112806911754821,0.9683229813664597,0.009697699159983789,0.9485714285714286,
segment,gradient descent,102,120,0.008705444414645136,0.9577639751552796,0.010693240772510463,0.9542857142857143,
segment,gradient descent,102,121,0.007103159350540376,0.9683229813664597,0.01029803928125879,0.9485714285714286,
segment,gradient descent,102,122,0.01218026431780548,0.9397515527950311,0.015117450494991124,0.9257142857142857,
segment,gradient descent,102,123,0.007135922070625446,0.9670807453416149,0.009602928814831794,0.9542857142857143,
segment,gradient descent,102,124,0.0065911008292993,0.9739130434782609,0.00949187732953582,0.9514285714285714,
segment,gradient descent,102,125,0.007072046418206021,0.968944099378882,0.010023662110028931,0.9514285714285714,
segment,gradient descent,102,126,0.013172179928543736,0.9434782608695652,0.01419026688407652,0.9371428571428572,
segment,gradient descent,102,127,0.0077301686729475275,0.9658385093167702,0.011004447396673792,0.94,
segment,gradient descent,102,128,0.007644851601328236,0.9701863354037267,0.010575744781468582,0.9542857142857143,
segment,gradient descent,102,129,0.012286950147128379,0.9403726708074535,0.015061775389817981,0.9257142857142857,
segment,gradient descent,102,130,0.010714439569686538,0.9509316770186336,0.012066191571594201,0.9371428571428572,
segment,gradient descent,102,131,0.016742139054572405,0.9248447204968944,0.01902227376213441,0.9142857142857143,
segment,gradient descent,102,132,0.008718667178261317,0.9577639751552796,0.010012545264278432,0.9571428571428572,
segment,gradient descent,102,133,0.0079765327035067,0.9658385093167702,0.010132453614646562,0.9571428571428572,
segment,gradient descent,102,134,0.006231659912624949,0.9745341614906833,0.009301097151652254,0.9542857142857143,
segment,gradient descent,102,135,0.006262387296752497,0.9726708074534162,0.009216050403229184,0.9514285714285714,
segment,gradient descent,102,136,0.0062523706915704955,0.9751552795031055,0.009193079020536978,0.9485714285714286,
segment,gradient descent,102,137,0.006171471427414465,0.9751552795031055,0.009027703454072146,0.9514285714285714,
segment,gradient descent,102,138,0.006322786577370492,0.9714285714285714,0.009210605165078562,0.9571428571428572,
segment,gradient descent,102,139,0.006095662958875259,0.9751552795031055,0.009216304002485208,0.9542857142857143,
segment,gradient descent,102,140,0.006262307192497723,0.9739130434782609,0.009384987780670939,0.9514285714285714,
segment,gradient descent,102,141,0.007471032449797254,0.9633540372670808,0.009620898881848028,0.9542857142857143,
segment,gradient descent,102,142,0.00687631280820237,0.970807453416149,0.01008383673045383,0.9542857142857143,
segment,gradient descent,102,143,0.006381801036749098,0.9714285714285714,0.009247098135510168,0.9542857142857143,
segment,gradient descent,102,144,0.009213400193588574,0.9559006211180124,0.012444527764261814,0.9428571428571428,
segment,gradient descent,102,145,0.007381218614826552,0.9670807453416149,0.009944996547770374,0.9571428571428572,
segment,gradient descent,102,146,0.005985221482992959,0.9739130434782609,0.008995013502343989,0.9542857142857143,
segment,gradient descent,102,147,0.005988009792371189,0.9732919254658385,0.009095595733440414,0.9542857142857143,
segment,gradient descent,102,148,0.005921983576571565,0.9757763975155279,0.009123110167815234,0.9571428571428572,
segment,gradient descent,102,149,0.010993230979134915,0.9472049689440993,0.01361458507192374,0.9314285714285714,
segment,gradient descent,102,150,0.00601198599775592,0.9714285714285714,0.008741640163370796,0.9542857142857143,
segment,gradient descent,102,151,0.006580913270444526,0.9720496894409938,0.009084082471574547,0.9542857142857143,
segment,gradient descent,102,152,0.006379529704093154,0.9720496894409938,0.009639558909868298,0.9542857142857143,
segment,gradient descent,102,153,0.005837345154608246,0.9739130434782609,0.008738022926041427,0.9542857142857143,
segment,gradient descent,102,154,0.007524670389942497,0.9639751552795031,0.00978729326697667,0.9542857142857143,
segment,gradient descent,102,155,0.006257940899775328,0.9701863354037267,0.008881369499287748,0.9542857142857143,
segment,gradient descent,102,156,0.006291862981475233,0.9720496894409938,0.009508435616983555,0.9542857142857143,
segment,gradient descent,102,157,0.006019215876314332,0.9732919254658385,0.009162419954506154,0.9571428571428572,
segment,gradient descent,102,158,0.005639545472054162,0.9763975155279503,0.008871028258504245,0.9542857142857143,
segment,gradient descent,102,159,0.00895742497718158,0.9596273291925466,0.010542980121885018,0.9514285714285714,
segment,gradient descent,102,160,0.008307995747670181,0.9565217391304348,0.011556312180228484,0.9457142857142857,
segment,gradient descent,102,161,0.005847658868130713,0.9757763975155279,0.009149034808487458,0.9514285714285714,
segment,gradient descent,102,162,0.005622660895288383,0.9763975155279503,0.008844627625096706,0.9514285714285714,
segment,gradient descent,102,163,0.005938118084916976,0.9763975155279503,0.008923323114732056,0.9514285714285714,
segment,gradient descent,102,164,0.005871686203906569,0.9751552795031055,0.008684815006882111,0.9542857142857143,
segment,gradient descent,102,165,0.005614930952847406,0.9757763975155279,0.008583786554977543,0.9542857142857143,
segment,gradient descent,102,166,0.005491350268680355,0.977639751552795,0.008678961401957315,0.9542857142857143,
segment,gradient descent,102,167,0.005602665703981979,0.9745341614906833,0.008538194104241614,0.9542857142857143,
segment,gradient descent,102,168,0.006668788629089391,0.9701863354037267,0.009407215188655067,0.9514285714285714,
segment,gradient descent,102,169,0.00673442478271057,0.9732919254658385,0.009567436223582552,0.9571428571428572,
segment,gradient descent,102,170,0.006136753527750549,0.9714285714285714,0.008640005965593186,0.9571428571428572,
segment,gradient descent,102,171,0.013981013706199695,0.9360248447204969,0.016499323001331185,0.9228571428571428,
segment,gradient descent,102,172,0.005438401025937304,0.9763975155279503,0.00896215644373017,0.9542857142857143,
segment,gradient descent,102,173,0.01131535106288807,0.9503105590062112,0.01284693847365668,0.9542857142857143,
segment,gradient descent,102,174,0.007433589398309582,0.9658385093167702,0.01001686423475364,0.9457142857142857,
segment,gradient descent,102,175,0.00557313828517277,0.9763975155279503,0.00850899216990347,0.9571428571428572,
segment,gradient descent,102,176,0.005254231297429465,0.9788819875776398,0.008593449740483018,0.96,
segment,gradient descent,102,177,0.005418866905388771,0.9782608695652174,0.008614739995687817,0.9542857142857143,
segment,gradient descent,102,178,0.0057591071061861565,0.9770186335403727,0.009351383722682028,0.9571428571428572,
segment,gradient descent,102,179,0.006956056140470513,0.9695652173913043,0.009441893855779723,0.9571428571428572,
segment,gradient descent,102,180,0.008575080352379359,0.9596273291925466,0.009569105128932663,0.9571428571428572,
segment,gradient descent,102,181,0.005188405740746288,0.9782608695652174,0.008723514768911197,0.9542857142857143,
segment,gradient descent,102,182,0.005297380179236159,0.977639751552795,0.008185814923516964,0.9571428571428572,
segment,gradient descent,102,183,0.005444045398669905,0.9770186335403727,0.008444033699269252,0.9628571428571429,
segment,gradient descent,102,184,0.005137700279570678,0.9770186335403727,0.008364917810647715,0.9571428571428572,
segment,gradient descent,102,185,0.006176312638508982,0.9720496894409938,0.00868347186255779,0.9571428571428572,
segment,gradient descent,102,186,0.005029401815622767,0.9782608695652174,0.008519349766350583,0.9571428571428572,
segment,gradient descent,102,187,0.00521067775423942,0.9763975155279503,0.008988775222180608,0.9514285714285714,
segment,gradient descent,102,188,0.004854838601793913,0.9807453416149068,0.008234476893571837,0.9628571428571429,
segment,gradient descent,102,189,0.005794581514673781,0.9745341614906833,0.009094561637018769,0.9571428571428572,
segment,gradient descent,102,190,0.005131295279071675,0.9757763975155279,0.008629176693701314,0.9571428571428572,
segment,gradient descent,102,191,0.004877018363838701,0.9807453416149068,0.008477421131760322,0.96,
segment,gradient descent,102,192,0.005727979831647071,0.9714285714285714,0.008739751298923938,0.96,
segment,gradient descent,102,193,0.006451748469456558,0.9726708074534162,0.00926563783260714,0.9542857142857143,
segment,gradient descent,102,194,0.005661957874132661,0.9739130434782609,0.00837189621710385,0.9571428571428572,
segment,gradient descent,102,195,0.004976732187654535,0.9795031055900622,0.008359924495203522,0.96,
segment,gradient descent,102,196,0.004859434664109391,0.9782608695652174,0.00827161911781475,0.9571428571428572,
segment,gradient descent,102,197,0.012071755026178174,0.9509316770186336,0.013181555825950488,0.94,
segment,gradient descent,102,198,0.004715455467925717,0.9807453416149068,0.007867053272335025,0.9628571428571429,
segment,gradient descent,102,199,0.004629770565905196,0.9813664596273292,0.008032095969612282,0.96,
segment,gradient descent,102,200,0.004657397532749761,0.9813664596273292,0.008004396245369574,0.9571428571428572,
segment,gradient descent,102,201,0.0076940162578338885,0.9645962732919254,0.011298459573654749,0.9485714285714286,
segment,gradient descent,102,202,0.004622901957757118,0.9807453416149068,0.00805959067032356,0.96,
segment,gradient descent,102,203,0.004878875683513953,0.9795031055900622,0.008441187067533018,0.96,
segment,gradient descent,102,204,0.004569055373369319,0.9819875776397515,0.007723434262627657,0.9628571428571429,
segment,gradient descent,102,205,0.004490005428746309,0.9826086956521739,0.0077715010870143516,0.9628571428571429,
segment,gradient descent,102,206,0.004875784874917629,0.977639751552795,0.007858004207626617,0.96,
segment,gradient descent,102,207,0.0045268218494685965,0.9807453416149068,0.007901557369316825,0.9571428571428572,
segment,gradient descent,102,208,0.004744581608452723,0.9782608695652174,0.0078117764378301206,0.96,
segment,gradient descent,102,209,0.004699817292694858,0.9807453416149068,0.00813401449097502,0.96,
segment,gradient descent,102,210,0.0046626603384843065,0.9795031055900622,0.008120103204851839,0.9628571428571429,
segment,gradient descent,102,211,0.004483453372963952,0.9813664596273292,0.008071042940700759,0.96,
segment,gradient descent,102,212,0.004702833507173887,0.9807453416149068,0.007610297652891294,0.9628571428571429,
segment,gradient descent,102,213,0.004384870380286947,0.9826086956521739,0.007682460939267396,0.9657142857142857,
segment,gradient descent,102,214,0.006194017940562615,0.9763975155279503,0.00831304976208825,0.9571428571428572,
segment,gradient descent,102,215,0.004404803552329993,0.9819875776397515,0.007891999390861078,0.9628571428571429,
segment,gradient descent,102,216,0.00514607895798241,0.9763975155279503,0.008623876651464411,0.9628571428571429,
segment,gradient descent,102,217,0.004575154721902144,0.9819875776397515,0.0078053969731503945,0.9657142857142857,
segment,gradient descent,102,218,0.010627746838863014,0.9490683229813665,0.013639317949874637,0.9342857142857143,
segment,gradient descent,102,219,0.004456993344778859,0.9807453416149068,0.00789176493265632,0.9542857142857143,
segment,gradient descent,102,220,0.0044772955569651616,0.9819875776397515,0.008031539497521912,0.9628571428571429,
segment,gradient descent,102,221,0.012882389699076357,0.9409937888198758,0.015365575165114243,0.9257142857142857,
segment,gradient descent,102,222,0.004481481055376812,0.9795031055900622,0.00745669414237049,0.9628571428571429,
segment,gradient descent,102,223,0.004614530356824497,0.9801242236024845,0.0076942821932139615,0.9628571428571429,
segment,gradient descent,102,224,0.005148931615173069,0.977639751552795,0.008642431267516522,0.96,
segment,gradient descent,102,225,0.004675656831555063,0.9801242236024845,0.007518563931073413,0.9628571428571429,
segment,gradient descent,102,226,0.009174392151542693,0.9596273291925466,0.012501343175825293,0.9485714285714286,
segment,gradient descent,102,227,0.007489635411087294,0.9664596273291925,0.008884652111400935,0.9628571428571429,
segment,gradient descent,102,228,0.004770469416262134,0.9795031055900622,0.007772199003499061,0.9628571428571429,
segment,gradient descent,102,229,0.004637148103024328,0.9807453416149068,0.008524661161374852,0.9571428571428572,
segment,gradient descent,102,230,0.004405392689838003,0.9801242236024845,0.007545076026492004,0.96,
segment,gradient descent,102,231,0.0044016766925222255,0.9813664596273292,0.007551316331836239,0.9628571428571429,
segment,gradient descent,102,232,0.007888222152711089,0.9627329192546584,0.011436523794067238,0.9457142857142857,
segment,gradient descent,102,233,0.004852226424174145,0.9807453416149068,0.0078715407942394,0.9628571428571429,
segment,gradient descent,102,234,0.004125952902545893,0.9826086956521739,0.0075183784941639815,0.96,
segment,gradient descent,102,235,0.0043612139012142795,0.9807453416149068,0.0073327676867441976,0.9628571428571429,
segment,gradient descent,102,236,0.004119818485033042,0.9832298136645963,0.007601515746413197,0.96,
segment,gradient descent,102,237,0.0041099645010252645,0.9832298136645963,0.007535824051723706,0.9657142857142857,
segment,gradient descent,102,238,0.005755880151293171,0.977639751552795,0.009917833998559642,0.9542857142857143,
segment,gradient descent,102,239,0.005790527488811162,0.9732919254658385,0.008390900073336385,0.96,
segment,gradient descent,102,240,0.004498724240732024,0.9801242236024845,0.008310800042364766,0.9628571428571429,
segment,gradient descent,102,241,0.004355405318132217,0.9813664596273292,0.007701509969483491,0.9657142857142857,
segment,gradient descent,102,242,0.004175485824705239,0.9819875776397515,0.008011879204418086,0.9628571428571429,
segment,gradient descent,102,243,0.004386904109295655,0.9801242236024845,0.007564239609644919,0.9628571428571429,
segment,gradient descent,102,244,0.004025379180181062,0.9819875776397515,0.0075300077689694385,0.9657142857142857,
segment,gradient descent,102,245,0.004654148613958727,0.9795031055900622,0.008391950091711377,0.9628571428571429,
segment,gradient descent,102,246,0.003993718342414223,0.9826086956521739,0.00753248000974256,0.9628571428571429,
segment,gradient descent,102,247,0.004000628110387925,0.9826086956521739,0.007568175915111533,0.9657142857142857,
segment,gradient descent,102,248,0.004007601021484392,0.9819875776397515,0.007654465994850144,0.9657142857142857,
segment,gradient descent,102,249,0.004262460961670366,0.9813664596273292,0.00738648699274742,0.9628571428571429,
segment,gradient descent,102,250,0.003959361865851494,0.9838509316770186,0.007584989257652812,0.9657142857142857,
segment,gradient descent,102,251,0.004115808782330846,0.9819875776397515,0.007523448715541573,0.9628571428571429,
segment,gradient descent,102,252,0.004081477813174821,0.9826086956521739,0.007505004225514346,0.9628571428571429,
segment,gradient descent,102,253,0.004225438469655353,0.9819875776397515,0.008111648189881153,0.9628571428571429,
segment,gradient descent,102,254,0.004209668330847505,0.9807453416149068,0.007690520379625792,0.9628571428571429,
segment,gradient descent,102,255,0.003947088666116792,0.9826086956521739,0.0075186560213374425,0.9657142857142857,
segment,gradient descent,102,256,0.006797133161102786,0.9677018633540373,0.009115912166131864,0.9571428571428572,
segment,gradient descent,102,257,0.004383027664193889,0.9801242236024845,0.00836521208623917,0.9628571428571429,
segment,gradient descent,102,258,0.003932102725664556,0.9832298136645963,0.007392087042625214,0.9657142857142857,
segment,gradient descent,102,259,0.006301474008969001,0.9701863354037267,0.00891328693941604,0.9571428571428572,
segment,gradient descent,102,260,0.0038957039983620206,0.9850931677018634,0.007399609723242212,0.9657142857142857,
segment,gradient descent,102,261,0.003881632851763988,0.9826086956521739,0.00774240824984606,0.9657142857142857,
segment,gradient descent,102,262,0.004032956990207966,0.9826086956521739,0.007916142689273407,0.9628571428571429,
segment,gradient descent,102,263,0.0038458400881046916,0.984472049689441,0.007620963307999747,0.9628571428571429,
segment,gradient descent,102,264,0.0039041451346143764,0.9832298136645963,0.007395034230842892,0.9657142857142857,
segment,gradient descent,102,265,0.003800464467780038,0.9832298136645963,0.007572650230627831,0.9657142857142857,
segment,gradient descent,102,266,0.0038593789191361753,0.9850931677018634,0.007803769655159965,0.9628571428571429,
segment,gradient descent,102,267,0.0039632134636899165,0.9819875776397515,0.007793435226212534,0.9628571428571429,
segment,gradient descent,102,268,0.006822461492764145,0.9664596273291925,0.00997141817103951,0.9542857142857143,
segment,gradient descent,102,269,0.0038365707803261376,0.984472049689441,0.007382903279623853,0.9657142857142857,
segment,gradient descent,102,270,0.0037914628971019177,0.984472049689441,0.007569013408641867,0.9628571428571429,
segment,gradient descent,102,271,0.0038407681804003674,0.9819875776397515,0.007360361074462789,0.9657142857142857,
segment,gradient descent,102,272,0.003847103048384028,0.9813664596273292,0.00738099126148883,0.9628571428571429,
segment,gradient descent,102,273,0.00372275312265987,0.9838509316770186,0.0075805746250226375,0.9685714285714285,
segment,gradient descent,102,274,0.004459403859373881,0.9788819875776398,0.008559245251619938,0.9628571428571429,
segment,gradient descent,102,275,0.0037234697714369344,0.9857142857142858,0.007592298813168321,0.9685714285714285,
segment,gradient descent,102,276,0.008186561795134965,0.9614906832298137,0.012308110138656254,0.9428571428571428,
segment,gradient descent,102,277,0.006035703645130559,0.9751552795031055,0.008287149660423166,0.9628571428571429,
segment,gradient descent,102,278,0.003951702864726719,0.9826086956521739,0.007425897574103068,0.9628571428571429,
segment,gradient descent,102,279,0.0067070711246753215,0.9683229813664597,0.008638573732877177,0.96,
segment,gradient descent,102,280,0.0039043528829837072,0.9826086956521739,0.007940835435602525,0.9628571428571429,
segment,gradient descent,102,281,0.01001841640151351,0.9565217391304348,0.011403077635437702,0.9542857142857143,
segment,gradient descent,102,282,0.003823745008580335,0.984472049689441,0.008010907920749846,0.9628571428571429,
segment,gradient descent,102,283,0.003996469407629739,0.9813664596273292,0.007637688141091692,0.9628571428571429,
segment,gradient descent,102,284,0.003621464206889544,0.9832298136645963,0.007578717670801876,0.9657142857142857,
segment,gradient descent,102,285,0.0037067397870409933,0.9819875776397515,0.007562105090737139,0.9657142857142857,
segment,gradient descent,102,286,0.003646120942889285,0.984472049689441,0.007625486947185799,0.9657142857142857,
segment,gradient descent,102,287,0.0038431953160826724,0.9819875776397515,0.007816502355547313,0.9628571428571429,
segment,gradient descent,102,288,0.004050696030230982,0.9850931677018634,0.007814470175995836,0.9685714285714285,
segment,gradient descent,102,289,0.003706847118849844,0.9832298136645963,0.007990597130045095,0.9628571428571429,
segment,gradient descent,102,290,0.004286497086204915,0.9807453416149068,0.008238102149115772,0.9628571428571429,
segment,gradient descent,102,291,0.0035356009459434567,0.9832298136645963,0.007669229077420996,0.9685714285714285,
segment,gradient descent,102,292,0.003519341967545967,0.984472049689441,0.00741760480963651,0.9685714285714285,
segment,gradient descent,102,293,0.0036822596422567567,0.9850931677018634,0.007504875797911367,0.9657142857142857,
segment,gradient descent,102,294,0.0035579474146533703,0.9832298136645963,0.0075498222553903324,0.9657142857142857,
segment,gradient descent,102,295,0.003866537600812751,0.9819875776397515,0.008274505688909589,0.96,
segment,gradient descent,102,296,0.0036635176361184043,0.9838509316770186,0.007336489645695156,0.9657142857142857,
segment,gradient descent,102,297,0.0034898398894626123,0.9850931677018634,0.00742672418401338,0.9657142857142857,
segment,gradient descent,102,298,0.004314555367867398,0.9832298136645963,0.007974870108340868,0.9628571428571429,
segment,gradient descent,102,299,0.005584383485486364,0.9782608695652174,0.008330714625574233,0.9657142857142857,
segment,gradient descent,102,300,0.0036744931319086815,0.9838509316770186,0.0073662130572300566,0.9628571428571429,
segment,gradient descent,102,301,0.0036152930279316465,0.9826086956521739,0.007503696692480932,0.9685714285714285,
segment,gradient descent,102,302,0.0051448218492321654,0.9751552795031055,0.008008725684223412,0.9628571428571429,
segment,gradient descent,102,303,0.004309076523491276,0.9826086956521739,0.007744563959008427,0.9657142857142857,
segment,gradient descent,102,304,0.0035129270861929537,0.9832298136645963,0.007660642813432611,0.9657142857142857,
segment,gradient descent,102,305,0.003476123028093475,0.9838509316770186,0.007489379407129879,0.9657142857142857,
segment,gradient descent,102,306,0.0037605182262446597,0.9819875776397515,0.008433411101914073,0.96,
segment,gradient descent,102,307,0.0037086803454345475,0.9838509316770186,0.00801622122961931,0.9628571428571429,
segment,gradient descent,102,308,0.007773262571209181,0.962111801242236,0.011290357751597643,0.9514285714285714,
segment,gradient descent,102,309,0.003562385860197457,0.9850931677018634,0.008025417064633007,0.9628571428571429,
segment,gradient descent,102,310,0.003494068320246452,0.986335403726708,0.00780731574261382,0.9628571428571429,
segment,gradient descent,102,311,0.003735289691464799,0.9832298136645963,0.008342466412486751,0.96,
segment,gradient descent,102,312,0.003478344392339896,0.984472049689441,0.00785214679762278,0.9628571428571429,
segment,gradient descent,102,313,0.003345599236420848,0.9850931677018634,0.007356783691577597,0.9685714285714285,
segment,gradient descent,102,314,0.004987425839580267,0.9770186335403727,0.008131726766496485,0.9628571428571429,
segment,gradient descent,102,315,0.0036600084626761753,0.9838509316770186,0.008210994262442862,0.96,
segment,gradient descent,102,316,0.0033899703401738383,0.984472049689441,0.007717925262414108,0.9685714285714285,
segment,gradient descent,102,317,0.00457486323416267,0.9826086956521739,0.0077267041881676725,0.9657142857142857,
segment,gradient descent,102,318,0.0035497421552765124,0.9838509316770186,0.007291285440653793,0.9657142857142857,
segment,gradient descent,102,319,0.0037488410176368192,0.9869565217391304,0.007410475804056935,0.9742857142857143,
segment,gradient descent,102,320,0.00536249259791403,0.9763975155279503,0.010008478641188602,0.96,
segment,gradient descent,102,321,0.005883869365337942,0.9770186335403727,0.008212234416868929,0.9628571428571429,
segment,gradient descent,102,322,0.003763841623855622,0.9857142857142858,0.00790789570902866,0.9657142857142857,
segment,gradient descent,102,323,0.003638928564228034,0.984472049689441,0.00804770463855934,0.96,
segment,gradient descent,102,324,0.0036510679776035654,0.986335403726708,0.007576832280771213,0.9657142857142857,
segment,gradient descent,102,325,0.0032836556321917338,0.9857142857142858,0.007629504572946,0.9628571428571429,
segment,gradient descent,102,326,0.0033504952110419606,0.9850931677018634,0.007835690802159404,0.9628571428571429,
segment,gradient descent,102,327,0.003257208280915792,0.9850931677018634,0.007441327825591321,0.9685714285714285,
segment,gradient descent,102,328,0.0036849548277932335,0.9838509316770186,0.007390171408340547,0.96,
segment,gradient descent,102,329,0.004857081003353372,0.9782608695652174,0.009584965487955332,0.96,
segment,gradient descent,102,330,0.008871036079575813,0.9577639751552796,0.012097479959738833,0.9485714285714286,
segment,gradient descent,102,331,0.004389851763635888,0.9832298136645963,0.007579673082500962,0.9714285714285714,
segment,gradient descent,102,332,0.00365204726625018,0.9832298136645963,0.00816719876379202,0.96,
segment,gradient descent,102,333,0.0035340961214107417,0.9875776397515528,0.007404809722660746,0.9685714285714285,
segment,gradient descent,102,334,0.0035794321496271596,0.9850931677018634,0.007071969509290401,0.9685714285714285,
segment,gradient descent,102,335,0.0034829777406395444,0.984472049689441,0.00795661067872178,0.96,
segment,gradient descent,102,336,0.003660953050480747,0.9857142857142858,0.007360826064732754,0.9685714285714285,
segment,gradient descent,102,337,0.003307197726433,0.9857142857142858,0.007194687320944022,0.9685714285714285,
segment,gradient descent,102,338,0.0032973602810547347,0.9850931677018634,0.007610734200539934,0.96,
segment,gradient descent,102,339,0.003368821852472043,0.9838509316770186,0.007906899431357898,0.96,
segment,gradient descent,102,340,0.003473795171183852,0.984472049689441,0.008089610698832388,0.96,
segment,gradient descent,102,341,0.0037326968455647976,0.9832298136645963,0.00819314034771706,0.96,
segment,gradient descent,102,342,0.003569329287461912,0.9850931677018634,0.007330981759844793,0.9657142857142857,
segment,gradient descent,102,343,0.0047029743285363305,0.9826086956521739,0.00828673315324214,0.9628571428571429,
segment,gradient descent,102,344,0.006961511494647077,0.9639751552795031,0.011440910036179471,0.9485714285714286,
segment,gradient descent,102,345,0.007238376077305466,0.9652173913043478,0.011769371875799347,0.9457142857142857,
segment,gradient descent,102,346,0.003860442090712834,0.9826086956521739,0.007898681685152628,0.9657142857142857,
segment,gradient descent,102,347,0.0033785055765703956,0.9850931677018634,0.007058723278999464,0.9714285714285714,
segment,gradient descent,102,348,0.010126846545708801,0.9546583850931677,0.013479685376806194,0.9457142857142857,
segment,gradient descent,102,349,0.00318892384291008,0.9881987577639751,0.00769634990902808,0.9657142857142857,
segment,gradient descent,102,350,0.0030532857583414614,0.9888198757763975,0.00740550822571121,0.9714285714285714,
segment,gradient descent,103,1,0.10734207025165199,0.42111801242236024,0.10646886148967627,0.42857142857142855,
segment,gradient descent,103,2,0.08958648891198207,0.5633540372670808,0.08931946467621749,0.5828571428571429,
segment,gradient descent,103,3,0.10370728557370058,0.4577639751552795,0.10299084550331972,0.45714285714285713,
segment,gradient descent,103,4,0.06932300228823648,0.5919254658385094,0.0676407645610296,0.62,
segment,gradient descent,103,5,0.0405716853241428,0.8304347826086956,0.039354625340850886,0.82,
segment,gradient descent,103,6,0.03432964045251274,0.8614906832298137,0.03413718391359819,0.86,
segment,gradient descent,103,7,0.02690852301571884,0.9043478260869565,0.027011094121455304,0.8971428571428571,
segment,gradient descent,103,8,0.027042950735188406,0.901863354037267,0.02777807829581441,0.8971428571428571,
segment,gradient descent,103,9,0.03896717855516439,0.8496894409937888,0.04184364293141227,0.8142857142857143,
segment,gradient descent,103,10,0.021202385493609012,0.9142857142857143,0.02186106048013123,0.9142857142857143,
segment,gradient descent,103,11,0.032978122315654924,0.8894409937888199,0.036089771077450386,0.8657142857142858,
segment,gradient descent,103,12,0.02219860541518273,0.9080745341614906,0.022753649197516296,0.9028571428571428,
segment,gradient descent,103,13,0.01975270744813619,0.9173913043478261,0.02063382260937479,0.9114285714285715,
segment,gradient descent,103,14,0.01784775254990616,0.9298136645962732,0.01964759074759016,0.9142857142857143,
segment,gradient descent,103,15,0.018934945782955057,0.9236024844720497,0.020843248745226157,0.9142857142857143,
segment,gradient descent,103,16,0.018329320497299344,0.9260869565217391,0.019958159272124104,0.9171428571428571,
segment,gradient descent,103,17,0.018258419612107446,0.9267080745341615,0.019727161871808438,0.9171428571428571,
segment,gradient descent,103,18,0.016492495601885485,0.9372670807453416,0.017990760543909405,0.9257142857142857,
segment,gradient descent,103,19,0.017856890635778146,0.922360248447205,0.018780930098999973,0.9142857142857143,
segment,gradient descent,103,20,0.01668300974727036,0.9285714285714286,0.018848790878791835,0.9228571428571428,
segment,gradient descent,103,21,0.01626287869994852,0.9372670807453416,0.018198713150243184,0.9314285714285714,
segment,gradient descent,103,22,0.01932103521266091,0.915527950310559,0.0201902612450707,0.9171428571428571,
segment,gradient descent,103,23,0.0165541584135967,0.9304347826086956,0.01785326729383593,0.9228571428571428,
segment,gradient descent,103,24,0.01662725812193852,0.9354037267080745,0.018145893272387355,0.9228571428571428,
segment,gradient descent,103,25,0.014963500348106746,0.9347826086956522,0.016923281923493527,0.9228571428571428,
segment,gradient descent,103,26,0.016073956619140697,0.9279503105590062,0.01754034382384586,0.9171428571428571,
segment,gradient descent,103,27,0.01706853359318961,0.9335403726708075,0.019350233645344727,0.9285714285714286,
segment,gradient descent,103,28,0.016019323588792437,0.9285714285714286,0.01728722742802494,0.92,
segment,gradient descent,103,29,0.021306334096511396,0.9031055900621118,0.021247590427342273,0.9142857142857143,
segment,gradient descent,103,30,0.015094074893107198,0.9409937888198758,0.01725684124929133,0.9314285714285714,
segment,gradient descent,103,31,0.013926598145453127,0.94472049689441,0.016542315767829097,0.9314285714285714,
segment,gradient descent,103,32,0.014609863111485119,0.9322981366459627,0.016933607912873024,0.92,
segment,gradient descent,103,33,0.013437727979265719,0.9465838509316771,0.015759065487807967,0.9371428571428572,
segment,gradient descent,103,34,0.015522769132159329,0.9434782608695652,0.017583549500134146,0.9285714285714286,
segment,gradient descent,103,35,0.014909222905022562,0.9360248447204969,0.01662665149839798,0.9228571428571428,
segment,gradient descent,103,36,0.01930798699182327,0.9136645962732919,0.022607855202488737,0.9028571428571428,
segment,gradient descent,103,37,0.012893021045868723,0.9409937888198758,0.015103068365067458,0.9314285714285714,
segment,gradient descent,103,38,0.014838597002863827,0.9366459627329192,0.016485482446682298,0.9257142857142857,
segment,gradient descent,103,39,0.02316689846157929,0.9105590062111801,0.02649463156645279,0.8971428571428571,
segment,gradient descent,103,40,0.014349108252392025,0.9459627329192547,0.017277245427040896,0.9285714285714286,
segment,gradient descent,103,41,0.012400173942389785,0.9428571428571428,0.014641724724160326,0.9314285714285714,
segment,gradient descent,103,42,0.013773292571185477,0.9372670807453416,0.01539553604725628,0.9285714285714286,
segment,gradient descent,103,43,0.01200916569810239,0.9484472049689441,0.014652473997357198,0.94,
segment,gradient descent,103,44,0.01466784971592961,0.9298136645962732,0.017148200690547406,0.9228571428571428,
segment,gradient descent,103,45,0.01257802495709103,0.9484472049689441,0.015582796555645368,0.9371428571428572,
segment,gradient descent,103,46,0.011859287512985721,0.9434782608695652,0.014520864148444002,0.9314285714285714,
segment,gradient descent,103,47,0.01969905307298935,0.9118012422360249,0.0231206783054389,0.8885714285714286,
segment,gradient descent,103,48,0.012858582141024226,0.9416149068322981,0.01498392127754323,0.9342857142857143,
segment,gradient descent,103,49,0.011470203903979907,0.9503105590062112,0.014502867079429582,0.9371428571428572,
segment,gradient descent,103,50,0.01302277893842045,0.9366459627329192,0.015378003902721447,0.9285714285714286,
segment,gradient descent,103,51,0.01151470619411897,0.9503105590062112,0.014767119253641497,0.9371428571428572,
segment,gradient descent,103,52,0.011297794302931834,0.9540372670807453,0.01408239503977968,0.94,
segment,gradient descent,103,53,0.011968693301984435,0.9409937888198758,0.014161609684532747,0.9314285714285714,
segment,gradient descent,103,54,0.01128085463128127,0.9515527950310559,0.014687713913455344,0.9371428571428572,
segment,gradient descent,103,55,0.012734132379408155,0.9422360248447205,0.016302224127028652,0.9285714285714286,
segment,gradient descent,103,56,0.011004564759173203,0.9503105590062112,0.01393186971462075,0.9428571428571428,
segment,gradient descent,103,57,0.013814950194293981,0.9354037267080745,0.01633201940698727,0.9171428571428571,
segment,gradient descent,103,58,0.010529002353153624,0.9540372670807453,0.013444668415425885,0.9371428571428572,
segment,gradient descent,103,59,0.011042650165043254,0.9490683229813665,0.013910614164954498,0.9314285714285714,
segment,gradient descent,103,60,0.011468212002978248,0.9540372670807453,0.014271317353773096,0.9371428571428572,
segment,gradient descent,103,61,0.012363003737768618,0.9490683229813665,0.0148745969837983,0.94,
segment,gradient descent,103,62,0.01026865042038301,0.9546583850931677,0.01385592050220752,0.9428571428571428,
segment,gradient descent,103,63,0.014101976084937077,0.9335403726708075,0.017654426202364352,0.9257142857142857,
segment,gradient descent,103,64,0.010860646228150379,0.9484472049689441,0.013038620368642182,0.9428571428571428,
segment,gradient descent,103,65,0.010633563370154253,0.9503105590062112,0.014153977078998545,0.94,
segment,gradient descent,103,66,0.010016607406259391,0.9527950310559006,0.013131304216266952,0.9457142857142857,
segment,gradient descent,103,67,0.01009718719509902,0.9503105590062112,0.012998444971189595,0.9371428571428572,
segment,gradient descent,103,68,0.010331189228606727,0.9540372670807453,0.013454293408829858,0.9428571428571428,
segment,gradient descent,103,69,0.009904874110001929,0.9527950310559006,0.012958017175989194,0.94,
segment,gradient descent,103,70,0.009662991983348001,0.9552795031055901,0.01272565835430691,0.9428571428571428,
segment,gradient descent,103,71,0.012387730223258103,0.9409937888198758,0.016119233987847145,0.94,
segment,gradient descent,103,72,0.010930803770622997,0.9465838509316771,0.014457034416818376,0.9314285714285714,
segment,gradient descent,103,73,0.01067675296030365,0.9503105590062112,0.014456999481157485,0.9371428571428572,
segment,gradient descent,103,74,0.00964971721001586,0.9571428571428572,0.012594156163395324,0.9514285714285714,
segment,gradient descent,103,75,0.009957556339008099,0.9527950310559006,0.012742107436584512,0.9428571428571428,
segment,gradient descent,103,76,0.01771088229592308,0.9211180124223602,0.018682801781927244,0.9314285714285714,
segment,gradient descent,103,77,0.009752844750005006,0.9596273291925466,0.013002488094766593,0.9485714285714286,
segment,gradient descent,103,78,0.009226403466343168,0.9577639751552796,0.012705391339651262,0.9428571428571428,
segment,gradient descent,103,79,0.00971292517640187,0.9602484472049689,0.0127944389897087,0.9485714285714286,
segment,gradient descent,103,80,0.011984296860608378,0.9496894409937888,0.014489276849550791,0.9457142857142857,
segment,gradient descent,103,81,0.01456471907914532,0.9341614906832298,0.01645791266134394,0.9342857142857143,
segment,gradient descent,103,82,0.009329045005655519,0.9583850931677018,0.012566291031736086,0.9457142857142857,
segment,gradient descent,103,83,0.013910276384498554,0.9347826086956522,0.01586037816493545,0.9314285714285714,
segment,gradient descent,103,84,0.009002905140578865,0.9577639751552796,0.012145002654181676,0.9485714285714286,
segment,gradient descent,103,85,0.00901041963197126,0.9571428571428572,0.011769630885557691,0.9457142857142857,
segment,gradient descent,103,86,0.009301620330417785,0.9559006211180124,0.012761111944249613,0.9485714285714286,
segment,gradient descent,103,87,0.010449631275121565,0.9472049689440993,0.013927208843995214,0.9428571428571428,
segment,gradient descent,103,88,0.009431258217402035,0.9577639751552796,0.012859169064663462,0.9457142857142857,
segment,gradient descent,103,89,0.00848660118520716,0.962111801242236,0.011739180097492145,0.9514285714285714,
segment,gradient descent,103,90,0.008456104934565273,0.9602484472049689,0.011713518089299003,0.9485714285714286,
segment,gradient descent,103,91,0.008545860577257175,0.9596273291925466,0.011938358972351997,0.9457142857142857,
segment,gradient descent,103,92,0.008746914647613097,0.9565217391304348,0.011969240409160883,0.9457142857142857,
segment,gradient descent,103,93,0.009033409617515479,0.962111801242236,0.012014656166922289,0.9485714285714286,
segment,gradient descent,103,94,0.008808174921300302,0.9608695652173913,0.012254427519159623,0.9457142857142857,
segment,gradient descent,103,95,0.013793121427721053,0.929192546583851,0.017360228935789864,0.92,
segment,gradient descent,103,96,0.008351454349506753,0.9602484472049689,0.012026577695807929,0.9514285714285714,
segment,gradient descent,103,97,0.00907267582460156,0.9559006211180124,0.012361405580284179,0.9428571428571428,
segment,gradient descent,103,98,0.008166897457155974,0.962111801242236,0.011698329078380695,0.9514285714285714,
segment,gradient descent,103,99,0.008359930906997425,0.9590062111801242,0.011969627407748084,0.9485714285714286,
segment,gradient descent,103,100,0.009367516882111935,0.9577639751552796,0.01244413184245853,0.9428571428571428,
segment,gradient descent,103,101,0.008034568171389846,0.962111801242236,0.011627228328440976,0.9542857142857143,
segment,gradient descent,103,102,0.008127193230041189,0.9627329192546584,0.011553877210268588,0.9485714285714286,
segment,gradient descent,103,103,0.010205864400681339,0.9478260869565217,0.013831512893849237,0.9371428571428572,
segment,gradient descent,103,104,0.01256346223918996,0.9341614906832298,0.016102708055267256,0.9257142857142857,
segment,gradient descent,103,105,0.008390335107406515,0.9645962732919254,0.011908959590771047,0.9485714285714286,
segment,gradient descent,103,106,0.016603045775421942,0.9198757763975155,0.020304458485752856,0.9114285714285715,
segment,gradient descent,103,107,0.007888427702503134,0.9664596273291925,0.011391946870128754,0.9542857142857143,
segment,gradient descent,103,108,0.007811460099176351,0.9614906832298137,0.011680172140741726,0.9514285714285714,
segment,gradient descent,103,109,0.010536556412990094,0.9478260869565217,0.014330579467464084,0.94,
segment,gradient descent,103,110,0.010002318014355204,0.9633540372670808,0.013191153106752384,0.94,
segment,gradient descent,103,111,0.008109815312470786,0.9695652173913043,0.011838677061266309,0.9457142857142857,
segment,gradient descent,103,112,0.010001137540061076,0.9484472049689441,0.013665734093508453,0.9428571428571428,
segment,gradient descent,103,113,0.0078098522296352595,0.968944099378882,0.011702713610921596,0.9485714285714286,
segment,gradient descent,103,114,0.01122212366555026,0.9472049689440993,0.014657640755135789,0.9314285714285714,
segment,gradient descent,103,115,0.0075995047311673775,0.970807453416149,0.01138530595916543,0.9514285714285714,
segment,gradient descent,103,116,0.008398655041378204,0.9695652173913043,0.01188169272948749,0.9457142857142857,
segment,gradient descent,103,117,0.007800054759076605,0.9658385093167702,0.011828708796170333,0.9514285714285714,
segment,gradient descent,103,118,0.006978497103244716,0.9720496894409938,0.01123051459879117,0.9485714285714286,
segment,gradient descent,103,119,0.006936463385397196,0.9714285714285714,0.011246993733118915,0.9457142857142857,
segment,gradient descent,103,120,0.006782247298475586,0.9739130434782609,0.011072799504632844,0.9571428571428572,
segment,gradient descent,103,121,0.007393530632548735,0.970807453416149,0.011482176702539591,0.9457142857142857,
segment,gradient descent,103,122,0.0066389898044141036,0.9732919254658385,0.01084815599104224,0.9571428571428572,
segment,gradient descent,103,123,0.013657730806927518,0.9459627329192547,0.015702610084487097,0.9371428571428572,
segment,gradient descent,103,124,0.008683044102514456,0.9683229813664597,0.01162670638605414,0.9542857142857143,
segment,gradient descent,103,125,0.010466818056887517,0.9515527950310559,0.014355111504061652,0.9342857142857143,
segment,gradient descent,103,126,0.011292703709042685,0.9583850931677018,0.014709097119325262,0.9485714285714286,
segment,gradient descent,103,127,0.009602203046606155,0.9590062111801242,0.013039800265645699,0.9371428571428572,
segment,gradient descent,103,128,0.006908119189112745,0.9720496894409938,0.011012669709196891,0.9542857142857143,
segment,gradient descent,103,129,0.006851896587922109,0.9720496894409938,0.010942774150789461,0.9485714285714286,
segment,gradient descent,103,130,0.006611145785040275,0.9732919254658385,0.010631005711205866,0.9542857142857143,
segment,gradient descent,103,131,0.006527653705779163,0.9739130434782609,0.010757479778246494,0.9628571428571429,
segment,gradient descent,103,132,0.006351002546282389,0.9745341614906833,0.010494993124431869,0.9542857142857143,
segment,gradient descent,103,133,0.018069199529791895,0.9229813664596274,0.021388480658359844,0.9114285714285715,
segment,gradient descent,103,134,0.007896002249323728,0.9670807453416149,0.01152130679579706,0.9428571428571428,
segment,gradient descent,103,135,0.009097039750697864,0.9577639751552796,0.012063855987495545,0.9485714285714286,
segment,gradient descent,103,136,0.006296117460564816,0.9739130434782609,0.010249309951861008,0.9571428571428572,
segment,gradient descent,103,137,0.007540690351547812,0.9726708074534162,0.011125500252858092,0.9514285714285714,
segment,gradient descent,103,138,0.008697275364937895,0.9627329192546584,0.012612773185757554,0.9485714285714286,
segment,gradient descent,103,139,0.006690703305622356,0.9695652173913043,0.010466849143277734,0.9485714285714286,
segment,gradient descent,103,140,0.0060044462968212725,0.9763975155279503,0.009979410586286652,0.9571428571428572,
segment,gradient descent,103,141,0.005876450732124292,0.9757763975155279,0.01026104737724331,0.9571428571428572,
segment,gradient descent,103,142,0.0072714497270537125,0.9770186335403727,0.011183845292154318,0.9571428571428572,
segment,gradient descent,103,143,0.005938351953828536,0.9751552795031055,0.010273272996459902,0.9571428571428572,
segment,gradient descent,103,144,0.005866848648782734,0.9757763975155279,0.009986391957681732,0.9571428571428572,
segment,gradient descent,103,145,0.0057468243366341695,0.9739130434782609,0.010064659055757314,0.9571428571428572,
segment,gradient descent,103,146,0.00757566443741721,0.9683229813664597,0.011351157851903482,0.9542857142857143,
segment,gradient descent,103,147,0.008831217130727292,0.962111801242236,0.011199111625112801,0.9428571428571428,
segment,gradient descent,103,148,0.007025870519267267,0.9701863354037267,0.010767228029964517,0.9485714285714286,
segment,gradient descent,103,149,0.0060368148975083755,0.9745341614906833,0.010358965954996977,0.9514285714285714,
segment,gradient descent,103,150,0.006421375977131157,0.9714285714285714,0.01061483203758029,0.9542857142857143,
segment,gradient descent,103,151,0.008285623651345437,0.9627329192546584,0.011677715152331701,0.9485714285714286,
segment,gradient descent,103,152,0.00961938701225538,0.9496894409937888,0.012813035353816804,0.9428571428571428,
segment,gradient descent,103,153,0.0055914227485735005,0.9751552795031055,0.0098702562708878,0.9571428571428572,
segment,gradient descent,103,154,0.005727736642058454,0.9739130434782609,0.009811729731420535,0.9542857142857143,
segment,gradient descent,103,155,0.013181103162922814,0.9416149068322981,0.01585943425592959,0.9314285714285714,
segment,gradient descent,103,156,0.0058700711031104275,0.9739130434782609,0.009898495896596806,0.9542857142857143,
segment,gradient descent,103,157,0.006035024795504794,0.9745341614906833,0.010187146303966069,0.9542857142857143,
segment,gradient descent,103,158,0.005512180909387776,0.9763975155279503,0.009701535793135024,0.9571428571428572,
segment,gradient descent,103,159,0.005894113637465632,0.9745341614906833,0.009907293640312675,0.9571428571428572,
segment,gradient descent,103,160,0.006269978479523548,0.9726708074534162,0.010435798048416245,0.9514285714285714,
segment,gradient descent,103,161,0.005715654540706359,0.9751552795031055,0.009554012096111357,0.9542857142857143,
segment,gradient descent,103,162,0.0056763768674892535,0.9751552795031055,0.009597065169348837,0.9571428571428572,
segment,gradient descent,103,163,0.006501637235719943,0.9726708074534162,0.010450905199715496,0.9542857142857143,
segment,gradient descent,103,164,0.0054325878085778444,0.977639751552795,0.00969396999443627,0.9542857142857143,
segment,gradient descent,103,165,0.005377648485564612,0.977639751552795,0.009562478043373512,0.96,
segment,gradient descent,103,166,0.00539368823361736,0.9763975155279503,0.009444748329324916,0.9571428571428572,
segment,gradient descent,103,167,0.00545474414724604,0.9757763975155279,0.009572562141213454,0.9571428571428572,
segment,gradient descent,103,168,0.005230268426636979,0.9807453416149068,0.009311120997529607,0.96,
segment,gradient descent,103,169,0.005969150858259316,0.9739130434782609,0.010301217509878089,0.9514285714285714,
segment,gradient descent,103,170,0.005230799482786483,0.9770186335403727,0.009518785757259977,0.96,
segment,gradient descent,103,171,0.005317663553130093,0.9757763975155279,0.009477863657157904,0.96,
segment,gradient descent,103,172,0.005868985545407576,0.9732919254658385,0.010215400380328272,0.9514285714285714,
segment,gradient descent,103,173,0.008061154950378584,0.9608695652173913,0.012089582054173096,0.9428571428571428,
segment,gradient descent,103,174,0.005131901663489223,0.977639751552795,0.009327661820010184,0.96,
segment,gradient descent,103,175,0.005280042834660189,0.9788819875776398,0.009656186002491157,0.9542857142857143,
segment,gradient descent,103,176,0.005951685321436445,0.9739130434782609,0.009851768348027003,0.9514285714285714,
segment,gradient descent,103,177,0.005215061183169104,0.9770186335403727,0.009446059438023036,0.9542857142857143,
segment,gradient descent,103,178,0.005126659732872723,0.977639751552795,0.009412294890688632,0.96,
segment,gradient descent,103,179,0.006536807329034497,0.9714285714285714,0.010838221082751552,0.9542857142857143,
segment,gradient descent,103,180,0.005239360030881668,0.9763975155279503,0.009534477098009149,0.9542857142857143,
segment,gradient descent,103,181,0.0050042424902450484,0.9782608695652174,0.009357456157314951,0.96,
segment,gradient descent,103,182,0.005097941224052951,0.9788819875776398,0.009318873338484905,0.9571428571428572,
segment,gradient descent,103,183,0.005767084252136875,0.9732919254658385,0.009900843047976947,0.9514285714285714,
segment,gradient descent,103,184,0.0050413477550176776,0.9770186335403727,0.009253962623277056,0.9542857142857143,
segment,gradient descent,103,185,0.007168224438097893,0.9677018633540373,0.011606249237700898,0.9514285714285714,
segment,gradient descent,103,186,0.004933130880897346,0.9782608695652174,0.009261745765558438,0.9571428571428572,
segment,gradient descent,103,187,0.0054445849991415045,0.9757763975155279,0.009663883848344792,0.9542857142857143,
segment,gradient descent,103,188,0.005728170985722126,0.9751552795031055,0.009962096646532338,0.9542857142857143,
segment,gradient descent,103,189,0.004925196130127146,0.9801242236024845,0.009245411758015718,0.96,
segment,gradient descent,103,190,0.005247344463875859,0.9770186335403727,0.009611169431907905,0.9571428571428572,
segment,gradient descent,103,191,0.004871321511859984,0.9782608695652174,0.009225086446889911,0.9571428571428572,
segment,gradient descent,103,192,0.0049291950329382606,0.9782608695652174,0.009241264013696422,0.96,
segment,gradient descent,103,193,0.004940971333248515,0.977639751552795,0.009290661790820264,0.9571428571428572,
segment,gradient descent,103,194,0.004904736798457921,0.977639751552795,0.009306708391884772,0.9571428571428572,
segment,gradient descent,103,195,0.0056121279694973155,0.9745341614906833,0.009928993701452601,0.9485714285714286,
segment,gradient descent,103,196,0.005176935779500082,0.9763975155279503,0.009416627434629517,0.9542857142857143,
segment,gradient descent,103,197,0.006490458823097751,0.9695652173913043,0.010641431714686745,0.9542857142857143,
segment,gradient descent,103,198,0.00604690454760838,0.9726708074534162,0.009632774007234536,0.9514285714285714,
segment,gradient descent,103,199,0.004914321498637643,0.9782608695652174,0.009441217851734149,0.9571428571428572,
segment,gradient descent,103,200,0.004843545748726482,0.977639751552795,0.00924528443398975,0.9571428571428572,
segment,gradient descent,103,201,0.004879094020550829,0.977639751552795,0.009437569759816147,0.96,
segment,gradient descent,103,202,0.005448037262675506,0.9745341614906833,0.00954848593470354,0.9542857142857143,
segment,gradient descent,103,203,0.009401317724529108,0.9602484472049689,0.012765244184428289,0.9342857142857143,
segment,gradient descent,103,204,0.008654674621141157,0.9633540372670808,0.011582777933442784,0.9457142857142857,
segment,gradient descent,103,205,0.005229359669460542,0.9770186335403727,0.009366832107171272,0.9542857142857143,
segment,gradient descent,103,206,0.004721154047778611,0.9782608695652174,0.009169695969466632,0.96,
segment,gradient descent,103,207,0.00522871784672911,0.9751552795031055,0.009545969438598357,0.9542857142857143,
segment,gradient descent,103,208,0.004844073875598273,0.977639751552795,0.009273764489633088,0.9542857142857143,
segment,gradient descent,103,209,0.012876008058809932,0.9434782608695652,0.015851817111053247,0.9285714285714286,
segment,gradient descent,103,210,0.004851770481436981,0.9788819875776398,0.00936623108437537,0.9542857142857143,
segment,gradient descent,103,211,0.0046071861931973115,0.9795031055900622,0.009024286098377484,0.96,
segment,gradient descent,103,212,0.0045928040714766005,0.9788819875776398,0.008973097407295546,0.96,
segment,gradient descent,103,213,0.004898029155341813,0.9770186335403727,0.009111312347669103,0.9542857142857143,
segment,gradient descent,103,214,0.00579588884000442,0.9795031055900622,0.009959415194896576,0.9571428571428572,
segment,gradient descent,103,215,0.004845980108427003,0.9788819875776398,0.009370933635218995,0.9542857142857143,
segment,gradient descent,103,216,0.00462200826229339,0.9801242236024845,0.009206729138859289,0.96,
segment,gradient descent,103,217,0.00464260959047112,0.9795031055900622,0.009322076614393607,0.96,
segment,gradient descent,103,218,0.0051063323512743454,0.9757763975155279,0.009286862323303537,0.9571428571428572,
segment,gradient descent,103,219,0.006444067823853069,0.968944099378882,0.01082043321512609,0.9514285714285714,
segment,gradient descent,103,220,0.004542202474500288,0.9801242236024845,0.008915437631987018,0.96,
segment,gradient descent,103,221,0.007656994916116439,0.9652173913043478,0.010880700528710532,0.9485714285714286,
segment,gradient descent,103,222,0.004602971958816561,0.9795031055900622,0.009193585925209248,0.96,
segment,gradient descent,103,223,0.00479209626418042,0.9788819875776398,0.009389947173206058,0.9542857142857143,
segment,gradient descent,103,224,0.004704820261444678,0.9788819875776398,0.009265358852263742,0.9571428571428572,
segment,gradient descent,103,225,0.004617060690015492,0.977639751552795,0.008935454519140205,0.96,
segment,gradient descent,103,226,0.004470218010093259,0.9813664596273292,0.008907641326187246,0.96,
segment,gradient descent,103,227,0.004986641576466562,0.9770186335403727,0.009366700953786052,0.9542857142857143,
segment,gradient descent,103,228,0.006626250714643053,0.968944099378882,0.011128648488354412,0.9514285714285714,
segment,gradient descent,103,229,0.00450561923720336,0.9819875776397515,0.009034722674891292,0.96,
segment,gradient descent,103,230,0.011475614959947972,0.9465838509316771,0.014561807889316188,0.9314285714285714,
segment,gradient descent,103,231,0.004881908384540373,0.9782608695652174,0.009422335130923365,0.96,
segment,gradient descent,103,232,0.004383462498462823,0.9801242236024845,0.008832405512840626,0.96,
segment,gradient descent,103,233,0.004448900913149966,0.9826086956521739,0.009016271913361911,0.96,
segment,gradient descent,103,234,0.004514237970340515,0.9788819875776398,0.008825852874390815,0.9571428571428572,
segment,gradient descent,103,235,0.005217159215507252,0.9763975155279503,0.009888076784958112,0.9571428571428572,
segment,gradient descent,103,236,0.005045157199326558,0.9763975155279503,0.009253308324211302,0.9571428571428572,
segment,gradient descent,103,237,0.011980316167489584,0.9465838509316771,0.014948300801475993,0.9314285714285714,
segment,gradient descent,103,238,0.004509752509214047,0.9801242236024845,0.009043672981402026,0.96,
segment,gradient descent,103,239,0.004320250997150033,0.9813664596273292,0.008706230462791351,0.96,
segment,gradient descent,103,240,0.009111046884835466,0.9596273291925466,0.011916166840814276,0.9371428571428572,
segment,gradient descent,103,241,0.004709319132016924,0.977639751552795,0.0088180898808277,0.9571428571428572,
segment,gradient descent,103,242,0.004828126254794947,0.9795031055900622,0.00902816327473549,0.9571428571428572,
segment,gradient descent,103,243,0.004619862180254712,0.9782608695652174,0.008819966830015505,0.96,
segment,gradient descent,103,244,0.004464972039576404,0.9813664596273292,0.008942264774877225,0.96,
segment,gradient descent,103,245,0.01091045963282448,0.953416149068323,0.012913650902247904,0.9342857142857143,
segment,gradient descent,103,246,0.004645530796150337,0.9795031055900622,0.008761623508592265,0.96,
segment,gradient descent,103,247,0.0043276235344872965,0.9801242236024845,0.008704699072668904,0.96,
segment,gradient descent,103,248,0.004674424779485395,0.9770186335403727,0.008828722466598823,0.9571428571428572,
segment,gradient descent,103,249,0.005677573968563367,0.9770186335403727,0.009825230089723963,0.9542857142857143,
segment,gradient descent,103,250,0.004355049948219049,0.9801242236024845,0.008975838228605017,0.9571428571428572,
segment,gradient descent,103,251,0.006042013913218656,0.9726708074534162,0.009969947887664171,0.9514285714285714,
segment,gradient descent,103,252,0.0042531835857475804,0.9813664596273292,0.008790334669305937,0.96,
segment,gradient descent,103,253,0.006691865109204424,0.9670807453416149,0.010275412847088588,0.9514285714285714,
segment,gradient descent,103,254,0.006958957143126226,0.9664596273291925,0.010588017472081735,0.9514285714285714,
segment,gradient descent,103,255,0.011900361829213089,0.9478260869565217,0.013935209438231498,0.9371428571428572,
segment,gradient descent,103,256,0.004529291597402741,0.9782608695652174,0.008788780611749801,0.96,
segment,gradient descent,103,257,0.007727735105069148,0.9677018633540373,0.01061434063121046,0.9542857142857143,
segment,gradient descent,103,258,0.004430505646472505,0.9819875776397515,0.008957825081077349,0.96,
segment,gradient descent,103,259,0.005771750947615072,0.9739130434782609,0.01029982596073954,0.9571428571428572,
segment,gradient descent,103,260,0.0042098035792452046,0.9832298136645963,0.008735494476522991,0.96,
segment,gradient descent,103,261,0.0045561413130319,0.9795031055900622,0.008993858528220783,0.9571428571428572,
segment,gradient descent,103,262,0.004924034178656399,0.9782608695652174,0.009064966172698887,0.9571428571428572,
segment,gradient descent,103,263,0.004164519429644201,0.9801242236024845,0.008532553356551216,0.96,
segment,gradient descent,103,264,0.0043843058863807195,0.9807453416149068,0.008902691260307198,0.96,
segment,gradient descent,103,265,0.007317463482761182,0.968944099378882,0.009977448571865985,0.9542857142857143,
segment,gradient descent,103,266,0.004319056783384609,0.9795031055900622,0.008949746570986643,0.9571428571428572,
segment,gradient descent,103,267,0.004166764202320184,0.9801242236024845,0.00861137510768488,0.96,
segment,gradient descent,103,268,0.004341403582757885,0.9813664596273292,0.009083567357671131,0.9571428571428572,
segment,gradient descent,103,269,0.004134192888956125,0.9826086956521739,0.008761266597709743,0.96,
segment,gradient descent,103,270,0.004156810038298002,0.9819875776397515,0.008581889250477084,0.96,
segment,gradient descent,103,271,0.004149652479124454,0.9813664596273292,0.008718559064794214,0.96,
segment,gradient descent,103,272,0.004805572435983819,0.9763975155279503,0.009483071172284347,0.9571428571428572,
segment,gradient descent,103,273,0.004166196318168223,0.9807453416149068,0.00873280149880442,0.96,
segment,gradient descent,103,274,0.00429910556005236,0.9813664596273292,0.00891445840676126,0.9571428571428572,
segment,gradient descent,103,275,0.00484569479829462,0.9782608695652174,0.009050364364059142,0.9571428571428572,
segment,gradient descent,103,276,0.00430639300312421,0.9788819875776398,0.008749257344704844,0.96,
segment,gradient descent,103,277,0.004043469966427903,0.9832298136645963,0.008577441505486533,0.96,
segment,gradient descent,103,278,0.004289988726841727,0.9807453416149068,0.008964827416494021,0.96,
segment,gradient descent,103,279,0.004489358978267398,0.9801242236024845,0.009459615731933048,0.96,
segment,gradient descent,103,280,0.004680423027187972,0.9757763975155279,0.00930014871473224,0.9571428571428572,
segment,gradient descent,103,281,0.004254155139429089,0.9795031055900622,0.008733671000081593,0.96,
segment,gradient descent,103,282,0.009609824659281053,0.9583850931677018,0.012459561833647433,0.9371428571428572,
segment,gradient descent,103,283,0.004084827589084343,0.9801242236024845,0.008764106455581901,0.96,
segment,gradient descent,103,284,0.004021523117506018,0.9826086956521739,0.008648558711790348,0.96,
segment,gradient descent,103,285,0.007916351925408972,0.9577639751552796,0.012489065049384117,0.9428571428571428,
segment,gradient descent,103,286,0.004655012476313683,0.9788819875776398,0.008912030199264285,0.9542857142857143,
segment,gradient descent,103,287,0.004723851572798618,0.9763975155279503,0.008891368016938723,0.96,
segment,gradient descent,103,288,0.004361177136509571,0.9788819875776398,0.008644646371770405,0.96,
segment,gradient descent,103,289,0.004425547831282776,0.977639751552795,0.009005716354775139,0.9571428571428572,
segment,gradient descent,103,290,0.004263673136565679,0.9788819875776398,0.008721244057951896,0.9571428571428572,
segment,gradient descent,103,291,0.003980871226145424,0.9838509316770186,0.008449574563097173,0.9628571428571429,
segment,gradient descent,103,292,0.003966673158594582,0.9832298136645963,0.008558145006099038,0.9628571428571429,
segment,gradient descent,103,293,0.003954994841455012,0.9813664596273292,0.008465827696886844,0.9628571428571429,
segment,gradient descent,103,294,0.0039956470887150585,0.9807453416149068,0.008564024567556644,0.96,
segment,gradient descent,103,295,0.003929613945986589,0.9832298136645963,0.00857137969279661,0.96,
segment,gradient descent,103,296,0.004045722170302416,0.9801242236024845,0.008584771489105573,0.96,
segment,gradient descent,103,297,0.00781576984284322,0.9639751552795031,0.010868549714574039,0.9457142857142857,
segment,gradient descent,103,298,0.007761613842522699,0.962111801242236,0.012120370539974834,0.9428571428571428,
segment,gradient descent,103,299,0.00412362015245655,0.9807453416149068,0.008680320851854193,0.9628571428571429,
segment,gradient descent,103,300,0.00673667441036965,0.9720496894409938,0.010868641877950953,0.9514285714285714,
segment,gradient descent,103,301,0.004340464616036226,0.9795031055900622,0.00864168886450855,0.96,
segment,gradient descent,103,302,0.004150242167848308,0.9819875776397515,0.008944493585868284,0.9571428571428572,
segment,gradient descent,103,303,0.0040159332564255355,0.9826086956521739,0.008489528939974575,0.9657142857142857,
segment,gradient descent,103,304,0.003895375376493585,0.9807453416149068,0.008452625983823887,0.96,
segment,gradient descent,103,305,0.004102625904163678,0.9813664596273292,0.0087783914106118,0.96,
segment,gradient descent,103,306,0.004313207363483172,0.9795031055900622,0.009014380799825035,0.96,
segment,gradient descent,103,307,0.004438155611793278,0.9782608695652174,0.00909050209412518,0.96,
segment,gradient descent,103,308,0.004932589138381197,0.9795031055900622,0.009232883755789954,0.96,
segment,gradient descent,103,309,0.003938256550769819,0.9819875776397515,0.008537281932030728,0.9657142857142857,
segment,gradient descent,103,310,0.004441720271219726,0.9795031055900622,0.008765900378881145,0.96,
segment,gradient descent,103,311,0.006527794813934413,0.9677018633540373,0.010139699162804728,0.9542857142857143,
segment,gradient descent,103,312,0.003950634545986055,0.9801242236024845,0.008535712100708246,0.9628571428571429,
segment,gradient descent,103,313,0.00390803815934506,0.9819875776397515,0.008540857509395568,0.96,
segment,gradient descent,103,314,0.009150352534024027,0.9590062111801242,0.012558848702745715,0.94,
segment,gradient descent,103,315,0.003884745788169703,0.9813664596273292,0.008666240797247616,0.9628571428571429,
segment,gradient descent,103,316,0.004037006389303836,0.9801242236024845,0.008497947966642891,0.96,
segment,gradient descent,103,317,0.004066507321764739,0.9819875776397515,0.00866596035658094,0.9571428571428572,
segment,gradient descent,103,318,0.003919217884340728,0.9819875776397515,0.008593352192617691,0.9628571428571429,
segment,gradient descent,103,319,0.00392261800366204,0.9807453416149068,0.00856441313185758,0.9628571428571429,
segment,gradient descent,103,320,0.0038264124342072565,0.9819875776397515,0.00848132991139321,0.9628571428571429,
segment,gradient descent,103,321,0.003829351968537145,0.9819875776397515,0.008436704948175942,0.9628571428571429,
segment,gradient descent,103,322,0.004393492338304865,0.9788819875776398,0.009326146335446215,0.9571428571428572,
segment,gradient descent,103,323,0.003975224783216469,0.9807453416149068,0.008575410832109115,0.96,
segment,gradient descent,103,324,0.0038126824978130906,0.9807453416149068,0.008565628162008516,0.9657142857142857,
segment,gradient descent,103,325,0.0038846850308868796,0.9801242236024845,0.008649557590756507,0.9628571428571429,
segment,gradient descent,103,326,0.0039783366493689135,0.9807453416149068,0.00863262245472472,0.9628571428571429,
segment,gradient descent,103,327,0.0039108754793388155,0.9838509316770186,0.008580399416387333,0.9628571428571429,
segment,gradient descent,103,328,0.0037960409722672655,0.9819875776397515,0.008538556720002144,0.9628571428571429,
segment,gradient descent,103,329,0.003961969849501452,0.9807453416149068,0.008513443779737458,0.96,
segment,gradient descent,103,330,0.003802691710169687,0.9801242236024845,0.008425989045051617,0.96,
segment,gradient descent,103,331,0.0038143070717713136,0.9832298136645963,0.008364664218507909,0.9628571428571429,
segment,gradient descent,103,332,0.003895785624699387,0.9807453416149068,0.008481150688077312,0.96,
segment,gradient descent,103,333,0.003870019882470098,0.9807453416149068,0.0084558741847295,0.9628571428571429,
segment,gradient descent,103,334,0.0037817514702572215,0.9813664596273292,0.008509765099843828,0.9657142857142857,
segment,gradient descent,103,335,0.004067199065316699,0.9801242236024845,0.008557110640928652,0.96,
segment,gradient descent,103,336,0.003925324123931987,0.9826086956521739,0.008610228666387979,0.96,
segment,gradient descent,103,337,0.003838048560357186,0.9813664596273292,0.008458701907797374,0.9628571428571429,
segment,gradient descent,103,338,0.007935304571140514,0.962111801242236,0.010857080213256367,0.9514285714285714,
segment,gradient descent,103,339,0.004016578249306943,0.9813664596273292,0.008539995795903036,0.96,
segment,gradient descent,103,340,0.0038978441842717326,0.9807453416149068,0.008478515672484787,0.96,
segment,gradient descent,103,341,0.0038067598621202973,0.9826086956521739,0.008422852779946241,0.9628571428571429,
segment,gradient descent,103,342,0.004019807384217544,0.9807453416149068,0.008741895460389419,0.96,
segment,gradient descent,103,343,0.004153422203278166,0.9801242236024845,0.008905971154282027,0.96,
segment,gradient descent,103,344,0.003945385069986646,0.9826086956521739,0.008458084088954522,0.96,
segment,gradient descent,103,345,0.004122960112861696,0.9807453416149068,0.008578889686847042,0.9571428571428572,
segment,gradient descent,103,346,0.0038164411122181643,0.9807453416149068,0.008687004753064033,0.9628571428571429,
segment,gradient descent,103,347,0.004070352846101007,0.9813664596273292,0.009017995723334183,0.96,
segment,gradient descent,103,348,0.0038070251263119886,0.9807453416149068,0.008864936356131312,0.9571428571428572,
segment,gradient descent,103,349,0.004702405469716205,0.9782608695652174,0.009418078441146827,0.9542857142857143,
segment,gradient descent,103,350,0.003732226101353064,0.9819875776397515,0.008609714496240328,0.96,
segment,gradient descent,104,1,0.10186038894434857,0.36149068322981365,0.1015714892786446,0.34285714285714286,
segment,gradient descent,104,2,0.09190785370404515,0.6242236024844721,0.09227965468646213,0.6314285714285715,
segment,gradient descent,104,3,0.06904612174147133,0.6906832298136646,0.06794346013418882,0.6885714285714286,
segment,gradient descent,104,4,0.04960031738392662,0.7217391304347827,0.0483231459951647,0.7514285714285714,
segment,gradient descent,104,5,0.030470384656055644,0.9031055900621118,0.030946381170369887,0.8714285714285714,
segment,gradient descent,104,6,0.02930277874634296,0.9111801242236025,0.02960504401775958,0.9228571428571428,
segment,gradient descent,104,7,0.02793904836597383,0.9217391304347826,0.029781734355620985,0.9085714285714286,
segment,gradient descent,104,8,0.029853466927149932,0.8596273291925466,0.03064041855663099,0.8485714285714285,
segment,gradient descent,104,9,0.023837585358808387,0.9024844720496894,0.02423485015702761,0.8971428571428571,
segment,gradient descent,104,10,0.019849644010438205,0.9248447204968944,0.020593698562804165,0.9171428571428571,
segment,gradient descent,104,11,0.01979489423513324,0.9298136645962732,0.02105385649854665,0.9257142857142857,
segment,gradient descent,104,12,0.022578776328792984,0.9186335403726708,0.02430837905237282,0.9142857142857143,
segment,gradient descent,104,13,0.020128630091069803,0.9260869565217391,0.021304617090867686,0.9228571428571428,
segment,gradient descent,104,14,0.019311344506480897,0.9173913043478261,0.020047073553311492,0.9114285714285715,
segment,gradient descent,104,15,0.017253703931274553,0.9354037267080745,0.018292827506404766,0.9228571428571428,
segment,gradient descent,104,16,0.01763743601537437,0.9335403726708075,0.019005839011125684,0.9228571428571428,
segment,gradient descent,104,17,0.01650011755291349,0.9360248447204969,0.017802382461979887,0.9257142857142857,
segment,gradient descent,104,18,0.017264238292188618,0.9360248447204969,0.0184561345104444,0.92,
segment,gradient descent,104,19,0.015970588774573222,0.9366459627329192,0.01762693633817432,0.9228571428571428,
segment,gradient descent,104,20,0.027250552948664897,0.8683229813664596,0.03000082783654893,0.8571428571428571,
segment,gradient descent,104,21,0.01698365898448008,0.9347826086956522,0.018522095602738476,0.9257142857142857,
segment,gradient descent,104,22,0.016785281507739426,0.924223602484472,0.017838501603245096,0.92,
segment,gradient descent,104,23,0.020474779352203713,0.9260869565217391,0.023191138626875753,0.9285714285714286,
segment,gradient descent,104,24,0.015700029028396185,0.9322981366459627,0.0171121563544773,0.9257142857142857,
segment,gradient descent,104,25,0.015716491274531227,0.9329192546583851,0.017084804587954194,0.9285714285714286,
segment,gradient descent,104,26,0.01695643137584134,0.9285714285714286,0.018120910156830834,0.9257142857142857,
segment,gradient descent,104,27,0.015036824458264599,0.9347826086956522,0.016780512505038682,0.9228571428571428,
segment,gradient descent,104,28,0.01563368429098175,0.9409937888198758,0.018061338987788444,0.9314285714285714,
segment,gradient descent,104,29,0.015121828681259981,0.9391304347826087,0.01755328944880834,0.9285714285714286,
segment,gradient descent,104,30,0.013849340182259069,0.9440993788819876,0.01603034486950741,0.9285714285714286,
segment,gradient descent,104,31,0.013937553290247295,0.9484472049689441,0.015873403568896556,0.9342857142857143,
segment,gradient descent,104,32,0.015184972224399868,0.937888198757764,0.016861958131893225,0.9285714285714286,
segment,gradient descent,104,33,0.017920522739574465,0.9229813664596274,0.01920282108604629,0.92,
segment,gradient descent,104,34,0.01721412428158958,0.9360248447204969,0.018892094111433,0.9257142857142857,
segment,gradient descent,104,35,0.0346418345547385,0.8590062111801242,0.03747169884493276,0.8485714285714285,
segment,gradient descent,104,36,0.014692247362333655,0.9354037267080745,0.016335239774223815,0.9285714285714286,
segment,gradient descent,104,37,0.013413163950204116,0.94472049689441,0.015912690683744648,0.9314285714285714,
segment,gradient descent,104,38,0.015412503886660456,0.9285714285714286,0.01816067121213038,0.92,
segment,gradient descent,104,39,0.012923232765568695,0.937888198757764,0.015065560079837911,0.9285714285714286,
segment,gradient descent,104,40,0.012339647106972098,0.9403726708074535,0.014741175025510837,0.9314285714285714,
segment,gradient descent,104,41,0.013100372334038147,0.9385093167701863,0.015045338234918488,0.9257142857142857,
segment,gradient descent,104,42,0.01530395380887095,0.9335403726708075,0.018322115252605638,0.9257142857142857,
segment,gradient descent,104,43,0.011892951220972753,0.9428571428571428,0.01428586759696321,0.9314285714285714,
segment,gradient descent,104,44,0.015133518837648642,0.9304347826086956,0.018047172152466154,0.9257142857142857,
segment,gradient descent,104,45,0.011740875963779165,0.9453416149068323,0.014247660853314977,0.9314285714285714,
segment,gradient descent,104,46,0.011140645013767356,0.9484472049689441,0.013761917376968484,0.94,
segment,gradient descent,104,47,0.01148157784719009,0.9465838509316771,0.014132269177536074,0.9314285714285714,
segment,gradient descent,104,48,0.011269000829074767,0.9515527950310559,0.013944983672678435,0.9342857142857143,
segment,gradient descent,104,49,0.01645392920534838,0.9236024844720497,0.01776517806783907,0.9257142857142857,
segment,gradient descent,104,50,0.01196846072401919,0.9428571428571428,0.014805047074547679,0.9314285714285714,
segment,gradient descent,104,51,0.011097612377499571,0.9478260869565217,0.013686803878039751,0.9314285714285714,
segment,gradient descent,104,52,0.01086919437830421,0.9509316770186336,0.013759078410434817,0.9428571428571428,
segment,gradient descent,104,53,0.01053909961178717,0.9546583850931677,0.013119328078455646,0.94,
segment,gradient descent,104,54,0.01627672252063601,0.9204968944099379,0.018987578429097905,0.9171428571428571,
segment,gradient descent,104,55,0.010344798114363535,0.9546583850931677,0.013127971438316996,0.94,
segment,gradient descent,104,56,0.010240334324318565,0.9552795031055901,0.012789368929812573,0.9371428571428572,
segment,gradient descent,104,57,0.017640622431576866,0.9217391304347826,0.018459773248812403,0.9257142857142857,
segment,gradient descent,104,58,0.01425687083796184,0.9335403726708075,0.01562644234605221,0.9257142857142857,
segment,gradient descent,104,59,0.011322046486417249,0.9465838509316771,0.013522014222171475,0.9371428571428572,
segment,gradient descent,104,60,0.01102185353266804,0.9509316770186336,0.013523265561349541,0.9342857142857143,
segment,gradient descent,104,61,0.010208757382981578,0.9540372670807453,0.0130493678212131,0.9371428571428572,
segment,gradient descent,104,62,0.010060891357803246,0.9571428571428572,0.012923375815611003,0.9342857142857143,
segment,gradient descent,104,63,0.011202867766665509,0.9515527950310559,0.013564349460554436,0.9371428571428572,
segment,gradient descent,104,64,0.00966570672288255,0.9546583850931677,0.01263913997120444,0.9342857142857143,
segment,gradient descent,104,65,0.009558559880363157,0.9583850931677018,0.01248902114765029,0.9342857142857143,
segment,gradient descent,104,66,0.009939221142457697,0.9559006211180124,0.01280689769870548,0.94,
segment,gradient descent,104,67,0.009459071911516004,0.9590062111801242,0.012449316851763656,0.9371428571428572,
segment,gradient descent,104,68,0.010199678015301134,0.9559006211180124,0.012665061443273304,0.9314285714285714,
segment,gradient descent,104,69,0.009387947864519776,0.9596273291925466,0.012352003267543085,0.9371428571428572,
segment,gradient descent,104,70,0.010083144967164503,0.9552795031055901,0.013019371284621025,0.9285714285714286,
segment,gradient descent,104,71,0.0106211318623582,0.9590062111801242,0.013393995908335652,0.9285714285714286,
segment,gradient descent,104,72,0.010303017229768214,0.9571428571428572,0.01351894781760712,0.9457142857142857,
segment,gradient descent,104,73,0.00926512569529413,0.9608695652173913,0.012012617511247239,0.9371428571428572,
segment,gradient descent,104,74,0.009823784827029664,0.9583850931677018,0.01237320370096301,0.9342857142857143,
segment,gradient descent,104,75,0.008849955668743676,0.9602484472049689,0.011793144438004683,0.9342857142857143,
segment,gradient descent,104,76,0.008849938070074208,0.9608695652173913,0.011775112769376928,0.94,
segment,gradient descent,104,77,0.009025109304083808,0.9608695652173913,0.01210604373886107,0.9428571428571428,
segment,gradient descent,104,78,0.014579814496452013,0.9341614906832298,0.015576960186843689,0.9428571428571428,
segment,gradient descent,104,79,0.009231397439441893,0.9627329192546584,0.011762035122976761,0.9428571428571428,
segment,gradient descent,104,80,0.008921869050486423,0.9633540372670808,0.012149837267211033,0.9371428571428572,
segment,gradient descent,104,81,0.008872202429212122,0.9633540372670808,0.011574424976498975,0.94,
segment,gradient descent,104,82,0.008674738001190615,0.9608695652173913,0.01179059967844781,0.94,
segment,gradient descent,104,83,0.01025086614283797,0.9546583850931677,0.01204670234699533,0.9457142857142857,
segment,gradient descent,104,84,0.008396015298900278,0.9627329192546584,0.011189538609500265,0.9371428571428572,
segment,gradient descent,104,85,0.008448763781047999,0.962111801242236,0.011413845808550073,0.94,
segment,gradient descent,104,86,0.0113238805719039,0.9503105590062112,0.01260422758436447,0.9457142857142857,
segment,gradient descent,104,87,0.008576676663600314,0.9614906832298137,0.011126776903526873,0.94,
segment,gradient descent,104,88,0.008188875297041702,0.9652173913043478,0.011153441257386374,0.9428571428571428,
segment,gradient descent,104,89,0.010815773213474487,0.9527950310559006,0.013987378260391302,0.9428571428571428,
segment,gradient descent,104,90,0.03264225075713079,0.8720496894409938,0.03354335124400443,0.8657142857142858,
segment,gradient descent,104,91,0.01765286879494083,0.9236024844720497,0.018180394993052598,0.9314285714285714,
segment,gradient descent,104,92,0.00831843581943453,0.9652173913043478,0.01065366182615354,0.9457142857142857,
segment,gradient descent,104,93,0.007987999469844593,0.9664596273291925,0.011172944029476646,0.9457142857142857,
segment,gradient descent,104,94,0.008868721051928718,0.9596273291925466,0.011067091795095097,0.9428571428571428,
segment,gradient descent,104,95,0.010159813270682386,0.9546583850931677,0.011977797028016003,0.9485714285714286,
segment,gradient descent,104,96,0.008424871780070767,0.9627329192546584,0.010900356036781666,0.94,
segment,gradient descent,104,97,0.008328094353424008,0.9633540372670808,0.010716906463288498,0.9457142857142857,
segment,gradient descent,104,98,0.008454782770921153,0.9633540372670808,0.011551327955300754,0.9428571428571428,
segment,gradient descent,104,99,0.008666322613674051,0.9608695652173913,0.011745519424625017,0.9371428571428572,
segment,gradient descent,104,100,0.007755349774700749,0.9645962732919254,0.010984517013592526,0.94,
segment,gradient descent,104,101,0.01830999342532352,0.9198757763975155,0.02023619970037152,0.9171428571428571,
segment,gradient descent,104,102,0.01182141240079113,0.9403726708074535,0.014470283450079207,0.9228571428571428,
segment,gradient descent,104,103,0.0076586446685954265,0.9645962732919254,0.010411734347897992,0.94,
segment,gradient descent,104,104,0.007880261144623117,0.9645962732919254,0.011109432894774628,0.9428571428571428,
segment,gradient descent,104,105,0.01073533959476583,0.9540372670807453,0.013558641961053847,0.94,
segment,gradient descent,104,106,0.007828855657683228,0.9652173913043478,0.010438261837432664,0.9457142857142857,
segment,gradient descent,104,107,0.008908995384453878,0.9596273291925466,0.011928521834903194,0.9342857142857143,
segment,gradient descent,104,108,0.00856522185846861,0.9614906832298137,0.011880789004105956,0.9485714285714286,
segment,gradient descent,104,109,0.00753772770311169,0.9652173913043478,0.010433107410916393,0.9428571428571428,
segment,gradient descent,104,110,0.007836080160018834,0.968944099378882,0.010411520441370515,0.94,
segment,gradient descent,104,111,0.007669744471735228,0.9645962732919254,0.010303350496022752,0.9485714285714286,
segment,gradient descent,104,112,0.007420088306713824,0.9695652173913043,0.010217798688596519,0.9428571428571428,
segment,gradient descent,104,113,0.007800410693468588,0.9658385093167702,0.010079575859623777,0.9485714285714286,
segment,gradient descent,104,114,0.0073064497918765604,0.9683229813664597,0.010403626939325424,0.94,
segment,gradient descent,104,115,0.007357591334779101,0.9658385093167702,0.009917304611907726,0.9457142857142857,
segment,gradient descent,104,116,0.00745987427322752,0.9677018633540373,0.010504585811830768,0.9457142857142857,
segment,gradient descent,104,117,0.007234160605754185,0.968944099378882,0.010369774889612151,0.9428571428571428,
segment,gradient descent,104,118,0.007418471566761151,0.9664596273291925,0.010602837084040867,0.9457142857142857,
segment,gradient descent,104,119,0.007357260483928109,0.9652173913043478,0.009746842415673557,0.9457142857142857,
segment,gradient descent,104,120,0.0069653329336037025,0.9701863354037267,0.009975076909364073,0.9428571428571428,
segment,gradient descent,104,121,0.008960174888795934,0.9577639751552796,0.012038783544099806,0.94,
segment,gradient descent,104,122,0.007425416676436576,0.9677018633540373,0.009961195698073686,0.9514285714285714,
segment,gradient descent,104,123,0.007593806566000544,0.9677018633540373,0.010496092106006999,0.9428571428571428,
segment,gradient descent,104,124,0.006870179363800822,0.9683229813664597,0.009868998799364564,0.9457142857142857,
segment,gradient descent,104,125,0.008249417760943033,0.9627329192546584,0.00988787279056988,0.9542857142857143,
segment,gradient descent,104,126,0.008180898328957508,0.9639751552795031,0.01031273201274138,0.9514285714285714,
segment,gradient descent,104,127,0.006700836521220024,0.9714285714285714,0.009509406955274743,0.9485714285714286,
segment,gradient descent,104,128,0.009636807898210654,0.9571428571428572,0.012437582322962602,0.9342857142857143,
segment,gradient descent,104,129,0.007275653751752241,0.9695652173913043,0.0103086507030682,0.9457142857142857,
segment,gradient descent,104,130,0.0065299411750606995,0.9732919254658385,0.00953665406998636,0.9485714285714286,
segment,gradient descent,104,131,0.006791995486944823,0.9695652173913043,0.009498044099330154,0.9542857142857143,
segment,gradient descent,104,132,0.006709267494759,0.9701863354037267,0.009340418048321206,0.9542857142857143,
segment,gradient descent,104,133,0.011033577398142164,0.9472049689440993,0.013788931139773359,0.9342857142857143,
segment,gradient descent,104,134,0.008250097895862677,0.9590062111801242,0.010235323658210529,0.9485714285714286,
segment,gradient descent,104,135,0.006603870491111521,0.9726708074534162,0.009954483293827749,0.9542857142857143,
segment,gradient descent,104,136,0.011949941287443998,0.94472049689441,0.013752463901516894,0.9457142857142857,
segment,gradient descent,104,137,0.006636500881871942,0.9695652173913043,0.009289698126967493,0.9542857142857143,
segment,gradient descent,104,138,0.0076235821904324505,0.970807453416149,0.009868825804832419,0.9514285714285714,
segment,gradient descent,104,139,0.006879060263966318,0.9726708074534162,0.009601226589845326,0.9514285714285714,
segment,gradient descent,104,140,0.007154605290977685,0.9670807453416149,0.010096482438146467,0.9485714285714286,
segment,gradient descent,104,141,0.006753645225046431,0.9714285714285714,0.009725402837568366,0.9542857142857143,
segment,gradient descent,104,142,0.006467418634041058,0.9714285714285714,0.009578069101072392,0.9485714285714286,
segment,gradient descent,104,143,0.006140505468251308,0.9745341614906833,0.009434217245460457,0.9542857142857143,
segment,gradient descent,104,144,0.006896902951263784,0.9695652173913043,0.010080637204577867,0.9514285714285714,
segment,gradient descent,104,145,0.019674226409110842,0.9130434782608695,0.02097859585365483,0.9228571428571428,
segment,gradient descent,104,146,0.00607731165235903,0.9720496894409938,0.009590434025639357,0.9485714285714286,
segment,gradient descent,104,147,0.0206232211364308,0.9111801242236025,0.02181020857917766,0.9085714285714286,
segment,gradient descent,104,148,0.00898040994207861,0.9577639751552796,0.011635900421693704,0.94,
segment,gradient descent,104,149,0.006091258252929316,0.9732919254658385,0.009244572322027769,0.9485714285714286,
segment,gradient descent,104,150,0.008248270261437473,0.9583850931677018,0.011139312390233391,0.9457142857142857,
segment,gradient descent,104,151,0.006907426316009362,0.9683229813664597,0.009920995535210374,0.9514285714285714,
segment,gradient descent,104,152,0.006067633226433566,0.9739130434782609,0.009131620540883241,0.9485714285714286,
segment,gradient descent,104,153,0.005860462667288133,0.9745341614906833,0.009135551787537636,0.9514285714285714,
segment,gradient descent,104,154,0.006356462777763447,0.9695652173913043,0.009124248794726246,0.9514285714285714,
segment,gradient descent,104,155,0.011139079229176936,0.9509316770186336,0.01194549430657707,0.94,
segment,gradient descent,104,156,0.006187635549780364,0.9726708074534162,0.009719537553039795,0.9485714285714286,
segment,gradient descent,104,157,0.0058969446605269,0.9745341614906833,0.009305888816572365,0.9514285714285714,
segment,gradient descent,104,158,0.006173498835848839,0.9726708074534162,0.009247938130384362,0.9514285714285714,
segment,gradient descent,104,159,0.00573120677186608,0.9751552795031055,0.009245861643899962,0.9485714285714286,
segment,gradient descent,104,160,0.006069460441447499,0.9726708074534162,0.009366258143244578,0.9514285714285714,
segment,gradient descent,104,161,0.005828973581042288,0.9739130434782609,0.009226772111052505,0.9542857142857143,
segment,gradient descent,104,162,0.00794426469224611,0.9627329192546584,0.01006976830335583,0.9457142857142857,
segment,gradient descent,104,163,0.005718234785227586,0.9745341614906833,0.009364259832697078,0.9514285714285714,
segment,gradient descent,104,164,0.0062498974367701035,0.9732919254658385,0.009082031505236498,0.9514285714285714,
segment,gradient descent,104,165,0.008420524731618194,0.9695652173913043,0.011631445536943787,0.9514285714285714,
segment,gradient descent,104,166,0.00995724122786993,0.9540372670807453,0.011359367844000125,0.9485714285714286,
segment,gradient descent,104,167,0.005580366419293363,0.9763975155279503,0.008957149140594436,0.9542857142857143,
segment,gradient descent,104,168,0.0068148069643271456,0.9726708074534162,0.00962663276319796,0.96,
segment,gradient descent,104,169,0.005651086645670017,0.9751552795031055,0.008927459278888486,0.9514285714285714,
segment,gradient descent,104,170,0.005703849961974804,0.9732919254658385,0.008951161900284187,0.9542857142857143,
segment,gradient descent,104,171,0.0055728861684441735,0.9745341614906833,0.009172934587168419,0.9514285714285714,
segment,gradient descent,104,172,0.005694463855059109,0.9751552795031055,0.009209279611709899,0.9514285714285714,
segment,gradient descent,104,173,0.005517040277292566,0.9745341614906833,0.008909949615902276,0.9514285714285714,
segment,gradient descent,104,174,0.009368266160282489,0.9559006211180124,0.011128985472739742,0.9457142857142857,
segment,gradient descent,104,175,0.005790674548652675,0.9751552795031055,0.009089152542492424,0.9514285714285714,
segment,gradient descent,104,176,0.006081863777791744,0.9720496894409938,0.009870325577763085,0.9485714285714286,
segment,gradient descent,104,177,0.005739353338042179,0.9739130434782609,0.009180542483447908,0.9542857142857143,
segment,gradient descent,104,178,0.01061752971327184,0.9509316770186336,0.011970206965956178,0.94,
segment,gradient descent,104,179,0.005674459090172024,0.9745341614906833,0.009146401246117451,0.9542857142857143,
segment,gradient descent,104,180,0.015378869012404869,0.9329192546583851,0.017486892182953805,0.92,
segment,gradient descent,104,181,0.010311144206136272,0.9521739130434783,0.011201950134345303,0.9457142857142857,
segment,gradient descent,104,182,0.01720058145273113,0.9236024844720497,0.019005148935211432,0.92,
segment,gradient descent,104,183,0.005421088068168717,0.9751552795031055,0.008946994486448,0.9514285714285714,
segment,gradient descent,104,184,0.005358228436438962,0.9770186335403727,0.008635612648115297,0.9542857142857143,
segment,gradient descent,104,185,0.005303024259313508,0.9757763975155279,0.009019455259175321,0.9514285714285714,
segment,gradient descent,104,186,0.006458047910520251,0.9751552795031055,0.009181111766322024,0.9514285714285714,
segment,gradient descent,104,187,0.017189978032264606,0.9254658385093167,0.019019465216751172,0.9171428571428571,
segment,gradient descent,104,188,0.005803368265010191,0.9720496894409938,0.009587988297364385,0.9514285714285714,
segment,gradient descent,104,189,0.005444407995069297,0.9763975155279503,0.008920544712387124,0.9542857142857143,
segment,gradient descent,104,190,0.00524467418212267,0.9757763975155279,0.008856609675883536,0.9514285714285714,
segment,gradient descent,104,191,0.0053405854190770674,0.9770186335403727,0.008847153264696627,0.9514285714285714,
segment,gradient descent,104,192,0.006901722398439768,0.970807453416149,0.010612075608844453,0.9485714285714286,
segment,gradient descent,104,193,0.006268779356122647,0.9701863354037267,0.009976422129589019,0.9485714285714286,
segment,gradient descent,104,194,0.0072764019324805295,0.9652173913043478,0.011042907046129227,0.94,
segment,gradient descent,104,195,0.011978722796034612,0.9416149068322981,0.014991558460355077,0.9257142857142857,
segment,gradient descent,104,196,0.0052109594299814795,0.9770186335403727,0.008944818807013337,0.9485714285714286,
segment,gradient descent,104,197,0.005259012403375542,0.9763975155279503,0.008833740060012802,0.9514285714285714,
segment,gradient descent,104,198,0.0072793225832463865,0.9645962732919254,0.01077996018990639,0.9457142857142857,
segment,gradient descent,104,199,0.005149695038217992,0.977639751552795,0.008798566569307461,0.9542857142857143,
segment,gradient descent,104,200,0.0053231459545136665,0.9757763975155279,0.009144647476238506,0.96,
segment,gradient descent,104,201,0.005078386815945235,0.977639751552795,0.008577256421258112,0.9542857142857143,
segment,gradient descent,104,202,0.005900884510956335,0.9739130434782609,0.009233565893360943,0.9514285714285714,
segment,gradient descent,104,203,0.005127754622700465,0.9763975155279503,0.008821864314322315,0.9542857142857143,
segment,gradient descent,104,204,0.005096555975739907,0.9757763975155279,0.008913277541414005,0.9514285714285714,
segment,gradient descent,104,205,0.005759307998521025,0.9720496894409938,0.009683941108273652,0.9571428571428572,
segment,gradient descent,104,206,0.005863950317154496,0.9732919254658385,0.008979290934963321,0.9485714285714286,
segment,gradient descent,104,207,0.005676254052478682,0.9714285714285714,0.009587453053472176,0.9542857142857143,
segment,gradient descent,104,208,0.007102516043741318,0.9658385093167702,0.0108015149845458,0.9428571428571428,
segment,gradient descent,104,209,0.005014070131087345,0.9795031055900622,0.008598515901281639,0.9542857142857143,
segment,gradient descent,104,210,0.01329975304955441,0.937888198757764,0.01587558992416897,0.9228571428571428,
segment,gradient descent,104,211,0.005130077228074584,0.9763975155279503,0.008457282575232403,0.9514285714285714,
segment,gradient descent,104,212,0.00502547243042264,0.9770186335403727,0.008478668512929622,0.9542857142857143,
segment,gradient descent,104,213,0.005359064620591521,0.9763975155279503,0.008843351948239729,0.9514285714285714,
segment,gradient descent,104,214,0.0049245190799955,0.9782608695652174,0.00861509997612129,0.9542857142857143,
segment,gradient descent,104,215,0.005079891603508378,0.977639751552795,0.008840948442980985,0.9542857142857143,
segment,gradient descent,104,216,0.009126135998891985,0.9546583850931677,0.012553381533482726,0.9371428571428572,
segment,gradient descent,104,217,0.00518566100118174,0.9770186335403727,0.008916921686856089,0.9542857142857143,
segment,gradient descent,104,218,0.004909948910662828,0.977639751552795,0.008686320599826302,0.9571428571428572,
segment,gradient descent,104,219,0.006268319210476931,0.9732919254658385,0.009446387615559524,0.9457142857142857,
segment,gradient descent,104,220,0.004856763546472174,0.9801242236024845,0.00866188859114293,0.9514285714285714,
segment,gradient descent,104,221,0.005251390972080995,0.9757763975155279,0.008815373128955868,0.9542857142857143,
segment,gradient descent,104,222,0.004952097747319808,0.9757763975155279,0.00868140799223986,0.9542857142857143,
segment,gradient descent,104,223,0.0050344779736879045,0.9757763975155279,0.008630011497322489,0.9542857142857143,
segment,gradient descent,104,224,0.005197675320991705,0.9751552795031055,0.00914433603347894,0.9542857142857143,
segment,gradient descent,104,225,0.0049057459481577,0.9770186335403727,0.008725963387825442,0.96,
segment,gradient descent,104,226,0.005018293443043372,0.9763975155279503,0.008992924123386151,0.9514285714285714,
segment,gradient descent,104,227,0.006984781143909397,0.9639751552795031,0.009856221184152669,0.9428571428571428,
segment,gradient descent,104,228,0.004907931278074692,0.9782608695652174,0.008989474866975752,0.9542857142857143,
segment,gradient descent,104,229,0.0054247568417842285,0.9757763975155279,0.009371824994972815,0.9542857142857143,
segment,gradient descent,104,230,0.004935222624139745,0.9770186335403727,0.008801981916788677,0.9514285714285714,
segment,gradient descent,104,231,0.004753559875871645,0.977639751552795,0.008593839425547417,0.9542857142857143,
segment,gradient descent,104,232,0.007259113885178369,0.9701863354037267,0.009729503703764698,0.9514285714285714,
segment,gradient descent,104,233,0.004849657933630175,0.9757763975155279,0.008757950186074896,0.9542857142857143,
segment,gradient descent,104,234,0.00476609403335988,0.977639751552795,0.008512159238286507,0.9514285714285714,
segment,gradient descent,104,235,0.004873026416851332,0.977639751552795,0.00887114466875574,0.9571428571428572,
segment,gradient descent,104,236,0.007644313862599258,0.9614906832298137,0.00976785368317096,0.9428571428571428,
segment,gradient descent,104,237,0.004816134787111659,0.977639751552795,0.008727304617156251,0.9542857142857143,
segment,gradient descent,104,238,0.005227665792937553,0.9739130434782609,0.009274019251326683,0.9571428571428572,
segment,gradient descent,104,239,0.005372507934485567,0.9726708074534162,0.009357416773747422,0.9542857142857143,
segment,gradient descent,104,240,0.009799196172163412,0.9546583850931677,0.01212988135946482,0.9342857142857143,
segment,gradient descent,104,241,0.0056538767655459135,0.9745341614906833,0.00986116573981169,0.9485714285714286,
segment,gradient descent,104,242,0.00578786372841752,0.9726708074534162,0.008961102434086871,0.9457142857142857,
segment,gradient descent,104,243,0.005356314992776197,0.9763975155279503,0.00946150170618311,0.9514285714285714,
segment,gradient descent,104,244,0.004860840118838785,0.9770186335403727,0.008738516794992419,0.9514285714285714,
segment,gradient descent,104,245,0.0048276450967978625,0.9782608695652174,0.008923216914705498,0.9571428571428572,
segment,gradient descent,104,246,0.004809776818192983,0.9763975155279503,0.008783709517003191,0.9514285714285714,
segment,gradient descent,104,247,0.005252131345587379,0.9757763975155279,0.00853833278314744,0.9514285714285714,
segment,gradient descent,104,248,0.00519411840131378,0.9751552795031055,0.008578382997684831,0.9514285714285714,
segment,gradient descent,104,249,0.004938087386973709,0.9770186335403727,0.008507628392547251,0.9514285714285714,
segment,gradient descent,104,250,0.004665393716783024,0.9763975155279503,0.008669683950120773,0.96,
segment,gradient descent,104,251,0.011672963785729816,0.9527950310559006,0.012541535134083443,0.9428571428571428,
segment,gradient descent,104,252,0.005355249686078448,0.9745341614906833,0.008753859169313974,0.9514285714285714,
segment,gradient descent,104,253,0.004778930449796471,0.9763975155279503,0.008493097590895966,0.9542857142857143,
segment,gradient descent,104,254,0.005196880300353639,0.9751552795031055,0.008765480512432342,0.9457142857142857,
segment,gradient descent,104,255,0.005558265016391218,0.9726708074534162,0.008785110519754067,0.9514285714285714,
segment,gradient descent,104,256,0.004706613004389831,0.9770186335403727,0.008670077901396905,0.9514285714285714,
segment,gradient descent,104,257,0.004494327889982219,0.9801242236024845,0.008406887811973776,0.96,
segment,gradient descent,104,258,0.004722133535052175,0.977639751552795,0.008631605169178127,0.9542857142857143,
segment,gradient descent,104,259,0.0045308368449421725,0.9770186335403727,0.008353294087725128,0.9571428571428572,
segment,gradient descent,104,260,0.004705187737674221,0.977639751552795,0.008753898886160459,0.9542857142857143,
segment,gradient descent,104,261,0.0060883480154130445,0.9763975155279503,0.009406259647146078,0.9485714285714286,
segment,gradient descent,104,262,0.004520778364467921,0.977639751552795,0.008397816971771195,0.9571428571428572,
segment,gradient descent,104,263,0.004797818220232613,0.9745341614906833,0.008977787104030022,0.9542857142857143,
segment,gradient descent,104,264,0.0047091130216451475,0.9763975155279503,0.008824057060045873,0.9571428571428572,
segment,gradient descent,104,265,0.0045620010889470064,0.9782608695652174,0.008367714430551417,0.9542857142857143,
segment,gradient descent,104,266,0.004450577528787797,0.9795031055900622,0.008228992189319877,0.96,
segment,gradient descent,104,267,0.004623444018948417,0.9795031055900622,0.008560964744225902,0.9542857142857143,
segment,gradient descent,104,268,0.00448473691606435,0.9770186335403727,0.008228575097747298,0.96,
segment,gradient descent,104,269,0.004509788238788147,0.9763975155279503,0.00818334397736495,0.9542857142857143,
segment,gradient descent,104,270,0.004676128658710409,0.9770186335403727,0.008237229972189262,0.9571428571428572,
segment,gradient descent,104,271,0.004437104021561224,0.977639751552795,0.008181541797849,0.9571428571428572,
segment,gradient descent,104,272,0.004847454338865464,0.9757763975155279,0.008828283973126499,0.9571428571428572,
segment,gradient descent,104,273,0.0044623224172368305,0.9782608695652174,0.008335537169075697,0.9571428571428572,
segment,gradient descent,104,274,0.004626375583127219,0.9770186335403727,0.00858963388163951,0.9542857142857143,
segment,gradient descent,104,275,0.005048087594139054,0.977639751552795,0.008312726109637887,0.9542857142857143,
segment,gradient descent,104,276,0.00438665165111972,0.9782608695652174,0.00829116450079917,0.96,
segment,gradient descent,104,277,0.0044274982154236114,0.9795031055900622,0.008403988849865074,0.9542857142857143,
segment,gradient descent,104,278,0.004498114104897293,0.9795031055900622,0.008530117840345729,0.9542857142857143,
segment,gradient descent,104,279,0.004362613471495497,0.9801242236024845,0.008367217791876961,0.9571428571428572,
segment,gradient descent,104,280,0.012006039657366522,0.9459627329192547,0.014386339358111086,0.9285714285714286,
segment,gradient descent,104,281,0.004387606846810005,0.977639751552795,0.008290751059837476,0.96,
segment,gradient descent,104,282,0.004513781009871728,0.9782608695652174,0.008558941616712714,0.9542857142857143,
segment,gradient descent,104,283,0.004493826724134878,0.9788819875776398,0.008482253216905024,0.9542857142857143,
segment,gradient descent,104,284,0.0044231176282342405,0.9788819875776398,0.00848403151900418,0.9542857142857143,
segment,gradient descent,104,285,0.0043142745089381485,0.9795031055900622,0.008139302020168283,0.96,
segment,gradient descent,104,286,0.004382386326253067,0.977639751552795,0.008200251228552398,0.96,
segment,gradient descent,104,287,0.004358420760022632,0.9807453416149068,0.008340896816755518,0.9571428571428572,
segment,gradient descent,104,288,0.004785218214076941,0.9770186335403727,0.00890343118051407,0.9514285714285714,
segment,gradient descent,104,289,0.00486274776063863,0.9745341614906833,0.00881790230662777,0.9542857142857143,
segment,gradient descent,104,290,0.005275451914599925,0.9763975155279503,0.008335637236923796,0.9571428571428572,
segment,gradient descent,104,291,0.004399933399895506,0.977639751552795,0.008246820296920278,0.9628571428571429,
segment,gradient descent,104,292,0.00475601760081385,0.9745341614906833,0.008833234796653775,0.9571428571428572,
segment,gradient descent,104,293,0.00450295117517297,0.9788819875776398,0.008395131398807279,0.9542857142857143,
segment,gradient descent,104,294,0.004370248078024631,0.977639751552795,0.008129393633252893,0.9571428571428572,
segment,gradient descent,104,295,0.004731811826873796,0.9751552795031055,0.00854348040543826,0.9542857142857143,
segment,gradient descent,104,296,0.004298320804768384,0.9801242236024845,0.0080473937890251,0.9571428571428572,
segment,gradient descent,104,297,0.0095680112840221,0.9559006211180124,0.011696472730473839,0.9485714285714286,
segment,gradient descent,104,298,0.004354410480926614,0.9770186335403727,0.008053310847610308,0.96,
segment,gradient descent,104,299,0.0044250235683434575,0.9788819875776398,0.008427158598760169,0.9542857142857143,
segment,gradient descent,104,300,0.004221187291231267,0.9813664596273292,0.008145205631148043,0.9571428571428572,
segment,gradient descent,104,301,0.004301580035588505,0.9782608695652174,0.00806956938166556,0.96,
segment,gradient descent,104,302,0.004597497224178666,0.9807453416149068,0.00807978130131139,0.9542857142857143,
segment,gradient descent,104,303,0.004198361864597424,0.9807453416149068,0.008139680825432647,0.9542857142857143,
segment,gradient descent,104,304,0.005352724827200295,0.9757763975155279,0.008634770575469347,0.9542857142857143,
segment,gradient descent,104,305,0.00443365563047864,0.9788819875776398,0.008106113566554529,0.9571428571428572,
segment,gradient descent,104,306,0.004263303924005028,0.9807453416149068,0.008224440618760624,0.9571428571428572,
segment,gradient descent,104,307,0.004174438267552324,0.9813664596273292,0.008111707493219529,0.96,
segment,gradient descent,104,308,0.004179465004242164,0.9807453416149068,0.008019105854539335,0.9571428571428572,
segment,gradient descent,104,309,0.004447150278106726,0.9788819875776398,0.008171445381529635,0.9514285714285714,
segment,gradient descent,104,310,0.006985198185358457,0.9732919254658385,0.009889211175929027,0.9571428571428572,
segment,gradient descent,104,311,0.004341184217612268,0.9807453416149068,0.008383924884311073,0.9542857142857143,
segment,gradient descent,104,312,0.00426128023184582,0.9807453416149068,0.008326200235510213,0.9571428571428572,
segment,gradient descent,104,313,0.004167293358267001,0.9826086956521739,0.00805301841411828,0.9542857142857143,
segment,gradient descent,104,314,0.004673158582148539,0.9795031055900622,0.008153108019404382,0.9542857142857143,
segment,gradient descent,104,315,0.004259689661352459,0.9801242236024845,0.008066381694358691,0.9571428571428572,
segment,gradient descent,104,316,0.004274893057461849,0.9801242236024845,0.00843688264535609,0.9542857142857143,
segment,gradient descent,104,317,0.004043384762632464,0.9826086956521739,0.008105533123349959,0.96,
segment,gradient descent,104,318,0.004810169879062567,0.9795031055900622,0.008234512273060044,0.9571428571428572,
segment,gradient descent,104,319,0.004118568976674805,0.9826086956521739,0.008109634755022188,0.96,
segment,gradient descent,104,320,0.0045593696288048335,0.9795031055900622,0.008731773111931504,0.9571428571428572,
segment,gradient descent,104,321,0.003998771452121048,0.9838509316770186,0.007952214929645846,0.9657142857142857,
segment,gradient descent,104,322,0.00735352664575114,0.9645962732919254,0.010445366879083949,0.9514285714285714,
segment,gradient descent,104,323,0.003971897171564627,0.9813664596273292,0.007895295219100673,0.9628571428571429,
segment,gradient descent,104,324,0.003954038340916466,0.9832298136645963,0.008106101108395597,0.9628571428571429,
segment,gradient descent,104,325,0.004028811248599671,0.9819875776397515,0.007915971840722558,0.96,
segment,gradient descent,104,326,0.0038917242897241206,0.9850931677018634,0.007872160915450576,0.9657142857142857,
segment,gradient descent,104,327,0.0038973471799415493,0.9838509316770186,0.007932588527133713,0.9628571428571429,
segment,gradient descent,104,328,0.00405875849461852,0.9807453416149068,0.007853030082663217,0.96,
segment,gradient descent,104,329,0.0040821361763888645,0.9819875776397515,0.007937180879603954,0.9628571428571429,
segment,gradient descent,104,330,0.0046138083092046875,0.9801242236024845,0.007970716122526941,0.96,
segment,gradient descent,104,331,0.0038092796882284127,0.984472049689441,0.007845064478554944,0.9628571428571429,
segment,gradient descent,104,332,0.004144452197992552,0.9807453416149068,0.008044187563817255,0.96,
segment,gradient descent,104,333,0.0040461727177065684,0.9826086956521739,0.0077373610135943105,0.9628571428571429,
segment,gradient descent,104,334,0.003758792245411019,0.9850931677018634,0.00765866840973419,0.9628571428571429,
segment,gradient descent,104,335,0.0038419214065991414,0.9838509316770186,0.0076499756322993915,0.9628571428571429,
segment,gradient descent,104,336,0.004069038106111292,0.9838509316770186,0.0076175577311202855,0.9628571428571429,
segment,gradient descent,104,337,0.004421577683068499,0.9838509316770186,0.007849209274641404,0.9714285714285714,
segment,gradient descent,104,338,0.0037345349202136746,0.9857142857142858,0.0077819813616401825,0.9628571428571429,
segment,gradient descent,104,339,0.0038462104894227893,0.9832298136645963,0.0074968142296386285,0.9628571428571429,
segment,gradient descent,104,340,0.00506040195978851,0.9819875776397515,0.007900450521033442,0.9628571428571429,
segment,gradient descent,104,341,0.0038130816001982768,0.9832298136645963,0.007581977745812593,0.9628571428571429,
segment,gradient descent,104,342,0.003642284224974413,0.9850931677018634,0.007493062568315443,0.9657142857142857,
segment,gradient descent,104,343,0.003902522744657295,0.9826086956521739,0.007513433942708851,0.96,
segment,gradient descent,104,344,0.0036126204520355283,0.9838509316770186,0.007453323798906383,0.9657142857142857,
segment,gradient descent,104,345,0.0038773327851243404,0.9832298136645963,0.007592006459163498,0.9657142857142857,
segment,gradient descent,104,346,0.003532872103909275,0.9850931677018634,0.007623087778464003,0.9657142857142857,
segment,gradient descent,104,347,0.013835612699829558,0.9391304347826087,0.016093651830749137,0.9314285714285714,
segment,gradient descent,104,348,0.0037265126256265163,0.9850931677018634,0.007494516262310487,0.9628571428571429,
segment,gradient descent,104,349,0.004375716670078314,0.9850931677018634,0.00752486737052963,0.9657142857142857,
segment,gradient descent,104,350,0.003943396280276363,0.984472049689441,0.00776550424119487,0.9714285714285714,
segment,gradient descent,105,1,0.11247424014226072,0.3720496894409938,0.11290599740918986,0.33714285714285713,
segment,gradient descent,105,2,0.0864572643870907,0.5180124223602485,0.08655835721159341,0.5228571428571429,
segment,gradient descent,105,3,0.05612072616191878,0.8173913043478261,0.05671300428197084,0.8142857142857143,
segment,gradient descent,105,4,0.04426992687169045,0.8074534161490683,0.04436092853644671,0.8085714285714286,
segment,gradient descent,105,5,0.03826845437001339,0.8236024844720496,0.039549736110302255,0.8114285714285714,
segment,gradient descent,105,6,0.03404828892146995,0.8291925465838509,0.03478485363508604,0.84,
segment,gradient descent,105,7,0.03596754851938963,0.8316770186335404,0.03780944928490453,0.8171428571428572,
segment,gradient descent,105,8,0.02525250228262319,0.9037267080745341,0.026093434176578743,0.9028571428571428,
segment,gradient descent,105,9,0.023689800989399913,0.9099378881987578,0.02461641314114326,0.9085714285714286,
segment,gradient descent,105,10,0.0202205535581822,0.9273291925465839,0.021516433555790394,0.9257142857142857,
segment,gradient descent,105,11,0.019579874369955938,0.9236024844720497,0.020465438745209855,0.9142857142857143,
segment,gradient descent,105,12,0.019833806302622776,0.9204968944099379,0.020818211677436527,0.9171428571428571,
segment,gradient descent,105,13,0.02013189659680318,0.9267080745341615,0.021888248133519972,0.9171428571428571,
segment,gradient descent,105,14,0.01781977812423834,0.9298136645962732,0.01903543604809337,0.9257142857142857,
segment,gradient descent,105,15,0.01797476177410841,0.9279503105590062,0.01942122670281719,0.9285714285714286,
segment,gradient descent,105,16,0.0185994638874512,0.9236024844720497,0.019375495882022937,0.9142857142857143,
segment,gradient descent,105,17,0.016910365134638384,0.9347826086956522,0.018704345869322223,0.9257142857142857,
segment,gradient descent,105,18,0.028624257465042897,0.8937888198757764,0.03156436308087315,0.8685714285714285,
segment,gradient descent,105,19,0.018805293837245243,0.9329192546583851,0.021182872874804616,0.9285714285714286,
segment,gradient descent,105,20,0.017702256394788108,0.9229813664596274,0.018723353105883148,0.9171428571428571,
segment,gradient descent,105,21,0.01747601873136803,0.9267080745341615,0.019290746043774665,0.9257142857142857,
segment,gradient descent,105,22,0.018244949486030077,0.9354037267080745,0.020848795615022134,0.9285714285714286,
segment,gradient descent,105,23,0.015048779091189764,0.937888198757764,0.016704759232664915,0.9285714285714286,
segment,gradient descent,105,24,0.050156040563276924,0.8118012422360248,0.05296675192157555,0.8,
segment,gradient descent,105,25,0.018812691500773592,0.9192546583850931,0.02001393454354638,0.9171428571428571,
segment,gradient descent,105,26,0.015659808671683532,0.9360248447204969,0.018085395225372346,0.92,
segment,gradient descent,105,27,0.01609268104142084,0.9279503105590062,0.017360501558556684,0.9228571428571428,
segment,gradient descent,105,28,0.015702188535269446,0.9341614906832298,0.017268265638082612,0.9228571428571428,
segment,gradient descent,105,29,0.014125028899158124,0.9397515527950311,0.01633756015931064,0.92,
segment,gradient descent,105,30,0.013773468681898193,0.9391304347826087,0.015775813986772025,0.9342857142857143,
segment,gradient descent,105,31,0.013783600852149903,0.9428571428571428,0.015849430438917785,0.9257142857142857,
segment,gradient descent,105,32,0.015034731719954337,0.9366459627329192,0.016533580787929575,0.9314285714285714,
segment,gradient descent,105,33,0.022561041341201942,0.908695652173913,0.025939696234370122,0.8857142857142857,
segment,gradient descent,105,34,0.01544130207212189,0.931055900621118,0.017045412327208177,0.9228571428571428,
segment,gradient descent,105,35,0.013899613732490964,0.9484472049689441,0.01656516837794401,0.9371428571428572,
segment,gradient descent,105,36,0.013435505642618435,0.9403726708074535,0.015731832600933304,0.9314285714285714,
segment,gradient descent,105,37,0.012716180330494807,0.9397515527950311,0.014882124072731418,0.9314285714285714,
segment,gradient descent,105,38,0.012579876407448214,0.9416149068322981,0.014749213352845623,0.9314285714285714,
segment,gradient descent,105,39,0.015312886532979054,0.9279503105590062,0.01801997945504011,0.92,
segment,gradient descent,105,40,0.020767968615893955,0.9111801242236025,0.024046938514792213,0.8971428571428571,
segment,gradient descent,105,41,0.012224661537710565,0.9496894409937888,0.014842021770647307,0.94,
segment,gradient descent,105,42,0.01213660972116449,0.9503105590062112,0.014855515611824913,0.94,
segment,gradient descent,105,43,0.011804548745768901,0.9453416149068323,0.014218050636369764,0.9314285714285714,
segment,gradient descent,105,44,0.01304630846428679,0.9391304347826087,0.01490920634966838,0.9342857142857143,
segment,gradient descent,105,45,0.012411694172402597,0.9484472049689441,0.014484622224806804,0.94,
segment,gradient descent,105,46,0.015585921760689354,0.9335403726708075,0.017152130697434913,0.9342857142857143,
segment,gradient descent,105,47,0.01252446663339277,0.9434782608695652,0.015073988257346432,0.9314285714285714,
segment,gradient descent,105,48,0.012359738085207086,0.9397515527950311,0.014355369233739026,0.94,
segment,gradient descent,105,49,0.01206602932882113,0.94472049689441,0.014252290458578126,0.9342857142857143,
segment,gradient descent,105,50,0.019377658015874558,0.9167701863354037,0.023102658356440788,0.9085714285714286,
segment,gradient descent,105,51,0.010974106695164526,0.9521739130434783,0.013726800289557733,0.9371428571428572,
segment,gradient descent,105,52,0.0181580813545769,0.9186335403726708,0.01910725014954519,0.9285714285714286,
segment,gradient descent,105,53,0.015688047140377966,0.929192546583851,0.018745236998193474,0.92,
segment,gradient descent,105,54,0.011724105771898795,0.9540372670807453,0.014352856338534834,0.9342857142857143,
segment,gradient descent,105,55,0.010944749756652104,0.9484472049689441,0.01363619326574605,0.9371428571428572,
segment,gradient descent,105,56,0.01129089424517886,0.9527950310559006,0.014242448135024345,0.9314285714285714,
segment,gradient descent,105,57,0.010462547687645844,0.9540372670807453,0.01351730626878648,0.9428571428571428,
segment,gradient descent,105,58,0.010586955643145891,0.9540372670807453,0.013718360938305155,0.9428571428571428,
segment,gradient descent,105,59,0.01593783015765049,0.9236024844720497,0.01914282816263709,0.9085714285714286,
segment,gradient descent,105,60,0.010889850901310274,0.953416149068323,0.013683500473032373,0.94,
segment,gradient descent,105,61,0.010195732255706833,0.9559006211180124,0.01308944819052261,0.94,
segment,gradient descent,105,62,0.010242742816073116,0.9552795031055901,0.01342838736473886,0.9428571428571428,
segment,gradient descent,105,63,0.011801046443536444,0.9496894409937888,0.015292310115013594,0.9314285714285714,
segment,gradient descent,105,64,0.010288718043420535,0.9590062111801242,0.01295727129022067,0.9371428571428572,
segment,gradient descent,105,65,0.010950175509822127,0.953416149068323,0.014086762868051935,0.94,
segment,gradient descent,105,66,0.012127706837338548,0.9484472049689441,0.015431441318867365,0.9371428571428572,
segment,gradient descent,105,67,0.013726200285576182,0.9329192546583851,0.016191684803108786,0.9142857142857143,
segment,gradient descent,105,68,0.00965952441993397,0.9577639751552796,0.01254344714722002,0.9371428571428572,
segment,gradient descent,105,69,0.010199834096188121,0.9515527950310559,0.013406493379821464,0.94,
segment,gradient descent,105,70,0.013506233424727813,0.9322981366459627,0.016614835001957366,0.92,
segment,gradient descent,105,71,0.009814218588282585,0.9559006211180124,0.012714074498622578,0.9314285714285714,
segment,gradient descent,105,72,0.011616314093970426,0.9527950310559006,0.014279481099858835,0.9371428571428572,
segment,gradient descent,105,73,0.009403583832685955,0.9596273291925466,0.01251682839149003,0.9342857142857143,
segment,gradient descent,105,74,0.012480058770067293,0.9453416149068323,0.014675240766608226,0.9371428571428572,
segment,gradient descent,105,75,0.009663004231285214,0.9602484472049689,0.012653979259048665,0.9342857142857143,
segment,gradient descent,105,76,0.009104246012410142,0.9602484472049689,0.012238122294476345,0.9371428571428572,
segment,gradient descent,105,77,0.00989788043078704,0.9583850931677018,0.01290429081531767,0.9371428571428572,
segment,gradient descent,105,78,0.012739174874998732,0.94472049689441,0.01638953148344253,0.9371428571428572,
segment,gradient descent,105,79,0.009247947783013197,0.9602484472049689,0.01270318842823062,0.94,
segment,gradient descent,105,80,0.011328225075473281,0.9503105590062112,0.01388363738531245,0.9371428571428572,
segment,gradient descent,105,81,0.010386834844233087,0.9509316770186336,0.012850889435346588,0.9342857142857143,
segment,gradient descent,105,82,0.012301263890344933,0.9472049689440993,0.01605818062476306,0.9342857142857143,
segment,gradient descent,105,83,0.015501220353017209,0.9316770186335404,0.017485207109858538,0.9371428571428572,
segment,gradient descent,105,84,0.009305995813716501,0.9590062111801242,0.01292259240576318,0.9342857142857143,
segment,gradient descent,105,85,0.008941076423404595,0.9596273291925466,0.012404796294932843,0.9428571428571428,
segment,gradient descent,105,86,0.020175334967436793,0.9142857142857143,0.02345521047105266,0.9085714285714286,
segment,gradient descent,105,87,0.009460417544571768,0.9577639751552796,0.012772268782522482,0.9428571428571428,
segment,gradient descent,105,88,0.008534502054371444,0.9639751552795031,0.011852829824857414,0.94,
segment,gradient descent,105,89,0.010967930329887257,0.9540372670807453,0.013545652170109211,0.9457142857142857,
segment,gradient descent,105,90,0.01940714243576266,0.922360248447205,0.02257426151802211,0.9114285714285715,
segment,gradient descent,105,91,0.009307408592018408,0.9627329192546584,0.012326359609776183,0.9457142857142857,
segment,gradient descent,105,92,0.008237531640068168,0.9645962732919254,0.011720576897394626,0.94,
segment,gradient descent,105,93,0.018572289864850502,0.9180124223602485,0.021561989555638827,0.9,
segment,gradient descent,105,94,0.009602213637500445,0.962111801242236,0.013052811220558888,0.94,
segment,gradient descent,105,95,0.013794930898540147,0.9322981366459627,0.016830015653435615,0.92,
segment,gradient descent,105,96,0.00814454422748878,0.9645962732919254,0.01150950880172096,0.9457142857142857,
segment,gradient descent,105,97,0.008362451544238158,0.9652173913043478,0.011407407252607043,0.9457142857142857,
segment,gradient descent,105,98,0.008390737681793398,0.9627329192546584,0.011914006508464862,0.9428571428571428,
segment,gradient descent,105,99,0.012679103059475809,0.9434782608695652,0.014854211145097634,0.9342857142857143,
segment,gradient descent,105,100,0.007987577807987327,0.9645962732919254,0.011636483135802641,0.9428571428571428,
segment,gradient descent,105,101,0.008831503089530852,0.9639751552795031,0.012123231071426113,0.9457142857142857,
segment,gradient descent,105,102,0.008315509465646027,0.9645962732919254,0.011305278297422049,0.9457142857142857,
segment,gradient descent,105,103,0.013259005214842749,0.9366459627329192,0.01622709843497988,0.9171428571428571,
segment,gradient descent,105,104,0.008609191158597535,0.9639751552795031,0.011421748333840041,0.9457142857142857,
segment,gradient descent,105,105,0.00834412940441077,0.962111801242236,0.01137678565103025,0.9428571428571428,
segment,gradient descent,105,106,0.00767308238209735,0.9645962732919254,0.010916440405870965,0.9428571428571428,
segment,gradient descent,105,107,0.007785416401426254,0.9652173913043478,0.010871845774358513,0.9485714285714286,
segment,gradient descent,105,108,0.007733454507275434,0.9639751552795031,0.010997762406117712,0.9428571428571428,
segment,gradient descent,105,109,0.008916355185525523,0.9596273291925466,0.011850708697015358,0.9457142857142857,
segment,gradient descent,105,110,0.008360451516619474,0.9645962732919254,0.011895466183889342,0.9428571428571428,
segment,gradient descent,105,111,0.007766415924805458,0.9652173913043478,0.011305663032610994,0.9428571428571428,
segment,gradient descent,105,112,0.007548940375180967,0.9664596273291925,0.011096221481887387,0.9457142857142857,
segment,gradient descent,105,113,0.007865540913527903,0.9645962732919254,0.011408397037515092,0.9428571428571428,
segment,gradient descent,105,114,0.008520072319943886,0.9652173913043478,0.011342001579154186,0.9485714285714286,
segment,gradient descent,105,115,0.007785530300841185,0.9658385093167702,0.011188644071725595,0.9457142857142857,
segment,gradient descent,105,116,0.00765318051290711,0.9670807453416149,0.010573675052833405,0.9485714285714286,
segment,gradient descent,105,117,0.007852976169868372,0.9633540372670808,0.010819143102215767,0.9428571428571428,
segment,gradient descent,105,118,0.0074690167432287895,0.9652173913043478,0.010802892304721026,0.94,
segment,gradient descent,105,119,0.007207838133416415,0.9683229813664597,0.010702444071320724,0.9485714285714286,
segment,gradient descent,105,120,0.008025539284582259,0.9639751552795031,0.01150295602769136,0.9428571428571428,
segment,gradient descent,105,121,0.011338017840960472,0.9484472049689441,0.013549797520906856,0.94,
segment,gradient descent,105,122,0.016269671621758675,0.9273291925465839,0.018481687874597703,0.9142857142857143,
segment,gradient descent,105,123,0.008267950572102232,0.9652173913043478,0.01076241962238593,0.9514285714285714,
segment,gradient descent,105,124,0.013184034499556897,0.9360248447204969,0.016369472638104735,0.9228571428571428,
segment,gradient descent,105,125,0.007185005018328689,0.9670807453416149,0.010552214286328307,0.9457142857142857,
segment,gradient descent,105,126,0.008816205253386744,0.9565217391304348,0.012288139433442207,0.9428571428571428,
segment,gradient descent,105,127,0.016660698601684343,0.9322981366459627,0.0172410132210611,0.9314285714285714,
segment,gradient descent,105,128,0.007548752433915026,0.9664596273291925,0.01108980306394231,0.9457142857142857,
segment,gradient descent,105,129,0.007605023265648558,0.9677018633540373,0.01120855221715135,0.9457142857142857,
segment,gradient descent,105,130,0.0069770053258168116,0.968944099378882,0.010408622653167963,0.9485714285714286,
segment,gradient descent,105,131,0.012214522983900009,0.9465838509316771,0.01456527578172311,0.94,
segment,gradient descent,105,132,0.0068495391545279425,0.9720496894409938,0.010161015069345528,0.9485714285714286,
segment,gradient descent,105,133,0.006940242252128324,0.9701863354037267,0.01018911978241796,0.9485714285714286,
segment,gradient descent,105,134,0.009139184467529865,0.9590062111801242,0.01112566688775881,0.9542857142857143,
segment,gradient descent,105,135,0.007592935802753902,0.9664596273291925,0.011392340457924104,0.9457142857142857,
segment,gradient descent,105,136,0.0074597053518367035,0.9664596273291925,0.010167103319895676,0.9514285714285714,
segment,gradient descent,105,137,0.009849547018538596,0.9552795031055901,0.01220554273819107,0.9457142857142857,
segment,gradient descent,105,138,0.010204906918901963,0.9496894409937888,0.013611238748941263,0.9371428571428572,
segment,gradient descent,105,139,0.006673088726393335,0.9732919254658385,0.010188311907841873,0.9485714285714286,
segment,gradient descent,105,140,0.007383300031767161,0.9670807453416149,0.009913983456413481,0.9514285714285714,
segment,gradient descent,105,141,0.007450354307674991,0.9677018633540373,0.01007847452060619,0.9514285714285714,
segment,gradient descent,105,142,0.026616799036795133,0.8993788819875776,0.027542907619241358,0.9,
segment,gradient descent,105,143,0.007319179699489349,0.968944099378882,0.010471510134510292,0.9457142857142857,
segment,gradient descent,105,144,0.008950865519781482,0.9590062111801242,0.011234423938309663,0.9514285714285714,
segment,gradient descent,105,145,0.010611450206015047,0.9453416149068323,0.013814405628122601,0.9314285714285714,
segment,gradient descent,105,146,0.006725793423717704,0.968944099378882,0.00952980950148307,0.9514285714285714,
segment,gradient descent,105,147,0.009083828503398408,0.9571428571428572,0.010747263803612973,0.9542857142857143,
segment,gradient descent,105,148,0.006420916015124174,0.9739130434782609,0.009616692494599871,0.9542857142857143,
segment,gradient descent,105,149,0.0065595454895007775,0.9701863354037267,0.009864568925007911,0.9514285714285714,
segment,gradient descent,105,150,0.006225922673772415,0.9726708074534162,0.009418866675380267,0.9542857142857143,
segment,gradient descent,105,151,0.006498776818551061,0.970807453416149,0.009832351735835885,0.9542857142857143,
segment,gradient descent,105,152,0.00626079041281904,0.9720496894409938,0.00935958157180937,0.9542857142857143,
segment,gradient descent,105,153,0.006414761351255478,0.9739130434782609,0.009421540336683569,0.9542857142857143,
segment,gradient descent,105,154,0.006819971350259715,0.970807453416149,0.010208201587378177,0.9542857142857143,
segment,gradient descent,105,155,0.012452059641339625,0.9397515527950311,0.015145796896628197,0.9257142857142857,
segment,gradient descent,105,156,0.006076607930597811,0.9726708074534162,0.009118554370797859,0.9571428571428572,
segment,gradient descent,105,157,0.0077227143696282875,0.9652173913043478,0.010127739197768286,0.9514285714285714,
segment,gradient descent,105,158,0.006568472203672832,0.9739130434782609,0.009828350646434806,0.9542857142857143,
segment,gradient descent,105,159,0.006856428352633263,0.968944099378882,0.00964385175440645,0.9514285714285714,
segment,gradient descent,105,160,0.014752159084624874,0.9304347826086956,0.017320480941799866,0.92,
segment,gradient descent,105,161,0.006731832070258201,0.9695652173913043,0.010211702519665826,0.9485714285714286,
segment,gradient descent,105,162,0.005832490725299992,0.9763975155279503,0.009289765731448506,0.9571428571428572,
segment,gradient descent,105,163,0.005823353136841416,0.9763975155279503,0.009218717037726617,0.9542857142857143,
segment,gradient descent,105,164,0.005828716811884113,0.9751552795031055,0.009125257908012484,0.9542857142857143,
segment,gradient descent,105,165,0.012146499374693764,0.9428571428571428,0.014710789476775574,0.9285714285714286,
segment,gradient descent,105,166,0.006252007600327499,0.970807453416149,0.009251941854120276,0.9542857142857143,
segment,gradient descent,105,167,0.009741559725467967,0.9559006211180124,0.010901240739526441,0.9514285714285714,
segment,gradient descent,105,168,0.006271421467190645,0.9732919254658385,0.009932754019333346,0.9542857142857143,
segment,gradient descent,105,169,0.007839687735170757,0.9633540372670808,0.011619148772425078,0.9457142857142857,
segment,gradient descent,105,170,0.00651743757859716,0.9732919254658385,0.009483249586951025,0.9542857142857143,
segment,gradient descent,105,171,0.005873084804308715,0.9757763975155279,0.009060456157737191,0.9542857142857143,
segment,gradient descent,105,172,0.009191340469901258,0.9577639751552796,0.010656962901413334,0.9514285714285714,
segment,gradient descent,105,173,0.005960568190634735,0.9739130434782609,0.00905308193637979,0.9542857142857143,
segment,gradient descent,105,174,0.011610777645055316,0.9459627329192547,0.013476250193271488,0.9371428571428572,
segment,gradient descent,105,175,0.007177747817254898,0.9695652173913043,0.009885729287087074,0.9485714285714286,
segment,gradient descent,105,176,0.006323656449320909,0.9714285714285714,0.010072399779571362,0.9542857142857143,
segment,gradient descent,105,177,0.007652143147436313,0.9658385093167702,0.01091831604095305,0.9485714285714286,
segment,gradient descent,105,178,0.0056600426388836314,0.9745341614906833,0.009018083514784985,0.9542857142857143,
segment,gradient descent,105,179,0.005917472867751445,0.9745341614906833,0.009161927645098572,0.9542857142857143,
segment,gradient descent,105,180,0.005477509540861691,0.9757763975155279,0.009154054966347995,0.9514285714285714,
segment,gradient descent,105,181,0.005680853616740469,0.9732919254658385,0.00913929273666202,0.9542857142857143,
segment,gradient descent,105,182,0.006830097168156856,0.968944099378882,0.010345342311373653,0.9514285714285714,
segment,gradient descent,105,183,0.005414937062611537,0.977639751552795,0.009201595343787797,0.9542857142857143,
segment,gradient descent,105,184,0.005469293375850234,0.9751552795031055,0.009146113736243269,0.9542857142857143,
segment,gradient descent,105,185,0.01012968449222126,0.953416149068323,0.011580835190756486,0.9428571428571428,
segment,gradient descent,105,186,0.00853221177372794,0.9645962732919254,0.011613427652598986,0.9485714285714286,
segment,gradient descent,105,187,0.00543853179801579,0.9782608695652174,0.009271328012876664,0.9571428571428572,
segment,gradient descent,105,188,0.005393443052015945,0.9757763975155279,0.009320564684972932,0.9542857142857143,
segment,gradient descent,105,189,0.005649889126577644,0.9739130434782609,0.009569632452922732,0.9542857142857143,
segment,gradient descent,105,190,0.005283876060000413,0.977639751552795,0.009128882453424832,0.9542857142857143,
segment,gradient descent,105,191,0.014107012457577811,0.9322981366459627,0.016963343151838506,0.9228571428571428,
segment,gradient descent,105,192,0.005520211619095197,0.9751552795031055,0.009485151304901315,0.9542857142857143,
segment,gradient descent,105,193,0.007361836676570501,0.9670807453416149,0.009828055687063336,0.9514285714285714,
segment,gradient descent,105,194,0.008310117273963686,0.9602484472049689,0.010007765490203494,0.9514285714285714,
segment,gradient descent,105,195,0.00596412831762028,0.970807453416149,0.009203200814218729,0.9514285714285714,
segment,gradient descent,105,196,0.005335742147368091,0.9751552795031055,0.009415135923965959,0.9571428571428572,
segment,gradient descent,105,197,0.006168127968671922,0.9701863354037267,0.010066042270755238,0.9542857142857143,
segment,gradient descent,105,198,0.005222013125938924,0.9763975155279503,0.009032680192159708,0.9542857142857143,
segment,gradient descent,105,199,0.005231329638291443,0.9770186335403727,0.009020437831593838,0.9571428571428572,
segment,gradient descent,105,200,0.006677318412527152,0.9739130434782609,0.010445590440546328,0.9514285714285714,
segment,gradient descent,105,201,0.008397374859016945,0.9608695652173913,0.010552245993451944,0.9485714285714286,
segment,gradient descent,105,202,0.006789461651229274,0.968944099378882,0.010033760072578389,0.9485714285714286,
segment,gradient descent,105,203,0.005361889928863473,0.9763975155279503,0.009348384334033807,0.9542857142857143,
segment,gradient descent,105,204,0.006031505897264324,0.9720496894409938,0.010238077838823764,0.9542857142857143,
segment,gradient descent,105,205,0.005091171901075578,0.9751552795031055,0.009107400743762784,0.9514285714285714,
segment,gradient descent,105,206,0.009611868608678506,0.9527950310559006,0.013410478179022169,0.9371428571428572,
segment,gradient descent,105,207,0.005646946599548236,0.9714285714285714,0.009158322070701413,0.9542857142857143,
segment,gradient descent,105,208,0.014165857678555023,0.937888198757764,0.016641862855683153,0.92,
segment,gradient descent,105,209,0.005273733202505886,0.9757763975155279,0.009325101541925776,0.9542857142857143,
segment,gradient descent,105,210,0.004943154563853395,0.9757763975155279,0.009062229327458645,0.9542857142857143,
segment,gradient descent,105,211,0.006589468397074962,0.9670807453416149,0.009882241386611717,0.9485714285714286,
segment,gradient descent,105,212,0.00516724301396277,0.9751552795031055,0.00894608703254832,0.9542857142857143,
segment,gradient descent,105,213,0.004883932513219119,0.9782608695652174,0.00896836352849555,0.9571428571428572,
segment,gradient descent,105,214,0.005785309849974168,0.9751552795031055,0.009339956458774671,0.9514285714285714,
segment,gradient descent,105,215,0.005681922546827331,0.9732919254658385,0.009172833266423463,0.9514285714285714,
segment,gradient descent,105,216,0.004953314447349643,0.977639751552795,0.008984002718879181,0.9514285714285714,
segment,gradient descent,105,217,0.005315337620076262,0.9745341614906833,0.009352867444843333,0.9542857142857143,
segment,gradient descent,105,218,0.004865350699269693,0.977639751552795,0.00900609219414474,0.9542857142857143,
segment,gradient descent,105,219,0.0065066615234134935,0.9695652173913043,0.009605134265520818,0.9485714285714286,
segment,gradient descent,105,220,0.004947327743445864,0.9745341614906833,0.00903633285897216,0.9514285714285714,
segment,gradient descent,105,221,0.007761261167849527,0.9670807453416149,0.01131228027461371,0.94,
segment,gradient descent,105,222,0.0075002167664654906,0.970807453416149,0.010189136950133728,0.9485714285714286,
segment,gradient descent,105,223,0.004787858975184109,0.9763975155279503,0.008782400336554539,0.9571428571428572,
segment,gradient descent,105,224,0.0067734437197025,0.9745341614906833,0.009707640772820098,0.9542857142857143,
segment,gradient descent,105,225,0.005031063966677588,0.9763975155279503,0.008833302733540379,0.9571428571428572,
segment,gradient descent,105,226,0.006547114816804558,0.9701863354037267,0.010103507820916935,0.9514285714285714,
segment,gradient descent,105,227,0.004806886930596954,0.9757763975155279,0.008784173193965038,0.9542857142857143,
segment,gradient descent,105,228,0.004739832905978189,0.9770186335403727,0.008845870316388149,0.9571428571428572,
segment,gradient descent,105,229,0.004840735660556045,0.9782608695652174,0.00866312882324684,0.9571428571428572,
segment,gradient descent,105,230,0.009667213757384593,0.9552795031055901,0.011978473405818677,0.9428571428571428,
segment,gradient descent,105,231,0.004848112995645542,0.9788819875776398,0.008930736764684291,0.9571428571428572,
segment,gradient descent,105,232,0.004859367273227704,0.9770186335403727,0.008696577795671526,0.9571428571428572,
segment,gradient descent,105,233,0.004701914169563934,0.977639751552795,0.008695604116874693,0.9571428571428572,
segment,gradient descent,105,234,0.004721279404341964,0.9782608695652174,0.008966551295568722,0.9542857142857143,
segment,gradient descent,105,235,0.005279237116402361,0.9757763975155279,0.008957050623348268,0.9514285714285714,
segment,gradient descent,105,236,0.012755267211816246,0.9416149068322981,0.016262131665026217,0.9228571428571428,
segment,gradient descent,105,237,0.005344534025865022,0.9757763975155279,0.009026979756097883,0.9542857142857143,
segment,gradient descent,105,238,0.0051229763780219284,0.9757763975155279,0.009014727102363021,0.9542857142857143,
segment,gradient descent,105,239,0.00506191780213031,0.9757763975155279,0.009048027948623973,0.9514285714285714,
segment,gradient descent,105,240,0.006070170151121554,0.9745341614906833,0.009657345896037336,0.9542857142857143,
segment,gradient descent,105,241,0.007116737027715626,0.9670807453416149,0.010285842309086161,0.9485714285714286,
segment,gradient descent,105,242,0.007131190192868189,0.968944099378882,0.010600232348386243,0.9428571428571428,
segment,gradient descent,105,243,0.005792171430316891,0.9720496894409938,0.010151572237016284,0.9542857142857143,
segment,gradient descent,105,244,0.013715216890359675,0.9366459627329192,0.01706017564627695,0.9228571428571428,
segment,gradient descent,105,245,0.00467814263408509,0.9788819875776398,0.008950635968777623,0.9571428571428572,
segment,gradient descent,105,246,0.006531081102000193,0.9701863354037267,0.010906822266140452,0.9485714285714286,
segment,gradient descent,105,247,0.007133592959128204,0.9658385093167702,0.01158094026158532,0.9428571428571428,
segment,gradient descent,105,248,0.012218717873442152,0.9422360248447205,0.01583663399521431,0.9285714285714286,
segment,gradient descent,105,249,0.0046751676227783385,0.9788819875776398,0.008924226678639319,0.9542857142857143,
segment,gradient descent,105,250,0.004664496137792942,0.9788819875776398,0.009045488741540243,0.9542857142857143,
segment,gradient descent,105,251,0.004556983286098578,0.9788819875776398,0.008716939396163956,0.96,
segment,gradient descent,105,252,0.00467422105420402,0.9770186335403727,0.008660146326995912,0.9571428571428572,
segment,gradient descent,105,253,0.004576647650220465,0.9788819875776398,0.008938742784017115,0.9571428571428572,
segment,gradient descent,105,254,0.004940629762155097,0.9751552795031055,0.009453339621236134,0.9542857142857143,
segment,gradient descent,105,255,0.0044997254483357925,0.9782608695652174,0.008913845315635355,0.96,
segment,gradient descent,105,256,0.005147605935373481,0.9745341614906833,0.009662347074321192,0.9542857142857143,
segment,gradient descent,105,257,0.005930206368656111,0.9726708074534162,0.010388649121847409,0.9542857142857143,
segment,gradient descent,105,258,0.004488269776572901,0.9788819875776398,0.008832671228280659,0.96,
segment,gradient descent,105,259,0.0044762995193364805,0.9788819875776398,0.008911022107121205,0.96,
segment,gradient descent,105,260,0.0045229125249145775,0.9788819875776398,0.00897440850924762,0.9571428571428572,
segment,gradient descent,105,261,0.004734567977388147,0.9770186335403727,0.008791947789942488,0.9542857142857143,
segment,gradient descent,105,262,0.004914433892548792,0.9745341614906833,0.009538805842880598,0.9542857142857143,
segment,gradient descent,105,263,0.004590905685343948,0.9795031055900622,0.009135665988975875,0.9542857142857143,
segment,gradient descent,105,264,0.0045380298520487855,0.9788819875776398,0.009063781817813324,0.9542857142857143,
segment,gradient descent,105,265,0.0075645456394246606,0.968944099378882,0.010671253488420504,0.9457142857142857,
segment,gradient descent,105,266,0.004665232012501961,0.9770186335403727,0.008775168868325198,0.9542857142857143,
segment,gradient descent,105,267,0.004445914786498814,0.9788819875776398,0.008957839218659475,0.9571428571428572,
segment,gradient descent,105,268,0.0049603577824125274,0.9751552795031055,0.009480024945137097,0.9542857142857143,
segment,gradient descent,105,269,0.004602973038154452,0.977639751552795,0.008763994796657026,0.9571428571428572,
segment,gradient descent,105,270,0.0044095649092013006,0.9788819875776398,0.008705940114203302,0.9571428571428572,
segment,gradient descent,105,271,0.0043999333837858035,0.9782608695652174,0.008718073428933253,0.9571428571428572,
segment,gradient descent,105,272,0.004440326165001852,0.9801242236024845,0.008949792797664058,0.9571428571428572,
segment,gradient descent,105,273,0.004920915499300689,0.9770186335403727,0.008944042299945484,0.9542857142857143,
segment,gradient descent,105,274,0.0066943422384809865,0.9658385093167702,0.010358615382367943,0.9485714285714286,
segment,gradient descent,105,275,0.00447021139566609,0.9807453416149068,0.008985197498396496,0.9542857142857143,
segment,gradient descent,105,276,0.005397284519359827,0.9745341614906833,0.010197535288963359,0.9542857142857143,
segment,gradient descent,105,277,0.004412758592976614,0.9770186335403727,0.008770941757789582,0.9571428571428572,
segment,gradient descent,105,278,0.004416088047010948,0.9807453416149068,0.008943342232939673,0.9571428571428572,
segment,gradient descent,105,279,0.004329477220856775,0.9795031055900622,0.008781847672976418,0.96,
segment,gradient descent,105,280,0.004326771336711923,0.9795031055900622,0.008756392624006263,0.96,
segment,gradient descent,105,281,0.004336116918801931,0.9788819875776398,0.00878932470003226,0.96,
segment,gradient descent,105,282,0.006529612810246246,0.9664596273291925,0.010055897372822893,0.9485714285714286,
segment,gradient descent,105,283,0.004485021037654355,0.9795031055900622,0.009245447219386712,0.9514285714285714,
segment,gradient descent,105,284,0.010662831412163955,0.9490683229813665,0.014333705307592528,0.9342857142857143,
segment,gradient descent,105,285,0.004489950909723388,0.977639751552795,0.008873183593968695,0.9571428571428572,
segment,gradient descent,105,286,0.004391281566446348,0.9782608695652174,0.008772526890696224,0.96,
segment,gradient descent,105,287,0.004409218552606828,0.9795031055900622,0.008877960522436914,0.9571428571428572,
segment,gradient descent,105,288,0.0047863918425620645,0.9770186335403727,0.008791544812595281,0.9514285714285714,
segment,gradient descent,105,289,0.004301123848512143,0.9807453416149068,0.008694865303945433,0.9542857142857143,
segment,gradient descent,105,290,0.004315635301227605,0.9801242236024845,0.008828011471430737,0.9542857142857143,
segment,gradient descent,105,291,0.005532648780496769,0.9745341614906833,0.010250625130471633,0.9542857142857143,
segment,gradient descent,105,292,0.004347142544583121,0.9788819875776398,0.008480349464507228,0.9542857142857143,
segment,gradient descent,105,293,0.004418489829656128,0.9795031055900622,0.008968714033616348,0.9542857142857143,
segment,gradient descent,105,294,0.004276933341467219,0.9795031055900622,0.008579955506333323,0.9542857142857143,
segment,gradient descent,105,295,0.004449929702918611,0.9788819875776398,0.00904458299237741,0.9542857142857143,
segment,gradient descent,105,296,0.004418124630049756,0.9788819875776398,0.008620916572494025,0.9542857142857143,
segment,gradient descent,105,297,0.004281439771264375,0.9788819875776398,0.008748814366223686,0.9571428571428572,
segment,gradient descent,105,298,0.004382916428818085,0.9770186335403727,0.008897641141166607,0.9514285714285714,
segment,gradient descent,105,299,0.004221440018892169,0.9801242236024845,0.008682340901677335,0.9571428571428572,
segment,gradient descent,105,300,0.004418701706720866,0.9763975155279503,0.008827505984334618,0.9514285714285714,
segment,gradient descent,105,301,0.005219730815766217,0.9751552795031055,0.009066665909104795,0.9485714285714286,
segment,gradient descent,105,302,0.004197274585552071,0.9782608695652174,0.008600250826409807,0.9571428571428572,
segment,gradient descent,105,303,0.0042972396235479975,0.977639751552795,0.00868898590621555,0.9571428571428572,
segment,gradient descent,105,304,0.004549219320948576,0.9763975155279503,0.008852010727253468,0.9514285714285714,
segment,gradient descent,105,305,0.004228410186003116,0.9801242236024845,0.008656138436079772,0.9571428571428572,
segment,gradient descent,105,306,0.004399180916529998,0.9782608695652174,0.009077907261077949,0.9542857142857143,
segment,gradient descent,105,307,0.004204646833373594,0.9795031055900622,0.00858528469330321,0.9571428571428572,
segment,gradient descent,105,308,0.0045908368721599094,0.9770186335403727,0.008890560136731453,0.9485714285714286,
segment,gradient descent,105,309,0.0048999098412735795,0.9757763975155279,0.009817156369013324,0.9514285714285714,
segment,gradient descent,105,310,0.004157138290242574,0.9788819875776398,0.008500318626161607,0.9542857142857143,
segment,gradient descent,105,311,0.004231688962607621,0.9801242236024845,0.008745351168860329,0.9571428571428572,
segment,gradient descent,105,312,0.0071540569343868125,0.9677018633540373,0.011140304501869532,0.9457142857142857,
segment,gradient descent,105,313,0.00469791209380524,0.9763975155279503,0.008863372912360928,0.9542857142857143,
segment,gradient descent,105,314,0.004193071732134813,0.9819875776397515,0.008702229401448951,0.9542857142857143,
segment,gradient descent,105,315,0.004125383590761792,0.9788819875776398,0.00848125104684716,0.9571428571428572,
segment,gradient descent,105,316,0.004179748637967562,0.9788819875776398,0.008731859979401546,0.9542857142857143,
segment,gradient descent,105,317,0.004544949887544608,0.9782608695652174,0.008772498780731396,0.9542857142857143,
segment,gradient descent,105,318,0.004176624123311366,0.9795031055900622,0.008623509822903703,0.96,
segment,gradient descent,105,319,0.004155306933008875,0.9807453416149068,0.008632444815770047,0.9542857142857143,
segment,gradient descent,105,320,0.0041037190736020425,0.9807453416149068,0.008594029604197912,0.9571428571428572,
segment,gradient descent,105,321,0.0061119866708522095,0.9720496894409938,0.010834998002200742,0.9457142857142857,
segment,gradient descent,105,322,0.004172179763091181,0.9788819875776398,0.00860862432817422,0.96,
segment,gradient descent,105,323,0.009375071810789322,0.9552795031055901,0.013440196579330523,0.94,
segment,gradient descent,105,324,0.004083216071774143,0.9819875776397515,0.008507466335308845,0.96,
segment,gradient descent,105,325,0.004235577905969859,0.9807453416149068,0.008726453808726256,0.9542857142857143,
segment,gradient descent,105,326,0.005597450813538039,0.9732919254658385,0.009218845363106633,0.9571428571428572,
segment,gradient descent,105,327,0.004304503797478561,0.9795031055900622,0.008469502054665613,0.9571428571428572,
segment,gradient descent,105,328,0.003992501573960551,0.9813664596273292,0.008330810249126425,0.9628571428571429,
segment,gradient descent,105,329,0.005080801321881318,0.9763975155279503,0.009477118864747077,0.96,
segment,gradient descent,105,330,0.004089800940412373,0.9819875776397515,0.008079691636390987,0.96,
segment,gradient descent,105,331,0.003980934665710706,0.9807453416149068,0.008100902766769441,0.9628571428571429,
segment,gradient descent,105,332,0.005689573637560827,0.9745341614906833,0.009418755108806395,0.9542857142857143,
segment,gradient descent,105,333,0.004713125011948599,0.977639751552795,0.009099967817145647,0.96,
segment,gradient descent,105,334,0.005079428193309306,0.9813664596273292,0.008737062272314373,0.9571428571428572,
segment,gradient descent,105,335,0.004044325494513631,0.9813664596273292,0.00809377635213827,0.96,
segment,gradient descent,105,336,0.004004700735247746,0.9832298136645963,0.008287399092858307,0.96,
segment,gradient descent,105,337,0.00396721544121705,0.9819875776397515,0.00819492613620847,0.9628571428571429,
segment,gradient descent,105,338,0.003835420744647219,0.9832298136645963,0.00795073386937992,0.9628571428571429,
segment,gradient descent,105,339,0.01096749743159272,0.9484472049689441,0.013798047991316242,0.9314285714285714,
segment,gradient descent,105,340,0.004183972419297513,0.9832298136645963,0.007735953635050608,0.9657142857142857,
segment,gradient descent,105,341,0.0038621843263162204,0.9838509316770186,0.007593289630285401,0.9628571428571429,
segment,gradient descent,105,342,0.0037511755181058276,0.9819875776397515,0.007610441228132747,0.9628571428571429,
segment,gradient descent,105,343,0.003831078068833706,0.9826086956521739,0.00758515195840636,0.9628571428571429,
segment,gradient descent,105,344,0.004215374562679425,0.9795031055900622,0.008354468171743654,0.9571428571428572,
segment,gradient descent,105,345,0.006671451236086933,0.9745341614906833,0.00944380462395603,0.9571428571428572,
segment,gradient descent,105,346,0.004943003102445374,0.9782608695652174,0.008168668603194661,0.9571428571428572,
segment,gradient descent,105,347,0.003861326224863087,0.9807453416149068,0.008082786406793498,0.9542857142857143,
segment,gradient descent,105,348,0.0037801190525913724,0.9826086956521739,0.007762822333754162,0.9628571428571429,
segment,gradient descent,105,349,0.003721316785261746,0.9819875776397515,0.007716237402050346,0.9628571428571429,
segment,gradient descent,105,350,0.0037238178528736124,0.9813664596273292,0.007652605079492721,0.9628571428571429,
segment,gradient descent,106,1,0.11383587357708208,0.2751552795031056,0.1129459191411561,0.28,
segment,gradient descent,106,2,0.08615538227944179,0.5242236024844721,0.08534640412759337,0.5314285714285715,
segment,gradient descent,106,3,0.0700878979868509,0.5894409937888199,0.06902139064951097,0.6028571428571429,
segment,gradient descent,106,4,0.05614166566393651,0.737888198757764,0.05596500445277331,0.7142857142857143,
segment,gradient descent,106,5,0.052632114639053075,0.7440993788819876,0.05249751490424791,0.7514285714285714,
segment,gradient descent,106,6,0.049555172174638666,0.7583850931677019,0.049715612183602154,0.7657142857142857,
segment,gradient descent,106,7,0.040516161807799274,0.8819875776397516,0.04240491211608986,0.8542857142857143,
segment,gradient descent,106,8,0.029294508556898302,0.8838509316770187,0.029975102740868467,0.8914285714285715,
segment,gradient descent,106,9,0.036059864447397845,0.831055900621118,0.03875983134433326,0.8085714285714286,
segment,gradient descent,106,10,0.041176734505555,0.8229813664596274,0.04353206986015242,0.8028571428571428,
segment,gradient descent,106,11,0.02045948439370194,0.9254658385093167,0.021637318262831152,0.92,
segment,gradient descent,106,12,0.018929128157629933,0.9254658385093167,0.019860006190334453,0.9171428571428571,
segment,gradient descent,106,13,0.019654858110686853,0.9285714285714286,0.020864652969136716,0.92,
segment,gradient descent,106,14,0.018334376964444832,0.931055900621118,0.019824092049616302,0.9142857142857143,
segment,gradient descent,106,15,0.01872830125960602,0.9254658385093167,0.02090885789146093,0.9228571428571428,
segment,gradient descent,106,16,0.01900475922521671,0.9304347826086956,0.02050054475810051,0.9228571428571428,
segment,gradient descent,106,17,0.021857912982003198,0.9024844720496894,0.022935702206175777,0.9,
segment,gradient descent,106,18,0.01676356864477969,0.9347826086956522,0.018281422162669946,0.9285714285714286,
segment,gradient descent,106,19,0.019540766198781607,0.9167701863354037,0.02067911142676319,0.9171428571428571,
segment,gradient descent,106,20,0.016026907194354078,0.9385093167701863,0.01780062787784608,0.9314285714285714,
segment,gradient descent,106,21,0.015019275564905498,0.9385093167701863,0.016849600469820713,0.9285714285714286,
segment,gradient descent,106,22,0.014796077126993523,0.9366459627329192,0.016690246301737148,0.9285714285714286,
segment,gradient descent,106,23,0.014651054376115805,0.9459627329192547,0.016654847395401375,0.9371428571428572,
segment,gradient descent,106,24,0.014361498608763765,0.937888198757764,0.01626511197288859,0.9285714285714286,
segment,gradient descent,106,25,0.016287614735311713,0.9335403726708075,0.017807769580636342,0.9228571428571428,
segment,gradient descent,106,26,0.015632235407454113,0.9335403726708075,0.0169963733694321,0.9228571428571428,
segment,gradient descent,106,27,0.01673931691533909,0.9341614906832298,0.019618602169977146,0.9342857142857143,
segment,gradient descent,106,28,0.019912630250572858,0.9130434782608695,0.022812483773661657,0.9,
segment,gradient descent,106,29,0.013503514198841616,0.9484472049689441,0.01598117233218595,0.9342857142857143,
segment,gradient descent,106,30,0.013665048174768843,0.9459627329192547,0.016206742601815944,0.9342857142857143,
segment,gradient descent,106,31,0.013011450196265317,0.9478260869565217,0.01573012616731399,0.9342857142857143,
segment,gradient descent,106,32,0.014468239143292304,0.9385093167701863,0.016608241877262876,0.9257142857142857,
segment,gradient descent,106,33,0.012823672328520332,0.9385093167701863,0.01513586811361172,0.9314285714285714,
segment,gradient descent,106,34,0.013820633445563444,0.937888198757764,0.016049238841423518,0.9257142857142857,
segment,gradient descent,106,35,0.012343526738532774,0.9503105590062112,0.014819479514366895,0.9371428571428572,
segment,gradient descent,106,36,0.012442339406322373,0.94472049689441,0.01463254787619371,0.9371428571428572,
segment,gradient descent,106,37,0.020006731995351388,0.9136645962732919,0.023278716296732532,0.9057142857142857,
segment,gradient descent,106,38,0.011888696775852588,0.9453416149068323,0.01453286695286745,0.9285714285714286,
segment,gradient descent,106,39,0.012086916047415292,0.9509316770186336,0.015075502480992974,0.94,
segment,gradient descent,106,40,0.011934374879826095,0.9422360248447205,0.014547693151033686,0.9285714285714286,
segment,gradient descent,106,41,0.029939100431722623,0.877639751552795,0.03276048895288394,0.8657142857142858,
segment,gradient descent,106,42,0.011597190877397766,0.9484472049689441,0.014470007010639815,0.9342857142857143,
segment,gradient descent,106,43,0.01431874871945539,0.9391304347826087,0.01741088405348522,0.9285714285714286,
segment,gradient descent,106,44,0.011273475609984786,0.9509316770186336,0.014106246446537058,0.94,
segment,gradient descent,106,45,0.014627322362419032,0.9341614906832298,0.017834407145919322,0.9228571428571428,
segment,gradient descent,106,46,0.011155346695424097,0.9503105590062112,0.014185855134250244,0.9371428571428572,
segment,gradient descent,106,47,0.011444810280624843,0.9496894409937888,0.014350498329385813,0.9257142857142857,
segment,gradient descent,106,48,0.011096171949943338,0.9509316770186336,0.014152125837496962,0.9342857142857143,
segment,gradient descent,106,49,0.011077726569087726,0.9515527950310559,0.014501198368685977,0.94,
segment,gradient descent,106,50,0.0161119731946872,0.9229813664596274,0.019638324450951795,0.9114285714285715,
segment,gradient descent,106,51,0.014083324494775132,0.9360248447204969,0.016634175517349106,0.9285714285714286,
segment,gradient descent,106,52,0.010465594937584621,0.9503105590062112,0.013893683206990314,0.9371428571428572,
segment,gradient descent,106,53,0.010677960529555303,0.9509316770186336,0.013813490335017787,0.9285714285714286,
segment,gradient descent,106,54,0.0106175882924597,0.9527950310559006,0.013589196534456985,0.9371428571428572,
segment,gradient descent,106,55,0.014685490335491122,0.9267080745341615,0.01812021272194487,0.9171428571428571,
segment,gradient descent,106,56,0.01715261671341756,0.9180124223602485,0.02053477514304055,0.9142857142857143,
segment,gradient descent,106,57,0.012528248383923149,0.9416149068322981,0.015349574874871475,0.9285714285714286,
segment,gradient descent,106,58,0.01344824932120803,0.9385093167701863,0.01613238163874657,0.9228571428571428,
segment,gradient descent,106,59,0.011871941299675988,0.9440993788819876,0.015475842389984054,0.94,
segment,gradient descent,106,60,0.010309511373600633,0.9521739130434783,0.013494488527230569,0.9371428571428572,
segment,gradient descent,106,61,0.018520262135253412,0.9149068322981366,0.02176631275898774,0.9028571428571428,
segment,gradient descent,106,62,0.01040021997823978,0.9521739130434783,0.01345659964715594,0.9285714285714286,
segment,gradient descent,106,63,0.01155125405237909,0.9490683229813665,0.014803477342520872,0.9457142857142857,
segment,gradient descent,106,64,0.010104385369038923,0.953416149068323,0.013646957522286283,0.9457142857142857,
segment,gradient descent,106,65,0.010406559464906416,0.953416149068323,0.013907272638716786,0.94,
segment,gradient descent,106,66,0.012772706258876271,0.9409937888198758,0.015597627539788935,0.9285714285714286,
segment,gradient descent,106,67,0.012299143273018367,0.9428571428571428,0.014976838531112372,0.9371428571428572,
segment,gradient descent,106,68,0.009584744466548955,0.9565217391304348,0.013063050419297393,0.9428571428571428,
segment,gradient descent,106,69,0.010039300332309497,0.9546583850931677,0.013201199831345765,0.9342857142857143,
segment,gradient descent,106,70,0.010181452195362636,0.953416149068323,0.013401058917544431,0.9428571428571428,
segment,gradient descent,106,71,0.009580369142327502,0.9583850931677018,0.012802619102242252,0.94,
segment,gradient descent,106,72,0.00935573988786742,0.9571428571428572,0.012727836801864286,0.9428571428571428,
segment,gradient descent,106,73,0.009559659716471953,0.9571428571428572,0.013092115939661017,0.9428571428571428,
segment,gradient descent,106,74,0.009172305689311431,0.9596273291925466,0.012768200647007887,0.94,
segment,gradient descent,106,75,0.009110507016323842,0.9577639751552796,0.012724929332199241,0.94,
segment,gradient descent,106,76,0.009138596005186418,0.9596273291925466,0.01271906219150738,0.9371428571428572,
segment,gradient descent,106,77,0.009409484987988154,0.9596273291925466,0.012948005860179091,0.9314285714285714,
segment,gradient descent,106,78,0.011104802789123413,0.9503105590062112,0.014353897698027883,0.9371428571428572,
segment,gradient descent,106,79,0.015977882533690355,0.9236024844720497,0.01940991928090234,0.9114285714285715,
segment,gradient descent,106,80,0.009399856587716695,0.9559006211180124,0.012870312922393106,0.9428571428571428,
segment,gradient descent,106,81,0.010524045352891498,0.9521739130434783,0.013588511675175982,0.94,
segment,gradient descent,106,82,0.009243156513267573,0.9577639751552796,0.012595019139653394,0.9428571428571428,
segment,gradient descent,106,83,0.013629093117853618,0.9440993788819876,0.01617752016023441,0.9285714285714286,
segment,gradient descent,106,84,0.008991442645982211,0.9590062111801242,0.012806702875702694,0.9428571428571428,
segment,gradient descent,106,85,0.008698277820258674,0.9614906832298137,0.012494169985802514,0.9428571428571428,
segment,gradient descent,106,86,0.010670861422100072,0.94472049689441,0.014359710167021549,0.9371428571428572,
segment,gradient descent,106,87,0.013031808398273812,0.937888198757764,0.017004288232517473,0.9342857142857143,
segment,gradient descent,106,88,0.00980220906522708,0.9565217391304348,0.013776544496140502,0.94,
segment,gradient descent,106,89,0.00979944930844025,0.9577639751552796,0.013596980597913621,0.9342857142857143,
segment,gradient descent,106,90,0.009275603471849966,0.9602484472049689,0.012808124214447948,0.9428571428571428,
segment,gradient descent,106,91,0.010967269335683906,0.9472049689440993,0.014729302305602057,0.9342857142857143,
segment,gradient descent,106,92,0.014034462859995498,0.9416149068322981,0.016921816154600446,0.9428571428571428,
segment,gradient descent,106,93,0.008461933112294597,0.9614906832298137,0.012285546707209815,0.94,
segment,gradient descent,106,94,0.009374846179878332,0.9571428571428572,0.01314969067454486,0.9342857142857143,
segment,gradient descent,106,95,0.008691578063177703,0.9590062111801242,0.012463453197288525,0.9285714285714286,
segment,gradient descent,106,96,0.013898978379854664,0.9322981366459627,0.017389407240152664,0.92,
segment,gradient descent,106,97,0.013458412092327454,0.931055900621118,0.017157889638844542,0.9114285714285715,
segment,gradient descent,106,98,0.008765539387349967,0.9608695652173913,0.012675343897050958,0.9342857142857143,
segment,gradient descent,106,99,0.008068358602285488,0.9608695652173913,0.012110425341727713,0.9371428571428572,
segment,gradient descent,106,100,0.009119954293689737,0.9645962732919254,0.012781022234003818,0.9428571428571428,
segment,gradient descent,106,101,0.009129700498467242,0.962111801242236,0.013132304481767693,0.94,
segment,gradient descent,106,102,0.014875259149250832,0.9354037267080745,0.01761393032269387,0.9257142857142857,
segment,gradient descent,106,103,0.007984565274533836,0.9633540372670808,0.012440687472253952,0.9371428571428572,
segment,gradient descent,106,104,0.008608943799693545,0.9627329192546584,0.01229113573105859,0.9428571428571428,
segment,gradient descent,106,105,0.008242380902389485,0.9627329192546584,0.012389974628764644,0.9428571428571428,
segment,gradient descent,106,106,0.007845063545325503,0.9645962732919254,0.012128601901695332,0.9428571428571428,
segment,gradient descent,106,107,0.00879295510014983,0.9633540372670808,0.012542093120685481,0.9371428571428572,
segment,gradient descent,106,108,0.007820519517796398,0.9677018633540373,0.011949504406514362,0.9428571428571428,
segment,gradient descent,106,109,0.015529838875925073,0.9236024844720497,0.018948547873690085,0.9085714285714286,
segment,gradient descent,106,110,0.00761550642771333,0.9670807453416149,0.011560183175236277,0.9457142857142857,
segment,gradient descent,106,111,0.008379555325230385,0.9639751552795031,0.012411922198806552,0.9428571428571428,
segment,gradient descent,106,112,0.008193083800643918,0.9664596273291925,0.01183343432433402,0.9428571428571428,
segment,gradient descent,106,113,0.013362110904684942,0.9397515527950311,0.01629982802452156,0.9257142857142857,
segment,gradient descent,106,114,0.007746240763466931,0.9658385093167702,0.011922084480727558,0.9428571428571428,
segment,gradient descent,106,115,0.01375655679487961,0.9341614906832298,0.01760204172450331,0.9142857142857143,
segment,gradient descent,106,116,0.00868244356942938,0.9627329192546584,0.011815177667404723,0.9485714285714286,
segment,gradient descent,106,117,0.007491421288063512,0.9677018633540373,0.011193609880267706,0.9514285714285714,
segment,gradient descent,106,118,0.007268553088527624,0.9683229813664597,0.011319324568380603,0.9428571428571428,
segment,gradient descent,106,119,0.007231005698267644,0.9677018633540373,0.011321708519848478,0.9457142857142857,
segment,gradient descent,106,120,0.007283479743644337,0.9683229813664597,0.011278008408856031,0.9457142857142857,
segment,gradient descent,106,121,0.007137039047894642,0.9695652173913043,0.011105870770582785,0.9485714285714286,
segment,gradient descent,106,122,0.008077820661279317,0.9670807453416149,0.011794695086433464,0.9428571428571428,
segment,gradient descent,106,123,0.009092402203113935,0.962111801242236,0.013277991314267299,0.9457142857142857,
segment,gradient descent,106,124,0.007968336494323483,0.9633540372670808,0.01179942722586075,0.9457142857142857,
segment,gradient descent,106,125,0.007031797327124589,0.9683229813664597,0.01093591013941966,0.9514285714285714,
segment,gradient descent,106,126,0.007511587840674904,0.9683229813664597,0.011714834439017666,0.9514285714285714,
segment,gradient descent,106,127,0.007282091331937738,0.9714285714285714,0.01159315133005813,0.9514285714285714,
segment,gradient descent,106,128,0.006819238114223809,0.970807453416149,0.011221527679269911,0.9542857142857143,
segment,gradient descent,106,129,0.00702653673362435,0.9701863354037267,0.011377360358528606,0.9485714285714286,
segment,gradient descent,106,130,0.008570297811548416,0.962111801242236,0.01273481125650826,0.9457142857142857,
segment,gradient descent,106,131,0.008994006398277788,0.9571428571428572,0.01306412849012491,0.9457142857142857,
segment,gradient descent,106,132,0.0068587650018976055,0.9701863354037267,0.011135345299862182,0.9542857142857143,
segment,gradient descent,106,133,0.006760506506106757,0.970807453416149,0.010939226221243785,0.9485714285714286,
segment,gradient descent,106,134,0.016364291957262078,0.9279503105590062,0.019802314890280035,0.9114285714285715,
segment,gradient descent,106,135,0.006726346474039908,0.9714285714285714,0.011224104165143942,0.9542857142857143,
segment,gradient descent,106,136,0.007038823255568609,0.968944099378882,0.01110835669635494,0.9542857142857143,
segment,gradient descent,106,137,0.006881743506782985,0.9695652173913043,0.011230276824939512,0.9485714285714286,
segment,gradient descent,106,138,0.006778649312849366,0.9739130434782609,0.010846949021928754,0.9514285714285714,
segment,gradient descent,106,139,0.010637144096090683,0.9490683229813665,0.014285557252864175,0.9314285714285714,
segment,gradient descent,106,140,0.008496759979696294,0.962111801242236,0.012580264617151149,0.9485714285714286,
segment,gradient descent,106,141,0.010358684591937182,0.9540372670807453,0.013411299821254684,0.94,
segment,gradient descent,106,142,0.006691735864242663,0.970807453416149,0.011003669996285315,0.9485714285714286,
segment,gradient descent,106,143,0.0065917452742218245,0.9720496894409938,0.011294394332581071,0.9514285714285714,
segment,gradient descent,106,144,0.0064577526578269255,0.9726708074534162,0.01069405650386573,0.9514285714285714,
segment,gradient descent,106,145,0.006798724744755223,0.9683229813664597,0.01102618558848201,0.9514285714285714,
segment,gradient descent,106,146,0.0070999782940945125,0.9683229813664597,0.011389739028072719,0.9514285714285714,
segment,gradient descent,106,147,0.007396374534831049,0.9726708074534162,0.011596174042117654,0.94,
segment,gradient descent,106,148,0.011505064096154975,0.94472049689441,0.014878974205771658,0.9314285714285714,
segment,gradient descent,106,149,0.00637586844026899,0.9726708074534162,0.010806730123796232,0.9514285714285714,
segment,gradient descent,106,150,0.006210006170516134,0.9732919254658385,0.010590132572963479,0.9485714285714286,
segment,gradient descent,106,151,0.007917545823406383,0.9633540372670808,0.011604220530466535,0.9542857142857143,
segment,gradient descent,106,152,0.006739391142470122,0.9726708074534162,0.011057040931530546,0.9542857142857143,
segment,gradient descent,106,153,0.006151159148225465,0.9739130434782609,0.010394379994503428,0.9514285714285714,
segment,gradient descent,106,154,0.006304670097008206,0.9714285714285714,0.0104978026903927,0.9457142857142857,
segment,gradient descent,106,155,0.006305364878256254,0.9720496894409938,0.010527906505302788,0.9514285714285714,
segment,gradient descent,106,156,0.006345669494060525,0.970807453416149,0.010537765897275042,0.9542857142857143,
segment,gradient descent,106,157,0.006259738973524716,0.9714285714285714,0.010219226934749985,0.9542857142857143,
segment,gradient descent,106,158,0.012355172479203046,0.9453416149068323,0.01525894854305544,0.9314285714285714,
segment,gradient descent,106,159,0.006777181966415886,0.968944099378882,0.010948621343996516,0.9485714285714286,
segment,gradient descent,106,160,0.009200903320720925,0.9571428571428572,0.01315474176316996,0.9457142857142857,
segment,gradient descent,106,161,0.0064594851801125655,0.9695652173913043,0.010760149787145444,0.94,
segment,gradient descent,106,162,0.00602382268203699,0.9732919254658385,0.010511693661258719,0.9485714285714286,
segment,gradient descent,106,163,0.00599210857265229,0.9714285714285714,0.010451132840955507,0.9542857142857143,
segment,gradient descent,106,164,0.0065689344984781245,0.9695652173913043,0.010860472017790742,0.9542857142857143,
segment,gradient descent,106,165,0.012093815968118343,0.9465838509316771,0.014673623973038341,0.9342857142857143,
segment,gradient descent,106,166,0.006053017836219961,0.9726708074534162,0.01046327803918563,0.9542857142857143,
segment,gradient descent,106,167,0.007691426122931316,0.9652173913043478,0.011595782999501624,0.9457142857142857,
segment,gradient descent,106,168,0.007335451122275891,0.9652173913043478,0.01173514226642323,0.9428571428571428,
segment,gradient descent,106,169,0.005904093792960382,0.9745341614906833,0.01027407908620076,0.9571428571428572,
segment,gradient descent,106,170,0.005846664747690944,0.9714285714285714,0.010402060740113607,0.9514285714285714,
segment,gradient descent,106,171,0.005802229510288834,0.9751552795031055,0.010344715034855649,0.9514285714285714,
segment,gradient descent,106,172,0.005845712426692478,0.9720496894409938,0.010245409314475443,0.9514285714285714,
segment,gradient descent,106,173,0.005732478465313521,0.9745341614906833,0.010180770461577114,0.9514285714285714,
segment,gradient descent,106,174,0.007299777093332005,0.9664596273291925,0.011580469072441759,0.94,
segment,gradient descent,106,175,0.00628940606453088,0.970807453416149,0.01046784629341602,0.9571428571428572,
segment,gradient descent,106,176,0.005758674373638154,0.9751552795031055,0.01037145131204585,0.9485714285714286,
segment,gradient descent,106,177,0.006231621324202342,0.9695652173913043,0.01047683217093192,0.9457142857142857,
segment,gradient descent,106,178,0.005876400510267177,0.9745341614906833,0.010168218937510364,0.9485714285714286,
segment,gradient descent,106,179,0.00739831192026842,0.9664596273291925,0.011816827808470131,0.9457142857142857,
segment,gradient descent,106,180,0.006574215012754283,0.9701863354037267,0.010827826002877414,0.9571428571428572,
segment,gradient descent,106,181,0.00627793976733086,0.9720496894409938,0.010554723154181607,0.9457142857142857,
segment,gradient descent,106,182,0.005727535278455247,0.9726708074534162,0.010025397723942907,0.9542857142857143,
segment,gradient descent,106,183,0.009038351653422953,0.9571428571428572,0.013142351594018517,0.94,
segment,gradient descent,106,184,0.005520067276354171,0.9745341614906833,0.0098847547227548,0.9542857142857143,
segment,gradient descent,106,185,0.005818777575389683,0.9726708074534162,0.010247776240181835,0.9514285714285714,
segment,gradient descent,106,186,0.005694612419598057,0.9745341614906833,0.010467103446331356,0.9485714285714286,
segment,gradient descent,106,187,0.005653031485460557,0.9726708074534162,0.009880226856098438,0.9542857142857143,
segment,gradient descent,106,188,0.015298164947924206,0.9316770186335404,0.01785649877369485,0.9228571428571428,
segment,gradient descent,106,189,0.006612821722473865,0.968944099378882,0.01078515781986926,0.9571428571428572,
segment,gradient descent,106,190,0.0054555850424571565,0.9757763975155279,0.010130202931748464,0.9514285714285714,
segment,gradient descent,106,191,0.0067542598444812986,0.9695652173913043,0.011328507300295691,0.9514285714285714,
segment,gradient descent,106,192,0.005762721051367891,0.9745341614906833,0.010333423987500576,0.9485714285714286,
segment,gradient descent,106,193,0.00540953269683261,0.9751552795031055,0.010019301367617263,0.9514285714285714,
segment,gradient descent,106,194,0.007242860855857676,0.9645962732919254,0.01087321052940425,0.9428571428571428,
segment,gradient descent,106,195,0.005621744309915322,0.9745341614906833,0.010104446315319352,0.9485714285714286,
segment,gradient descent,106,196,0.006007142578997427,0.970807453416149,0.010464236413040794,0.9457142857142857,
segment,gradient descent,106,197,0.0053766296392263905,0.9763975155279503,0.010140222632109362,0.9514285714285714,
segment,gradient descent,106,198,0.005319177223109144,0.9757763975155279,0.009888818943136164,0.9514285714285714,
segment,gradient descent,106,199,0.005930291383559317,0.9726708074534162,0.01022336218356151,0.9457142857142857,
segment,gradient descent,106,200,0.005392178975921724,0.9751552795031055,0.009984849154843179,0.9514285714285714,
segment,gradient descent,106,201,0.005813347510996347,0.9720496894409938,0.010334930426196943,0.9542857142857143,
segment,gradient descent,106,202,0.006078460388990096,0.9695652173913043,0.010295209015140212,0.9428571428571428,
segment,gradient descent,106,203,0.005536350417285558,0.9732919254658385,0.010186107058254755,0.9542857142857143,
segment,gradient descent,106,204,0.005592933647474341,0.9732919254658385,0.009904291602698932,0.9571428571428572,
segment,gradient descent,106,205,0.0052055940703534765,0.9745341614906833,0.00979114858941552,0.9514285714285714,
segment,gradient descent,106,206,0.006560270521438152,0.9739130434782609,0.010348234677642818,0.9514285714285714,
segment,gradient descent,106,207,0.005372893021165608,0.9745341614906833,0.009860653125616127,0.9514285714285714,
segment,gradient descent,106,208,0.005388452328722007,0.9739130434782609,0.009859572905143247,0.9542857142857143,
segment,gradient descent,106,209,0.005205253263002343,0.9757763975155279,0.009708810734503418,0.9542857142857143,
segment,gradient descent,106,210,0.007514745506415008,0.962111801242236,0.011998036370693656,0.9428571428571428,
segment,gradient descent,106,211,0.005138401425775986,0.9770186335403727,0.00972506605978628,0.9542857142857143,
segment,gradient descent,106,212,0.005314829122977401,0.9751552795031055,0.009836037705408616,0.9514285714285714,
segment,gradient descent,106,213,0.010004493060587122,0.953416149068323,0.013612331924664507,0.9428571428571428,
segment,gradient descent,106,214,0.005141204252201513,0.9763975155279503,0.009719565273016243,0.9514285714285714,
segment,gradient descent,106,215,0.009139635255390084,0.9571428571428572,0.01361770255699364,0.9342857142857143,
segment,gradient descent,106,216,0.005278284076299259,0.9757763975155279,0.009853220959931097,0.9485714285714286,
segment,gradient descent,106,217,0.011190755620158298,0.9484472049689441,0.014715256921712532,0.9314285714285714,
segment,gradient descent,106,218,0.005168465901646565,0.977639751552795,0.00986776734517699,0.9485714285714286,
segment,gradient descent,106,219,0.005284963176899736,0.9726708074534162,0.009833876041395732,0.9571428571428572,
segment,gradient descent,106,220,0.005210531485373808,0.9763975155279503,0.00970090225466656,0.9514285714285714,
segment,gradient descent,106,221,0.0051436673262654975,0.9757763975155279,0.009861111012864486,0.9514285714285714,
segment,gradient descent,106,222,0.006393622423386296,0.968944099378882,0.01032405236490202,0.94,
segment,gradient descent,106,223,0.004978590440183369,0.9763975155279503,0.00952781267414394,0.9514285714285714,
segment,gradient descent,106,224,0.005090269636594104,0.9763975155279503,0.009784990554281137,0.9514285714285714,
segment,gradient descent,106,225,0.005062078885283344,0.9770186335403727,0.00973009231325628,0.9542857142857143,
segment,gradient descent,106,226,0.0054257022586548095,0.9751552795031055,0.009867179089720488,0.9571428571428572,
segment,gradient descent,106,227,0.005781271835037887,0.9714285714285714,0.01028499225591384,0.9571428571428572,
segment,gradient descent,106,228,0.006381067305454145,0.9695652173913043,0.010419081172159088,0.9428571428571428,
segment,gradient descent,106,229,0.00492805566308365,0.9788819875776398,0.009520997496552571,0.9542857142857143,
segment,gradient descent,106,230,0.0052827982760669115,0.9732919254658385,0.009498739542697933,0.9571428571428572,
segment,gradient descent,106,231,0.005124205452546828,0.9770186335403727,0.009873461427419917,0.9514285714285714,
segment,gradient descent,106,232,0.007912615975371694,0.9627329192546584,0.010569459439311755,0.94,
segment,gradient descent,106,233,0.00576742590834662,0.9751552795031055,0.010573014123731466,0.9428571428571428,
segment,gradient descent,106,234,0.005219973663861802,0.9751552795031055,0.009715501847845863,0.9514285714285714,
segment,gradient descent,106,235,0.0050446416491509985,0.9763975155279503,0.009560954318809671,0.9514285714285714,
segment,gradient descent,106,236,0.004873785728823376,0.977639751552795,0.00942711247074398,0.9542857142857143,
segment,gradient descent,106,237,0.005644967691017324,0.9732919254658385,0.009922394241722842,0.9485714285714286,
segment,gradient descent,106,238,0.0049730160147431635,0.9770186335403727,0.009748968110139708,0.9514285714285714,
segment,gradient descent,106,239,0.005110438844964477,0.9757763975155279,0.00957841301038563,0.9542857142857143,
segment,gradient descent,106,240,0.005688282219092041,0.9739130434782609,0.010085427741861032,0.9457142857142857,
segment,gradient descent,106,241,0.005172811767218884,0.9757763975155279,0.00964713813744863,0.9514285714285714,
segment,gradient descent,106,242,0.005124595824520307,0.977639751552795,0.009663838391655296,0.9514285714285714,
segment,gradient descent,106,243,0.004924180673018663,0.977639751552795,0.009435434201730727,0.9514285714285714,
segment,gradient descent,106,244,0.005612498264901796,0.9739130434782609,0.010026912794962638,0.9514285714285714,
segment,gradient descent,106,245,0.005019605665472086,0.9763975155279503,0.009681030141162813,0.9514285714285714,
segment,gradient descent,106,246,0.005612800020387337,0.9739130434782609,0.009856288451167799,0.9485714285714286,
segment,gradient descent,106,247,0.004905321485582868,0.9782608695652174,0.009649402190236788,0.9514285714285714,
segment,gradient descent,106,248,0.004921588373738178,0.9782608695652174,0.009553481068858245,0.9514285714285714,
segment,gradient descent,106,249,0.004851576267120808,0.9782608695652174,0.009916675092895781,0.9514285714285714,
segment,gradient descent,106,250,0.0055059222371803005,0.9720496894409938,0.00960771691494411,0.9514285714285714,
segment,gradient descent,106,251,0.005426481111017613,0.9745341614906833,0.010073278209728947,0.9542857142857143,
segment,gradient descent,106,252,0.004674824318218027,0.9807453416149068,0.009312929233872922,0.9542857142857143,
segment,gradient descent,106,253,0.004779491782723134,0.9788819875776398,0.009404073656501468,0.9542857142857143,
segment,gradient descent,106,254,0.004937652964894832,0.9763975155279503,0.009602234946521364,0.9542857142857143,
segment,gradient descent,106,255,0.0048466624876760366,0.9782608695652174,0.009489961534539994,0.9514285714285714,
segment,gradient descent,106,256,0.004727849437781244,0.9795031055900622,0.009403651573687881,0.9542857142857143,
segment,gradient descent,106,257,0.005095366305043333,0.9788819875776398,0.010008759680485823,0.9457142857142857,
segment,gradient descent,106,258,0.005125716184751788,0.977639751552795,0.009588972554896916,0.9514285714285714,
segment,gradient descent,106,259,0.0055878820050586945,0.977639751552795,0.010370313324837505,0.9485714285714286,
segment,gradient descent,106,260,0.004674552136610773,0.977639751552795,0.009437771241302706,0.9514285714285714,
segment,gradient descent,106,261,0.008776335346299562,0.9583850931677018,0.012971208611025804,0.9342857142857143,
segment,gradient descent,106,262,0.005768667584908812,0.9745341614906833,0.01027859293227654,0.9542857142857143,
segment,gradient descent,106,263,0.004638387090052599,0.977639751552795,0.00913463982279305,0.9542857142857143,
segment,gradient descent,106,264,0.004553602938693545,0.977639751552795,0.009147456895999082,0.9542857142857143,
segment,gradient descent,106,265,0.004580602773826987,0.9795031055900622,0.00935295556526018,0.9514285714285714,
segment,gradient descent,106,266,0.0046343474409027575,0.977639751552795,0.009192201611693323,0.9542857142857143,
segment,gradient descent,106,267,0.0045093596332316565,0.9795031055900622,0.009160471339791655,0.9571428571428572,
segment,gradient descent,106,268,0.021445155845184697,0.9124223602484473,0.023211473511413592,0.9114285714285715,
segment,gradient descent,106,269,0.007742135303496372,0.9639751552795031,0.01153775298873687,0.9342857142857143,
segment,gradient descent,106,270,0.004499153510275275,0.9788819875776398,0.009215270632954513,0.9542857142857143,
segment,gradient descent,106,271,0.004449814095260373,0.9801242236024845,0.00909356237449146,0.9542857142857143,
segment,gradient descent,106,272,0.006066860690365345,0.9714285714285714,0.009907648807538775,0.9485714285714286,
segment,gradient descent,106,273,0.0053754503164544715,0.977639751552795,0.009931271280445799,0.9485714285714286,
segment,gradient descent,106,274,0.005723438192899476,0.9732919254658385,0.010728929856039363,0.9514285714285714,
segment,gradient descent,106,275,0.004500136113140943,0.9782608695652174,0.009344082039255075,0.9542857142857143,
segment,gradient descent,106,276,0.0044837035745237085,0.9801242236024845,0.00938720986223981,0.9514285714285714,
segment,gradient descent,106,277,0.007242963595466565,0.9652173913043478,0.011413176543162467,0.9428571428571428,
segment,gradient descent,106,278,0.008621545678346523,0.9577639751552796,0.012348470002076242,0.9485714285714286,
segment,gradient descent,106,279,0.004406346911302769,0.9782608695652174,0.009173905557916782,0.9542857142857143,
segment,gradient descent,106,280,0.004539645359143867,0.9801242236024845,0.009280755256936142,0.9571428571428572,
segment,gradient descent,106,281,0.004660348054553014,0.9782608695652174,0.00945208663976218,0.9542857142857143,
segment,gradient descent,106,282,0.004339046846248126,0.9807453416149068,0.008969381779377698,0.96,
segment,gradient descent,106,283,0.005777815048593437,0.9732919254658385,0.010169816829076955,0.9428571428571428,
segment,gradient descent,106,284,0.004429799864008871,0.9819875776397515,0.009177703997857134,0.9542857142857143,
segment,gradient descent,106,285,0.00445692659337561,0.9788819875776398,0.009006787192572007,0.9514285714285714,
segment,gradient descent,106,286,0.004449354587460806,0.9788819875776398,0.009038522159851948,0.9514285714285714,
segment,gradient descent,106,287,0.005036518943184342,0.9745341614906833,0.009278639546921805,0.9542857142857143,
segment,gradient descent,106,288,0.006271910767620442,0.9714285714285714,0.010806490489754735,0.9542857142857143,
segment,gradient descent,106,289,0.0043112076923700025,0.9801242236024845,0.0090612603697348,0.9542857142857143,
segment,gradient descent,106,290,0.005188507369023606,0.9757763975155279,0.00997283169325112,0.9542857142857143,
segment,gradient descent,106,291,0.00429483181970031,0.9788819875776398,0.008770891665707005,0.96,
segment,gradient descent,106,292,0.004285128728539647,0.9782608695652174,0.008857209391427973,0.9571428571428572,
segment,gradient descent,106,293,0.004328468130099553,0.9795031055900622,0.008913525251440867,0.9628571428571429,
segment,gradient descent,106,294,0.010070254587359514,0.953416149068323,0.012569485590679587,0.94,
segment,gradient descent,106,295,0.004585971101872173,0.977639751552795,0.009121804543859508,0.9542857142857143,
segment,gradient descent,106,296,0.004418775102652563,0.9788819875776398,0.009209363381255208,0.9542857142857143,
segment,gradient descent,106,297,0.004603276925741664,0.977639751552795,0.009062099815831821,0.9542857142857143,
segment,gradient descent,106,298,0.0045340904651280855,0.977639751552795,0.009333633693645956,0.9514285714285714,
segment,gradient descent,106,299,0.006015309682317251,0.9745341614906833,0.010704204366823237,0.9542857142857143,
segment,gradient descent,106,300,0.004204925700445911,0.9795031055900622,0.008894164135807807,0.9571428571428572,
segment,gradient descent,106,301,0.0044106093155716515,0.9788819875776398,0.008995095897702227,0.9542857142857143,
segment,gradient descent,106,302,0.0042549549650111994,0.9795031055900622,0.00885082293091004,0.96,
segment,gradient descent,106,303,0.0042817109556137194,0.9807453416149068,0.009038674906077548,0.9571428571428572,
segment,gradient descent,106,304,0.004230927022832986,0.9813664596273292,0.008850445754304484,0.9571428571428572,
segment,gradient descent,106,305,0.004249520498504192,0.9813664596273292,0.008938978873196278,0.96,
segment,gradient descent,106,306,0.005351147928525246,0.9751552795031055,0.009947914910145034,0.9514285714285714,
segment,gradient descent,106,307,0.011033162315203111,0.9503105590062112,0.012813651031427504,0.9428571428571428,
segment,gradient descent,106,308,0.004274345524282457,0.9807453416149068,0.008566478053274085,0.9628571428571429,
segment,gradient descent,106,309,0.005042882865278996,0.9770186335403727,0.009795950969338022,0.9571428571428572,
segment,gradient descent,106,310,0.0042238981354623265,0.9782608695652174,0.00867863900116264,0.96,
segment,gradient descent,106,311,0.00414273898013968,0.9795031055900622,0.008532875664411842,0.9628571428571429,
segment,gradient descent,106,312,0.004764327234764459,0.9788819875776398,0.008909736742882934,0.9542857142857143,
segment,gradient descent,106,313,0.0047717292187109865,0.9745341614906833,0.008889500748385213,0.9571428571428572,
segment,gradient descent,106,314,0.004154476181717951,0.9826086956521739,0.00880206776223335,0.9571428571428572,
segment,gradient descent,106,315,0.0041815643784885795,0.9801242236024845,0.008761984030274296,0.96,
segment,gradient descent,106,316,0.004072696529718441,0.9826086956521739,0.00867062437007696,0.9628571428571429,
segment,gradient descent,106,317,0.0065280986688477744,0.9664596273291925,0.010100595180891448,0.9514285714285714,
segment,gradient descent,106,318,0.004097492602468879,0.9807453416149068,0.00885526557087773,0.9571428571428572,
segment,gradient descent,106,319,0.004069790625531954,0.9832298136645963,0.008764484046279865,0.9571428571428572,
segment,gradient descent,106,320,0.005385504313383675,0.9739130434782609,0.010143968443695077,0.9542857142857143,
segment,gradient descent,106,321,0.004156631588080236,0.9801242236024845,0.008596039184118885,0.9571428571428572,
segment,gradient descent,106,322,0.004400620683084138,0.9795031055900622,0.008673238983303464,0.9571428571428572,
segment,gradient descent,106,323,0.004168712512749322,0.9801242236024845,0.00861077221349172,0.96,
segment,gradient descent,106,324,0.004166442116513457,0.9788819875776398,0.008551778471223122,0.9628571428571429,
segment,gradient descent,106,325,0.0041604079323297625,0.9826086956521739,0.00873069159088081,0.96,
segment,gradient descent,106,326,0.004133782149390286,0.9819875776397515,0.008935596244580188,0.9542857142857143,
segment,gradient descent,106,327,0.004075079219941431,0.9801242236024845,0.008568499078711314,0.9571428571428572,
segment,gradient descent,106,328,0.004252152982005474,0.9801242236024845,0.008822939060594044,0.9542857142857143,
segment,gradient descent,106,329,0.0040345819244478765,0.9813664596273292,0.00868054909457841,0.9542857142857143,
segment,gradient descent,106,330,0.005157080405292385,0.9763975155279503,0.009909891565328352,0.9542857142857143,
segment,gradient descent,106,331,0.005398223484305784,0.9801242236024845,0.009671347476818547,0.9542857142857143,
segment,gradient descent,106,332,0.004045880121865539,0.9807453416149068,0.0084381436899906,0.9571428571428572,
segment,gradient descent,106,333,0.00410157637334738,0.9801242236024845,0.008755846736639306,0.9628571428571429,
segment,gradient descent,106,334,0.004782073430104441,0.9807453416149068,0.008727209373490273,0.9571428571428572,
segment,gradient descent,106,335,0.004025749687494295,0.9826086956521739,0.008712381496966702,0.96,
segment,gradient descent,106,336,0.004012297515811289,0.9819875776397515,0.008491934128812174,0.96,
segment,gradient descent,106,337,0.003944168112206037,0.9826086956521739,0.008613132973409642,0.9571428571428572,
segment,gradient descent,106,338,0.003935062915336017,0.9826086956521739,0.008508325371014595,0.9628571428571429,
segment,gradient descent,106,339,0.0041296240276809055,0.9813664596273292,0.008382131613622718,0.96,
segment,gradient descent,106,340,0.0039924085987552435,0.9813664596273292,0.008684630824690617,0.96,
segment,gradient descent,106,341,0.0040992787932586545,0.9795031055900622,0.008570402884910283,0.96,
segment,gradient descent,106,342,0.004147695286623405,0.9807453416149068,0.008402843337216526,0.9571428571428572,
segment,gradient descent,106,343,0.003940475739684787,0.9807453416149068,0.008323045214693138,0.9628571428571429,
segment,gradient descent,106,344,0.005735852651754434,0.9726708074534162,0.009061896692811247,0.9514285714285714,
segment,gradient descent,106,345,0.003962865171392826,0.9826086956521739,0.008593235247078822,0.9542857142857143,
segment,gradient descent,106,346,0.003897346238623294,0.9826086956521739,0.008514927536812886,0.9571428571428572,
segment,gradient descent,106,347,0.004587647530529737,0.977639751552795,0.009328866795313336,0.96,
segment,gradient descent,106,348,0.003887876491632487,0.9826086956521739,0.00854083175714468,0.96,
segment,gradient descent,106,349,0.003894875902162957,0.9807453416149068,0.008312802529086092,0.9628571428571429,
segment,gradient descent,106,350,0.003903609425519083,0.9813664596273292,0.008420301544379394,0.9542857142857143,
segment,gradient descent,107,1,0.09244733201245127,0.5627329192546584,0.09163853760509508,0.5571428571428572,
segment,gradient descent,107,2,0.09390864829671726,0.5583850931677019,0.09269886108782024,0.5571428571428572,
segment,gradient descent,107,3,0.056675057455092874,0.6577639751552795,0.0551113858065824,0.6628571428571428,
segment,gradient descent,107,4,0.0409942735634124,0.8658385093167702,0.04025150092330067,0.8742857142857143,
segment,gradient descent,107,5,0.03223701314953179,0.8894409937888199,0.03170832723658417,0.8857142857142857,
segment,gradient descent,107,6,0.028504741721001606,0.8944099378881988,0.02809638571945135,0.9085714285714286,
segment,gradient descent,107,7,0.030925526872630275,0.8732919254658386,0.030286368591633105,0.8885714285714286,
segment,gradient descent,107,8,0.024926170769818495,0.9074534161490683,0.02595262886124466,0.9114285714285715,
segment,gradient descent,107,9,0.020750991690879052,0.9273291925465839,0.021736457454042225,0.9142857142857143,
segment,gradient descent,107,10,0.020921440377164927,0.915527950310559,0.021364538184780506,0.9142857142857143,
segment,gradient descent,107,11,0.022972673487232406,0.9037267080745341,0.02419713245628997,0.8885714285714286,
segment,gradient descent,107,12,0.02126984876327589,0.9124223602484473,0.02153191820792834,0.9142857142857143,
segment,gradient descent,107,13,0.01887366425407899,0.929192546583851,0.0205717846949039,0.9285714285714286,
segment,gradient descent,107,14,0.017496884562469856,0.9316770186335404,0.01851799744519297,0.9257142857142857,
segment,gradient descent,107,15,0.018946864311588034,0.9285714285714286,0.01996999146708227,0.9171428571428571,
segment,gradient descent,107,16,0.01674481433447247,0.9322981366459627,0.01810553421591364,0.9257142857142857,
segment,gradient descent,107,17,0.01794221835731818,0.9279503105590062,0.018614232968981393,0.92,
segment,gradient descent,107,18,0.018346673929595936,0.9217391304347826,0.019212875066760445,0.92,
segment,gradient descent,107,19,0.016534671146549974,0.9335403726708075,0.01836806816989731,0.9228571428571428,
segment,gradient descent,107,20,0.015214489020445152,0.9366459627329192,0.017071023807762976,0.9228571428571428,
segment,gradient descent,107,21,0.028288161617174436,0.8813664596273292,0.03151149594501946,0.8714285714285714,
segment,gradient descent,107,22,0.021507975043287865,0.9130434782608695,0.024696263600420945,0.8942857142857142,
segment,gradient descent,107,23,0.017829286551937818,0.9322981366459627,0.019385376332207944,0.9228571428571428,
segment,gradient descent,107,24,0.015333138754448474,0.9329192546583851,0.016830975511431166,0.9285714285714286,
segment,gradient descent,107,25,0.018093864208052726,0.937888198757764,0.020461629961861804,0.9285714285714286,
segment,gradient descent,107,26,0.01430121151553155,0.9391304347826087,0.01650292922978931,0.9228571428571428,
segment,gradient descent,107,27,0.017192901520419954,0.9260869565217391,0.018193929302010046,0.92,
segment,gradient descent,107,28,0.013803701977972403,0.9403726708074535,0.015981434743709905,0.9342857142857143,
segment,gradient descent,107,29,0.013913576781904548,0.94472049689441,0.016343347734090016,0.9314285714285714,
segment,gradient descent,107,30,0.013736606872781557,0.9391304347826087,0.015868465508986074,0.9228571428571428,
segment,gradient descent,107,31,0.015364195991918708,0.9403726708074535,0.018157228679622016,0.9285714285714286,
segment,gradient descent,107,32,0.015970413482763728,0.9267080745341615,0.017591228981252892,0.9171428571428571,
segment,gradient descent,107,33,0.013171856729227873,0.9391304347826087,0.015434416582684149,0.9257142857142857,
segment,gradient descent,107,34,0.013017659088743236,0.9391304347826087,0.015580701592424296,0.9171428571428571,
segment,gradient descent,107,35,0.012922055119630741,0.9422360248447205,0.015743674390617312,0.9342857142857143,
segment,gradient descent,107,36,0.012532758185407956,0.9416149068322981,0.015190874937473469,0.9228571428571428,
segment,gradient descent,107,37,0.012509558780084116,0.9391304347826087,0.014614130687914515,0.9257142857142857,
segment,gradient descent,107,38,0.012077787519552671,0.9459627329192547,0.01461552115213325,0.9285714285714286,
segment,gradient descent,107,39,0.014352419559871913,0.9341614906832298,0.017288908180791915,0.9228571428571428,
segment,gradient descent,107,40,0.013181448842601267,0.9503105590062112,0.016166834892826245,0.94,
segment,gradient descent,107,41,0.012944739855763004,0.9366459627329192,0.015118641126877564,0.9314285714285714,
segment,gradient descent,107,42,0.012284345658850159,0.9503105590062112,0.01527142552858775,0.9371428571428572,
segment,gradient descent,107,43,0.01471054999535932,0.937888198757764,0.016628024135591817,0.9257142857142857,
segment,gradient descent,107,44,0.01142306233529402,0.9521739130434783,0.014426030542446015,0.9428571428571428,
segment,gradient descent,107,45,0.011446124282479141,0.9490683229813665,0.014470294104110262,0.9314285714285714,
segment,gradient descent,107,46,0.013382548639267817,0.9484472049689441,0.016094698565622696,0.9342857142857143,
segment,gradient descent,107,47,0.01180250936280986,0.9428571428571428,0.014313173356642214,0.9342857142857143,
segment,gradient descent,107,48,0.012239626381996108,0.9397515527950311,0.014418453729906513,0.9342857142857143,
segment,gradient descent,107,49,0.01396138064836238,0.9335403726708075,0.015966991898656174,0.9228571428571428,
segment,gradient descent,107,50,0.010761774249751107,0.9509316770186336,0.01375761297506843,0.94,
segment,gradient descent,107,51,0.011641603579148532,0.9484472049689441,0.014784730646220278,0.9371428571428572,
segment,gradient descent,107,52,0.010583631731069599,0.9515527950310559,0.01365854113144524,0.94,
segment,gradient descent,107,53,0.010626948622753197,0.9540372670807453,0.01368429291348953,0.9428571428571428,
segment,gradient descent,107,54,0.010491112597636472,0.953416149068323,0.013662658376486139,0.9428571428571428,
segment,gradient descent,107,55,0.010878448193695715,0.9509316770186336,0.01364361546885799,0.9342857142857143,
segment,gradient descent,107,56,0.011272694452466103,0.9515527950310559,0.014518736925748711,0.9428571428571428,
segment,gradient descent,107,57,0.01096540645198948,0.9472049689440993,0.013872369855975506,0.9371428571428572,
segment,gradient descent,107,58,0.012709999124904899,0.9403726708074535,0.015110686018411068,0.9342857142857143,
segment,gradient descent,107,59,0.011145905026935044,0.9484472049689441,0.014103532997094074,0.9342857142857143,
segment,gradient descent,107,60,0.010181060481038303,0.953416149068323,0.013246753755493588,0.94,
segment,gradient descent,107,61,0.01299978577367188,0.9335403726708075,0.016364457491121344,0.9285714285714286,
segment,gradient descent,107,62,0.012324781733037145,0.9453416149068323,0.015803874129674204,0.9428571428571428,
segment,gradient descent,107,63,0.01070837266594139,0.9509316770186336,0.014373190397770352,0.94,
segment,gradient descent,107,64,0.012737772664255286,0.9347826086956522,0.015843721115133953,0.9285714285714286,
segment,gradient descent,107,65,0.010654517539603791,0.9515527950310559,0.014145562609676749,0.9371428571428572,
segment,gradient descent,107,66,0.010637693625806513,0.9521739130434783,0.014035702705786182,0.9457142857142857,
segment,gradient descent,107,67,0.009796158737134235,0.9552795031055901,0.013003259870935433,0.94,
segment,gradient descent,107,68,0.0099099593773044,0.9527950310559006,0.013350126208328065,0.94,
segment,gradient descent,107,69,0.00960214269896158,0.9546583850931677,0.012943566457305806,0.9428571428571428,
segment,gradient descent,107,70,0.009617047702273396,0.9565217391304348,0.012916303154982609,0.9428571428571428,
segment,gradient descent,107,71,0.015389884672622749,0.9260869565217391,0.018863859512486755,0.9171428571428571,
segment,gradient descent,107,72,0.009811076098187665,0.9527950310559006,0.012896142898388467,0.9371428571428572,
segment,gradient descent,107,73,0.00945761830660048,0.9552795031055901,0.012887031264304249,0.9457142857142857,
segment,gradient descent,107,74,0.009551479695678296,0.9552795031055901,0.01270491417725356,0.94,
segment,gradient descent,107,75,0.010378752020153802,0.9509316770186336,0.01331946431426511,0.9371428571428572,
segment,gradient descent,107,76,0.00953642176882944,0.9552795031055901,0.012870507442543524,0.94,
segment,gradient descent,107,77,0.009329784365185143,0.9552795031055901,0.012643558294798312,0.94,
segment,gradient descent,107,78,0.009261837452887627,0.9565217391304348,0.012706215671870354,0.94,
segment,gradient descent,107,79,0.00920440896852714,0.9552795031055901,0.01269465080024674,0.94,
segment,gradient descent,107,80,0.011912544468976317,0.9440993788819876,0.014467701910487872,0.9371428571428572,
segment,gradient descent,107,81,0.01039176225236262,0.9496894409937888,0.01409038944484755,0.94,
segment,gradient descent,107,82,0.009118189557426264,0.9565217391304348,0.012697295152173693,0.94,
segment,gradient descent,107,83,0.01057744691506483,0.9453416149068323,0.014259615339920692,0.94,
segment,gradient descent,107,84,0.010405019604418883,0.9472049689440993,0.013713473082736133,0.9428571428571428,
segment,gradient descent,107,85,0.009233349859184897,0.9552795031055901,0.012754388922832609,0.9371428571428572,
segment,gradient descent,107,86,0.009062898920233896,0.9559006211180124,0.012638600300771125,0.94,
segment,gradient descent,107,87,0.010927022739579425,0.9440993788819876,0.014715843577402424,0.9371428571428572,
segment,gradient descent,107,88,0.011348081406933249,0.9391304347826087,0.01494456519377923,0.9371428571428572,
segment,gradient descent,107,89,0.011277267686761615,0.9459627329192547,0.013587158213487199,0.9428571428571428,
segment,gradient descent,107,90,0.013732564399483808,0.9391304347826087,0.015913969169668488,0.9314285714285714,
segment,gradient descent,107,91,0.009945130196565276,0.9503105590062112,0.01317564622153134,0.94,
segment,gradient descent,107,92,0.008842363122873129,0.9602484472049689,0.012646914145810971,0.9428571428571428,
segment,gradient descent,107,93,0.008723440550564137,0.9602484472049689,0.012555438947952883,0.94,
segment,gradient descent,107,94,0.008763897485128526,0.9577639751552796,0.012638481590095276,0.94,
segment,gradient descent,107,95,0.00916857833588001,0.9590062111801242,0.012540337955360132,0.94,
segment,gradient descent,107,96,0.013602258932838078,0.9316770186335404,0.01727575763433274,0.9228571428571428,
segment,gradient descent,107,97,0.008807581971872104,0.9583850931677018,0.012782835284613624,0.9457142857142857,
segment,gradient descent,107,98,0.00890509589848128,0.9602484472049689,0.012752609720550681,0.94,
segment,gradient descent,107,99,0.00954854333194741,0.9527950310559006,0.013082921961329822,0.9371428571428572,
segment,gradient descent,107,100,0.008718343501010868,0.9583850931677018,0.012578344198447692,0.94,
segment,gradient descent,107,101,0.016262627272103678,0.924223602484472,0.0203309946987079,0.9114285714285715,
segment,gradient descent,107,102,0.009001321154639332,0.9577639751552796,0.013101192354946443,0.9428571428571428,
segment,gradient descent,107,103,0.011874888734517737,0.9459627329192547,0.014422553302429388,0.9342857142857143,
segment,gradient descent,107,104,0.009730192095120957,0.9509316770186336,0.01360796286584459,0.9428571428571428,
segment,gradient descent,107,105,0.009699581242153647,0.9559006211180124,0.013770989060114544,0.9342857142857143,
segment,gradient descent,107,106,0.009234975858606661,0.9559006211180124,0.0129862074045897,0.9371428571428572,
segment,gradient descent,107,107,0.008378490693993951,0.962111801242236,0.012447200794124787,0.94,
segment,gradient descent,107,108,0.008396500533938632,0.9608695652173913,0.012508150989744045,0.9428571428571428,
segment,gradient descent,107,109,0.022070895288728482,0.9074534161490683,0.025327073726608453,0.8971428571428571,
segment,gradient descent,107,110,0.013055721292740801,0.94472049689441,0.015729044147354307,0.9257142857142857,
segment,gradient descent,107,111,0.014560386567975326,0.9341614906832298,0.016759577437335357,0.9257142857142857,
segment,gradient descent,107,112,0.008221619721198399,0.9645962732919254,0.012476314350292105,0.9428571428571428,
segment,gradient descent,107,113,0.008222839941681217,0.9627329192546584,0.012503137089715429,0.9428571428571428,
segment,gradient descent,107,114,0.008434211130753995,0.9608695652173913,0.012599527970781612,0.9371428571428572,
segment,gradient descent,107,115,0.008111987842671734,0.9614906832298137,0.01224274635186673,0.9428571428571428,
segment,gradient descent,107,116,0.008104450409784174,0.9596273291925466,0.012382928003888617,0.9428571428571428,
segment,gradient descent,107,117,0.008790146884325981,0.9645962732919254,0.012922173076120294,0.9457142857142857,
segment,gradient descent,107,118,0.00865300304075726,0.9577639751552796,0.012368611169530202,0.9428571428571428,
segment,gradient descent,107,119,0.007867360816721925,0.9664596273291925,0.012350378407236412,0.9457142857142857,
segment,gradient descent,107,120,0.007904420913952298,0.9664596273291925,0.012218087492774329,0.9428571428571428,
segment,gradient descent,107,121,0.013980563988210046,0.9428571428571428,0.016456565042149256,0.9257142857142857,
segment,gradient descent,107,122,0.009996364586363403,0.9546583850931677,0.013955634755024631,0.94,
segment,gradient descent,107,123,0.007756230234113254,0.9652173913043478,0.01184090635050455,0.9371428571428572,
segment,gradient descent,107,124,0.008166183176327418,0.9608695652173913,0.012204178531225534,0.9314285714285714,
segment,gradient descent,107,125,0.02072177667341325,0.9093167701863354,0.023927970341894745,0.9,
segment,gradient descent,107,126,0.009956380065797613,0.9527950310559006,0.014063181820632565,0.94,
segment,gradient descent,107,127,0.007981604097611792,0.962111801242236,0.012250268111234513,0.9428571428571428,
segment,gradient descent,107,128,0.007799296754053119,0.9639751552795031,0.011570996313470519,0.9514285714285714,
segment,gradient descent,107,129,0.007393299413672123,0.9695652173913043,0.01156782038561223,0.9514285714285714,
segment,gradient descent,107,130,0.007437105640937924,0.9695652173913043,0.011511125523996215,0.9514285714285714,
segment,gradient descent,107,131,0.008485838591300705,0.9627329192546584,0.011604805661118715,0.9428571428571428,
segment,gradient descent,107,132,0.007442864691356349,0.9664596273291925,0.011253534199131941,0.9514285714285714,
segment,gradient descent,107,133,0.007213550576153171,0.968944099378882,0.011299669039457162,0.9457142857142857,
segment,gradient descent,107,134,0.007259214852105314,0.9726708074534162,0.01126748627190705,0.9514285714285714,
segment,gradient descent,107,135,0.007621430099414197,0.9683229813664597,0.011600990587646085,0.9485714285714286,
segment,gradient descent,107,136,0.008162895583052136,0.9645962732919254,0.011405255630282968,0.9542857142857143,
segment,gradient descent,107,137,0.01761896057556687,0.9229813664596274,0.020871754531545262,0.9142857142857143,
segment,gradient descent,107,138,0.010316605335982871,0.9596273291925466,0.012790775337691476,0.94,
segment,gradient descent,107,139,0.014048481857297295,0.9329192546583851,0.01746499129242507,0.9228571428571428,
segment,gradient descent,107,140,0.006883162767835477,0.9720496894409938,0.010539058736059632,0.9485714285714286,
segment,gradient descent,107,141,0.007416374262627192,0.9683229813664597,0.011257449978368419,0.9514285714285714,
segment,gradient descent,107,142,0.007112584567974483,0.9701863354037267,0.011095263678972216,0.9542857142857143,
segment,gradient descent,107,143,0.006946381582219373,0.968944099378882,0.01068714718212567,0.9514285714285714,
segment,gradient descent,107,144,0.007990960319626914,0.9645962732919254,0.011565108032275092,0.9485714285714286,
segment,gradient descent,107,145,0.0070691453742348235,0.9720496894409938,0.011045296964774893,0.9457142857142857,
segment,gradient descent,107,146,0.006696921453041006,0.9720496894409938,0.01041248078502697,0.9542857142857143,
segment,gradient descent,107,147,0.0069068068806057885,0.9701863354037267,0.01070181464041954,0.9542857142857143,
segment,gradient descent,107,148,0.007021117761872233,0.9739130434782609,0.0107447086264654,0.9485714285714286,
segment,gradient descent,107,149,0.00692435033313,0.9677018633540373,0.010482347151802445,0.9514285714285714,
segment,gradient descent,107,150,0.0078123216564598185,0.9639751552795031,0.011152305994990163,0.9485714285714286,
segment,gradient descent,107,151,0.006379790966521686,0.9732919254658385,0.010154090421855928,0.9571428571428572,
segment,gradient descent,107,152,0.006516077135218403,0.9714285714285714,0.010160666098737576,0.9542857142857143,
segment,gradient descent,107,153,0.006482679270874202,0.970807453416149,0.010337000031046813,0.9514285714285714,
segment,gradient descent,107,154,0.0062766546768633705,0.9732919254658385,0.010246442915056383,0.9571428571428572,
segment,gradient descent,107,155,0.006238748413306715,0.9745341614906833,0.010108291618336393,0.9571428571428572,
segment,gradient descent,107,156,0.006833232185064685,0.9714285714285714,0.010821119702831531,0.9542857142857143,
segment,gradient descent,107,157,0.007536197639387994,0.9695652173913043,0.011221055131936416,0.9514285714285714,
segment,gradient descent,107,158,0.0062978507943404925,0.9751552795031055,0.010344141231691304,0.9542857142857143,
segment,gradient descent,107,159,0.006154170959918297,0.9739130434782609,0.010098841965322862,0.9542857142857143,
segment,gradient descent,107,160,0.006175603270730652,0.9732919254658385,0.009996865787679441,0.9542857142857143,
segment,gradient descent,107,161,0.011609663686766922,0.9397515527950311,0.015178736185931584,0.9285714285714286,
segment,gradient descent,107,162,0.008314639391582281,0.9614906832298137,0.011714763729340043,0.9457142857142857,
segment,gradient descent,107,163,0.006175470191383599,0.9726708074534162,0.01015621745066047,0.9542857142857143,
segment,gradient descent,107,164,0.0062975378161460125,0.9739130434782609,0.010554985837976637,0.9514285714285714,
segment,gradient descent,107,165,0.006142655571488937,0.9739130434782609,0.010082796988671297,0.9571428571428572,
segment,gradient descent,107,166,0.006360043861809439,0.9714285714285714,0.010561394812485126,0.9571428571428572,
segment,gradient descent,107,167,0.00625807490532432,0.9726708074534162,0.010439610515977353,0.9571428571428572,
segment,gradient descent,107,168,0.005943824416322838,0.9739130434782609,0.01018585122045938,0.9514285714285714,
segment,gradient descent,107,169,0.006056618227695118,0.9751552795031055,0.01008869721141236,0.9542857142857143,
segment,gradient descent,107,170,0.01503029458963846,0.9304347826086956,0.017902322964665724,0.92,
segment,gradient descent,107,171,0.007075939742292793,0.9670807453416149,0.011152745313803466,0.94,
segment,gradient descent,107,172,0.006287896299193984,0.970807453416149,0.010232224415537639,0.9542857142857143,
segment,gradient descent,107,173,0.006583685811242867,0.968944099378882,0.010368223849467163,0.9485714285714286,
segment,gradient descent,107,174,0.005731733862533415,0.9782608695652174,0.009817967513805476,0.96,
segment,gradient descent,107,175,0.00886809534162122,0.9596273291925466,0.011718220730771016,0.9428571428571428,
segment,gradient descent,107,176,0.005929813412765627,0.9745341614906833,0.010099755629860251,0.9571428571428572,
segment,gradient descent,107,177,0.006028460518560587,0.9720496894409938,0.010279906347000671,0.9542857142857143,
segment,gradient descent,107,178,0.005639282820262922,0.9757763975155279,0.009833569069241986,0.9542857142857143,
segment,gradient descent,107,179,0.006009592820411247,0.9720496894409938,0.01000632849896291,0.9542857142857143,
segment,gradient descent,107,180,0.00562039405729806,0.9770186335403727,0.009803564299899307,0.9542857142857143,
segment,gradient descent,107,181,0.00613681089945994,0.9726708074534162,0.010215390048485127,0.9514285714285714,
segment,gradient descent,107,182,0.011813345088115046,0.9490683229813665,0.013872244306790517,0.9314285714285714,
segment,gradient descent,107,183,0.012045953402872586,0.9453416149068323,0.015400551058255314,0.9285714285714286,
segment,gradient descent,107,184,0.006672828590008763,0.9720496894409938,0.010674262869452443,0.9485714285714286,
segment,gradient descent,107,185,0.005607260239126419,0.9751552795031055,0.009766205025952837,0.9542857142857143,
segment,gradient descent,107,186,0.006094264439432814,0.9732919254658385,0.0102132536868258,0.9542857142857143,
segment,gradient descent,107,187,0.0056260690941258235,0.9770186335403727,0.009885525699249848,0.9542857142857143,
segment,gradient descent,107,188,0.00903410346451883,0.9602484472049689,0.011890886902885325,0.9457142857142857,
segment,gradient descent,107,189,0.005976767984251888,0.9714285714285714,0.010291027266189736,0.9542857142857143,
segment,gradient descent,107,190,0.007224100817002843,0.9714285714285714,0.011593626148584014,0.9542857142857143,
segment,gradient descent,107,191,0.005613607211512709,0.9739130434782609,0.009889679373214739,0.9542857142857143,
segment,gradient descent,107,192,0.005462488382004045,0.9763975155279503,0.00981016499726678,0.9571428571428572,
segment,gradient descent,107,193,0.006008009450072753,0.9714285714285714,0.010303970166919368,0.9514285714285714,
segment,gradient descent,107,194,0.005346986713108124,0.9795031055900622,0.009736693043053303,0.9542857142857143,
segment,gradient descent,107,195,0.005645298916241759,0.9757763975155279,0.010032658936913623,0.9571428571428572,
segment,gradient descent,107,196,0.00581433406410934,0.9720496894409938,0.010215871439079942,0.9542857142857143,
segment,gradient descent,107,197,0.005444591556697674,0.9751552795031055,0.00962069301871072,0.9571428571428572,
segment,gradient descent,107,198,0.0053534411225561,0.9770186335403727,0.009792597950914689,0.9542857142857143,
segment,gradient descent,107,199,0.005275463591614834,0.9770186335403727,0.009605740888607172,0.9571428571428572,
segment,gradient descent,107,200,0.005755689600304832,0.9763975155279503,0.00938850270172003,0.9542857142857143,
segment,gradient descent,107,201,0.006816313295177954,0.9726708074534162,0.01071935240818421,0.9428571428571428,
segment,gradient descent,107,202,0.01638352745471724,0.9273291925465839,0.01915372752693173,0.92,
segment,gradient descent,107,203,0.005223825159991271,0.977639751552795,0.00946112283106183,0.9571428571428572,
segment,gradient descent,107,204,0.005230370886165716,0.9782608695652174,0.009670656651856378,0.9571428571428572,
segment,gradient descent,107,205,0.005132912265794075,0.9801242236024845,0.009498456947708558,0.9571428571428572,
segment,gradient descent,107,206,0.011064564545278667,0.94472049689441,0.014882969229633527,0.9285714285714286,
segment,gradient descent,107,207,0.005329918711618913,0.9751552795031055,0.00963008407729722,0.9542857142857143,
segment,gradient descent,107,208,0.0059243583396487,0.9739130434782609,0.010096346805976453,0.9457142857142857,
segment,gradient descent,107,209,0.0053132757417782865,0.9770186335403727,0.009658243329579866,0.9514285714285714,
segment,gradient descent,107,210,0.005096463254471411,0.977639751552795,0.00963797819423594,0.9542857142857143,
segment,gradient descent,107,211,0.005363680312710487,0.9770186335403727,0.009821343806204525,0.9514285714285714,
segment,gradient descent,107,212,0.00595941178614831,0.9714285714285714,0.009930455101179379,0.9514285714285714,
segment,gradient descent,107,213,0.005037791621344292,0.9795031055900622,0.00941337460760293,0.9542857142857143,
segment,gradient descent,107,214,0.005268582398721219,0.977639751552795,0.00969524810592118,0.9571428571428572,
segment,gradient descent,107,215,0.005041828246600981,0.9807453416149068,0.009628297254678576,0.9542857142857143,
segment,gradient descent,107,216,0.004965800180267695,0.9788819875776398,0.009587165396916132,0.9542857142857143,
segment,gradient descent,107,217,0.007329317497000959,0.9652173913043478,0.011726987720127058,0.9485714285714286,
segment,gradient descent,107,218,0.004937787892017284,0.9788819875776398,0.009483689415979931,0.9571428571428572,
segment,gradient descent,107,219,0.005263107385512636,0.9782608695652174,0.009668568921741203,0.9542857142857143,
segment,gradient descent,107,220,0.00495394993847081,0.9782608695652174,0.009583855376261,0.9542857142857143,
segment,gradient descent,107,221,0.005305179348333733,0.9770186335403727,0.009445320711048996,0.9542857142857143,
segment,gradient descent,107,222,0.005366200343440492,0.977639751552795,0.00960224909314654,0.9485714285714286,
segment,gradient descent,107,223,0.009625216154620005,0.9546583850931677,0.013950393086471329,0.9314285714285714,
segment,gradient descent,107,224,0.004841591863403026,0.9807453416149068,0.009384937255211471,0.9542857142857143,
segment,gradient descent,107,225,0.005193739129321399,0.9782608695652174,0.009432303310114208,0.96,
segment,gradient descent,107,226,0.0046337293222741315,0.9826086956521739,0.009271067773964617,0.9571428571428572,
segment,gradient descent,107,227,0.009389192111720988,0.9614906832298137,0.01248911623388286,0.9514285714285714,
segment,gradient descent,107,228,0.005006237761485691,0.9795031055900622,0.009204198443662746,0.9571428571428572,
segment,gradient descent,107,229,0.004795171297520652,0.9807453416149068,0.009209275645983585,0.9571428571428572,
segment,gradient descent,107,230,0.0045234497567796985,0.9826086956521739,0.008995003462799288,0.9542857142857143,
segment,gradient descent,107,231,0.008816731242425536,0.9559006211180124,0.013004557367371286,0.9428571428571428,
segment,gradient descent,107,232,0.005134546834364947,0.9819875776397515,0.009349945818645788,0.9571428571428572,
segment,gradient descent,107,233,0.004639284055230506,0.9801242236024845,0.009054321771656689,0.9628571428571429,
segment,gradient descent,107,234,0.005474517852757008,0.9801242236024845,0.009835505910247278,0.9628571428571429,
segment,gradient descent,107,235,0.004522448230427004,0.9826086956521739,0.009090852063477501,0.96,
segment,gradient descent,107,236,0.005777032231992252,0.9795031055900622,0.009927565842508819,0.96,
segment,gradient descent,107,237,0.004637569545090351,0.9788819875776398,0.009125822676753782,0.9571428571428572,
segment,gradient descent,107,238,0.004564319509682819,0.9813664596273292,0.008846839521044076,0.9657142857142857,
segment,gradient descent,107,239,0.004455712792438143,0.9813664596273292,0.008844501335802935,0.9628571428571429,
segment,gradient descent,107,240,0.012971286394431198,0.9397515527950311,0.016381962582316806,0.9257142857142857,
segment,gradient descent,107,241,0.004838111071406047,0.9801242236024845,0.009066000007601287,0.9542857142857143,
segment,gradient descent,107,242,0.006015834854724297,0.9770186335403727,0.010274430165761383,0.9514285714285714,
segment,gradient descent,107,243,0.00954313051566662,0.9527950310559006,0.013455114258707617,0.9342857142857143,
segment,gradient descent,107,244,0.004255847081853175,0.9838509316770186,0.008589859558547294,0.9628571428571429,
segment,gradient descent,107,245,0.0044930904694593125,0.9819875776397515,0.008574809982452794,0.9657142857142857,
segment,gradient descent,107,246,0.004194602512739697,0.9832298136645963,0.008458689487758147,0.9657142857142857,
segment,gradient descent,107,247,0.004166779910252776,0.984472049689441,0.008371351667267988,0.9628571428571429,
segment,gradient descent,107,248,0.006675778763427875,0.9695652173913043,0.00943512264585279,0.96,
segment,gradient descent,107,249,0.0041911727637496165,0.9850931677018634,0.00848047486927634,0.96,
segment,gradient descent,107,250,0.004084965507891453,0.984472049689441,0.008363069938362588,0.9657142857142857,
segment,gradient descent,107,251,0.004438930478245836,0.9826086956521739,0.00858874299521916,0.96,
segment,gradient descent,107,252,0.010050015885781614,0.9509316770186336,0.013942411921499946,0.9342857142857143,
segment,gradient descent,107,253,0.006142172604067286,0.970807453416149,0.010479475746443648,0.9542857142857143,
segment,gradient descent,107,254,0.004821624826803864,0.9801242236024845,0.008970456533374891,0.96,
segment,gradient descent,107,255,0.004050516043260995,0.9832298136645963,0.008442418227523658,0.9628571428571429,
segment,gradient descent,107,256,0.005136484220828285,0.9770186335403727,0.00942013995285948,0.9571428571428572,
segment,gradient descent,107,257,0.004020845375894363,0.9857142857142858,0.008385457867247521,0.9628571428571429,
segment,gradient descent,107,258,0.003976000063318979,0.984472049689441,0.008461293996767186,0.9657142857142857,
segment,gradient descent,107,259,0.006195391715943626,0.970807453416149,0.009910174462969682,0.9571428571428572,
segment,gradient descent,107,260,0.004201387966831294,0.9813664596273292,0.008534835647655892,0.96,
segment,gradient descent,107,261,0.003933952368408927,0.9850931677018634,0.008150658656455659,0.9685714285714285,
segment,gradient descent,107,262,0.004502808904264284,0.9813664596273292,0.00878089848583462,0.9628571428571429,
segment,gradient descent,107,263,0.0040247230229731885,0.9832298136645963,0.00840992989378883,0.9657142857142857,
segment,gradient descent,107,264,0.004126832571727383,0.9826086956521739,0.008655371365295064,0.9657142857142857,
segment,gradient descent,107,265,0.0043134488378493065,0.9795031055900622,0.008793066054890207,0.9628571428571429,
segment,gradient descent,107,266,0.004604348451862415,0.9807453416149068,0.008887152368256223,0.9571428571428572,
segment,gradient descent,107,267,0.0044128812630876224,0.9819875776397515,0.008419009599756447,0.9628571428571429,
segment,gradient descent,107,268,0.004137601890312161,0.984472049689441,0.008379252608058578,0.9657142857142857,
segment,gradient descent,107,269,0.005234128886031289,0.9813664596273292,0.009256302364532312,0.9657142857142857,
segment,gradient descent,107,270,0.004081686279783291,0.9826086956521739,0.008118887912428218,0.9657142857142857,
segment,gradient descent,107,271,0.003853450760657215,0.9857142857142858,0.008018214128151862,0.9685714285714285,
segment,gradient descent,107,272,0.003954671353013094,0.9832298136645963,0.008176411969883368,0.9685714285714285,
segment,gradient descent,107,273,0.007860154949664874,0.9633540372670808,0.01158261420603895,0.9514285714285714,
segment,gradient descent,107,274,0.0041230658903393695,0.9813664596273292,0.008180976858620464,0.9628571428571429,
segment,gradient descent,107,275,0.003968332198986602,0.9838509316770186,0.00841405009386491,0.9628571428571429,
segment,gradient descent,107,276,0.004353177871892871,0.9807453416149068,0.00821353745050165,0.9628571428571429,
segment,gradient descent,107,277,0.004161690518339445,0.9826086956521739,0.008549633067906869,0.9657142857142857,
segment,gradient descent,107,278,0.0119431715049279,0.9472049689440993,0.01499618561161221,0.9285714285714286,
segment,gradient descent,107,279,0.004706435227157422,0.9826086956521739,0.008715467253983441,0.9657142857142857,
segment,gradient descent,107,280,0.0037427754880500767,0.984472049689441,0.008038082609690713,0.9685714285714285,
segment,gradient descent,107,281,0.003944938646580001,0.9819875776397515,0.008128048880857951,0.9657142857142857,
segment,gradient descent,107,282,0.0039490936623199115,0.9838509316770186,0.008011389327486266,0.9685714285714285,
segment,gradient descent,107,283,0.0038265510613398877,0.984472049689441,0.008136497876045177,0.9742857142857143,
segment,gradient descent,107,284,0.0038028584295171815,0.9832298136645963,0.008003838255841635,0.9685714285714285,
segment,gradient descent,107,285,0.0058083900913457305,0.9720496894409938,0.010247479001621368,0.9514285714285714,
segment,gradient descent,107,286,0.0038284657315831314,0.9838509316770186,0.008202136923474974,0.9628571428571429,
segment,gradient descent,107,287,0.003816800935611894,0.9838509316770186,0.00809191357122012,0.9714285714285714,
segment,gradient descent,107,288,0.011348967614502166,0.9490683229813665,0.014919690331045428,0.9371428571428572,
segment,gradient descent,107,289,0.0037107894753650567,0.984472049689441,0.007949550266917616,0.9685714285714285,
segment,gradient descent,107,290,0.011380067530618604,0.9496894409937888,0.014016714656486259,0.94,
segment,gradient descent,107,291,0.004090823933158572,0.9819875776397515,0.008268448718676913,0.9628571428571429,
segment,gradient descent,107,292,0.003986103475215577,0.9819875776397515,0.008365887672638211,0.9628571428571429,
segment,gradient descent,107,293,0.003957157340062888,0.9826086956521739,0.008372287942082942,0.9628571428571429,
segment,gradient descent,107,294,0.003660664623883305,0.9838509316770186,0.007814094596641147,0.9657142857142857,
segment,gradient descent,107,295,0.0038478559351294694,0.9826086956521739,0.008211283932222915,0.9657142857142857,
segment,gradient descent,107,296,0.0038930512003362817,0.9838509316770186,0.007937102122999317,0.9657142857142857,
segment,gradient descent,107,297,0.00377274697927896,0.9826086956521739,0.008051020696308728,0.9628571428571429,
segment,gradient descent,107,298,0.003602507024196427,0.984472049689441,0.007995802921936959,0.9657142857142857,
segment,gradient descent,107,299,0.003760980394329254,0.984472049689441,0.008250882856681074,0.9685714285714285,
segment,gradient descent,107,300,0.003569575990205067,0.984472049689441,0.007952314370062117,0.9657142857142857,
segment,gradient descent,107,301,0.0064665963644142425,0.9701863354037267,0.009595507402294591,0.9571428571428572,
segment,gradient descent,107,302,0.005916385829533544,0.9795031055900622,0.009820793454071016,0.9542857142857143,
segment,gradient descent,107,303,0.004403564726871389,0.9788819875776398,0.008051705704412876,0.9628571428571429,
segment,gradient descent,107,304,0.0035632906265401247,0.984472049689441,0.007957870566325645,0.9685714285714285,
segment,gradient descent,107,305,0.004190751829431569,0.9813664596273292,0.008749686959992658,0.9628571428571429,
segment,gradient descent,107,306,0.009634160539597666,0.9552795031055901,0.013253037897413954,0.9371428571428572,
segment,gradient descent,107,307,0.004673664319690475,0.9801242236024845,0.008130244321524809,0.9685714285714285,
segment,gradient descent,107,308,0.004582936744762632,0.9795031055900622,0.009072894590791466,0.9628571428571429,
segment,gradient descent,107,309,0.0035181495954397474,0.9850931677018634,0.007854427729313895,0.9714285714285714,
segment,gradient descent,107,310,0.0036242827676265057,0.9838509316770186,0.008082414666704067,0.9657142857142857,
segment,gradient descent,107,311,0.0038454989977874366,0.9832298136645963,0.008253414144691188,0.9657142857142857,
segment,gradient descent,107,312,0.00345979073369677,0.9850931677018634,0.007794840121042407,0.9685714285714285,
segment,gradient descent,107,313,0.003493569446840539,0.9857142857142858,0.007834416323027124,0.9657142857142857,
segment,gradient descent,107,314,0.0034454862473429037,0.9850931677018634,0.0077536362876495365,0.9685714285714285,
segment,gradient descent,107,315,0.0035582872703422254,0.9838509316770186,0.007744459102875196,0.9685714285714285,
segment,gradient descent,107,316,0.0035978753050792097,0.984472049689441,0.007979721813755383,0.9657142857142857,
segment,gradient descent,107,317,0.0034171567238002144,0.9857142857142858,0.007747753670952817,0.9685714285714285,
segment,gradient descent,107,318,0.003615139557555259,0.984472049689441,0.00796871026655021,0.9685714285714285,
segment,gradient descent,107,319,0.004257266277907892,0.9826086956521739,0.008972083949010152,0.9628571428571429,
segment,gradient descent,107,320,0.004328281889584038,0.9807453416149068,0.008574636229802373,0.96,
segment,gradient descent,107,321,0.003432291019015259,0.9838509316770186,0.0076070284583733975,0.9685714285714285,
segment,gradient descent,107,322,0.003751296566006842,0.9838509316770186,0.008132738912146699,0.9628571428571429,
segment,gradient descent,107,323,0.003407088685968635,0.986335403726708,0.0077847241371282825,0.9685714285714285,
segment,gradient descent,107,324,0.003560515435937811,0.984472049689441,0.007673796345977065,0.9714285714285714,
segment,gradient descent,107,325,0.0038774069071160914,0.9850931677018634,0.008482570147037202,0.9657142857142857,
segment,gradient descent,107,326,0.003484700314937428,0.9838509316770186,0.007715989807627602,0.9714285714285714,
segment,gradient descent,107,327,0.003423244198576181,0.9857142857142858,0.007822042074286975,0.9628571428571429,
segment,gradient descent,107,328,0.00478749119163693,0.9795031055900622,0.008363295799731732,0.9571428571428572,
segment,gradient descent,107,329,0.003458375034996165,0.9838509316770186,0.007773567597638325,0.9685714285714285,
segment,gradient descent,107,330,0.0033911814976097447,0.984472049689441,0.007746057165866843,0.9714285714285714,
segment,gradient descent,107,331,0.003674298132210367,0.984472049689441,0.007849906010275258,0.9657142857142857,
segment,gradient descent,107,332,0.0033283339786122864,0.9857142857142858,0.0077233492961522555,0.9714285714285714,
segment,gradient descent,107,333,0.0037978054794640622,0.9813664596273292,0.008308170280147919,0.9628571428571429,
segment,gradient descent,107,334,0.003673247688740472,0.9850931677018634,0.00774886130592212,0.9657142857142857,
segment,gradient descent,107,335,0.0034527388609049857,0.9826086956521739,0.007660459605087796,0.9685714285714285,
segment,gradient descent,107,336,0.0033326608549064138,0.9850931677018634,0.007665864433339835,0.9685714285714285,
segment,gradient descent,107,337,0.0032828835749221584,0.9850931677018634,0.007669795413927008,0.9685714285714285,
segment,gradient descent,107,338,0.003489840199171469,0.984472049689441,0.00793491211695838,0.9657142857142857,
segment,gradient descent,107,339,0.0035802555152621984,0.9838509316770186,0.008172993754801391,0.9657142857142857,
segment,gradient descent,107,340,0.0034428998105890934,0.984472049689441,0.0076099100565591975,0.9685714285714285,
segment,gradient descent,107,341,0.003315488641811787,0.9850931677018634,0.007699078620575411,0.9685714285714285,
segment,gradient descent,107,342,0.0033124276402532312,0.9857142857142858,0.007811592028819968,0.9657142857142857,
segment,gradient descent,107,343,0.003656059789738349,0.9832298136645963,0.007805158540367936,0.9685714285714285,
segment,gradient descent,107,344,0.003297045318613625,0.9857142857142858,0.007602486058477268,0.9714285714285714,
segment,gradient descent,107,345,0.010572012263075305,0.9527950310559006,0.013621401500577742,0.9342857142857143,
segment,gradient descent,107,346,0.003594115413096601,0.9826086956521739,0.007822345881576724,0.9657142857142857,
segment,gradient descent,107,347,0.0037729873650403797,0.984472049689441,0.007735980435557131,0.9685714285714285,
segment,gradient descent,107,348,0.003689017852583657,0.9832298136645963,0.007819159482991868,0.9685714285714285,
segment,gradient descent,107,349,0.00340742937757384,0.9850931677018634,0.00760524855178532,0.9742857142857143,
segment,gradient descent,107,350,0.0038591934530277064,0.9832298136645963,0.008532753574394907,0.9628571428571429,
segment,gradient descent,108,1,0.08992237082111211,0.5260869565217391,0.08988320064013898,0.5114285714285715,
segment,gradient descent,108,2,0.07297317026067036,0.6254658385093168,0.07325285291041063,0.6142857142857143,
segment,gradient descent,108,3,0.06969760213870492,0.6850931677018633,0.06797614947356741,0.7,
segment,gradient descent,108,4,0.05177525991149227,0.7795031055900621,0.05299655595450602,0.7857142857142857,
segment,gradient descent,108,5,0.041862254327994806,0.8105590062111802,0.04183139883417895,0.7971428571428572,
segment,gradient descent,108,6,0.035852897464476376,0.815527950310559,0.0368675735185468,0.8028571428571428,
segment,gradient descent,108,7,0.03356341345573857,0.8614906832298137,0.03525043606521744,0.8514285714285714,
segment,gradient descent,108,8,0.024715528226954372,0.9236024844720497,0.025625401309371267,0.9171428571428571,
segment,gradient descent,108,9,0.022614602314221348,0.9236024844720497,0.02423800162028655,0.9057142857142857,
segment,gradient descent,108,10,0.021031901436929932,0.9130434782608695,0.022465475759677982,0.9114285714285715,
segment,gradient descent,108,11,0.044568111651395716,0.8211180124223603,0.047341136457839945,0.8,
segment,gradient descent,108,12,0.018861973119485245,0.9267080745341615,0.020046637437430036,0.9114285714285715,
segment,gradient descent,108,13,0.024108742137261233,0.886335403726708,0.024940573573468724,0.8914285714285715,
segment,gradient descent,108,14,0.017879875499250405,0.9279503105590062,0.019465671510176478,0.9114285714285715,
segment,gradient descent,108,15,0.021956437196624247,0.9037267080745341,0.023249835768046102,0.9028571428571428,
segment,gradient descent,108,16,0.02095255758985287,0.9149068322981366,0.023844019075010794,0.8885714285714286,
segment,gradient descent,108,17,0.017572931202280165,0.9285714285714286,0.019191357541467016,0.92,
segment,gradient descent,108,18,0.017452595017826616,0.924223602484472,0.018862804923749286,0.92,
segment,gradient descent,108,19,0.017215915091575575,0.9298136645962732,0.018893683047844213,0.9257142857142857,
segment,gradient descent,108,20,0.01581831375713469,0.9347826086956522,0.017414394075708932,0.9257142857142857,
segment,gradient descent,108,21,0.015108148610517956,0.9385093167701863,0.017342930807683128,0.92,
segment,gradient descent,108,22,0.014854959254761322,0.9372670807453416,0.016799186532137845,0.9228571428571428,
segment,gradient descent,108,23,0.021286284992991702,0.915527950310559,0.024771384987108236,0.9228571428571428,
segment,gradient descent,108,24,0.016998765349435938,0.9354037267080745,0.01981350329977688,0.9285714285714286,
segment,gradient descent,108,25,0.015590654055889882,0.9329192546583851,0.017532886126188654,0.9257142857142857,
segment,gradient descent,108,26,0.01610712361237491,0.9416149068322981,0.017991777113899404,0.9314285714285714,
segment,gradient descent,108,27,0.01382567606317815,0.9422360248447205,0.01613970025544285,0.9342857142857143,
segment,gradient descent,108,28,0.01397193210149199,0.9366459627329192,0.015934490199665287,0.9257142857142857,
segment,gradient descent,108,29,0.014928855894757722,0.9372670807453416,0.016617461718008184,0.9257142857142857,
segment,gradient descent,108,30,0.015272233237703941,0.9347826086956522,0.01666001378563071,0.9285714285714286,
segment,gradient descent,108,31,0.013709756180162909,0.937888198757764,0.015616760112654603,0.9257142857142857,
segment,gradient descent,108,32,0.013766504835685117,0.9372670807453416,0.015699987646825384,0.9285714285714286,
segment,gradient descent,108,33,0.01328098749528426,0.9490683229813665,0.015908012673469373,0.9342857142857143,
segment,gradient descent,108,34,0.013217786205998951,0.937888198757764,0.015114573691440727,0.9285714285714286,
segment,gradient descent,108,35,0.013273142740939381,0.9391304347826087,0.01543768911717842,0.9257142857142857,
segment,gradient descent,108,36,0.0186090369939902,0.9198757763975155,0.02180623878718031,0.9114285714285715,
segment,gradient descent,108,37,0.017522346244950936,0.922360248447205,0.020822770694141745,0.9085714285714286,
segment,gradient descent,108,38,0.013473834642448376,0.9366459627329192,0.015429248767165697,0.9285714285714286,
segment,gradient descent,108,39,0.012075370180428627,0.9459627329192547,0.014487014588537152,0.9342857142857143,
segment,gradient descent,108,40,0.013583958457688325,0.9403726708074535,0.01658937585327352,0.9257142857142857,
segment,gradient descent,108,41,0.011917747915780803,0.9503105590062112,0.014890100028835616,0.9342857142857143,
segment,gradient descent,108,42,0.011752235005423809,0.9472049689440993,0.014257668697496293,0.9314285714285714,
segment,gradient descent,108,43,0.011873471163791446,0.9434782608695652,0.014405752083893941,0.9314285714285714,
segment,gradient descent,108,44,0.012930254137150609,0.9465838509316771,0.015481661372586821,0.9342857142857143,
segment,gradient descent,108,45,0.01734541220750473,0.9217391304347826,0.019353481547446438,0.92,
segment,gradient descent,108,46,0.011672597188661909,0.94472049689441,0.014122470423159932,0.9314285714285714,
segment,gradient descent,108,47,0.011014684196784072,0.9509316770186336,0.013774702344604962,0.9371428571428572,
segment,gradient descent,108,48,0.01335800370300265,0.9385093167701863,0.015417906445906557,0.9371428571428572,
segment,gradient descent,108,49,0.012779431620146593,0.9372670807453416,0.014885119066373154,0.9314285714285714,
segment,gradient descent,108,50,0.012091047370437636,0.94472049689441,0.014601267315903832,0.9285714285714286,
segment,gradient descent,108,51,0.010933759433465157,0.9527950310559006,0.014031505304755366,0.94,
segment,gradient descent,108,52,0.011585579886901586,0.9459627329192547,0.014026534801680705,0.9342857142857143,
segment,gradient descent,108,53,0.014276095736113317,0.9335403726708075,0.016047988897280548,0.9314285714285714,
segment,gradient descent,108,54,0.010505038194133466,0.9521739130434783,0.013463555599054681,0.9428571428571428,
segment,gradient descent,108,55,0.012133737962863305,0.9397515527950311,0.015215086090430376,0.9314285714285714,
segment,gradient descent,108,56,0.011338760829034152,0.9490683229813665,0.014066252123021967,0.9314285714285714,
segment,gradient descent,108,57,0.011352384298676847,0.9515527950310559,0.014010493081824402,0.9342857142857143,
segment,gradient descent,108,58,0.010898371154348257,0.9515527950310559,0.013721296293659212,0.9371428571428572,
segment,gradient descent,108,59,0.010742985580684056,0.9490683229813665,0.013495286938339455,0.9285714285714286,
segment,gradient descent,108,60,0.010220732113941524,0.953416149068323,0.013316774689253113,0.9428571428571428,
segment,gradient descent,108,61,0.012744487227140843,0.9372670807453416,0.015930162465477505,0.9371428571428572,
segment,gradient descent,108,62,0.012030702502418372,0.9478260869565217,0.0144523850422077,0.94,
segment,gradient descent,108,63,0.013613052264892017,0.9440993788819876,0.016917356014853425,0.9342857142857143,
segment,gradient descent,108,64,0.010247019974059551,0.9515527950310559,0.013381835225316148,0.9428571428571428,
segment,gradient descent,108,65,0.010344142280600222,0.9503105590062112,0.013323405828652525,0.9342857142857143,
segment,gradient descent,108,66,0.011197263029167676,0.9484472049689441,0.014415881916380366,0.9371428571428572,
segment,gradient descent,108,67,0.011154962842506173,0.9472049689440993,0.013834771468688133,0.9371428571428572,
segment,gradient descent,108,68,0.01026214041955655,0.9515527950310559,0.012986770555159434,0.9342857142857143,
segment,gradient descent,108,69,0.009743197849580434,0.953416149068323,0.01285976066484431,0.9428571428571428,
segment,gradient descent,108,70,0.011395647456321675,0.94472049689441,0.013899007554257745,0.9371428571428572,
segment,gradient descent,108,71,0.010427579849903024,0.9509316770186336,0.013114375896301694,0.9371428571428572,
segment,gradient descent,108,72,0.010702034891973435,0.9478260869565217,0.013799113779320044,0.9342857142857143,
segment,gradient descent,108,73,0.009738198389746657,0.9521739130434783,0.012992107917954451,0.94,
segment,gradient descent,108,74,0.009463717319598238,0.9552795031055901,0.012657244018974322,0.9428571428571428,
segment,gradient descent,108,75,0.00961552664062768,0.9546583850931677,0.012741272747808955,0.9428571428571428,
segment,gradient descent,108,76,0.011853290195054305,0.9428571428571428,0.01479025656642667,0.9342857142857143,
segment,gradient descent,108,77,0.015369999167835196,0.9322981366459627,0.018450513352278593,0.92,
segment,gradient descent,108,78,0.01002608729096828,0.9503105590062112,0.013184597213736864,0.9342857142857143,
segment,gradient descent,108,79,0.011684317258090271,0.9459627329192547,0.014055370736604072,0.9342857142857143,
segment,gradient descent,108,80,0.009969740691735608,0.9515527950310559,0.0129009444104802,0.9342857142857143,
segment,gradient descent,108,81,0.010353124354463682,0.9540372670807453,0.013308778423313832,0.9342857142857143,
segment,gradient descent,108,82,0.010313749282031983,0.9515527950310559,0.013618617886371259,0.9371428571428572,
segment,gradient descent,108,83,0.009487442719565004,0.9577639751552796,0.012818869259101815,0.94,
segment,gradient descent,108,84,0.009086285563466185,0.9559006211180124,0.012458348186211483,0.9371428571428572,
segment,gradient descent,108,85,0.022696921010872766,0.9006211180124224,0.025343890707427506,0.8885714285714286,
segment,gradient descent,108,86,0.009695889885079462,0.9521739130434783,0.013069344199623939,0.94,
segment,gradient descent,108,87,0.013162044654461875,0.9422360248447205,0.01523839845953343,0.9428571428571428,
segment,gradient descent,108,88,0.008996601932547628,0.9577639751552796,0.012346560219313272,0.94,
segment,gradient descent,108,89,0.009062182572710157,0.9571428571428572,0.012386145985702321,0.94,
segment,gradient descent,108,90,0.010025774659912978,0.9546583850931677,0.013550618888462505,0.9371428571428572,
segment,gradient descent,108,91,0.008789531444810275,0.9608695652173913,0.012156592322673623,0.94,
segment,gradient descent,108,92,0.009003634659111555,0.9596273291925466,0.012572779143730388,0.94,
segment,gradient descent,108,93,0.011727710635674155,0.9490683229813665,0.013912495761057216,0.9428571428571428,
segment,gradient descent,108,94,0.008652209427802694,0.9608695652173913,0.012101831707730413,0.9428571428571428,
segment,gradient descent,108,95,0.009798331155827723,0.953416149068323,0.01269667626013575,0.9314285714285714,
segment,gradient descent,108,96,0.013855688516894851,0.9322981366459627,0.016927748824566026,0.92,
segment,gradient descent,108,97,0.00900540164880084,0.9614906832298137,0.01208552379878345,0.9428571428571428,
segment,gradient descent,108,98,0.00910871192523973,0.9583850931677018,0.012497484005595978,0.94,
segment,gradient descent,108,99,0.008788206113381634,0.9602484472049689,0.012167387484251575,0.9342857142857143,
segment,gradient descent,108,100,0.010487611696353774,0.9527950310559006,0.013944644921101711,0.9342857142857143,
segment,gradient descent,108,101,0.008995017826837272,0.962111801242236,0.012164528805918532,0.9342857142857143,
segment,gradient descent,108,102,0.009710838130103943,0.9546583850931677,0.012982732168547154,0.94,
segment,gradient descent,108,103,0.008322446070628512,0.9633540372670808,0.011511814578913414,0.9428571428571428,
segment,gradient descent,108,104,0.008239158658256656,0.9639751552795031,0.011770920198483826,0.94,
segment,gradient descent,108,105,0.009011017318403229,0.9596273291925466,0.011997634245102867,0.9371428571428572,
segment,gradient descent,108,106,0.009107216883414794,0.9614906832298137,0.012515686614342174,0.9371428571428572,
segment,gradient descent,108,107,0.008554022857547416,0.962111801242236,0.011625732277235271,0.9428571428571428,
segment,gradient descent,108,108,0.011371249812181282,0.9515527950310559,0.013370057460216765,0.9457142857142857,
segment,gradient descent,108,109,0.008558392665357982,0.9633540372670808,0.012340960388986012,0.9371428571428572,
segment,gradient descent,108,110,0.007974596254914765,0.9639751552795031,0.011658561769388964,0.94,
segment,gradient descent,108,111,0.007814909617809925,0.9677018633540373,0.011574325037452912,0.9428571428571428,
segment,gradient descent,108,112,0.009706818239534265,0.9565217391304348,0.012319196419931915,0.9514285714285714,
segment,gradient descent,108,113,0.007704743429096775,0.9670807453416149,0.011347055639260435,0.9457142857142857,
segment,gradient descent,108,114,0.009207203637906149,0.9577639751552796,0.012362397599412362,0.9428571428571428,
segment,gradient descent,108,115,0.007705537508180541,0.9658385093167702,0.011401416213873783,0.9457142857142857,
segment,gradient descent,108,116,0.021711052516801284,0.908695652173913,0.02435250403855039,0.9085714285714286,
segment,gradient descent,108,117,0.0075199231783765405,0.9683229813664597,0.011242669936199766,0.9457142857142857,
segment,gradient descent,108,118,0.007663470880314054,0.9683229813664597,0.011461596156177981,0.9485714285714286,
segment,gradient descent,108,119,0.007307206268292324,0.9695652173913043,0.011039065547593858,0.9485714285714286,
segment,gradient descent,108,120,0.007341180428545473,0.9664596273291925,0.011220223128227584,0.9485714285714286,
segment,gradient descent,108,121,0.007624721291025925,0.9670807453416149,0.011132509694386939,0.9514285714285714,
segment,gradient descent,108,122,0.007222539145295286,0.968944099378882,0.01105803245790963,0.9514285714285714,
segment,gradient descent,108,123,0.00795508376909162,0.9664596273291925,0.011706700695002766,0.9428571428571428,
segment,gradient descent,108,124,0.007165872449694902,0.9677018633540373,0.010880968006109975,0.9514285714285714,
segment,gradient descent,108,125,0.007331306240586899,0.968944099378882,0.010844563246326756,0.9485714285714286,
segment,gradient descent,108,126,0.007016572891093718,0.968944099378882,0.010791615508688837,0.9514285714285714,
segment,gradient descent,108,127,0.008199940356585023,0.9701863354037267,0.011624939153924489,0.9457142857142857,
segment,gradient descent,108,128,0.012992967602451689,0.9360248447204969,0.01657145945495498,0.92,
segment,gradient descent,108,129,0.007742576913375927,0.9664596273291925,0.010972903206918379,0.9485714285714286,
segment,gradient descent,108,130,0.009561714624644967,0.9552795031055901,0.012144758046471306,0.9485714285714286,
segment,gradient descent,108,131,0.007067129083467072,0.970807453416149,0.01061374985694052,0.9514285714285714,
segment,gradient descent,108,132,0.010147924227817682,0.9583850931677018,0.01271954327607622,0.9428571428571428,
segment,gradient descent,108,133,0.010494551283340396,0.9472049689440993,0.01393122928202753,0.9428571428571428,
segment,gradient descent,108,134,0.008582341973635414,0.9590062111801242,0.012249451646114786,0.9457142857142857,
segment,gradient descent,108,135,0.007769639999230574,0.968944099378882,0.012191161588796202,0.9428571428571428,
segment,gradient descent,108,136,0.007241428565792572,0.9695652173913043,0.011153957848251015,0.9514285714285714,
segment,gradient descent,108,137,0.012456631739873034,0.9391304347826087,0.015752922550212562,0.92,
segment,gradient descent,108,138,0.013863820808338607,0.9329192546583851,0.017218968271012415,0.9171428571428571,
segment,gradient descent,108,139,0.0066568434263829905,0.9726708074534162,0.010075839839232088,0.9514285714285714,
segment,gradient descent,108,140,0.006678632270262994,0.9726708074534162,0.010666532561771183,0.9542857142857143,
segment,gradient descent,108,141,0.006812564192582559,0.970807453416149,0.010166254372647777,0.9542857142857143,
segment,gradient descent,108,142,0.006359194022935631,0.9726708074534162,0.010347997421624507,0.9542857142857143,
segment,gradient descent,108,143,0.0068549994089624105,0.9714285714285714,0.010681657138384586,0.9514285714285714,
segment,gradient descent,108,144,0.006325724838811088,0.9739130434782609,0.0101075225563087,0.9514285714285714,
segment,gradient descent,108,145,0.0064535102779400555,0.9720496894409938,0.010242536202670235,0.9542857142857143,
segment,gradient descent,108,146,0.007122419935780313,0.9683229813664597,0.010301400157788302,0.9485714285714286,
segment,gradient descent,108,147,0.006371171815987276,0.9714285714285714,0.010109933915210841,0.9514285714285714,
segment,gradient descent,108,148,0.006170176694179203,0.9739130434782609,0.009792573631437802,0.9542857142857143,
segment,gradient descent,108,149,0.007298970763971835,0.968944099378882,0.010988242293110748,0.9514285714285714,
segment,gradient descent,108,150,0.011094028447910718,0.9509316770186336,0.01294405871165546,0.9457142857142857,
segment,gradient descent,108,151,0.014553243490596009,0.9285714285714286,0.017602506886975903,0.9171428571428571,
segment,gradient descent,108,152,0.01314142333924394,0.9366459627329192,0.015895403670180355,0.92,
segment,gradient descent,108,153,0.00608840575716153,0.9745341614906833,0.009915525530073984,0.9514285714285714,
segment,gradient descent,108,154,0.005990718555562601,0.9745341614906833,0.009792334445767976,0.9542857142857143,
segment,gradient descent,108,155,0.005949801624347458,0.9757763975155279,0.009783434235107693,0.9542857142857143,
segment,gradient descent,108,156,0.006936758295582495,0.970807453416149,0.010932753616094665,0.9514285714285714,
segment,gradient descent,108,157,0.006702435044704967,0.9695652173913043,0.010618723407280692,0.9514285714285714,
segment,gradient descent,108,158,0.007597713452395994,0.9627329192546584,0.011115179073708912,0.9485714285714286,
segment,gradient descent,108,159,0.006013354019479481,0.9745341614906833,0.009948197389536919,0.9542857142857143,
segment,gradient descent,108,160,0.00952666486110198,0.953416149068323,0.013140090759478619,0.9457142857142857,
segment,gradient descent,108,161,0.006458075438794724,0.9720496894409938,0.009922070541586432,0.9514285714285714,
segment,gradient descent,108,162,0.005966105548597083,0.9732919254658385,0.010028342119175923,0.9542857142857143,
segment,gradient descent,108,163,0.007759669163670504,0.9645962732919254,0.011299354711584548,0.9514285714285714,
segment,gradient descent,108,164,0.0058922046127166785,0.9720496894409938,0.009409882177015627,0.9542857142857143,
segment,gradient descent,108,165,0.005753421702727956,0.9751552795031055,0.00971022156729307,0.9514285714285714,
segment,gradient descent,108,166,0.006158826773536286,0.9745341614906833,0.009914963103311877,0.9571428571428572,
segment,gradient descent,108,167,0.005655824911876041,0.9770186335403727,0.00949581358180247,0.9571428571428572,
segment,gradient descent,108,168,0.005727902013737475,0.9751552795031055,0.009669323695778742,0.9514285714285714,
segment,gradient descent,108,169,0.0060776450988507475,0.9732919254658385,0.009786020725447882,0.9514285714285714,
segment,gradient descent,108,170,0.006248931006861222,0.9732919254658385,0.009833764060045037,0.9571428571428572,
segment,gradient descent,108,171,0.006290906945142761,0.9720496894409938,0.010011626740934197,0.9571428571428572,
segment,gradient descent,108,172,0.007121157767861149,0.9670807453416149,0.010555353499470638,0.9485714285714286,
segment,gradient descent,108,173,0.005902603600047024,0.9726708074534162,0.010021964713485857,0.9542857142857143,
segment,gradient descent,108,174,0.007022614613204608,0.9683229813664597,0.01090455922785575,0.9514285714285714,
segment,gradient descent,108,175,0.009325173644746913,0.9503105590062112,0.012338054013596982,0.9485714285714286,
segment,gradient descent,108,176,0.006290174718919616,0.9720496894409938,0.010298793891366743,0.9542857142857143,
segment,gradient descent,108,177,0.0054862510359924765,0.9757763975155279,0.00950936785995213,0.9514285714285714,
segment,gradient descent,108,178,0.013254859194209318,0.9440993788819876,0.014920171697269714,0.9371428571428572,
segment,gradient descent,108,179,0.0059963064365768405,0.9726708074534162,0.010154064288897969,0.9542857142857143,
segment,gradient descent,108,180,0.0176573189960629,0.9254658385093167,0.02012962881180998,0.9114285714285715,
segment,gradient descent,108,181,0.005618800761575461,0.977639751552795,0.009168703532691983,0.96,
segment,gradient descent,108,182,0.005373754131338448,0.9770186335403727,0.0092449180558421,0.9542857142857143,
segment,gradient descent,108,183,0.006110792608513948,0.9751552795031055,0.01016597960773492,0.9485714285714286,
segment,gradient descent,108,184,0.005517668726591161,0.9751552795031055,0.009693415411170251,0.9485714285714286,
segment,gradient descent,108,185,0.006288781693540395,0.970807453416149,0.009722670469370325,0.9514285714285714,
segment,gradient descent,108,186,0.005414119745464171,0.9788819875776398,0.009312728567755661,0.9571428571428572,
segment,gradient descent,108,187,0.005387691775921483,0.9782608695652174,0.00939182241222364,0.9542857142857143,
segment,gradient descent,108,188,0.005413224074027744,0.9782608695652174,0.00940759856453164,0.9542857142857143,
segment,gradient descent,108,189,0.005827967080466112,0.9745341614906833,0.010033529230925948,0.9571428571428572,
segment,gradient descent,108,190,0.005860612763455443,0.9757763975155279,0.009822494063792408,0.9571428571428572,
segment,gradient descent,108,191,0.005681865087535831,0.9732919254658385,0.009577036584084214,0.9514285714285714,
segment,gradient descent,108,192,0.005455080100810658,0.9739130434782609,0.009703564561893993,0.9542857142857143,
segment,gradient descent,108,193,0.005593674552770691,0.9757763975155279,0.009835344964230337,0.9514285714285714,
segment,gradient descent,108,194,0.005429117810650673,0.9757763975155279,0.009276397239333942,0.9514285714285714,
segment,gradient descent,108,195,0.005740195330014419,0.9751552795031055,0.009788243819161263,0.9514285714285714,
segment,gradient descent,108,196,0.005258095679077267,0.9757763975155279,0.00945370115362114,0.9514285714285714,
segment,gradient descent,108,197,0.006447107216811989,0.968944099378882,0.010509913502949083,0.9485714285714286,
segment,gradient descent,108,198,0.005326801070856753,0.9763975155279503,0.009526187218847234,0.9542857142857143,
segment,gradient descent,108,199,0.005405213988061132,0.9751552795031055,0.009499290321072764,0.9542857142857143,
segment,gradient descent,108,200,0.005173967199462185,0.9788819875776398,0.009221216164422005,0.9571428571428572,
segment,gradient descent,108,201,0.005839289491986753,0.9751552795031055,0.010052608185412842,0.9514285714285714,
segment,gradient descent,108,202,0.005258874564619038,0.9751552795031055,0.009737807389077507,0.9514285714285714,
segment,gradient descent,108,203,0.005189241043251109,0.9751552795031055,0.009651077938297462,0.9514285714285714,
segment,gradient descent,108,204,0.006180954126721914,0.9720496894409938,0.010085481561760605,0.9571428571428572,
segment,gradient descent,108,205,0.005148366544359931,0.9788819875776398,0.00924898699450012,0.9571428571428572,
segment,gradient descent,108,206,0.0051819257921337765,0.9770186335403727,0.009620626955876743,0.9571428571428572,
segment,gradient descent,108,207,0.010200722986496592,0.9521739130434783,0.012285073123192663,0.94,
segment,gradient descent,108,208,0.005098579197430958,0.9757763975155279,0.009346511919100723,0.9514285714285714,
segment,gradient descent,108,209,0.005282826323180073,0.9763975155279503,0.009521162808871218,0.9514285714285714,
segment,gradient descent,108,210,0.0050910769588855525,0.9770186335403727,0.00923849993488912,0.9542857142857143,
segment,gradient descent,108,211,0.005830404601721667,0.9732919254658385,0.010188835986230806,0.9571428571428572,
segment,gradient descent,108,212,0.005160246902962624,0.977639751552795,0.009463164481225703,0.9571428571428572,
segment,gradient descent,108,213,0.007431123470513751,0.9633540372670808,0.011312059170190219,0.9485714285714286,
segment,gradient descent,108,214,0.004985777044650022,0.9795031055900622,0.009121482063805074,0.96,
segment,gradient descent,108,215,0.005387098937834642,0.9751552795031055,0.009317894941915645,0.9571428571428572,
segment,gradient descent,108,216,0.0050580576762575815,0.9770186335403727,0.009030174946928649,0.9542857142857143,
segment,gradient descent,108,217,0.005296932962467983,0.9757763975155279,0.009592876977708421,0.9485714285714286,
segment,gradient descent,108,218,0.004953235923082939,0.9763975155279503,0.00915837890777114,0.9514285714285714,
segment,gradient descent,108,219,0.0050482318452812645,0.9757763975155279,0.009261979788540526,0.9542857142857143,
segment,gradient descent,108,220,0.005177568251999551,0.9751552795031055,0.009105392841850782,0.9542857142857143,
segment,gradient descent,108,221,0.004907458790921369,0.977639751552795,0.00908970608747883,0.9514285714285714,
segment,gradient descent,108,222,0.00803950558629773,0.9608695652173913,0.010588080467124858,0.9485714285714286,
segment,gradient descent,108,223,0.0053438505928223605,0.9714285714285714,0.009079817458663285,0.9542857142857143,
segment,gradient descent,108,224,0.005049358517832756,0.9770186335403727,0.009010287247340197,0.9514285714285714,
segment,gradient descent,108,225,0.013180236760819234,0.9372670807453416,0.016601822738642184,0.9285714285714286,
segment,gradient descent,108,226,0.007584845384979242,0.9639751552795031,0.010462024239810498,0.9485714285714286,
segment,gradient descent,108,227,0.004815688565114896,0.9782608695652174,0.00897545155453396,0.9514285714285714,
segment,gradient descent,108,228,0.004945313775968284,0.9788819875776398,0.009018241477103004,0.9571428571428572,
segment,gradient descent,108,229,0.005946567343685225,0.9695652173913043,0.009808265674136708,0.9485714285714286,
segment,gradient descent,108,230,0.005358814603904645,0.9757763975155279,0.00967580824811699,0.9542857142857143,
segment,gradient descent,108,231,0.00579781402432226,0.9726708074534162,0.010007798605645088,0.9571428571428572,
segment,gradient descent,108,232,0.005020612694195083,0.9763975155279503,0.009060648178265613,0.9542857142857143,
segment,gradient descent,108,233,0.0049082026347374895,0.9763975155279503,0.00920355427511405,0.9571428571428572,
segment,gradient descent,108,234,0.00502307701489415,0.9770186335403727,0.009321786771847876,0.9571428571428572,
segment,gradient descent,108,235,0.00501072513147354,0.9770186335403727,0.009274578075325545,0.9542857142857143,
segment,gradient descent,108,236,0.005024561047633793,0.9763975155279503,0.009157243979229655,0.9571428571428572,
segment,gradient descent,108,237,0.0047589929014137675,0.9801242236024845,0.00897489510500413,0.9571428571428572,
segment,gradient descent,108,238,0.004838294294423769,0.9788819875776398,0.009044097902889769,0.9542857142857143,
segment,gradient descent,108,239,0.007348549551240685,0.9645962732919254,0.010261035097223864,0.9485714285714286,
segment,gradient descent,108,240,0.006512718051891152,0.9683229813664597,0.010393381597035126,0.9485714285714286,
segment,gradient descent,108,241,0.0050652440366361715,0.9763975155279503,0.00948537998383048,0.9571428571428572,
segment,gradient descent,108,242,0.004750064128454911,0.9795031055900622,0.00911559046369959,0.9514285714285714,
segment,gradient descent,108,243,0.005427442284049917,0.9726708074534162,0.009517039600955277,0.9485714285714286,
segment,gradient descent,108,244,0.004972475415817202,0.9763975155279503,0.009130815968571475,0.9542857142857143,
segment,gradient descent,108,245,0.006591774328580863,0.968944099378882,0.010290686741427206,0.9485714285714286,
segment,gradient descent,108,246,0.00484955453310233,0.977639751552795,0.008951704048199375,0.9571428571428572,
segment,gradient descent,108,247,0.004843185016275332,0.9801242236024845,0.009276039484894577,0.9542857142857143,
segment,gradient descent,108,248,0.004681824954714195,0.9795031055900622,0.00896396860251499,0.9514285714285714,
segment,gradient descent,108,249,0.005434807386620898,0.9732919254658385,0.009658988582226233,0.9571428571428572,
segment,gradient descent,108,250,0.004713335442004798,0.9788819875776398,0.00919840624995771,0.9542857142857143,
segment,gradient descent,108,251,0.004871161292208836,0.9788819875776398,0.009214677679948257,0.9542857142857143,
segment,gradient descent,108,252,0.004917281683213368,0.9782608695652174,0.009500985905526354,0.9571428571428572,
segment,gradient descent,108,253,0.006433891370880986,0.9701863354037267,0.010661905213205942,0.9485714285714286,
segment,gradient descent,108,254,0.004517072093982685,0.9819875776397515,0.008925628737231434,0.96,
segment,gradient descent,108,255,0.004607648677139937,0.9807453416149068,0.009179061221256756,0.9571428571428572,
segment,gradient descent,108,256,0.004522693026930122,0.9807453416149068,0.009084590098221658,0.9542857142857143,
segment,gradient descent,108,257,0.004466074028051662,0.9813664596273292,0.008868929896879698,0.96,
segment,gradient descent,108,258,0.006690025357933763,0.968944099378882,0.009742753654946255,0.9571428571428572,
segment,gradient descent,108,259,0.004758076040304602,0.9788819875776398,0.009138659628555075,0.96,
segment,gradient descent,108,260,0.004631420301518212,0.9795031055900622,0.008859912658225763,0.9571428571428572,
segment,gradient descent,108,261,0.004519563952934707,0.9795031055900622,0.009104427454963966,0.9571428571428572,
segment,gradient descent,108,262,0.004443605007133228,0.9801242236024845,0.00866880668426652,0.9571428571428572,
segment,gradient descent,108,263,0.004203422388366314,0.9826086956521739,0.008500375706956902,0.9628571428571429,
segment,gradient descent,108,264,0.007149298916984365,0.9670807453416149,0.011560117079252946,0.9485714285714286,
segment,gradient descent,108,265,0.0044943521554268746,0.9807453416149068,0.008699121903509922,0.9571428571428572,
segment,gradient descent,108,266,0.004194126941270098,0.9826086956521739,0.00868664164197834,0.9571428571428572,
segment,gradient descent,108,267,0.004154681429006161,0.9826086956521739,0.008493657913553228,0.96,
segment,gradient descent,108,268,0.004240112652872997,0.9838509316770186,0.00823586834227717,0.9657142857142857,
segment,gradient descent,108,269,0.005480526563937785,0.9751552795031055,0.00879032056067012,0.9657142857142857,
segment,gradient descent,108,270,0.02512952332067495,0.9037267080745341,0.026420424227019363,0.8942857142857142,
segment,gradient descent,108,271,0.004190440698599502,0.9826086956521739,0.008423955569226352,0.96,
segment,gradient descent,108,272,0.004109209330436688,0.9826086956521739,0.008428291739177207,0.96,
segment,gradient descent,108,273,0.004066786908479472,0.9838509316770186,0.008191045488040774,0.9628571428571429,
segment,gradient descent,108,274,0.005103164111542204,0.9763975155279503,0.009518661483681629,0.9571428571428572,
segment,gradient descent,108,275,0.005773978564149826,0.9739130434782609,0.009790374540680732,0.9542857142857143,
segment,gradient descent,108,276,0.004359570639238194,0.9832298136645963,0.008472335471714904,0.9571428571428572,
segment,gradient descent,108,277,0.004454535752494639,0.9832298136645963,0.00839567243188698,0.9628571428571429,
segment,gradient descent,108,278,0.011625875153534169,0.9527950310559006,0.013749938381456175,0.9457142857142857,
segment,gradient descent,108,279,0.0040114094075690936,0.984472049689441,0.00814783143203924,0.96,
segment,gradient descent,108,280,0.004382077644828704,0.9788819875776398,0.008861514429722966,0.96,
segment,gradient descent,108,281,0.00392174587434281,0.9838509316770186,0.008140462350872362,0.96,
segment,gradient descent,108,282,0.004181473144487094,0.9819875776397515,0.008564404784069576,0.96,
segment,gradient descent,108,283,0.007883173360160178,0.9677018633540373,0.011074744406428952,0.9542857142857143,
segment,gradient descent,108,284,0.003911271001154555,0.984472049689441,0.00807892820413891,0.9628571428571429,
segment,gradient descent,108,285,0.0041115854947604774,0.9826086956521739,0.008334093160166166,0.96,
segment,gradient descent,108,286,0.004369431939557901,0.9801242236024845,0.00867222818351794,0.9542857142857143,
segment,gradient descent,108,287,0.0038781041974367933,0.9832298136645963,0.008108500076611489,0.9571428571428572,
segment,gradient descent,108,288,0.004455815603461571,0.9795031055900622,0.008008683231105726,0.96,
segment,gradient descent,108,289,0.003926749215556689,0.9838509316770186,0.008199988266452978,0.9628571428571429,
segment,gradient descent,108,290,0.004370356513933902,0.9807453416149068,0.00841273088319279,0.9542857142857143,
segment,gradient descent,108,291,0.003791376114711695,0.9838509316770186,0.007883920729217285,0.9628571428571429,
segment,gradient descent,108,292,0.004005740143384978,0.9819875776397515,0.008177734248192875,0.96,
segment,gradient descent,108,293,0.0038674317660434194,0.9819875776397515,0.007920390686836982,0.9571428571428572,
segment,gradient descent,108,294,0.006341557515340572,0.9695652173913043,0.008804712675648375,0.9657142857142857,
segment,gradient descent,108,295,0.004176871080189722,0.9807453416149068,0.008496681574625948,0.96,
segment,gradient descent,108,296,0.008757364565656286,0.9614906832298137,0.010463519481034394,0.9571428571428572,
segment,gradient descent,108,297,0.004069376456358585,0.9813664596273292,0.008115449255414795,0.9571428571428572,
segment,gradient descent,108,298,0.0038727107059223385,0.9838509316770186,0.008000968383186917,0.9628571428571429,
segment,gradient descent,108,299,0.003771745998053444,0.9819875776397515,0.008030330095909645,0.9542857142857143,
segment,gradient descent,108,300,0.003943241800448216,0.9813664596273292,0.00804578070187724,0.9628571428571429,
segment,gradient descent,108,301,0.004206117566346125,0.9795031055900622,0.008513810504650289,0.96,
segment,gradient descent,108,302,0.003706565675578139,0.984472049689441,0.00785880501804543,0.9657142857142857,
segment,gradient descent,108,303,0.0037882393145048207,0.9838509316770186,0.007779843297538607,0.96,
segment,gradient descent,108,304,0.00436669857824322,0.9826086956521739,0.008097837936999079,0.96,
segment,gradient descent,108,305,0.00563219652337939,0.9751552795031055,0.008580272203928593,0.9657142857142857,
segment,gradient descent,108,306,0.0038324356734786404,0.9838509316770186,0.008227991235316378,0.96,
segment,gradient descent,108,307,0.0036357745762134043,0.984472049689441,0.007887048457677058,0.9657142857142857,
segment,gradient descent,108,308,0.004345938187440969,0.9788819875776398,0.008296152823269934,0.96,
segment,gradient descent,108,309,0.00363483107861859,0.9838509316770186,0.007962981616001601,0.96,
segment,gradient descent,108,310,0.004680629126385886,0.9763975155279503,0.008272948382615167,0.96,
segment,gradient descent,108,311,0.0036452156625529043,0.9832298136645963,0.00810618071181841,0.96,
segment,gradient descent,108,312,0.003805558453610115,0.9826086956521739,0.008173848749647992,0.96,
segment,gradient descent,108,313,0.003707581165490696,0.984472049689441,0.008089359018934617,0.96,
segment,gradient descent,108,314,0.003950319329224752,0.9832298136645963,0.008447064214657301,0.96,
segment,gradient descent,108,315,0.004275305994582628,0.9819875776397515,0.008046226942334575,0.96,
segment,gradient descent,108,316,0.003638536491053412,0.9838509316770186,0.007900550377795796,0.9628571428571429,
segment,gradient descent,108,317,0.00371052046453916,0.9838509316770186,0.008163774136195253,0.96,
segment,gradient descent,108,318,0.003597249011582637,0.984472049689441,0.008036752919449311,0.9628571428571429,
segment,gradient descent,108,319,0.0038792381157328375,0.9807453416149068,0.008532001542109497,0.96,
segment,gradient descent,108,320,0.004010671716839081,0.9819875776397515,0.008023010501443497,0.96,
segment,gradient descent,108,321,0.0043578694484598885,0.9795031055900622,0.008894630114346708,0.9571428571428572,
segment,gradient descent,108,322,0.003587462462325021,0.9838509316770186,0.007871854079781327,0.9657142857142857,
segment,gradient descent,108,323,0.003773811676790787,0.9832298136645963,0.007918367120736658,0.9628571428571429,
segment,gradient descent,108,324,0.0035479737909241706,0.984472049689441,0.00784985095219041,0.96,
segment,gradient descent,108,325,0.003661946179334485,0.9838509316770186,0.008203748948663915,0.9628571428571429,
segment,gradient descent,108,326,0.0036165336193355077,0.984472049689441,0.007854520261628492,0.9628571428571429,
segment,gradient descent,108,327,0.0035529920570412615,0.9850931677018634,0.007939255401009898,0.9657142857142857,
segment,gradient descent,108,328,0.003504361434403574,0.9850931677018634,0.007680259829295414,0.9657142857142857,
segment,gradient descent,108,329,0.006012021023848743,0.970807453416149,0.00983200318298649,0.9542857142857143,
segment,gradient descent,108,330,0.004783506703595709,0.9757763975155279,0.008350639378922308,0.9571428571428572,
segment,gradient descent,108,331,0.008809401345439309,0.9614906832298137,0.010032479697237567,0.9514285714285714,
segment,gradient descent,108,332,0.0034619529275731627,0.9850931677018634,0.007809627276339162,0.9657142857142857,
segment,gradient descent,108,333,0.0038437872133945195,0.9832298136645963,0.007835119523626267,0.9628571428571429,
segment,gradient descent,108,334,0.0035140679159911003,0.984472049689441,0.007836099197807816,0.9628571428571429,
segment,gradient descent,108,335,0.003632925320191843,0.9819875776397515,0.007705463500096014,0.9571428571428572,
segment,gradient descent,108,336,0.0036957693630882645,0.9826086956521739,0.007775925876485186,0.9628571428571429,
segment,gradient descent,108,337,0.0036893921954413086,0.9819875776397515,0.007686900386279274,0.9628571428571429,
segment,gradient descent,108,338,0.0039372491145736625,0.9819875776397515,0.007951967181155591,0.96,
segment,gradient descent,108,339,0.0036826861825294734,0.9819875776397515,0.007615911940484248,0.96,
segment,gradient descent,108,340,0.003557011097139617,0.9832298136645963,0.007624513168789449,0.9628571428571429,
segment,gradient descent,108,341,0.006952407611242537,0.9670807453416149,0.009387527475001265,0.9571428571428572,
segment,gradient descent,108,342,0.0034150429025313635,0.9850931677018634,0.007791340601344788,0.96,
segment,gradient descent,108,343,0.003590292570818375,0.9838509316770186,0.007858910760361233,0.9628571428571429,
segment,gradient descent,108,344,0.00439071806418972,0.9795031055900622,0.007991953083066088,0.9571428571428572,
segment,gradient descent,108,345,0.00419201247281398,0.9788819875776398,0.007997064360641985,0.9628571428571429,
segment,gradient descent,108,346,0.008390265196192633,0.9614906832298137,0.011442040510970497,0.9485714285714286,
segment,gradient descent,108,347,0.005562814913731965,0.9745341614906833,0.009593226582175663,0.96,
segment,gradient descent,108,348,0.003407800146395081,0.984472049689441,0.00772005021340064,0.9628571428571429,
segment,gradient descent,108,349,0.0033968815816393092,0.9850931677018634,0.007558826734530218,0.9657142857142857,
segment,gradient descent,108,350,0.0033500640279609337,0.984472049689441,0.007487034270907793,0.9657142857142857,
segment,gradient descent,109,1,0.09031176218642166,0.5577639751552795,0.0893591844199248,0.5542857142857143,
segment,gradient descent,109,2,0.0763707789658009,0.5683229813664596,0.07673809355192851,0.6028571428571429,
segment,gradient descent,109,3,0.060038642465578156,0.6888198757763975,0.059581336240860636,0.6942857142857143,
segment,gradient descent,109,4,0.050261280006322795,0.7416149068322981,0.0499676120109632,0.7457142857142857,
segment,gradient descent,109,5,0.03906139515995863,0.8726708074534162,0.03855091744396656,0.8657142857142858,
segment,gradient descent,109,6,0.03655021451898106,0.8478260869565217,0.03573308214751905,0.84,
segment,gradient descent,109,7,0.033176271895322934,0.8608695652173913,0.033890642605306415,0.8485714285714285,
segment,gradient descent,109,8,0.026687614778818525,0.8981366459627329,0.027846056512482578,0.8885714285714286,
segment,gradient descent,109,9,0.03343449247434991,0.8527950310559006,0.03582754240922092,0.82,
segment,gradient descent,109,10,0.02922013743343963,0.8677018633540373,0.028900215685794484,0.8742857142857143,
segment,gradient descent,109,11,0.034963002864510484,0.8714285714285714,0.03770572187472859,0.8457142857142858,
segment,gradient descent,109,12,0.0209672560067564,0.9167701863354037,0.022171983573322004,0.9114285714285715,
segment,gradient descent,109,13,0.017962795607183075,0.9329192546583851,0.01946428943382313,0.9257142857142857,
segment,gradient descent,109,14,0.022038269931418816,0.9074534161490683,0.02327502840732123,0.9085714285714286,
segment,gradient descent,109,15,0.017227707333787798,0.9329192546583851,0.018409028061893977,0.9257142857142857,
segment,gradient descent,109,16,0.017252252518903083,0.9279503105590062,0.018547159699306242,0.9171428571428571,
segment,gradient descent,109,17,0.019914913128456477,0.915527950310559,0.020529070394402296,0.9142857142857143,
segment,gradient descent,109,18,0.020399232156891853,0.9316770186335404,0.022889469691623643,0.9257142857142857,
segment,gradient descent,109,19,0.01733109806122934,0.9347826086956522,0.018979546212723828,0.9257142857142857,
segment,gradient descent,109,20,0.016374331621408677,0.931055900621118,0.017597590173773554,0.9257142857142857,
segment,gradient descent,109,21,0.01583235239541799,0.94472049689441,0.01763952304946761,0.9314285714285714,
segment,gradient descent,109,22,0.02223539092475267,0.9043478260869565,0.02325179422299202,0.9142857142857143,
segment,gradient descent,109,23,0.016529469893885464,0.9354037267080745,0.01770025605115927,0.9228571428571428,
segment,gradient descent,109,24,0.014758114633899743,0.9335403726708075,0.016476136859528857,0.9228571428571428,
segment,gradient descent,109,25,0.014491851920910768,0.937888198757764,0.016554656195095666,0.9285714285714286,
segment,gradient descent,109,26,0.01431039606890358,0.9385093167701863,0.016157731026527435,0.9285714285714286,
segment,gradient descent,109,27,0.013951188361902709,0.9397515527950311,0.016055800473840743,0.9314285714285714,
segment,gradient descent,109,28,0.01400941474123311,0.937888198757764,0.015662524928864392,0.9285714285714286,
segment,gradient descent,109,29,0.013862246615019724,0.9372670807453416,0.015577510975103471,0.9285714285714286,
segment,gradient descent,109,30,0.014672266607552675,0.9391304347826087,0.01642168442900349,0.9285714285714286,
segment,gradient descent,109,31,0.030269919562846796,0.8881987577639752,0.03309700658118407,0.8771428571428571,
segment,gradient descent,109,32,0.014560818563154252,0.9372670807453416,0.016388337867046493,0.9257142857142857,
segment,gradient descent,109,33,0.01283798353459875,0.9484472049689441,0.015206555285107816,0.94,
segment,gradient descent,109,34,0.014924760442416446,0.9366459627329192,0.016587644677246192,0.9257142857142857,
segment,gradient descent,109,35,0.012342294015639401,0.9478260869565217,0.014701635348940272,0.9314285714285714,
segment,gradient descent,109,36,0.015790271266059308,0.9248447204968944,0.01704635101124773,0.9171428571428571,
segment,gradient descent,109,37,0.017396877052187395,0.9204968944099379,0.01992084834877688,0.9171428571428571,
segment,gradient descent,109,38,0.01748578831565164,0.9161490683229814,0.019788629297184876,0.9057142857142857,
segment,gradient descent,109,39,0.014018880422247101,0.9428571428571428,0.016547847777584432,0.9257142857142857,
segment,gradient descent,109,40,0.01764011815198779,0.9180124223602485,0.01875442456922759,0.9142857142857143,
segment,gradient descent,109,41,0.013069091469961418,0.9416149068322981,0.015412142451041557,0.9257142857142857,
segment,gradient descent,109,42,0.012270300788431873,0.9472049689440993,0.014469187874372366,0.9342857142857143,
segment,gradient descent,109,43,0.013745550987486964,0.9391304347826087,0.015622649259867404,0.9285714285714286,
segment,gradient descent,109,44,0.013957600579488168,0.9434782608695652,0.015757249636299858,0.9428571428571428,
segment,gradient descent,109,45,0.012072420398791469,0.9434782608695652,0.014272260501288296,0.9285714285714286,
segment,gradient descent,109,46,0.014807353428510998,0.931055900621118,0.01747893048987921,0.92,
segment,gradient descent,109,47,0.012338147662269414,0.9496894409937888,0.014566832468865145,0.9371428571428572,
segment,gradient descent,109,48,0.01091494440241576,0.9490683229813665,0.01349886328811332,0.9428571428571428,
segment,gradient descent,109,49,0.010832103294210067,0.9484472049689441,0.013453655594589935,0.9342857142857143,
segment,gradient descent,109,50,0.016985371111254196,0.9161490683229814,0.01954825476565616,0.9085714285714286,
segment,gradient descent,109,51,0.01067785880839221,0.9515527950310559,0.013237569927763948,0.94,
segment,gradient descent,109,52,0.010863413537901725,0.9521739130434783,0.013154107072424231,0.9371428571428572,
segment,gradient descent,109,53,0.015706800512655106,0.9279503105590062,0.01688390897456228,0.9285714285714286,
segment,gradient descent,109,54,0.010472829443122868,0.9521739130434783,0.013254319065144328,0.9428571428571428,
segment,gradient descent,109,55,0.010993653562241355,0.9472049689440993,0.013388424190276213,0.9342857142857143,
segment,gradient descent,109,56,0.01087981866108129,0.9496894409937888,0.013623649391126865,0.94,
segment,gradient descent,109,57,0.01140541177965502,0.9465838509316771,0.014093595512388582,0.94,
segment,gradient descent,109,58,0.010124620735822588,0.953416149068323,0.01279716297275813,0.94,
segment,gradient descent,109,59,0.010346900754421628,0.9503105590062112,0.013112019540375129,0.94,
segment,gradient descent,109,60,0.014816286409904424,0.9285714285714286,0.017794841878595945,0.92,
segment,gradient descent,109,61,0.010170838301656255,0.9527950310559006,0.013033508054782145,0.9457142857142857,
segment,gradient descent,109,62,0.012295153560516359,0.9416149068322981,0.015101965394725105,0.9314285714285714,
segment,gradient descent,109,63,0.010375233974229658,0.9515527950310559,0.013143387017331695,0.9342857142857143,
segment,gradient descent,109,64,0.011574897163584827,0.9465838509316771,0.014001874772168119,0.94,
segment,gradient descent,109,65,0.010241801047645837,0.9527950310559006,0.013194730184487176,0.9457142857142857,
segment,gradient descent,109,66,0.01102991231118103,0.9472049689440993,0.013899751259099919,0.9371428571428572,
segment,gradient descent,109,67,0.009677064193962135,0.9552795031055901,0.012484197161012206,0.9428571428571428,
segment,gradient descent,109,68,0.010058160134861336,0.9559006211180124,0.012698251881928415,0.9428571428571428,
segment,gradient descent,109,69,0.009835483978393483,0.9515527950310559,0.012705436316372101,0.9428571428571428,
segment,gradient descent,109,70,0.009581992129712955,0.9540372670807453,0.012507429702780994,0.9457142857142857,
segment,gradient descent,109,71,0.010058994343991887,0.9503105590062112,0.012948828077050872,0.9428571428571428,
segment,gradient descent,109,72,0.01046180378273481,0.9496894409937888,0.013142243126674776,0.94,
segment,gradient descent,109,73,0.00977283195361461,0.953416149068323,0.01257147325048275,0.94,
segment,gradient descent,109,74,0.016567608059892536,0.9186335403726708,0.019469180248723968,0.9114285714285715,
segment,gradient descent,109,75,0.01065945297584636,0.9484472049689441,0.013082807270082682,0.9371428571428572,
segment,gradient descent,109,76,0.009832715105870374,0.953416149068323,0.012879606253204482,0.9428571428571428,
segment,gradient descent,109,77,0.009433565729761706,0.9559006211180124,0.01247972676246284,0.94,
segment,gradient descent,109,78,0.010300068086973854,0.953416149068323,0.013047068703220114,0.9457142857142857,
segment,gradient descent,109,79,0.009625028895095086,0.9565217391304348,0.012466234061015038,0.9428571428571428,
segment,gradient descent,109,80,0.009679306094231382,0.9540372670807453,0.012695679600508757,0.9428571428571428,
segment,gradient descent,109,81,0.00967840136875306,0.9527950310559006,0.012763943217321883,0.9428571428571428,
segment,gradient descent,109,82,0.009513567435099252,0.9552795031055901,0.012543299599270294,0.94,
segment,gradient descent,109,83,0.009365488389475918,0.9546583850931677,0.01252755754070673,0.94,
segment,gradient descent,109,84,0.011506274026226174,0.9397515527950311,0.014575773353000454,0.94,
segment,gradient descent,109,85,0.01087737179705224,0.9465838509316771,0.01284256810763106,0.9428571428571428,
segment,gradient descent,109,86,0.0107829126877127,0.9527950310559006,0.013692065203453554,0.9342857142857143,
segment,gradient descent,109,87,0.010640638405342588,0.9503105590062112,0.013518002689084338,0.9371428571428572,
segment,gradient descent,109,88,0.009228201988880459,0.9559006211180124,0.012243248296336589,0.94,
segment,gradient descent,109,89,0.00946921026805914,0.9546583850931677,0.012617948220383543,0.9428571428571428,
segment,gradient descent,109,90,0.010004132940001081,0.9515527950310559,0.01312911908202556,0.94,
segment,gradient descent,109,91,0.009564310688049108,0.9552795031055901,0.01332423100816188,0.9428571428571428,
segment,gradient descent,109,92,0.008901984490242628,0.9577639751552796,0.012238648611863214,0.9428571428571428,
segment,gradient descent,109,93,0.009426389624393244,0.9527950310559006,0.012448635626871584,0.9428571428571428,
segment,gradient descent,109,94,0.013111477509045401,0.9391304347826087,0.014850514368909558,0.94,
segment,gradient descent,109,95,0.009729557408333308,0.9540372670807453,0.012711078265739804,0.9428571428571428,
segment,gradient descent,109,96,0.009073735013409747,0.9571428571428572,0.012332614894383071,0.9428571428571428,
segment,gradient descent,109,97,0.008810400790551292,0.9571428571428572,0.011999002350380681,0.9457142857142857,
segment,gradient descent,109,98,0.012792277379341414,0.9329192546583851,0.01578982056743491,0.9257142857142857,
segment,gradient descent,109,99,0.014888517641455639,0.924223602484472,0.01792762527750862,0.9142857142857143,
segment,gradient descent,109,100,0.009555260892103538,0.9546583850931677,0.012797042167860278,0.9428571428571428,
segment,gradient descent,109,101,0.009321234370835218,0.9571428571428572,0.012378291032216467,0.9428571428571428,
segment,gradient descent,109,102,0.008834505835016321,0.9577639751552796,0.012128575353308422,0.9457142857142857,
segment,gradient descent,109,103,0.016563182742195516,0.9192546583850931,0.019492118323617722,0.9171428571428571,
segment,gradient descent,109,104,0.009119047029437395,0.9565217391304348,0.012409469037214248,0.9371428571428572,
segment,gradient descent,109,105,0.009061940088934045,0.9559006211180124,0.012394622710025118,0.9428571428571428,
segment,gradient descent,109,106,0.008579342446324311,0.9577639751552796,0.01168460875328589,0.9457142857142857,
segment,gradient descent,109,107,0.008444151883638952,0.9583850931677018,0.011760693208969905,0.9457142857142857,
segment,gradient descent,109,108,0.008679811048404413,0.9571428571428572,0.011606206207872475,0.9457142857142857,
segment,gradient descent,109,109,0.011538411861736899,0.9391304347826087,0.014646033266167601,0.9371428571428572,
segment,gradient descent,109,110,0.008655285001754226,0.9590062111801242,0.0119764556475202,0.9428571428571428,
segment,gradient descent,109,111,0.010243243678395525,0.9496894409937888,0.013233277383792187,0.9428571428571428,
segment,gradient descent,109,112,0.00862179084527202,0.9565217391304348,0.011961425383919212,0.94,
segment,gradient descent,109,113,0.00910624397657558,0.9571428571428572,0.012366537253805368,0.9428571428571428,
segment,gradient descent,109,114,0.008663107173597034,0.9590062111801242,0.012064482695886865,0.9457142857142857,
segment,gradient descent,109,115,0.008969061701719988,0.9571428571428572,0.012420273618948189,0.9428571428571428,
segment,gradient descent,109,116,0.009081547115379465,0.9546583850931677,0.012139033589276572,0.9457142857142857,
segment,gradient descent,109,117,0.008790134758281509,0.9590062111801242,0.011950934711168036,0.9485714285714286,
segment,gradient descent,109,118,0.008780677144814196,0.9583850931677018,0.012290046570344822,0.94,
segment,gradient descent,109,119,0.00902840850475006,0.9583850931677018,0.012561132250383402,0.94,
segment,gradient descent,109,120,0.008298734269408572,0.9590062111801242,0.011920619840892611,0.94,
segment,gradient descent,109,121,0.00866793338770127,0.9552795031055901,0.012014708329930481,0.94,
segment,gradient descent,109,122,0.008550674877998796,0.9571428571428572,0.0120989483651658,0.94,
segment,gradient descent,109,123,0.00876357967308307,0.9583850931677018,0.01152986744826941,0.9514285714285714,
segment,gradient descent,109,124,0.008290224257471711,0.9627329192546584,0.01159410997529599,0.9428571428571428,
segment,gradient descent,109,125,0.008087070210385065,0.9583850931677018,0.011607807630436263,0.9428571428571428,
segment,gradient descent,109,126,0.008015298814703075,0.9596273291925466,0.01161683327647034,0.9428571428571428,
segment,gradient descent,109,127,0.008218500054034756,0.9614906832298137,0.011834096442317922,0.9428571428571428,
segment,gradient descent,109,128,0.008073369432351287,0.9590062111801242,0.011627313077693322,0.94,
segment,gradient descent,109,129,0.008378304395848418,0.9590062111801242,0.011838326378656231,0.9514285714285714,
segment,gradient descent,109,130,0.013998475379245468,0.9354037267080745,0.016229043286244974,0.9285714285714286,
segment,gradient descent,109,131,0.008720230653139755,0.9608695652173913,0.011954884344482362,0.9514285714285714,
segment,gradient descent,109,132,0.00804170414403289,0.9590062111801242,0.011785269414598482,0.9428571428571428,
segment,gradient descent,109,133,0.014972406911699052,0.924223602484472,0.018310458636703445,0.9171428571428571,
segment,gradient descent,109,134,0.008207463452016735,0.9602484472049689,0.011726330445824598,0.9428571428571428,
segment,gradient descent,109,135,0.012002151847642488,0.9360248447204969,0.01537870713519467,0.9285714285714286,
segment,gradient descent,109,136,0.009045980265646665,0.9559006211180124,0.01129029136950074,0.9514285714285714,
segment,gradient descent,109,137,0.00828934948538942,0.9590062111801242,0.012057398906042405,0.9457142857142857,
segment,gradient descent,109,138,0.00775722431203989,0.9608695652173913,0.011156796228890717,0.9514285714285714,
segment,gradient descent,109,139,0.008212880206179352,0.9596273291925466,0.011806391904767254,0.9457142857142857,
segment,gradient descent,109,140,0.008090126476379488,0.9590062111801242,0.011322647554613948,0.9485714285714286,
segment,gradient descent,109,141,0.008279537796685459,0.9608695652173913,0.011790138158355822,0.9457142857142857,
segment,gradient descent,109,142,0.008794309455348898,0.9559006211180124,0.012408724403514758,0.9371428571428572,
segment,gradient descent,109,143,0.008454990978634298,0.962111801242236,0.01172620291895678,0.9485714285714286,
segment,gradient descent,109,144,0.012150422358344981,0.9472049689440993,0.014307896631850047,0.9428571428571428,
segment,gradient descent,109,145,0.007950277021791673,0.9590062111801242,0.011444479933026514,0.9457142857142857,
segment,gradient descent,109,146,0.007681113715497549,0.9602484472049689,0.011057550107117967,0.9514285714285714,
segment,gradient descent,109,147,0.008013390203617474,0.9602484472049689,0.011511547237955985,0.9514285714285714,
segment,gradient descent,109,148,0.010221830927680127,0.9571428571428572,0.012943791947559475,0.94,
segment,gradient descent,109,149,0.007930472819851472,0.9583850931677018,0.011321794566692214,0.9485714285714286,
segment,gradient descent,109,150,0.0074675545118856705,0.9627329192546584,0.01090620832118432,0.9485714285714286,
segment,gradient descent,109,151,0.011979884644085748,0.9440993788819876,0.014181656355324512,0.9314285714285714,
segment,gradient descent,109,152,0.007389332230529678,0.9652173913043478,0.011040630241565487,0.9485714285714286,
segment,gradient descent,109,153,0.0075485828893674745,0.9627329192546584,0.01102286232677657,0.9514285714285714,
segment,gradient descent,109,154,0.007431742471137351,0.9627329192546584,0.01098435946306763,0.9485714285714286,
segment,gradient descent,109,155,0.007442572990355561,0.9639751552795031,0.010840849088640804,0.9514285714285714,
segment,gradient descent,109,156,0.009844554755154923,0.9478260869565217,0.013195869115852462,0.9457142857142857,
segment,gradient descent,109,157,0.01309514020765199,0.9347826086956522,0.01623884052847385,0.92,
segment,gradient descent,109,158,0.007340706594843405,0.9633540372670808,0.011120532044191242,0.9485714285714286,
segment,gradient descent,109,159,0.007245329002898699,0.9633540372670808,0.010786261075142842,0.9542857142857143,
segment,gradient descent,109,160,0.00733970456689451,0.9639751552795031,0.010683182696045006,0.9542857142857143,
segment,gradient descent,109,161,0.00791229676904423,0.9602484472049689,0.011590292291947097,0.9514285714285714,
segment,gradient descent,109,162,0.007863899078414394,0.9614906832298137,0.011519543144004083,0.9514285714285714,
segment,gradient descent,109,163,0.00769873737852146,0.9590062111801242,0.011171434898712392,0.9485714285714286,
segment,gradient descent,109,164,0.010436259708040322,0.9484472049689441,0.01394596481687077,0.9285714285714286,
segment,gradient descent,109,165,0.007133673706600725,0.9645962732919254,0.010673871121253039,0.9514285714285714,
segment,gradient descent,109,166,0.00734060909666656,0.9645962732919254,0.011001077311636819,0.9514285714285714,
segment,gradient descent,109,167,0.007575973977585813,0.962111801242236,0.011090487678977584,0.9514285714285714,
segment,gradient descent,109,168,0.010147302816605119,0.9472049689440993,0.013971185352244592,0.9342857142857143,
segment,gradient descent,109,169,0.007432621596655432,0.9627329192546584,0.011276840191797685,0.9514285714285714,
segment,gradient descent,109,170,0.0074471462673233214,0.9627329192546584,0.011396922924985524,0.9457142857142857,
segment,gradient descent,109,171,0.01521628338520405,0.9273291925465839,0.01810753990492215,0.9142857142857143,
segment,gradient descent,109,172,0.0069948376782766105,0.9645962732919254,0.010942085908165405,0.9457142857142857,
segment,gradient descent,109,173,0.007266413349513784,0.9639751552795031,0.01109583279968102,0.9485714285714286,
segment,gradient descent,109,174,0.00791024960402239,0.9614906832298137,0.011501797798400618,0.9485714285714286,
segment,gradient descent,109,175,0.009421038144952423,0.9509316770186336,0.013157255666581316,0.94,
segment,gradient descent,109,176,0.006985583845331935,0.9633540372670808,0.010911743870187245,0.9485714285714286,
segment,gradient descent,109,177,0.012932883485179517,0.931055900621118,0.016613864909443096,0.9228571428571428,
segment,gradient descent,109,178,0.011132089397100906,0.9490683229813665,0.013932552557910805,0.9457142857142857,
segment,gradient descent,109,179,0.008700519281698424,0.9552795031055901,0.012567249498539155,0.9371428571428572,
segment,gradient descent,109,180,0.006827713462543216,0.9652173913043478,0.010725068840714105,0.9485714285714286,
segment,gradient descent,109,181,0.006946033833469834,0.9633540372670808,0.01078269625639239,0.9514285714285714,
segment,gradient descent,109,182,0.006803270822010555,0.9652173913043478,0.010730302572671492,0.9485714285714286,
segment,gradient descent,109,183,0.011369020049441339,0.9459627329192547,0.01374149836668029,0.9342857142857143,
segment,gradient descent,109,184,0.010174848654892044,0.9484472049689441,0.01435830829012409,0.94,
segment,gradient descent,109,185,0.007329475155453069,0.962111801242236,0.011478867543790284,0.9485714285714286,
segment,gradient descent,109,186,0.013019946758837376,0.9416149068322981,0.015719777873842444,0.9285714285714286,
segment,gradient descent,109,187,0.006948468972115175,0.9639751552795031,0.01123839846131305,0.9428571428571428,
segment,gradient descent,109,188,0.006738882451790379,0.9677018633540373,0.010886914800710095,0.9514285714285714,
segment,gradient descent,109,189,0.014991838650333475,0.9254658385093167,0.018160886637508963,0.9142857142857143,
segment,gradient descent,109,190,0.012458294327916456,0.9341614906832298,0.01626222983236424,0.9228571428571428,
segment,gradient descent,109,191,0.009078988133788633,0.9509316770186336,0.013035029776064895,0.9371428571428572,
segment,gradient descent,109,192,0.00866203733948653,0.9565217391304348,0.013106878372714839,0.9342857142857143,
segment,gradient descent,109,193,0.010971847069278427,0.9472049689440993,0.013469104827962201,0.9428571428571428,
segment,gradient descent,109,194,0.009095144070323004,0.9521739130434783,0.012313514755748524,0.9457142857142857,
segment,gradient descent,109,195,0.006775327056576101,0.9652173913043478,0.010783704143900036,0.9485714285714286,
segment,gradient descent,109,196,0.006654084694109551,0.968944099378882,0.01081667490081184,0.9485714285714286,
segment,gradient descent,109,197,0.013341537676931579,0.9403726708074535,0.01579292136200672,0.9285714285714286,
segment,gradient descent,109,198,0.006807789959937778,0.9677018633540373,0.010834858564540185,0.9485714285714286,
segment,gradient descent,109,199,0.006773062561522754,0.9683229813664597,0.011153555919257624,0.9485714285714286,
segment,gradient descent,109,200,0.008654527921472126,0.9596273291925466,0.012165164742745553,0.9457142857142857,
segment,gradient descent,109,201,0.008837810759422287,0.9652173913043478,0.012121430745530726,0.9457142857142857,
segment,gradient descent,109,202,0.006759869401697459,0.9670807453416149,0.010928190733887625,0.9485714285714286,
segment,gradient descent,109,203,0.006570546695345525,0.968944099378882,0.010777481165079072,0.9514285714285714,
segment,gradient descent,109,204,0.006996397178584615,0.9658385093167702,0.011330875296141381,0.9457142857142857,
segment,gradient descent,109,205,0.006402176399118592,0.9701863354037267,0.010681608590718508,0.9514285714285714,
segment,gradient descent,109,206,0.006744508182895333,0.9670807453416149,0.011111189815168532,0.9514285714285714,
segment,gradient descent,109,207,0.010922126339847085,0.9484472049689441,0.013850722598135481,0.9342857142857143,
segment,gradient descent,109,208,0.006590696797104707,0.9677018633540373,0.011217939131538141,0.9514285714285714,
segment,gradient descent,109,209,0.006329842728751483,0.9701863354037267,0.010700372325409414,0.9542857142857143,
segment,gradient descent,109,210,0.006434433819870862,0.968944099378882,0.010618175339442247,0.9542857142857143,
segment,gradient descent,109,211,0.010263213254301419,0.9484472049689441,0.014634338049210967,0.9314285714285714,
segment,gradient descent,109,212,0.0076910669424895975,0.9633540372670808,0.011884399986817474,0.9514285714285714,
segment,gradient descent,109,213,0.007645873656713625,0.962111801242236,0.011704652296785259,0.9485714285714286,
segment,gradient descent,109,214,0.006279375662179155,0.970807453416149,0.010713475818575324,0.9485714285714286,
segment,gradient descent,109,215,0.009873301334345774,0.9515527950310559,0.01407827482632451,0.9371428571428572,
segment,gradient descent,109,216,0.006589099524630236,0.9683229813664597,0.01103649248685015,0.9457142857142857,
segment,gradient descent,109,217,0.007761586555676184,0.9645962732919254,0.012307342896233824,0.94,
segment,gradient descent,109,218,0.006256305782452578,0.9695652173913043,0.01075877063264889,0.9514285714285714,
segment,gradient descent,109,219,0.008771557174429312,0.9577639751552796,0.01166428049668071,0.9428571428571428,
segment,gradient descent,109,220,0.006197785239094365,0.9714285714285714,0.010636655654953413,0.9485714285714286,
segment,gradient descent,109,221,0.006113819957421464,0.9714285714285714,0.01057959127637188,0.9428571428571428,
segment,gradient descent,109,222,0.008587593998472082,0.9577639751552796,0.01318109140877705,0.94,
segment,gradient descent,109,223,0.006125237684482171,0.970807453416149,0.010879442906230842,0.9457142857142857,
segment,gradient descent,109,224,0.015685091412861858,0.929192546583851,0.018966620461105508,0.9142857142857143,
segment,gradient descent,109,225,0.00602204224756497,0.9720496894409938,0.010517437065164325,0.9485714285714286,
segment,gradient descent,109,226,0.00596337925994052,0.9714285714285714,0.010663062486814309,0.9457142857142857,
segment,gradient descent,109,227,0.006869227048414755,0.9627329192546584,0.011013358115159296,0.9428571428571428,
segment,gradient descent,109,228,0.006721265273968084,0.9683229813664597,0.011545722159633004,0.9485714285714286,
segment,gradient descent,109,229,0.006054796461639511,0.9695652173913043,0.01079058104121572,0.9457142857142857,
segment,gradient descent,109,230,0.00618135872048901,0.9714285714285714,0.010409298508912805,0.9514285714285714,
segment,gradient descent,109,231,0.005894163096399971,0.9732919254658385,0.01048306553993206,0.9485714285714286,
segment,gradient descent,109,232,0.005896351134785502,0.9732919254658385,0.010376722796025297,0.9485714285714286,
segment,gradient descent,109,233,0.006044617879787879,0.970807453416149,0.010799773424189875,0.9457142857142857,
segment,gradient descent,109,234,0.006025860816319986,0.9720496894409938,0.010854532302353646,0.9457142857142857,
segment,gradient descent,109,235,0.005777706163350358,0.9726708074534162,0.010791436634131223,0.9485714285714286,
segment,gradient descent,109,236,0.006012348635265011,0.9701863354037267,0.01076983030472369,0.9514285714285714,
segment,gradient descent,109,237,0.005925722429324943,0.9714285714285714,0.010861209506883443,0.9457142857142857,
segment,gradient descent,109,238,0.006034023710985842,0.968944099378882,0.010747743671422522,0.9457142857142857,
segment,gradient descent,109,239,0.008544788720485997,0.9552795031055901,0.013422602662821503,0.9314285714285714,
segment,gradient descent,109,240,0.006585016827550533,0.9683229813664597,0.01178117129964792,0.9428571428571428,
segment,gradient descent,109,241,0.005728277813220399,0.9714285714285714,0.01077633452529031,0.9485714285714286,
segment,gradient descent,109,242,0.006060344696349293,0.9732919254658385,0.010695370382050982,0.9485714285714286,
segment,gradient descent,109,243,0.006399006816736103,0.9677018633540373,0.011622075035139675,0.9485714285714286,
segment,gradient descent,109,244,0.0057296594383394175,0.9701863354037267,0.010980043064410326,0.9485714285714286,
segment,gradient descent,109,245,0.00978911353762049,0.953416149068323,0.013636190091588125,0.94,
segment,gradient descent,109,246,0.0058785111141258384,0.9714285714285714,0.011287652206543035,0.9485714285714286,
segment,gradient descent,109,247,0.005600702697149984,0.9739130434782609,0.010919333323218903,0.9514285714285714,
segment,gradient descent,109,248,0.005933312802961789,0.9726708074534162,0.010262523213904893,0.9542857142857143,
segment,gradient descent,109,249,0.005608929260671838,0.9739130434782609,0.010515264976717214,0.9514285714285714,
segment,gradient descent,109,250,0.0059005243046960625,0.970807453416149,0.010624062978718738,0.9457142857142857,
segment,gradient descent,109,251,0.006919502869393556,0.9670807453416149,0.012078829375460775,0.9428571428571428,
segment,gradient descent,109,252,0.005629180750340044,0.9720496894409938,0.010850103351154088,0.9485714285714286,
segment,gradient descent,109,253,0.005489990325152785,0.9732919254658385,0.01056535523821614,0.9485714285714286,
segment,gradient descent,109,254,0.007154481054022894,0.9664596273291925,0.011374030210115602,0.9457142857142857,
segment,gradient descent,109,255,0.00941800033493376,0.953416149068323,0.014540099989108893,0.9285714285714286,
segment,gradient descent,109,256,0.005612985223294025,0.9720496894409938,0.010944183627019493,0.9457142857142857,
segment,gradient descent,109,257,0.00551300114046949,0.9751552795031055,0.010638066693940332,0.9485714285714286,
segment,gradient descent,109,258,0.005855737384150112,0.9720496894409938,0.010897965885415146,0.9457142857142857,
segment,gradient descent,109,259,0.005343729015221134,0.9770186335403727,0.010617851536833874,0.9514285714285714,
segment,gradient descent,109,260,0.005426674814020046,0.9763975155279503,0.010499511182073915,0.9514285714285714,
segment,gradient descent,109,261,0.005442739095472942,0.9751552795031055,0.010644281437249372,0.9514285714285714,
segment,gradient descent,109,262,0.005265064747982094,0.9770186335403727,0.010389144821775309,0.9571428571428572,
segment,gradient descent,109,263,0.0053550634534275275,0.9757763975155279,0.01033872934730127,0.9514285714285714,
segment,gradient descent,109,264,0.005660230552641223,0.9751552795031055,0.010569379183950654,0.9542857142857143,
segment,gradient descent,109,265,0.005465892234237946,0.9757763975155279,0.010475242626616211,0.9542857142857143,
segment,gradient descent,109,266,0.006701721195543217,0.9695652173913043,0.01156213609479944,0.9514285714285714,
segment,gradient descent,109,267,0.005491646522459128,0.9757763975155279,0.010706629487814059,0.9514285714285714,
segment,gradient descent,109,268,0.005573403858586132,0.9763975155279503,0.010693908952397083,0.96,
segment,gradient descent,109,269,0.006163524391043137,0.9745341614906833,0.011400930666223417,0.9514285714285714,
segment,gradient descent,109,270,0.00510313673695975,0.9763975155279503,0.01017328269133449,0.9571428571428572,
segment,gradient descent,109,271,0.005151609275790232,0.977639751552795,0.009936336388877342,0.9542857142857143,
segment,gradient descent,109,272,0.005188915591936561,0.9757763975155279,0.009894488915305763,0.96,
segment,gradient descent,109,273,0.005371451043432454,0.9763975155279503,0.010246341589927141,0.96,
segment,gradient descent,109,274,0.005766220715692402,0.9770186335403727,0.010269737062840907,0.96,
segment,gradient descent,109,275,0.005686844134738558,0.9745341614906833,0.010572562466466916,0.96,
segment,gradient descent,109,276,0.005311750605362352,0.9726708074534162,0.009933729838602953,0.9628571428571429,
segment,gradient descent,109,277,0.012783676354005444,0.9397515527950311,0.01613456723339025,0.9228571428571428,
segment,gradient descent,109,278,0.005844066243547368,0.9732919254658385,0.010795417096734768,0.96,
segment,gradient descent,109,279,0.004976575010795483,0.9795031055900622,0.009654791483512809,0.9657142857142857,
segment,gradient descent,109,280,0.007163928599616508,0.9677018633540373,0.010810369681843882,0.9514285714285714,
segment,gradient descent,109,281,0.005457099172612013,0.9732919254658385,0.010322676813815494,0.9571428571428572,
segment,gradient descent,109,282,0.007533004217106226,0.9633540372670808,0.012235364504648573,0.9485714285714286,
segment,gradient descent,109,283,0.005948117680620967,0.9757763975155279,0.010469218234645392,0.9571428571428572,
segment,gradient descent,109,284,0.004901280658238669,0.9782608695652174,0.009533600760228803,0.9685714285714285,
segment,gradient descent,109,285,0.004875564375986099,0.9782608695652174,0.009581581843272872,0.9657142857142857,
segment,gradient descent,109,286,0.005902751911332379,0.9751552795031055,0.010634935959506826,0.9571428571428572,
segment,gradient descent,109,287,0.011625835572889709,0.9465838509316771,0.015201796876665305,0.9371428571428572,
segment,gradient descent,109,288,0.004973950867277701,0.9757763975155279,0.009762964387166641,0.96,
segment,gradient descent,109,289,0.005019575902637278,0.9745341614906833,0.009678201823886777,0.96,
segment,gradient descent,109,290,0.004856142749159706,0.9770186335403727,0.009434250082565956,0.9657142857142857,
segment,gradient descent,109,291,0.004839569379295014,0.977639751552795,0.009554596215683445,0.9657142857142857,
segment,gradient descent,109,292,0.004850071869977211,0.977639751552795,0.00943877114003472,0.9657142857142857,
segment,gradient descent,109,293,0.0047627230434453,0.9782608695652174,0.00944452723091597,0.9657142857142857,
segment,gradient descent,109,294,0.006177696968968541,0.9726708074534162,0.010714883438536226,0.9685714285714285,
segment,gradient descent,109,295,0.005172303545380626,0.9745341614906833,0.009619295982101369,0.9657142857142857,
segment,gradient descent,109,296,0.004960254817833381,0.9757763975155279,0.00960090529605311,0.96,
segment,gradient descent,109,297,0.004775917011128134,0.9788819875776398,0.009440269783902286,0.9685714285714285,
segment,gradient descent,109,298,0.005004351576499832,0.9751552795031055,0.009560404856101361,0.9657142857142857,
segment,gradient descent,109,299,0.004989207643634832,0.9751552795031055,0.009440162433366027,0.96,
segment,gradient descent,109,300,0.004758370461754232,0.9782608695652174,0.009384474452399587,0.9685714285714285,
segment,gradient descent,109,301,0.004788158164937308,0.9757763975155279,0.009407323472885719,0.9628571428571429,
segment,gradient descent,109,302,0.007837668515750308,0.9614906832298137,0.012288920456515737,0.9457142857142857,
segment,gradient descent,109,303,0.004739062758752239,0.9757763975155279,0.009364564559740532,0.9657142857142857,
segment,gradient descent,109,304,0.004843312707507732,0.9770186335403727,0.009544011587278071,0.9628571428571429,
segment,gradient descent,109,305,0.004934244728963243,0.9757763975155279,0.009450383500688572,0.9657142857142857,
segment,gradient descent,109,306,0.007812757368329872,0.9596273291925466,0.012349173792571274,0.9542857142857143,
segment,gradient descent,109,307,0.004792347772827857,0.9770186335403727,0.00962383386052352,0.9628571428571429,
segment,gradient descent,109,308,0.005304854180203542,0.9739130434782609,0.009677098897058324,0.9628571428571429,
segment,gradient descent,109,309,0.008514162894915,0.9577639751552796,0.012072178692368872,0.9514285714285714,
segment,gradient descent,109,310,0.00459325093455264,0.9782608695652174,0.0093458737952831,0.9685714285714285,
segment,gradient descent,109,311,0.004988928640636868,0.9770186335403727,0.00924353988087384,0.9657142857142857,
segment,gradient descent,109,312,0.004718103212786031,0.9770186335403727,0.009224449706222982,0.9628571428571429,
segment,gradient descent,109,313,0.004637575329497902,0.977639751552795,0.009197247169942798,0.9628571428571429,
segment,gradient descent,109,314,0.004525156722727698,0.9782608695652174,0.009198628793068507,0.9628571428571429,
segment,gradient descent,109,315,0.004564782437472546,0.9788819875776398,0.00921569335016107,0.9685714285714285,
segment,gradient descent,109,316,0.004555503451506349,0.977639751552795,0.009220806934392487,0.9628571428571429,
segment,gradient descent,109,317,0.010744308157448815,0.9521739130434783,0.013019263420654629,0.9371428571428572,
segment,gradient descent,109,318,0.005003976980896126,0.9751552795031055,0.009503754049362118,0.9571428571428572,
segment,gradient descent,109,319,0.004619281311187556,0.977639751552795,0.009279849153462517,0.9685714285714285,
segment,gradient descent,109,320,0.007331838446680001,0.9639751552795031,0.011654194936321872,0.9514285714285714,
segment,gradient descent,109,321,0.004636286374207429,0.9782608695652174,0.009267557025460801,0.9628571428571429,
segment,gradient descent,109,322,0.004551164106787115,0.9763975155279503,0.009271763510346571,0.9685714285714285,
segment,gradient descent,109,323,0.004513160038528109,0.977639751552795,0.009100515472112138,0.9685714285714285,
segment,gradient descent,109,324,0.004904156620961735,0.9751552795031055,0.009406682424752979,0.96,
segment,gradient descent,109,325,0.004484453081937622,0.9782608695652174,0.009046687618253332,0.9685714285714285,
segment,gradient descent,109,326,0.006203211535746528,0.9714285714285714,0.010714166671211538,0.96,
segment,gradient descent,109,327,0.005329492811346425,0.9726708074534162,0.009737988993303115,0.9571428571428572,
segment,gradient descent,109,328,0.004509682894713224,0.9770186335403727,0.009267002925156571,0.9685714285714285,
segment,gradient descent,109,329,0.004630621902923858,0.977639751552795,0.009458761831810497,0.9571428571428572,
segment,gradient descent,109,330,0.004598517978462231,0.9770186335403727,0.009164411368315974,0.9628571428571429,
segment,gradient descent,109,331,0.01000377471678005,0.9515527950310559,0.013240055563433663,0.9485714285714286,
segment,gradient descent,109,332,0.0047385081001846,0.977639751552795,0.00945466711797412,0.96,
segment,gradient descent,109,333,0.004394918471696918,0.977639751552795,0.00914186614258561,0.9657142857142857,
segment,gradient descent,109,334,0.005708077375170748,0.9720496894409938,0.00977244770254241,0.9628571428571429,
segment,gradient descent,109,335,0.0046404697689025436,0.9770186335403727,0.009469896955620831,0.9628571428571429,
segment,gradient descent,109,336,0.005918184238778942,0.9701863354037267,0.0100244564691112,0.9542857142857143,
segment,gradient descent,109,337,0.0044105632804159215,0.9782608695652174,0.009079635949928992,0.9714285714285714,
segment,gradient descent,109,338,0.004550990576617335,0.977639751552795,0.009228571234850958,0.9628571428571429,
segment,gradient descent,109,339,0.004349727067878033,0.9788819875776398,0.009172594410401528,0.9657142857142857,
segment,gradient descent,109,340,0.00441927288259278,0.9763975155279503,0.00921852900475467,0.9628571428571429,
segment,gradient descent,109,341,0.004384868022726429,0.9770186335403727,0.009089465847669542,0.9628571428571429,
segment,gradient descent,109,342,0.004469536133376891,0.9788819875776398,0.009320968631882648,0.9628571428571429,
segment,gradient descent,109,343,0.004406997669015781,0.9782608695652174,0.009096674842846278,0.9657142857142857,
segment,gradient descent,109,344,0.0044129481747523115,0.9788819875776398,0.009343616149427017,0.96,
segment,gradient descent,109,345,0.004405114079306504,0.977639751552795,0.009281177924464772,0.9628571428571429,
segment,gradient descent,109,346,0.004394044952117192,0.977639751552795,0.009035154354221562,0.9628571428571429,
segment,gradient descent,109,347,0.006053454206343051,0.9726708074534162,0.010185859276538763,0.9542857142857143,
segment,gradient descent,109,348,0.0043717472069342905,0.9770186335403727,0.009006893413713184,0.9657142857142857,
segment,gradient descent,109,349,0.005517198519856866,0.9745341614906833,0.009979394564433065,0.96,
segment,gradient descent,109,350,0.00626000120055801,0.9726708074534162,0.01050017978689769,0.9571428571428572,
segment,gradient descent,110,1,0.11245554018339676,0.28819875776397513,0.11267285798702453,0.2885714285714286,
segment,gradient descent,110,2,0.07876043146991481,0.5639751552795031,0.07819438568105176,0.5657142857142857,
segment,gradient descent,110,3,0.06673713843265258,0.7074534161490683,0.06584022505478913,0.7,
segment,gradient descent,110,4,0.06163543190836311,0.6608695652173913,0.06027339890641967,0.6628571428571428,
segment,gradient descent,110,5,0.08988293932618421,0.6111801242236025,0.08918928232952096,0.5971428571428572,
segment,gradient descent,110,6,0.03705205955271841,0.8639751552795031,0.03620634841566389,0.88,
segment,gradient descent,110,7,0.029807869515974632,0.8913043478260869,0.029761379796689778,0.9057142857142857,
segment,gradient descent,110,8,0.027936434972434376,0.9037267080745341,0.028693959327936343,0.9085714285714286,
segment,gradient descent,110,9,0.027224151914408252,0.9204968944099379,0.028935960208568225,0.92,
segment,gradient descent,110,10,0.026822162737086,0.8925465838509317,0.028536468728492855,0.8742857142857143,
segment,gradient descent,110,11,0.02486762839578323,0.908695652173913,0.026853454621496815,0.9,
segment,gradient descent,110,12,0.020422987544506485,0.9285714285714286,0.02215253256671104,0.9142857142857143,
segment,gradient descent,110,13,0.020720293623423185,0.9198757763975155,0.02145425757897768,0.9142857142857143,
segment,gradient descent,110,14,0.020926409389847644,0.924223602484472,0.022968584355291883,0.9171428571428571,
segment,gradient descent,110,15,0.020174153405194878,0.924223602484472,0.02256824793249116,0.9171428571428571,
segment,gradient descent,110,16,0.01944363238153982,0.9180124223602485,0.02050912007190613,0.9142857142857143,
segment,gradient descent,110,17,0.017968736791698994,0.9322981366459627,0.01938258884433228,0.9228571428571428,
segment,gradient descent,110,18,0.017629853635155686,0.9298136645962732,0.019064114634825324,0.9228571428571428,
segment,gradient descent,110,19,0.017122977875216217,0.9304347826086956,0.018412999204964007,0.9142857142857143,
segment,gradient descent,110,20,0.015743390329461933,0.9347826086956522,0.017323998598795905,0.9257142857142857,
segment,gradient descent,110,21,0.01569712055677741,0.9372670807453416,0.0173830086709872,0.9285714285714286,
segment,gradient descent,110,22,0.017288757529928686,0.937888198757764,0.018869511107026875,0.9228571428571428,
segment,gradient descent,110,23,0.017955899220880648,0.9403726708074535,0.020325600767501648,0.9342857142857143,
segment,gradient descent,110,24,0.017918875626869085,0.9254658385093167,0.01975816303686623,0.9142857142857143,
segment,gradient descent,110,25,0.016372918557502836,0.9341614906832298,0.01783103225518923,0.9228571428571428,
segment,gradient descent,110,26,0.01660383563016124,0.9298136645962732,0.018333630042139767,0.9171428571428571,
segment,gradient descent,110,27,0.01563092509832216,0.9341614906832298,0.017142034907996935,0.9228571428571428,
segment,gradient descent,110,28,0.016988476763159656,0.9335403726708075,0.01953002641224655,0.9285714285714286,
segment,gradient descent,110,29,0.014245933239168075,0.9360248447204969,0.016025257213624935,0.9257142857142857,
segment,gradient descent,110,30,0.014910861403787432,0.9347826086956522,0.016591731482817767,0.9257142857142857,
segment,gradient descent,110,31,0.014753288109336299,0.9403726708074535,0.017167577575331078,0.9371428571428572,
segment,gradient descent,110,32,0.013736365748011419,0.9465838509316771,0.01615366193246948,0.9342857142857143,
segment,gradient descent,110,33,0.013843254430291994,0.9385093167701863,0.015727150004260698,0.9285714285714286,
segment,gradient descent,110,34,0.013659114954350194,0.9385093167701863,0.015582238631916483,0.9285714285714286,
segment,gradient descent,110,35,0.01720423285001206,0.922360248447205,0.018161598249776225,0.9171428571428571,
segment,gradient descent,110,36,0.013694570735052926,0.937888198757764,0.01560481808341574,0.9257142857142857,
segment,gradient descent,110,37,0.014186220470109178,0.9372670807453416,0.016006499412483985,0.9257142857142857,
segment,gradient descent,110,38,0.012967447032560336,0.9385093167701863,0.015028774282002553,0.9342857142857143,
segment,gradient descent,110,39,0.012599347481864958,0.9409937888198758,0.014869733521323217,0.9342857142857143,
segment,gradient descent,110,40,0.013301502550873777,0.9459627329192547,0.01586406318594447,0.9342857142857143,
segment,gradient descent,110,41,0.012903473060113116,0.9385093167701863,0.015112282265071851,0.9257142857142857,
segment,gradient descent,110,42,0.013347374703354762,0.9434782608695652,0.015814140540087406,0.9314285714285714,
segment,gradient descent,110,43,0.012328445545423979,0.9428571428571428,0.014742508125906165,0.9314285714285714,
segment,gradient descent,110,44,0.012715637100322752,0.9409937888198758,0.01483690159579728,0.9342857142857143,
segment,gradient descent,110,45,0.012700181352958698,0.94472049689441,0.014914644065378437,0.9371428571428572,
segment,gradient descent,110,46,0.014380454636581875,0.929192546583851,0.01694504386930489,0.9285714285714286,
segment,gradient descent,110,47,0.01214543776377282,0.9478260869565217,0.014858927168216783,0.9371428571428572,
segment,gradient descent,110,48,0.011520965043096439,0.9565217391304348,0.014181871221439862,0.9428571428571428,
segment,gradient descent,110,49,0.014017735049111043,0.9341614906832298,0.016791488912293373,0.9314285714285714,
segment,gradient descent,110,50,0.014132838808836716,0.9304347826086956,0.015775482167977525,0.9257142857142857,
segment,gradient descent,110,51,0.012893504558099306,0.9422360248447205,0.01510279111740494,0.94,
segment,gradient descent,110,52,0.011017830108774941,0.9527950310559006,0.013426336009074124,0.9371428571428572,
segment,gradient descent,110,53,0.01132740371857073,0.9546583850931677,0.014006092543708413,0.9371428571428572,
segment,gradient descent,110,54,0.012518331538482403,0.9428571428571428,0.014722616120184632,0.94,
segment,gradient descent,110,55,0.010742357297084639,0.9590062111801242,0.013380654026477546,0.9342857142857143,
segment,gradient descent,110,56,0.010832931841405645,0.9565217391304348,0.01361213074151186,0.9457142857142857,
segment,gradient descent,110,57,0.010407119374704316,0.9540372670807453,0.012890486937205388,0.9371428571428572,
segment,gradient descent,110,58,0.009862456686043977,0.9577639751552796,0.012783978287879241,0.9342857142857143,
segment,gradient descent,110,59,0.016212284762303877,0.9254658385093167,0.019001933284419032,0.9171428571428571,
segment,gradient descent,110,60,0.010320553015033807,0.9546583850931677,0.012595837904028396,0.9457142857142857,
segment,gradient descent,110,61,0.020956348315531056,0.9062111801242236,0.02324696260990887,0.9,
segment,gradient descent,110,62,0.009924545914754744,0.9559006211180124,0.012421788849850466,0.9457142857142857,
segment,gradient descent,110,63,0.009895246278303793,0.9590062111801242,0.012486948482892515,0.9428571428571428,
segment,gradient descent,110,64,0.009633599555574012,0.9596273291925466,0.012566319273247958,0.9428571428571428,
segment,gradient descent,110,65,0.011996976663660135,0.9440993788819876,0.013865142219949318,0.9485714285714286,
segment,gradient descent,110,66,0.00977014169147472,0.9596273291925466,0.012900592155434704,0.94,
segment,gradient descent,110,67,0.01660654915186522,0.9273291925465839,0.019368473703981218,0.9085714285714286,
segment,gradient descent,110,68,0.009470980597961217,0.9577639751552796,0.012300808968224509,0.9428571428571428,
segment,gradient descent,110,69,0.008930817615589118,0.9602484472049689,0.011885636077164937,0.9428571428571428,
segment,gradient descent,110,70,0.009361441069777973,0.9596273291925466,0.012161998700862996,0.94,
segment,gradient descent,110,71,0.010321754566244087,0.9540372670807453,0.013263728964194704,0.9428571428571428,
segment,gradient descent,110,72,0.016536729127822267,0.9236024844720497,0.019244028573874875,0.9142857142857143,
segment,gradient descent,110,73,0.00911843411151757,0.9602484472049689,0.012090448502111073,0.9457142857142857,
segment,gradient descent,110,74,0.008723162615597593,0.9614906832298137,0.011719527851069294,0.9457142857142857,
segment,gradient descent,110,75,0.00884461975448385,0.9614906832298137,0.01213174987778405,0.9457142857142857,
segment,gradient descent,110,76,0.009231333665425851,0.9602484472049689,0.01244754383453734,0.9428571428571428,
segment,gradient descent,110,77,0.011786243885481757,0.9465838509316771,0.013625587061419328,0.9457142857142857,
segment,gradient descent,110,78,0.008396823610126732,0.9639751552795031,0.011430426723235456,0.9485714285714286,
segment,gradient descent,110,79,0.009123397832077336,0.9602484472049689,0.012178065587193152,0.9371428571428572,
segment,gradient descent,110,80,0.014724150848839062,0.9298136645962732,0.01738908824213504,0.9171428571428571,
segment,gradient descent,110,81,0.009241803938205034,0.9664596273291925,0.011740412486204305,0.9514285714285714,
segment,gradient descent,110,82,0.008102956800066334,0.9627329192546584,0.011029998319078698,0.9485714285714286,
segment,gradient descent,110,83,0.008235979590813722,0.962111801242236,0.01142438347125484,0.9457142857142857,
segment,gradient descent,110,84,0.008128477196321978,0.9633540372670808,0.011401278117637675,0.9428571428571428,
segment,gradient descent,110,85,0.008513722395317244,0.9627329192546584,0.011409299047325225,0.9485714285714286,
segment,gradient descent,110,86,0.00817025049020133,0.9670807453416149,0.011118881548719784,0.9542857142857143,
segment,gradient descent,110,87,0.008982686908468845,0.9596273291925466,0.01127653890292664,0.9514285714285714,
segment,gradient descent,110,88,0.008864585493251887,0.9652173913043478,0.011566938419052809,0.9514285714285714,
segment,gradient descent,110,89,0.013802376773120115,0.931055900621118,0.01665237980824424,0.9257142857142857,
segment,gradient descent,110,90,0.007866014742674503,0.9670807453416149,0.010843331001475573,0.9514285714285714,
segment,gradient descent,110,91,0.011403324826793026,0.94472049689441,0.013730832359985278,0.9371428571428572,
segment,gradient descent,110,92,0.007579550802367178,0.9695652173913043,0.01059180140638496,0.9571428571428572,
segment,gradient descent,110,93,0.008416843399133775,0.9614906832298137,0.011052337901963947,0.9457142857142857,
segment,gradient descent,110,94,0.009985435234767085,0.9515527950310559,0.013129335069920207,0.9428571428571428,
segment,gradient descent,110,95,0.00759824269933798,0.968944099378882,0.010791113044201675,0.9542857142857143,
segment,gradient descent,110,96,0.00795393614627051,0.9658385093167702,0.011240087822782359,0.9485714285714286,
segment,gradient descent,110,97,0.007599757433611053,0.9677018633540373,0.010675057017934562,0.9485714285714286,
segment,gradient descent,110,98,0.008134543608951016,0.9652173913043478,0.011263749080812983,0.9514285714285714,
segment,gradient descent,110,99,0.007665713412123178,0.9677018633540373,0.01080482618549935,0.9542857142857143,
segment,gradient descent,110,100,0.008700463876457943,0.9639751552795031,0.011648428454463636,0.9457142857142857,
segment,gradient descent,110,101,0.007443536435993808,0.9683229813664597,0.010695449328364541,0.9542857142857143,
segment,gradient descent,110,102,0.010178103114283299,0.9515527950310559,0.013298184930480522,0.9371428571428572,
segment,gradient descent,110,103,0.00821239352664167,0.9683229813664597,0.011604440570548876,0.9485714285714286,
segment,gradient descent,110,104,0.008135534304077804,0.9639751552795031,0.011289203661161004,0.9514285714285714,
segment,gradient descent,110,105,0.0076091791748808014,0.9652173913043478,0.010744275987259395,0.9457142857142857,
segment,gradient descent,110,106,0.006957967178665062,0.9714285714285714,0.010296939675111662,0.9571428571428572,
segment,gradient descent,110,107,0.007060274665394851,0.9714285714285714,0.010300572808582514,0.9571428571428572,
segment,gradient descent,110,108,0.006873168417912343,0.970807453416149,0.010219537601249296,0.9514285714285714,
segment,gradient descent,110,109,0.007558567013710705,0.9670807453416149,0.010447669255570238,0.9485714285714286,
segment,gradient descent,110,110,0.007211946375325184,0.970807453416149,0.010416782669534073,0.9571428571428572,
segment,gradient descent,110,111,0.008281090924519209,0.9614906832298137,0.011240546006367924,0.9485714285714286,
segment,gradient descent,110,112,0.006972695587346662,0.968944099378882,0.010424308422693493,0.9514285714285714,
segment,gradient descent,110,113,0.006708750403718987,0.970807453416149,0.010096752738648617,0.9485714285714286,
segment,gradient descent,110,114,0.018367275628777997,0.9267080745341615,0.019960838836874054,0.9114285714285715,
segment,gradient descent,110,115,0.015255588635851258,0.9316770186335404,0.017858114461421135,0.92,
segment,gradient descent,110,116,0.006851243220623807,0.9695652173913043,0.01014272250621837,0.9514285714285714,
segment,gradient descent,110,117,0.006780971893713617,0.9701863354037267,0.010053354454242451,0.9514285714285714,
segment,gradient descent,110,118,0.007575884315623916,0.9664596273291925,0.01055893788662656,0.9542857142857143,
segment,gradient descent,110,119,0.00658139089703308,0.970807453416149,0.010104844877493146,0.9514285714285714,
segment,gradient descent,110,120,0.006564470526186137,0.9714285714285714,0.01015819135315134,0.9514285714285714,
segment,gradient descent,110,121,0.01626204042010595,0.9285714285714286,0.019066301442708985,0.92,
segment,gradient descent,110,122,0.01273440463968464,0.9372670807453416,0.015930442238039678,0.9257142857142857,
segment,gradient descent,110,123,0.006954821475726295,0.968944099378882,0.010685818351899166,0.9514285714285714,
segment,gradient descent,110,124,0.006596466606028928,0.9695652173913043,0.01016790031037862,0.9542857142857143,
segment,gradient descent,110,125,0.008129586680653719,0.9608695652173913,0.011267753028602289,0.9485714285714286,
segment,gradient descent,110,126,0.006464480892332549,0.9732919254658385,0.010182091837605997,0.9542857142857143,
segment,gradient descent,110,127,0.006450375151228468,0.970807453416149,0.01018560039635903,0.9485714285714286,
segment,gradient descent,110,128,0.006345909856055001,0.9732919254658385,0.010127202026694431,0.9571428571428572,
segment,gradient descent,110,129,0.0064080756530248365,0.9701863354037267,0.010288743080550103,0.9485714285714286,
segment,gradient descent,110,130,0.008479403285559997,0.9633540372670808,0.011723240851132454,0.9514285714285714,
segment,gradient descent,110,131,0.006230585839983226,0.9726708074534162,0.00999842417166095,0.9542857142857143,
segment,gradient descent,110,132,0.006758135242211932,0.970807453416149,0.010627351839722833,0.9571428571428572,
segment,gradient descent,110,133,0.0065330465315025215,0.9695652173913043,0.010375285063135578,0.9542857142857143,
segment,gradient descent,110,134,0.006275013744947492,0.9726708074534162,0.010149789680171262,0.9542857142857143,
segment,gradient descent,110,135,0.007144847991137395,0.968944099378882,0.010778462975770285,0.9542857142857143,
segment,gradient descent,110,136,0.0062681277834197606,0.9726708074534162,0.009987745477729463,0.9542857142857143,
segment,gradient descent,110,137,0.006402020362992081,0.9701863354037267,0.010263900906165227,0.9485714285714286,
segment,gradient descent,110,138,0.006476321810295209,0.9701863354037267,0.010231802717879065,0.9514285714285714,
segment,gradient descent,110,139,0.006517682628336234,0.970807453416149,0.01057184622041613,0.9457142857142857,
segment,gradient descent,110,140,0.0064096908188014425,0.9726708074534162,0.010207629948736181,0.9542857142857143,
segment,gradient descent,110,141,0.006149527609169114,0.9714285714285714,0.010157838362108932,0.9542857142857143,
segment,gradient descent,110,142,0.006077484755151401,0.9726708074534162,0.010003083086809144,0.9542857142857143,
segment,gradient descent,110,143,0.006262317144608791,0.970807453416149,0.010164121030001708,0.9514285714285714,
segment,gradient descent,110,144,0.0061606864025260475,0.9739130434782609,0.010229322690878041,0.9514285714285714,
segment,gradient descent,110,145,0.009712359696117702,0.9515527950310559,0.013393410974566318,0.9371428571428572,
segment,gradient descent,110,146,0.0059143830358008125,0.9745341614906833,0.009856596326374445,0.9571428571428572,
segment,gradient descent,110,147,0.007408467118985952,0.9652173913043478,0.011294757156234238,0.9514285714285714,
segment,gradient descent,110,148,0.005901167450875025,0.9739130434782609,0.009932095548627055,0.9542857142857143,
segment,gradient descent,110,149,0.0068549228481425755,0.9677018633540373,0.01073388006537927,0.9485714285714286,
segment,gradient descent,110,150,0.005918535549764759,0.9745341614906833,0.009890652240161868,0.9542857142857143,
segment,gradient descent,110,151,0.01841762004444675,0.9192546583850931,0.021025773139276734,0.92,
segment,gradient descent,110,152,0.00603281852336247,0.9726708074534162,0.009987854635412869,0.9514285714285714,
segment,gradient descent,110,153,0.007957735453856772,0.9627329192546584,0.011362160257741232,0.9485714285714286,
segment,gradient descent,110,154,0.006583765619672398,0.9683229813664597,0.010292833215280378,0.9514285714285714,
segment,gradient descent,110,155,0.005938451220906704,0.9732919254658385,0.010064599649914033,0.9542857142857143,
segment,gradient descent,110,156,0.006371820039725108,0.968944099378882,0.010381688096791157,0.9485714285714286,
segment,gradient descent,110,157,0.007487685382867834,0.9633540372670808,0.011309830236213118,0.9485714285714286,
segment,gradient descent,110,158,0.006333543096162244,0.9683229813664597,0.01024224237997514,0.9514285714285714,
segment,gradient descent,110,159,0.005855144565253821,0.9720496894409938,0.009907749418975136,0.9514285714285714,
segment,gradient descent,110,160,0.0056878232693641055,0.9757763975155279,0.009874003692386064,0.9571428571428572,
segment,gradient descent,110,161,0.01716657675791719,0.9260869565217391,0.019977567824511582,0.9171428571428571,
segment,gradient descent,110,162,0.005665760788476906,0.9751552795031055,0.009717022405489583,0.9571428571428572,
segment,gradient descent,110,163,0.007692090608504623,0.9652173913043478,0.011113811455408063,0.9485714285714286,
segment,gradient descent,110,164,0.006181429106123496,0.9714285714285714,0.010390540772663576,0.9571428571428572,
segment,gradient descent,110,165,0.005675205484630335,0.9745341614906833,0.009911097871736402,0.9542857142857143,
segment,gradient descent,110,166,0.006175949678567831,0.970807453416149,0.010603472251224304,0.9485714285714286,
segment,gradient descent,110,167,0.006066326812986403,0.9745341614906833,0.010828389024419396,0.9514285714285714,
segment,gradient descent,110,168,0.0074287991041642,0.9664596273291925,0.01116215282737318,0.9485714285714286,
segment,gradient descent,110,169,0.007564131262242488,0.9664596273291925,0.011066566999884214,0.9457142857142857,
segment,gradient descent,110,170,0.007052601551435694,0.9683229813664597,0.011207531478773628,0.9457142857142857,
segment,gradient descent,110,171,0.005667842279070772,0.9751552795031055,0.009861790066620857,0.9542857142857143,
segment,gradient descent,110,172,0.005894317739084479,0.9714285714285714,0.009808352132785927,0.9514285714285714,
segment,gradient descent,110,173,0.005644693311558672,0.9745341614906833,0.009865222670928774,0.9514285714285714,
segment,gradient descent,110,174,0.005420523871227878,0.9770186335403727,0.009903366619978883,0.9514285714285714,
segment,gradient descent,110,175,0.010860812846265267,0.9552795031055901,0.013387731940096617,0.94,
segment,gradient descent,110,176,0.00554164862893579,0.9751552795031055,0.009869890037225429,0.9542857142857143,
segment,gradient descent,110,177,0.00531877654696868,0.9788819875776398,0.009801208756089712,0.9571428571428572,
segment,gradient descent,110,178,0.00628895682070681,0.9739130434782609,0.010703690855261011,0.9485714285714286,
segment,gradient descent,110,179,0.0054480564788732646,0.9782608695652174,0.009993557768918217,0.9542857142857143,
segment,gradient descent,110,180,0.008539381831088275,0.9614906832298137,0.012816831450979926,0.9428571428571428,
segment,gradient descent,110,181,0.005696720065312897,0.9757763975155279,0.010057951018431467,0.9514285714285714,
segment,gradient descent,110,182,0.006263595960247569,0.9701863354037267,0.01054238853973678,0.9514285714285714,
segment,gradient descent,110,183,0.009227000554967084,0.9608695652173913,0.013082550981798443,0.94,
segment,gradient descent,110,184,0.00914157296972972,0.9602484472049689,0.012334230107945088,0.94,
segment,gradient descent,110,185,0.005089037805968146,0.9807453416149068,0.009935400134762268,0.9542857142857143,
segment,gradient descent,110,186,0.005130693913960678,0.9795031055900622,0.009896169038672574,0.9514285714285714,
segment,gradient descent,110,187,0.005307019191752,0.9801242236024845,0.009839047766829777,0.9514285714285714,
segment,gradient descent,110,188,0.005890690996574276,0.9770186335403727,0.010764669390124187,0.9542857142857143,
segment,gradient descent,110,189,0.00555397618126167,0.9745341614906833,0.009978254708097925,0.9542857142857143,
segment,gradient descent,110,190,0.00497414737570051,0.9795031055900622,0.00967208343462559,0.9571428571428572,
segment,gradient descent,110,191,0.015348402841226468,0.9322981366459627,0.018671354368551937,0.9171428571428571,
segment,gradient descent,110,192,0.0049940364767456875,0.9788819875776398,0.009450954450637832,0.9542857142857143,
segment,gradient descent,110,193,0.004830982063345811,0.9813664596273292,0.009363497347969148,0.9628571428571429,
segment,gradient descent,110,194,0.010648031157599774,0.9540372670807453,0.014016591191962849,0.9371428571428572,
segment,gradient descent,110,195,0.006587090972562293,0.9714285714285714,0.010945971539619428,0.9457142857142857,
segment,gradient descent,110,196,0.0051016435469441925,0.9788819875776398,0.009583966369006039,0.9571428571428572,
segment,gradient descent,110,197,0.0047414587174244545,0.9826086956521739,0.009276901794790796,0.96,
segment,gradient descent,110,198,0.004766644631411039,0.9807453416149068,0.009421751593036183,0.9571428571428572,
segment,gradient descent,110,199,0.0073301990406578095,0.9683229813664597,0.011428930289444014,0.9542857142857143,
segment,gradient descent,110,200,0.004797407361620317,0.9819875776397515,0.00968778198300751,0.96,
segment,gradient descent,110,201,0.00708258040347661,0.9677018633540373,0.010363780609307318,0.9514285714285714,
segment,gradient descent,110,202,0.00489590566588443,0.9782608695652174,0.00959864096406308,0.96,
segment,gradient descent,110,203,0.004836867443139921,0.9795031055900622,0.009270436199587418,0.96,
segment,gradient descent,110,204,0.00460583922011523,0.9813664596273292,0.00934029604708133,0.9628571428571429,
segment,gradient descent,110,205,0.004898062145717632,0.9801242236024845,0.009352877472057949,0.96,
segment,gradient descent,110,206,0.0049323574727407294,0.9807453416149068,0.009433600714288667,0.9571428571428572,
segment,gradient descent,110,207,0.004476894718485341,0.9826086956521739,0.00903634277526422,0.9628571428571429,
segment,gradient descent,110,208,0.0045964358108910195,0.9813664596273292,0.00905092316886635,0.9628571428571429,
segment,gradient descent,110,209,0.004452522430794174,0.9826086956521739,0.009107097413441689,0.96,
segment,gradient descent,110,210,0.005914924768117246,0.9739130434782609,0.010850705360184332,0.9542857142857143,
segment,gradient descent,110,211,0.004903224198778202,0.9801242236024845,0.009785766318306514,0.9514285714285714,
segment,gradient descent,110,212,0.004538068279911453,0.9801242236024845,0.00916791143587631,0.96,
segment,gradient descent,110,213,0.004449275304231752,0.9819875776397515,0.008959534817564906,0.9657142857142857,
segment,gradient descent,110,214,0.010998117776093764,0.9552795031055901,0.013514060923743411,0.9371428571428572,
segment,gradient descent,110,215,0.00459820985718727,0.9819875776397515,0.009435981269979637,0.96,
segment,gradient descent,110,216,0.004312587725136625,0.9826086956521739,0.009056525819310926,0.9628571428571429,
segment,gradient descent,110,217,0.004334777654219709,0.9832298136645963,0.00897323942622852,0.9628571428571429,
segment,gradient descent,110,218,0.004738864574552298,0.9782608695652174,0.009357838864500242,0.9571428571428572,
segment,gradient descent,110,219,0.004289484547382106,0.9832298136645963,0.009331989607402488,0.96,
segment,gradient descent,110,220,0.004592707817895071,0.9813664596273292,0.009472120900671987,0.9542857142857143,
segment,gradient descent,110,221,0.004216226027152184,0.9826086956521739,0.009137173361433526,0.9628571428571429,
segment,gradient descent,110,222,0.00867273785253048,0.9633540372670808,0.012679677299726537,0.9457142857142857,
segment,gradient descent,110,223,0.004736439089427709,0.9801242236024845,0.009415746560456326,0.96,
segment,gradient descent,110,224,0.004904095764802082,0.9770186335403727,0.009351953901820666,0.96,
segment,gradient descent,110,225,0.004215257347391379,0.9832298136645963,0.00910648094019179,0.9628571428571429,
segment,gradient descent,110,226,0.007404213671489978,0.9683229813664597,0.011103392821576151,0.9514285714285714,
segment,gradient descent,110,227,0.0050638447919522205,0.9782608695652174,0.009282572103005333,0.9542857142857143,
segment,gradient descent,110,228,0.00410859342203906,0.9826086956521739,0.008917463241061522,0.9628571428571429,
segment,gradient descent,110,229,0.009706051120761207,0.9515527950310559,0.014173184172327213,0.9342857142857143,
segment,gradient descent,110,230,0.004551733691516221,0.9819875776397515,0.009769017136844919,0.96,
segment,gradient descent,110,231,0.004522107039827629,0.9801242236024845,0.009350130079468742,0.9571428571428572,
segment,gradient descent,110,232,0.004777152233748231,0.9807453416149068,0.009833599858678358,0.96,
segment,gradient descent,110,233,0.004848468431282967,0.9795031055900622,0.00988952953885198,0.9571428571428572,
segment,gradient descent,110,234,0.004095926184276902,0.9826086956521739,0.008935647696770842,0.9628571428571429,
segment,gradient descent,110,235,0.00473347493782334,0.9807453416149068,0.009539660958441682,0.96,
segment,gradient descent,110,236,0.004438677175278374,0.9801242236024845,0.009526655362555803,0.9542857142857143,
segment,gradient descent,110,237,0.004234516653358058,0.9819875776397515,0.00906793271691856,0.96,
segment,gradient descent,110,238,0.004375216437715666,0.9813664596273292,0.00919851841161969,0.9542857142857143,
segment,gradient descent,110,239,0.011599529506337782,0.9459627329192547,0.015653934481656,0.9314285714285714,
segment,gradient descent,110,240,0.005540180029076305,0.9751552795031055,0.010667950112115394,0.9571428571428572,
segment,gradient descent,110,241,0.0039368925507481,0.9838509316770186,0.008924512224667992,0.9628571428571429,
segment,gradient descent,110,242,0.003965279676383383,0.9838509316770186,0.008827062218149584,0.9628571428571429,
segment,gradient descent,110,243,0.004005113843761405,0.9826086956521739,0.00896665995905769,0.9628571428571429,
segment,gradient descent,110,244,0.0039626601812614085,0.9832298136645963,0.008800236009956991,0.9628571428571429,
segment,gradient descent,110,245,0.004043524542073083,0.9826086956521739,0.008976024136090737,0.9628571428571429,
segment,gradient descent,110,246,0.0043096135302700695,0.9813664596273292,0.009189913001895448,0.96,
segment,gradient descent,110,247,0.00922147396291207,0.9614906832298137,0.012064067679478235,0.9514285714285714,
segment,gradient descent,110,248,0.004589258941526898,0.9832298136645963,0.009547902426708567,0.96,
segment,gradient descent,110,249,0.004110950603647806,0.9813664596273292,0.008945015452060036,0.9628571428571429,
segment,gradient descent,110,250,0.0045092779839739396,0.9807453416149068,0.009667168786026154,0.96,
segment,gradient descent,110,251,0.003853894831051037,0.9850931677018634,0.00898859695518238,0.9657142857142857,
segment,gradient descent,110,252,0.003897612836499696,0.984472049689441,0.009071935824430994,0.96,
segment,gradient descent,110,253,0.008188229166300718,0.9614906832298137,0.013120918744801357,0.9428571428571428,
segment,gradient descent,110,254,0.003975082348365206,0.9826086956521739,0.009179556506748305,0.96,
segment,gradient descent,110,255,0.003860520361123872,0.9819875776397515,0.008956876487406685,0.96,
segment,gradient descent,110,256,0.003807542823280413,0.984472049689441,0.008953232273921809,0.9571428571428572,
segment,gradient descent,110,257,0.003923831344152727,0.9838509316770186,0.00901378288280517,0.9628571428571429,
segment,gradient descent,110,258,0.0037718678439763436,0.984472049689441,0.00896760684287438,0.9628571428571429,
segment,gradient descent,110,259,0.004911197641416814,0.977639751552795,0.010063501608496367,0.9542857142857143,
segment,gradient descent,110,260,0.008193692845463256,0.9639751552795031,0.012764077263482264,0.9428571428571428,
segment,gradient descent,110,261,0.010690102980277524,0.9496894409937888,0.014976335844818865,0.9342857142857143,
segment,gradient descent,110,262,0.011535463682161904,0.9459627329192547,0.015281677337968634,0.9257142857142857,
segment,gradient descent,110,263,0.00511436400044014,0.977639751552795,0.00973857552022913,0.96,
segment,gradient descent,110,264,0.013093851515596966,0.9422360248447205,0.01689517461357198,0.9314285714285714,
segment,gradient descent,110,265,0.004319399359472944,0.9813664596273292,0.009066751852606353,0.9571428571428572,
segment,gradient descent,110,266,0.004250060611633595,0.9795031055900622,0.008933957649209462,0.9571428571428572,
segment,gradient descent,110,267,0.003848997317886527,0.9826086956521739,0.008856693128988593,0.96,
segment,gradient descent,110,268,0.0037585233488564023,0.9857142857142858,0.008888820049903802,0.9628571428571429,
segment,gradient descent,110,269,0.014527502003189184,0.9385093167701863,0.01802110176474547,0.9285714285714286,
segment,gradient descent,110,270,0.003994916974533021,0.9832298136645963,0.008897516710292146,0.96,
segment,gradient descent,110,271,0.0041696304643401615,0.984472049689441,0.00940085246226159,0.96,
segment,gradient descent,110,272,0.003745164807463143,0.9850931677018634,0.008922066959290102,0.9571428571428572,
segment,gradient descent,110,273,0.00603931791153334,0.970807453416149,0.011162752768394813,0.9485714285714286,
segment,gradient descent,110,274,0.008994193380794512,0.9608695652173913,0.012179327194012404,0.9542857142857143,
segment,gradient descent,110,275,0.004906605041682747,0.9813664596273292,0.009901895866930376,0.9571428571428572,
segment,gradient descent,110,276,0.003939172553836514,0.9826086956521739,0.009378880849453444,0.9542857142857143,
segment,gradient descent,110,277,0.0037169256704819363,0.9838509316770186,0.00891332144787093,0.9628571428571429,
segment,gradient descent,110,278,0.010430349095801435,0.9515527950310559,0.014892938667970685,0.9342857142857143,
segment,gradient descent,110,279,0.003742786310989834,0.9838509316770186,0.009010687417370895,0.96,
segment,gradient descent,110,280,0.003913622615569319,0.9857142857142858,0.009143982809632176,0.9628571428571429,
segment,gradient descent,110,281,0.003563939708972038,0.984472049689441,0.008799412016838799,0.9628571428571429,
segment,gradient descent,110,282,0.003676968530615845,0.984472049689441,0.009118312001684023,0.9628571428571429,
segment,gradient descent,110,283,0.003747164000490554,0.9832298136645963,0.008923844995288702,0.96,
segment,gradient descent,110,284,0.0038330543095127074,0.9826086956521739,0.008948711507199869,0.96,
segment,gradient descent,110,285,0.0114332385215311,0.9453416149068323,0.015660663187593703,0.9342857142857143,
segment,gradient descent,110,286,0.0036381433382590843,0.9838509316770186,0.008770933402119919,0.96,
segment,gradient descent,110,287,0.003799430346176728,0.9838509316770186,0.009087793552041454,0.9542857142857143,
segment,gradient descent,110,288,0.003556746411064417,0.9838509316770186,0.008736306359854455,0.96,
segment,gradient descent,110,289,0.0035407631475986787,0.986335403726708,0.008875280146655189,0.96,
segment,gradient descent,110,290,0.0038709499540988818,0.9838509316770186,0.009364308472677932,0.9542857142857143,
segment,gradient descent,110,291,0.004264474679032935,0.9795031055900622,0.009062804444885818,0.9542857142857143,
segment,gradient descent,110,292,0.003935654473241897,0.9832298136645963,0.009000808946736218,0.9571428571428572,
segment,gradient descent,110,293,0.003571564361864937,0.9850931677018634,0.0089686810443801,0.9628571428571429,
segment,gradient descent,110,294,0.003877234249035961,0.9832298136645963,0.009342209275644386,0.9571428571428572,
segment,gradient descent,110,295,0.003671759802056629,0.9832298136645963,0.008837557412894433,0.96,
segment,gradient descent,110,296,0.004904397639836765,0.9757763975155279,0.010509102461197642,0.9571428571428572,
segment,gradient descent,110,297,0.0037456535464901737,0.984472049689441,0.009216095859675878,0.96,
segment,gradient descent,110,298,0.00842198548909404,0.9583850931677018,0.012881067036557038,0.94,
segment,gradient descent,110,299,0.003459714919185841,0.9869565217391304,0.008976329094651226,0.96,
segment,gradient descent,110,300,0.0055710371633983695,0.9732919254658385,0.010119638969506352,0.9571428571428572,
segment,gradient descent,110,301,0.005041614958520011,0.9757763975155279,0.01047692618456161,0.9514285714285714,
segment,gradient descent,110,302,0.0034398370740563572,0.986335403726708,0.008933209868376627,0.96,
segment,gradient descent,110,303,0.004332512494427449,0.9788819875776398,0.009216869370460486,0.9571428571428572,
segment,gradient descent,110,304,0.0035876142257908234,0.9832298136645963,0.008810402409518078,0.96,
segment,gradient descent,110,305,0.0034099703361650207,0.986335403726708,0.008906876298977566,0.96,
segment,gradient descent,110,306,0.003988600507822423,0.9819875776397515,0.00961224383382399,0.9542857142857143,
segment,gradient descent,110,307,0.003617999665986109,0.984472049689441,0.009115318104452865,0.9571428571428572,
segment,gradient descent,110,308,0.0034584700178426635,0.9838509316770186,0.008823762027073955,0.9628571428571429,
segment,gradient descent,110,309,0.003443022448161804,0.984472049689441,0.008821240894060766,0.96,
segment,gradient descent,110,310,0.0033911221296910815,0.986335403726708,0.008772564141257384,0.9628571428571429,
segment,gradient descent,110,311,0.0034128884061416305,0.986335403726708,0.008716005979249108,0.96,
segment,gradient descent,110,312,0.0035970812663745555,0.9832298136645963,0.008770842103883328,0.96,
segment,gradient descent,110,313,0.0033906430259490286,0.9875776397515528,0.008783547411741666,0.9628571428571429,
segment,gradient descent,110,314,0.003418353101299073,0.984472049689441,0.008873728815595403,0.96,
segment,gradient descent,110,315,0.0038408632530909865,0.9838509316770186,0.009124444363080658,0.9542857142857143,
segment,gradient descent,110,316,0.0033402867216237486,0.986335403726708,0.00881162752977721,0.96,
segment,gradient descent,110,317,0.003956372382131709,0.9819875776397515,0.009505566623530425,0.9542857142857143,
segment,gradient descent,110,318,0.003379275430298535,0.9869565217391304,0.0089939970016886,0.9571428571428572,
segment,gradient descent,110,319,0.003395598408635259,0.9857142857142858,0.008884913051890566,0.96,
segment,gradient descent,110,320,0.004588084054766611,0.9832298136645963,0.00949614710537949,0.9628571428571429,
segment,gradient descent,110,321,0.0036222146708520396,0.9819875776397515,0.008758611723235308,0.9628571428571429,
segment,gradient descent,110,322,0.004133813404921382,0.9819875776397515,0.009787533311134121,0.9571428571428572,
segment,gradient descent,110,323,0.003392428269608267,0.9857142857142858,0.008909405079424696,0.96,
segment,gradient descent,110,324,0.0033815703769393556,0.9875776397515528,0.009091061351114517,0.96,
segment,gradient descent,110,325,0.00334664141638645,0.984472049689441,0.008733506568095213,0.96,
segment,gradient descent,110,326,0.0034078507738053167,0.984472049689441,0.008860296393911843,0.9628571428571429,
segment,gradient descent,110,327,0.0036819374492375262,0.9832298136645963,0.009093449754783788,0.9571428571428572,
segment,gradient descent,110,328,0.0038341601252477905,0.9832298136645963,0.009175507824721513,0.9571428571428572,
segment,gradient descent,110,329,0.0035069245922161544,0.984472049689441,0.009057366784984046,0.9571428571428572,
segment,gradient descent,110,330,0.010896795567894323,0.9496894409937888,0.015170187964818673,0.9285714285714286,
segment,gradient descent,110,331,0.0033599813075004463,0.9850931677018634,0.009030168512723865,0.96,
segment,gradient descent,110,332,0.004754869076700041,0.9763975155279503,0.010512442465934664,0.9542857142857143,
segment,gradient descent,110,333,0.0034665383283191847,0.984472049689441,0.00913915521207013,0.9571428571428572,
segment,gradient descent,110,334,0.003369743129254381,0.984472049689441,0.008848700505777572,0.9571428571428572,
segment,gradient descent,110,335,0.0037874671886733245,0.9832298136645963,0.009144441258406678,0.9542857142857143,
segment,gradient descent,110,336,0.0036762903920885925,0.984472049689441,0.009472826946654763,0.9542857142857143,
segment,gradient descent,110,337,0.003527742583550838,0.9850931677018634,0.008928612645974675,0.96,
segment,gradient descent,110,338,0.0035235220057032684,0.9850931677018634,0.008963496980105932,0.96,
segment,gradient descent,110,339,0.003439479352797394,0.9857142857142858,0.009102190322262877,0.9571428571428572,
segment,gradient descent,110,340,0.009716846852302364,0.9540372670807453,0.014733979965576719,0.9342857142857143,
segment,gradient descent,110,341,0.003275677081252293,0.9850931677018634,0.008707399672278186,0.96,
segment,gradient descent,110,342,0.003316590833720971,0.986335403726708,0.008835564696079694,0.9514285714285714,
segment,gradient descent,110,343,0.0033201616541614935,0.9857142857142858,0.008705465517652444,0.96,
segment,gradient descent,110,344,0.0032169037826054094,0.9857142857142858,0.008696124183644023,0.9628571428571429,
segment,gradient descent,110,345,0.0032552542790803287,0.9881987577639751,0.008866063663025274,0.96,
segment,gradient descent,110,346,0.0032152719300226475,0.9850931677018634,0.008744900091070424,0.96,
segment,gradient descent,110,347,0.0054994183226196765,0.9732919254658385,0.009770436801283594,0.9542857142857143,
segment,gradient descent,110,348,0.003255109595049806,0.9850931677018634,0.008803554321214376,0.96,
segment,gradient descent,110,349,0.00755858305541022,0.9614906832298137,0.013095305275448478,0.94,
segment,gradient descent,110,350,0.003224929229115726,0.984472049689441,0.008854088997656278,0.9542857142857143,
segment,gradient descent,111,1,0.0932774189543189,0.45217391304347826,0.09304417034948208,0.4514285714285714,
segment,gradient descent,111,2,0.08431167777457235,0.6279503105590062,0.08471894351420194,0.62,
segment,gradient descent,111,3,0.062253289441635405,0.6813664596273292,0.06301180282708162,0.6685714285714286,
segment,gradient descent,111,4,0.05796096002420551,0.6509316770186335,0.057379172498360616,0.6457142857142857,
segment,gradient descent,111,5,0.0447314950235622,0.7664596273291926,0.045578591304094855,0.7571428571428571,
segment,gradient descent,111,6,0.058720663657208655,0.7055900621118012,0.05742911306426134,0.7,
segment,gradient descent,111,7,0.06471103114837301,0.7919254658385093,0.06668686035684844,0.7714285714285715,
segment,gradient descent,111,8,0.03543856197675908,0.8645962732919255,0.03635910978701305,0.8485714285714285,
segment,gradient descent,111,9,0.02632291927369219,0.8962732919254658,0.027969057001837376,0.8714285714285714,
segment,gradient descent,111,10,0.025181388208786903,0.8975155279503105,0.02511155750859415,0.9057142857142857,
segment,gradient descent,111,11,0.01901957765893994,0.9248447204968944,0.02014710342879489,0.9228571428571428,
segment,gradient descent,111,12,0.023546337263896624,0.9124223602484473,0.025668832640550483,0.8942857142857142,
segment,gradient descent,111,13,0.019875746335699412,0.9186335403726708,0.021055335437422575,0.9171428571428571,
segment,gradient descent,111,14,0.019163819547355083,0.9180124223602485,0.0201794364348387,0.9171428571428571,
segment,gradient descent,111,15,0.027523636226673306,0.8826086956521739,0.0308358389010642,0.8571428571428571,
segment,gradient descent,111,16,0.01812037192557331,0.9198757763975155,0.018984681760327953,0.9085714285714286,
segment,gradient descent,111,17,0.017278263990106704,0.9279503105590062,0.01876767091072664,0.9142857142857143,
segment,gradient descent,111,18,0.022493639150647286,0.9012422360248448,0.0252427380610466,0.8714285714285714,
segment,gradient descent,111,19,0.016327047382776322,0.9316770186335404,0.017750641156333527,0.92,
segment,gradient descent,111,20,0.018179073882118684,0.9316770186335404,0.02039251212681948,0.9257142857142857,
segment,gradient descent,111,21,0.0166441015675449,0.9360248447204969,0.018797958488978556,0.9285714285714286,
segment,gradient descent,111,22,0.015021996220502525,0.9366459627329192,0.016758060250836853,0.9285714285714286,
segment,gradient descent,111,23,0.015098018013698002,0.9347826086956522,0.016840707575091072,0.9285714285714286,
segment,gradient descent,111,24,0.01616901213533594,0.9285714285714286,0.01746584443345393,0.9171428571428571,
segment,gradient descent,111,25,0.014406858675441633,0.9385093167701863,0.016323781883378775,0.9285714285714286,
segment,gradient descent,111,26,0.01758814443213373,0.9329192546583851,0.01901890252523002,0.92,
segment,gradient descent,111,27,0.013727851539180413,0.9391304347826087,0.015703716910369602,0.9257142857142857,
segment,gradient descent,111,28,0.013866065668668711,0.9391304347826087,0.015941561489977468,0.9285714285714286,
segment,gradient descent,111,29,0.014599959770195292,0.9316770186335404,0.016560623173196714,0.9142857142857143,
segment,gradient descent,111,30,0.013301172333849547,0.9465838509316771,0.015656551131298508,0.9371428571428572,
segment,gradient descent,111,31,0.029095909030817713,0.8633540372670807,0.03179881564878089,0.8514285714285714,
segment,gradient descent,111,32,0.013706637555868014,0.94472049689441,0.016426706440250956,0.9285714285714286,
segment,gradient descent,111,33,0.013484728817915292,0.9478260869565217,0.01643708507360285,0.9342857142857143,
segment,gradient descent,111,34,0.013186316136873752,0.9496894409937888,0.015805756199058368,0.9342857142857143,
segment,gradient descent,111,35,0.015128672401218441,0.9267080745341615,0.016369045486300783,0.9171428571428571,
segment,gradient descent,111,36,0.014585319348384614,0.94472049689441,0.016223046816113546,0.9342857142857143,
segment,gradient descent,111,37,0.013245442710280662,0.937888198757764,0.015256849652215828,0.9314285714285714,
segment,gradient descent,111,38,0.015463681896933196,0.9322981366459627,0.01858909372847446,0.9228571428571428,
segment,gradient descent,111,39,0.013751463276849599,0.9391304347826087,0.015944020907275414,0.9342857142857143,
segment,gradient descent,111,40,0.014875563737170696,0.9298136645962732,0.016601995597995422,0.92,
segment,gradient descent,111,41,0.0166671577787804,0.9211180124223602,0.017975285327601346,0.9285714285714286,
segment,gradient descent,111,42,0.011742051884188113,0.9478260869565217,0.014465549564819939,0.9342857142857143,
segment,gradient descent,111,43,0.019460419372347076,0.9062111801242236,0.022278531915916725,0.8914285714285715,
segment,gradient descent,111,44,0.016954409902927712,0.9260869565217391,0.01996172566448476,0.92,
segment,gradient descent,111,45,0.01201027971830781,0.9453416149068323,0.014738482951626337,0.9314285714285714,
segment,gradient descent,111,46,0.011007038738606104,0.9552795031055901,0.013619281958683381,0.94,
segment,gradient descent,111,47,0.01094807105523231,0.9527950310559006,0.013661080865744267,0.9428571428571428,
segment,gradient descent,111,48,0.011204648376735397,0.9440993788819876,0.01367184295872901,0.9342857142857143,
segment,gradient descent,111,49,0.016778217203481223,0.9173913043478261,0.0196952124875442,0.9142857142857143,
segment,gradient descent,111,50,0.011806684495678751,0.9490683229813665,0.014647705136708102,0.9457142857142857,
segment,gradient descent,111,51,0.017454250545185283,0.9173913043478261,0.020331747017318335,0.9114285714285715,
segment,gradient descent,111,52,0.013816577580743691,0.929192546583851,0.016768478624268703,0.9228571428571428,
segment,gradient descent,111,53,0.012039710720969987,0.9434782608695652,0.014368120983167582,0.94,
segment,gradient descent,111,54,0.014465476663541315,0.9229813664596274,0.017311722029444924,0.9171428571428571,
segment,gradient descent,111,55,0.010460383072043306,0.9509316770186336,0.013195066982727767,0.9457142857142857,
segment,gradient descent,111,56,0.010621701184477346,0.9527950310559006,0.013634906768424927,0.9428571428571428,
segment,gradient descent,111,57,0.00996872754286796,0.9577639751552796,0.01301546883959338,0.94,
segment,gradient descent,111,58,0.01037615342972763,0.9527950310559006,0.01353609143725291,0.9428571428571428,
segment,gradient descent,111,59,0.011488701955190838,0.9434782608695652,0.013974019502596267,0.9371428571428572,
segment,gradient descent,111,60,0.009585411700130548,0.9590062111801242,0.012729782923956793,0.9457142857142857,
segment,gradient descent,111,61,0.01072646609463348,0.9503105590062112,0.014222398765480121,0.9428571428571428,
segment,gradient descent,111,62,0.018379451132907176,0.908695652173913,0.02149480329670263,0.9028571428571428,
segment,gradient descent,111,63,0.010440155035189403,0.9515527950310559,0.013786970852938745,0.9457142857142857,
segment,gradient descent,111,64,0.00960566420947611,0.9583850931677018,0.012952319430757519,0.9457142857142857,
segment,gradient descent,111,65,0.010090136066034783,0.9559006211180124,0.01201872910546068,0.9428571428571428,
segment,gradient descent,111,66,0.009981054234708546,0.9552795031055901,0.012593854252591833,0.9485714285714286,
segment,gradient descent,111,67,0.014677775827121743,0.9316770186335404,0.016394679617949565,0.9171428571428571,
segment,gradient descent,111,68,0.009882144686191743,0.9590062111801242,0.012854194585865725,0.94,
segment,gradient descent,111,69,0.00916965252481785,0.9645962732919254,0.012426423652131946,0.9428571428571428,
segment,gradient descent,111,70,0.014997481055760879,0.9335403726708075,0.01751403825857084,0.9142857142857143,
segment,gradient descent,111,71,0.009712265713940422,0.962111801242236,0.01320914394534428,0.94,
segment,gradient descent,111,72,0.012829153827875747,0.9329192546583851,0.016177569126522514,0.9171428571428571,
segment,gradient descent,111,73,0.010497292769048384,0.9527950310559006,0.013887109959071869,0.9428571428571428,
segment,gradient descent,111,74,0.008826402875557023,0.9664596273291925,0.012640792091094753,0.9428571428571428,
segment,gradient descent,111,75,0.010656280530647018,0.9546583850931677,0.01428801779996528,0.9485714285714286,
segment,gradient descent,111,76,0.00849663614682829,0.9695652173913043,0.012310408939833982,0.9485714285714286,
segment,gradient descent,111,77,0.008156290326919797,0.9683229813664597,0.012117964399169845,0.9485714285714286,
segment,gradient descent,111,78,0.008357325099030758,0.9683229813664597,0.012088303194558137,0.9485714285714286,
segment,gradient descent,111,79,0.010408258545120749,0.9559006211180124,0.013697275705523058,0.9485714285714286,
segment,gradient descent,111,80,0.012227572185256285,0.9409937888198758,0.01576726537810836,0.9285714285714286,
segment,gradient descent,111,81,0.009261517919072298,0.962111801242236,0.012856136373041028,0.9428571428571428,
segment,gradient descent,111,82,0.007884952530821636,0.968944099378882,0.011955004953105735,0.9485714285714286,
segment,gradient descent,111,83,0.008088314845576088,0.9677018633540373,0.012193799966606349,0.9457142857142857,
segment,gradient descent,111,84,0.007918534635720297,0.9664596273291925,0.012199856526059242,0.9514285714285714,
segment,gradient descent,111,85,0.008095896809308497,0.9677018633540373,0.012243869972044843,0.9514285714285714,
segment,gradient descent,111,86,0.007699390283683349,0.9670807453416149,0.012007393089838761,0.9457142857142857,
segment,gradient descent,111,87,0.01528554459046506,0.9354037267080745,0.018137974644094446,0.92,
segment,gradient descent,111,88,0.009905653737540257,0.9577639751552796,0.013686475772889003,0.9371428571428572,
segment,gradient descent,111,89,0.016200952483462473,0.9236024844720497,0.017648069915782872,0.92,
segment,gradient descent,111,90,0.007891882359463132,0.9695652173913043,0.012047165835728192,0.9542857142857143,
segment,gradient descent,111,91,0.011239256918703562,0.9453416149068323,0.015043862463898609,0.9371428571428572,
segment,gradient descent,111,92,0.010718756612920873,0.9490683229813665,0.014667787395053882,0.9371428571428572,
segment,gradient descent,111,93,0.007244852314663577,0.9714285714285714,0.011567057861863541,0.9542857142857143,
segment,gradient descent,111,94,0.006991890075084064,0.970807453416149,0.011184709156891706,0.96,
segment,gradient descent,111,95,0.014414864190725022,0.9372670807453416,0.016948924640678417,0.9228571428571428,
segment,gradient descent,111,96,0.009448669563367951,0.9540372670807453,0.013266094877405512,0.9428571428571428,
segment,gradient descent,111,97,0.008195279391920714,0.9652173913043478,0.012116937370443179,0.9485714285714286,
segment,gradient descent,111,98,0.007714967602281091,0.9683229813664597,0.011549762828908424,0.9485714285714286,
segment,gradient descent,111,99,0.007000781154856899,0.9720496894409938,0.011017023461564754,0.9571428571428572,
segment,gradient descent,111,100,0.006907834935093223,0.9732919254658385,0.011005555014650994,0.9542857142857143,
segment,gradient descent,111,101,0.006867395947313333,0.9701863354037267,0.010895223296330185,0.9542857142857143,
segment,gradient descent,111,102,0.006817108483308506,0.970807453416149,0.011018584040725908,0.9542857142857143,
segment,gradient descent,111,103,0.00706211431868321,0.9695652173913043,0.011365910615212782,0.9457142857142857,
segment,gradient descent,111,104,0.006568952380510072,0.9720496894409938,0.010936221385648853,0.9514285714285714,
segment,gradient descent,111,105,0.009837583874604539,0.9509316770186336,0.01392204867278037,0.9342857142857143,
segment,gradient descent,111,106,0.0064880122367723505,0.9720496894409938,0.010833327846259441,0.9514285714285714,
segment,gradient descent,111,107,0.006401453256056294,0.9745341614906833,0.01069756264347067,0.9571428571428572,
segment,gradient descent,111,108,0.006528849466007699,0.9720496894409938,0.01074971005599138,0.9571428571428572,
segment,gradient descent,111,109,0.009707944137594038,0.9521739130434783,0.013357326867414117,0.9428571428571428,
segment,gradient descent,111,110,0.0072130373266495315,0.9695652173913043,0.01125397584224425,0.9457142857142857,
segment,gradient descent,111,111,0.006377419380379635,0.9739130434782609,0.01046881779470126,0.9457142857142857,
segment,gradient descent,111,112,0.006742247332454844,0.970807453416149,0.011000534607638094,0.9514285714285714,
segment,gradient descent,111,113,0.006519202945634063,0.9751552795031055,0.010886991544954287,0.9485714285714286,
segment,gradient descent,111,114,0.006992061151877285,0.9695652173913043,0.010727562228981486,0.9457142857142857,
segment,gradient descent,111,115,0.006631153294753845,0.970807453416149,0.01077748185886599,0.9542857142857143,
segment,gradient descent,111,116,0.0071108660777463315,0.970807453416149,0.011283529328471799,0.9485714285714286,
segment,gradient descent,111,117,0.006582885234043979,0.970807453416149,0.010460567979690843,0.96,
segment,gradient descent,111,118,0.018338819356182895,0.9186335403726708,0.021759024146577332,0.9057142857142857,
segment,gradient descent,111,119,0.009220220901681167,0.962111801242236,0.012653076961216935,0.9428571428571428,
segment,gradient descent,111,120,0.007010470804834285,0.9695652173913043,0.011064098656847815,0.9485714285714286,
segment,gradient descent,111,121,0.006367705634336746,0.9714285714285714,0.010476769996512755,0.9542857142857143,
segment,gradient descent,111,122,0.009940654481175612,0.9590062111801242,0.012629018251020899,0.9457142857142857,
segment,gradient descent,111,123,0.006704091961289393,0.970807453416149,0.01092184788650412,0.9571428571428572,
segment,gradient descent,111,124,0.005997773829916779,0.9751552795031055,0.010350059598118163,0.9628571428571429,
segment,gradient descent,111,125,0.005892356198106114,0.9763975155279503,0.010266483754287013,0.9571428571428572,
segment,gradient descent,111,126,0.006431449482481835,0.9739130434782609,0.010793683415413983,0.9514285714285714,
segment,gradient descent,111,127,0.008568858456397587,0.9608695652173913,0.011749670316975647,0.9514285714285714,
segment,gradient descent,111,128,0.00867127163300809,0.9602484472049689,0.012633916259717336,0.9457142857142857,
segment,gradient descent,111,129,0.006886093578344006,0.9714285714285714,0.011493083091327782,0.9428571428571428,
segment,gradient descent,111,130,0.006477808276250181,0.9739130434782609,0.010881178517157187,0.9571428571428572,
segment,gradient descent,111,131,0.00601474567155613,0.9714285714285714,0.010491064212589572,0.9542857142857143,
segment,gradient descent,111,132,0.006349277977296632,0.9720496894409938,0.01079027809214537,0.9514285714285714,
segment,gradient descent,111,133,0.007268301165511366,0.9701863354037267,0.011729539886418217,0.9485714285714286,
segment,gradient descent,111,134,0.009477899447972182,0.9596273291925466,0.012553437215592596,0.9428571428571428,
segment,gradient descent,111,135,0.006026789619181456,0.9726708074534162,0.010617979000103198,0.9514285714285714,
segment,gradient descent,111,136,0.0057593386328518665,0.9751552795031055,0.010361621764741655,0.9571428571428572,
segment,gradient descent,111,137,0.005761726648092211,0.9745341614906833,0.010238059441688636,0.9514285714285714,
segment,gradient descent,111,138,0.006514910715690015,0.9720496894409938,0.01093319061313202,0.9514285714285714,
segment,gradient descent,111,139,0.0056223895767803,0.977639751552795,0.010075264606460351,0.9542857142857143,
segment,gradient descent,111,140,0.005782903227514249,0.9757763975155279,0.010219249835249683,0.9514285714285714,
segment,gradient descent,111,141,0.005714523576358518,0.9757763975155279,0.0100541694927102,0.96,
segment,gradient descent,111,142,0.006043251578175485,0.9745341614906833,0.010560523203040824,0.9514285714285714,
segment,gradient descent,111,143,0.005633876316118087,0.9757763975155279,0.010242502496999177,0.9542857142857143,
segment,gradient descent,111,144,0.005706057654251687,0.9751552795031055,0.0103461727868488,0.9514285714285714,
segment,gradient descent,111,145,0.005454385623410778,0.9770186335403727,0.0102597487675756,0.9514285714285714,
segment,gradient descent,111,146,0.006375461653388926,0.9745341614906833,0.011094803858947287,0.9428571428571428,
segment,gradient descent,111,147,0.005621344095066278,0.9770186335403727,0.010456782213805783,0.9485714285714286,
segment,gradient descent,111,148,0.005554708221922512,0.9770186335403727,0.010357427986654146,0.9514285714285714,
segment,gradient descent,111,149,0.006334726613683449,0.9757763975155279,0.011002631768573261,0.9514285714285714,
segment,gradient descent,111,150,0.005507563176396276,0.9763975155279503,0.010317876914020302,0.9542857142857143,
segment,gradient descent,111,151,0.007780680104506136,0.9683229813664597,0.012351790588013832,0.9485714285714286,
segment,gradient descent,111,152,0.005897852866589646,0.9763975155279503,0.010432924264922242,0.9542857142857143,
segment,gradient descent,111,153,0.005900443796908887,0.9745341614906833,0.010586628196064886,0.9457142857142857,
segment,gradient descent,111,154,0.005370228234262895,0.9751552795031055,0.010138789878133395,0.9542857142857143,
segment,gradient descent,111,155,0.00586650393047975,0.9763975155279503,0.01049462698565843,0.9542857142857143,
segment,gradient descent,111,156,0.006154636872015066,0.9726708074534162,0.010672625124970794,0.9457142857142857,
segment,gradient descent,111,157,0.008012255650720572,0.9602484472049689,0.01230175969547987,0.9457142857142857,
segment,gradient descent,111,158,0.005208620558578758,0.9763975155279503,0.009982855943103733,0.9485714285714286,
segment,gradient descent,111,159,0.005123459410124314,0.9782608695652174,0.009909493024060875,0.9485714285714286,
segment,gradient descent,111,160,0.005189197140599543,0.9770186335403727,0.009905309813355178,0.9485714285714286,
segment,gradient descent,111,161,0.01743414411837125,0.9254658385093167,0.01943508723427517,0.9228571428571428,
segment,gradient descent,111,162,0.010133577087475889,0.9515527950310559,0.014078774814591981,0.9314285714285714,
segment,gradient descent,111,163,0.005477159532192568,0.9763975155279503,0.010029175896837725,0.96,
segment,gradient descent,111,164,0.006032858504329937,0.9739130434782609,0.010632481818707884,0.9514285714285714,
segment,gradient descent,111,165,0.00495683519323175,0.9807453416149068,0.009823106127050996,0.9542857142857143,
segment,gradient descent,111,166,0.005558932714307124,0.9763975155279503,0.010173965708208665,0.9457142857142857,
segment,gradient descent,111,167,0.0048208675337482,0.9807453416149068,0.009747432187786929,0.9514285714285714,
segment,gradient descent,111,168,0.006732560744528072,0.9770186335403727,0.01112726709626603,0.9542857142857143,
segment,gradient descent,111,169,0.004842050996060318,0.9801242236024845,0.009595509010096403,0.9514285714285714,
segment,gradient descent,111,170,0.005790956941768508,0.9763975155279503,0.010497253585301887,0.9485714285714286,
segment,gradient descent,111,171,0.016870852580585755,0.9254658385093167,0.02022258792234103,0.9114285714285715,
segment,gradient descent,111,172,0.004707500301214219,0.9813664596273292,0.009574937429625905,0.9514285714285714,
segment,gradient descent,111,173,0.0053058663735326755,0.9782608695652174,0.01008929822679662,0.9457142857142857,
segment,gradient descent,111,174,0.004639613885062189,0.9819875776397515,0.009561730017846421,0.9514285714285714,
segment,gradient descent,111,175,0.004775293832690729,0.9801242236024845,0.009530924717282053,0.9514285714285714,
segment,gradient descent,111,176,0.01566067135165057,0.9329192546583851,0.01910083321928258,0.9142857142857143,
segment,gradient descent,111,177,0.004628929376258523,0.9819875776397515,0.009580645251206396,0.9571428571428572,
segment,gradient descent,111,178,0.007726965353628489,0.9652173913043478,0.012314944203076664,0.9428571428571428,
segment,gradient descent,111,179,0.004496587231022807,0.9838509316770186,0.009463042114348029,0.9542857142857143,
segment,gradient descent,111,180,0.0048291969151786455,0.977639751552795,0.009635980928192895,0.9514285714285714,
segment,gradient descent,111,181,0.004554351678104814,0.9838509316770186,0.009466223431330347,0.9514285714285714,
segment,gradient descent,111,182,0.004490740595841475,0.9826086956521739,0.009387670777574696,0.9571428571428572,
segment,gradient descent,111,183,0.0044283532017409324,0.9850931677018634,0.00931322647636638,0.9571428571428572,
segment,gradient descent,111,184,0.004489049810524488,0.9826086956521739,0.009271912401799538,0.96,
segment,gradient descent,111,185,0.004489424129530196,0.984472049689441,0.009467397146708759,0.9571428571428572,
segment,gradient descent,111,186,0.004394269831667335,0.9832298136645963,0.009262568309032345,0.9514285714285714,
segment,gradient descent,111,187,0.004778408902417509,0.9819875776397515,0.00975393871560817,0.9514285714285714,
segment,gradient descent,111,188,0.004389429789124751,0.9838509316770186,0.009226887870687584,0.9571428571428572,
segment,gradient descent,111,189,0.004380356072951229,0.984472049689441,0.00916071008211153,0.9571428571428572,
segment,gradient descent,111,190,0.005035217005698257,0.9813664596273292,0.009656985353268591,0.9628571428571429,
segment,gradient descent,111,191,0.006360441641729335,0.9745341614906833,0.010473404407454152,0.9514285714285714,
segment,gradient descent,111,192,0.00464111765527648,0.9813664596273292,0.009346775028752197,0.96,
segment,gradient descent,111,193,0.0045035369569085566,0.9826086956521739,0.009162762072303429,0.9571428571428572,
segment,gradient descent,111,194,0.004230973124798558,0.9838509316770186,0.009114297702449457,0.9571428571428572,
segment,gradient descent,111,195,0.004213665344004696,0.9838509316770186,0.009105790157879639,0.9571428571428572,
segment,gradient descent,111,196,0.004245300515354018,0.9850931677018634,0.009184382991192563,0.9542857142857143,
segment,gradient descent,111,197,0.005368396673466897,0.9770186335403727,0.00983580513452687,0.9514285714285714,
segment,gradient descent,111,198,0.004444193002844966,0.9850931677018634,0.009371506891763652,0.96,
segment,gradient descent,111,199,0.00419003775064226,0.984472049689441,0.00927535246790016,0.9542857142857143,
segment,gradient descent,111,200,0.004236117913970623,0.9838509316770186,0.009051210953707494,0.96,
segment,gradient descent,111,201,0.004654543660795781,0.9795031055900622,0.009420170007849246,0.9542857142857143,
segment,gradient descent,111,202,0.004505276863751987,0.9819875776397515,0.009391077860957426,0.9514285714285714,
segment,gradient descent,111,203,0.004512740992837856,0.9826086956521739,0.009504392821980215,0.9542857142857143,
segment,gradient descent,111,204,0.004112940377880088,0.9850931677018634,0.009070733783426236,0.9542857142857143,
segment,gradient descent,111,205,0.004071797421556503,0.9850931677018634,0.00900793873179124,0.9542857142857143,
segment,gradient descent,111,206,0.0052937313033444506,0.9788819875776398,0.010111644493549711,0.9571428571428572,
segment,gradient descent,111,207,0.004153076158998724,0.9838509316770186,0.009011518312582721,0.9542857142857143,
segment,gradient descent,111,208,0.004988700698224374,0.9788819875776398,0.00973199751080562,0.9514285714285714,
segment,gradient descent,111,209,0.004133379897594367,0.9826086956521739,0.009072422817579353,0.96,
segment,gradient descent,111,210,0.00408672877548289,0.9850931677018634,0.008988631396945916,0.9571428571428572,
segment,gradient descent,111,211,0.004104433379512688,0.9850931677018634,0.008944185624101963,0.9571428571428572,
segment,gradient descent,111,212,0.004108008253310468,0.984472049689441,0.008946429600987037,0.9571428571428572,
segment,gradient descent,111,213,0.004339619159400622,0.9813664596273292,0.009015629644078768,0.96,
segment,gradient descent,111,214,0.004856398986618613,0.9819875776397515,0.009386617933878846,0.9628571428571429,
segment,gradient descent,111,215,0.004473894592089763,0.9819875776397515,0.009271329402440511,0.9571428571428572,
segment,gradient descent,111,216,0.004053079707753416,0.984472049689441,0.008976171901441631,0.9542857142857143,
segment,gradient descent,111,217,0.006446343666544807,0.9739130434782609,0.010588880145217522,0.9514285714285714,
segment,gradient descent,111,218,0.004351498227874026,0.9819875776397515,0.009328055241595232,0.9571428571428572,
segment,gradient descent,111,219,0.004181169486359965,0.9838509316770186,0.009028338400015344,0.9571428571428572,
segment,gradient descent,111,220,0.008329633915640105,0.9652173913043478,0.011352758816715281,0.9514285714285714,
segment,gradient descent,111,221,0.00400968476803676,0.984472049689441,0.008999617475628434,0.9514285714285714,
segment,gradient descent,111,222,0.004190594019365017,0.9826086956521739,0.009188319220962334,0.9542857142857143,
segment,gradient descent,111,223,0.0038626954371773943,0.9857142857142858,0.008841786149239637,0.9542857142857143,
segment,gradient descent,111,224,0.016136503801024604,0.9304347826086956,0.019380456453854788,0.9228571428571428,
segment,gradient descent,111,225,0.006164803385843717,0.9714285714285714,0.01104378992857038,0.9485714285714286,
segment,gradient descent,111,226,0.004196374721395349,0.984472049689441,0.009129947787842468,0.9571428571428572,
segment,gradient descent,111,227,0.0043391744895966665,0.9826086956521739,0.009252000932131096,0.9457142857142857,
segment,gradient descent,111,228,0.004340804612031589,0.984472049689441,0.009258797638532278,0.9571428571428572,
segment,gradient descent,111,229,0.003831787251649701,0.9869565217391304,0.008877887840524323,0.9571428571428572,
segment,gradient descent,111,230,0.00525009505406359,0.9770186335403727,0.009756079216411542,0.9485714285714286,
segment,gradient descent,111,231,0.0037363626378863197,0.9857142857142858,0.008639847987169796,0.9542857142857143,
segment,gradient descent,111,232,0.004166915982160568,0.9832298136645963,0.009169013464758752,0.9571428571428572,
segment,gradient descent,111,233,0.0037218889640488837,0.9857142857142858,0.00878222897793062,0.9542857142857143,
segment,gradient descent,111,234,0.004216911625748277,0.9819875776397515,0.00911343973597208,0.9571428571428572,
segment,gradient descent,111,235,0.00366570254592565,0.9857142857142858,0.008790928993257218,0.9571428571428572,
segment,gradient descent,111,236,0.006841318807866083,0.9664596273291925,0.011704522904630678,0.9457142857142857,
segment,gradient descent,111,237,0.0037923104564902247,0.9869565217391304,0.009002158385105883,0.96,
segment,gradient descent,111,238,0.0037116404738278164,0.9850931677018634,0.0088798129268849,0.9542857142857143,
segment,gradient descent,111,239,0.003883264546581388,0.9869565217391304,0.00904318829990114,0.9542857142857143,
segment,gradient descent,111,240,0.0039624678242071625,0.9869565217391304,0.009141341226945866,0.96,
segment,gradient descent,111,241,0.0036582334619667325,0.9857142857142858,0.008868080717457828,0.96,
segment,gradient descent,111,242,0.005204167347582668,0.9801242236024845,0.010284746962555219,0.9542857142857143,
segment,gradient descent,111,243,0.0036626569427105453,0.9869565217391304,0.008793302135100515,0.9542857142857143,
segment,gradient descent,111,244,0.003968518641591408,0.9832298136645963,0.008953966703602932,0.9542857142857143,
segment,gradient descent,111,245,0.0038768195785696884,0.9832298136645963,0.008859112485127003,0.9542857142857143,
segment,gradient descent,111,246,0.004198088421313597,0.984472049689441,0.009217539876136415,0.9571428571428572,
segment,gradient descent,111,247,0.0038909499680347234,0.9838509316770186,0.008928298128489531,0.9542857142857143,
segment,gradient descent,111,248,0.0035487753449128107,0.9857142857142858,0.008772324732869168,0.9571428571428572,
segment,gradient descent,111,249,0.004064648224056591,0.9838509316770186,0.008868684123700397,0.9542857142857143,
segment,gradient descent,111,250,0.004161291277056501,0.984472049689441,0.009118900429642451,0.96,
segment,gradient descent,111,251,0.003904538611820944,0.9826086956521739,0.008866329978078978,0.9542857142857143,
segment,gradient descent,111,252,0.004725628279217641,0.9813664596273292,0.00991968181943863,0.9514285714285714,
segment,gradient descent,111,253,0.004145424806987125,0.9819875776397515,0.008931135747621279,0.9542857142857143,
segment,gradient descent,111,254,0.0035387280892882696,0.986335403726708,0.008734146780934798,0.96,
segment,gradient descent,111,255,0.004076078346779014,0.9826086956521739,0.009183230920117203,0.9485714285714286,
segment,gradient descent,111,256,0.0037009156090674175,0.9869565217391304,0.009010056791177931,0.9485714285714286,
segment,gradient descent,111,257,0.0035806312413180115,0.9857142857142858,0.008736678088882455,0.9571428571428572,
segment,gradient descent,111,258,0.0034619398761628977,0.9881987577639751,0.008697792133169966,0.96,
segment,gradient descent,111,259,0.003777436449018039,0.9832298136645963,0.00866698581417111,0.9571428571428572,
segment,gradient descent,111,260,0.00549645935779976,0.9739130434782609,0.0107169642845123,0.9428571428571428,
segment,gradient descent,111,261,0.005086487080925572,0.9801242236024845,0.009941030420662286,0.9514285714285714,
segment,gradient descent,111,262,0.0035942952029217267,0.9838509316770186,0.008684312847295919,0.9571428571428572,
segment,gradient descent,111,263,0.003997839286080858,0.9819875776397515,0.00892712410905147,0.9542857142857143,
segment,gradient descent,111,264,0.003876123745687485,0.9869565217391304,0.008941314744685793,0.9571428571428572,
segment,gradient descent,111,265,0.003591706266094098,0.9881987577639751,0.008877226920131261,0.9571428571428572,
segment,gradient descent,111,266,0.0035303474782103837,0.9857142857142858,0.008614688414777291,0.9571428571428572,
segment,gradient descent,111,267,0.0035288192494999163,0.986335403726708,0.008670909651994846,0.9571428571428572,
segment,gradient descent,111,268,0.005830403434115275,0.9745341614906833,0.010032940050035898,0.9571428571428572,
segment,gradient descent,111,269,0.0038183010383179526,0.9819875776397515,0.008811419597873089,0.9542857142857143,
segment,gradient descent,111,270,0.003389787446089693,0.986335403726708,0.00873947537995183,0.9571428571428572,
segment,gradient descent,111,271,0.003352482399673873,0.9888198757763975,0.00862537515571359,0.9571428571428572,
segment,gradient descent,111,272,0.003424009659346626,0.9888198757763975,0.008681033841496887,0.9571428571428572,
segment,gradient descent,111,273,0.003851176816402451,0.9838509316770186,0.008904667003110652,0.9571428571428572,
segment,gradient descent,111,274,0.0033895500063685154,0.9857142857142858,0.008574739213907409,0.9571428571428572,
segment,gradient descent,111,275,0.0036770370456409335,0.9838509316770186,0.00880904946632122,0.9542857142857143,
segment,gradient descent,111,276,0.0034827277133157226,0.9850931677018634,0.008629053868137893,0.9571428571428572,
segment,gradient descent,111,277,0.0036970604560520887,0.9832298136645963,0.008739529018420374,0.9542857142857143,
segment,gradient descent,111,278,0.006958856262127599,0.968944099378882,0.01221212347838637,0.9457142857142857,
segment,gradient descent,111,279,0.005674545322143571,0.9732919254658385,0.011141916346298209,0.9514285714285714,
segment,gradient descent,111,280,0.0033539707758669973,0.986335403726708,0.008646955878789907,0.9571428571428572,
segment,gradient descent,111,281,0.0034473164463616306,0.9850931677018634,0.008614099179467111,0.9571428571428572,
segment,gradient descent,111,282,0.0033143992273185372,0.9869565217391304,0.008697694496223003,0.9628571428571429,
segment,gradient descent,111,283,0.011259401428237854,0.9509316770186336,0.015829905508000917,0.9228571428571428,
segment,gradient descent,111,284,0.0032760404683846614,0.9888198757763975,0.008596647976788779,0.96,
segment,gradient descent,111,285,0.003333539997224909,0.9850931677018634,0.00855431737192784,0.9571428571428572,
segment,gradient descent,111,286,0.0032680476500784534,0.9857142857142858,0.008609368281287137,0.96,
segment,gradient descent,111,287,0.0032395523353178995,0.9857142857142858,0.008626666707112172,0.9571428571428572,
segment,gradient descent,111,288,0.0033545794989800542,0.986335403726708,0.00865424973743546,0.96,
segment,gradient descent,111,289,0.003207491657206238,0.9875776397515528,0.008670802619542894,0.96,
segment,gradient descent,111,290,0.003588420348601805,0.9838509316770186,0.009022665699945349,0.9571428571428572,
segment,gradient descent,111,291,0.003335869614182768,0.9869565217391304,0.008750837943225556,0.9571428571428572,
segment,gradient descent,111,292,0.009921434713267525,0.9540372670807453,0.014431437787403415,0.9285714285714286,
segment,gradient descent,111,293,0.0036894803243114277,0.9857142857142858,0.008819010863825336,0.96,
segment,gradient descent,111,294,0.003273190214214937,0.9881987577639751,0.008820203985870934,0.96,
segment,gradient descent,111,295,0.0032394667075576976,0.9888198757763975,0.008582296732307804,0.96,
segment,gradient descent,111,296,0.004906462667219119,0.9782608695652174,0.010432963406535278,0.9542857142857143,
segment,gradient descent,111,297,0.003867982897478757,0.9819875776397515,0.008853742745819671,0.9571428571428572,
segment,gradient descent,111,298,0.006713411340267104,0.9695652173913043,0.010693830268413066,0.9542857142857143,
segment,gradient descent,111,299,0.003167171871223156,0.9888198757763975,0.008563864761042136,0.96,
segment,gradient descent,111,300,0.0031640348903817475,0.9875776397515528,0.008556831900599384,0.9571428571428572,
segment,gradient descent,111,301,0.0031062172628807893,0.9881987577639751,0.008537767909609136,0.9571428571428572,
segment,gradient descent,111,302,0.003514847871473037,0.9832298136645963,0.008603698765628907,0.9571428571428572,
segment,gradient descent,111,303,0.0033155477349729977,0.9869565217391304,0.008583967916903882,0.9571428571428572,
segment,gradient descent,111,304,0.0031686932754741537,0.9875776397515528,0.008751022380526448,0.9628571428571429,
segment,gradient descent,111,305,0.004322875375979942,0.9813664596273292,0.009853198010596625,0.9485714285714286,
segment,gradient descent,111,306,0.004323112385559766,0.9819875776397515,0.01004686555604413,0.9514285714285714,
segment,gradient descent,111,307,0.003226111778510929,0.9857142857142858,0.008622365324585305,0.9571428571428572,
segment,gradient descent,111,308,0.0033236192151135093,0.986335403726708,0.008544998628298234,0.96,
segment,gradient descent,111,309,0.003325688011490301,0.9857142857142858,0.00854190263234544,0.9571428571428572,
segment,gradient descent,111,310,0.00311142105546047,0.9857142857142858,0.008451755608616636,0.9571428571428572,
segment,gradient descent,111,311,0.0036451069592127495,0.9838509316770186,0.008654540971133598,0.96,
segment,gradient descent,111,312,0.0037361679953613965,0.9869565217391304,0.00906508107127992,0.9628571428571429,
segment,gradient descent,111,313,0.003246733776503491,0.9875776397515528,0.008746282972772234,0.9571428571428572,
segment,gradient descent,111,314,0.003005344069056538,0.9894409937888199,0.008499429479238322,0.9628571428571429,
segment,gradient descent,111,315,0.003457682086502493,0.9857142857142858,0.009089882094030683,0.9571428571428572,
segment,gradient descent,111,316,0.0031768973363951306,0.986335403726708,0.008472355028637246,0.9571428571428572,
segment,gradient descent,111,317,0.002979375565220046,0.9869565217391304,0.00844397588632665,0.96,
segment,gradient descent,111,318,0.0031920774159080135,0.9875776397515528,0.008566907400204727,0.9628571428571429,
segment,gradient descent,111,319,0.004375495806178708,0.9819875776397515,0.010109909028576924,0.9542857142857143,
segment,gradient descent,111,320,0.0033286150883164987,0.986335403726708,0.00892083176011964,0.9571428571428572,
segment,gradient descent,111,321,0.003531321859979004,0.9850931677018634,0.009318570892631998,0.9571428571428572,
segment,gradient descent,111,322,0.003240766537028396,0.9857142857142858,0.008824177993767106,0.9571428571428572,
segment,gradient descent,111,323,0.0030596156251910126,0.9857142857142858,0.008369345159939158,0.9571428571428572,
segment,gradient descent,111,324,0.0033056325925240803,0.9869565217391304,0.008749427407347932,0.9657142857142857,
segment,gradient descent,111,325,0.0030843637996974707,0.9881987577639751,0.00858558249156421,0.9571428571428572,
segment,gradient descent,111,326,0.002909069865116441,0.9881987577639751,0.008400567997916102,0.9628571428571429,
segment,gradient descent,111,327,0.003312133236878182,0.984472049689441,0.008377632892839512,0.96,
segment,gradient descent,111,328,0.003158000429137145,0.986335403726708,0.008727973672895937,0.9571428571428572,
segment,gradient descent,111,329,0.0032148557671861536,0.986335403726708,0.008779248493504118,0.9571428571428572,
segment,gradient descent,111,330,0.0029909488295960986,0.9857142857142858,0.008311343953700749,0.9571428571428572,
segment,gradient descent,111,331,0.0029320874166606204,0.9881987577639751,0.00824156768667265,0.9571428571428572,
segment,gradient descent,111,332,0.005148013655242092,0.9770186335403727,0.009634588552451622,0.9542857142857143,
segment,gradient descent,111,333,0.0032485774398714243,0.9857142857142858,0.008453926428001888,0.96,
segment,gradient descent,111,334,0.003129018137527993,0.986335403726708,0.008505188297707598,0.96,
segment,gradient descent,111,335,0.0031865843427840127,0.9869565217391304,0.008449814970816372,0.96,
segment,gradient descent,111,336,0.0032409991589242215,0.986335403726708,0.0088799364350934,0.9571428571428572,
segment,gradient descent,111,337,0.002891728941975703,0.986335403726708,0.008298679487596992,0.96,
segment,gradient descent,111,338,0.008102875077518975,0.9639751552795031,0.013095227114034911,0.9371428571428572,
segment,gradient descent,111,339,0.0030239709644219,0.9869565217391304,0.008160419561855068,0.96,
segment,gradient descent,111,340,0.0028795787291030516,0.9894409937888199,0.00831225818406767,0.96,
segment,gradient descent,111,341,0.003756337680840466,0.9819875776397515,0.008635632428784335,0.96,
segment,gradient descent,111,342,0.0029986937582919078,0.9881987577639751,0.008330501006860625,0.9571428571428572,
segment,gradient descent,111,343,0.0029008430702197412,0.9869565217391304,0.008229479500414704,0.96,
segment,gradient descent,111,344,0.0028754743808524813,0.9869565217391304,0.008154528143650945,0.9571428571428572,
segment,gradient descent,111,345,0.00288213165554353,0.9869565217391304,0.008202409494906153,0.96,
segment,gradient descent,111,346,0.002828824853973363,0.986335403726708,0.00814582300828496,0.96,
segment,gradient descent,111,347,0.00354142125480016,0.9857142857142858,0.008992088794085699,0.9571428571428572,
segment,gradient descent,111,348,0.0028653957376548974,0.9857142857142858,0.00820551143074237,0.9571428571428572,
segment,gradient descent,111,349,0.0028642912227477744,0.986335403726708,0.008231483878654473,0.96,
segment,gradient descent,111,350,0.008518596154766536,0.9583850931677018,0.013109062434079053,0.9428571428571428,
segment,gradient descent,112,1,0.1071219495283128,0.4335403726708075,0.10531363560695943,0.44285714285714284,
segment,gradient descent,112,2,0.08413672091505908,0.4267080745341615,0.08284494986205249,0.43142857142857144,
segment,gradient descent,112,3,0.08167723963915935,0.6118012422360248,0.08060423177114658,0.6314285714285715,
segment,gradient descent,112,4,0.04202926586665355,0.8167701863354038,0.041878722480344764,0.8171428571428572,
segment,gradient descent,112,5,0.03199419335270703,0.8857142857142857,0.03255350192618151,0.8857142857142857,
segment,gradient descent,112,6,0.029133163657874175,0.8838509316770187,0.029328625808621275,0.8942857142857142,
segment,gradient descent,112,7,0.02486581129516304,0.9248447204968944,0.026407699124662003,0.9114285714285715,
segment,gradient descent,112,8,0.028497962116119123,0.8658385093167702,0.02880353504056284,0.8714285714285714,
segment,gradient descent,112,9,0.02207856474918367,0.9279503105590062,0.02373235206212092,0.9114285714285715,
segment,gradient descent,112,10,0.02058059143029482,0.9111801242236025,0.021609787109096674,0.9142857142857143,
segment,gradient descent,112,11,0.018137675124244773,0.9335403726708075,0.019382241303597156,0.9228571428571428,
segment,gradient descent,112,12,0.01899773265136855,0.9335403726708075,0.020930291704408282,0.9142857142857143,
segment,gradient descent,112,13,0.022298969420706936,0.9055900621118013,0.023547865272218575,0.9057142857142857,
segment,gradient descent,112,14,0.0231584336895562,0.901863354037267,0.025193759943502914,0.8742857142857143,
segment,gradient descent,112,15,0.017352893330553672,0.931055900621118,0.01917671006918304,0.9228571428571428,
segment,gradient descent,112,16,0.024600162283705977,0.9055900621118013,0.02670724406044285,0.8885714285714286,
segment,gradient descent,112,17,0.016232559006847055,0.9354037267080745,0.01807259177557266,0.9171428571428571,
segment,gradient descent,112,18,0.017087548360093647,0.9248447204968944,0.018157820786388904,0.9171428571428571,
segment,gradient descent,112,19,0.017364177220192796,0.9341614906832298,0.019824066087229593,0.9228571428571428,
segment,gradient descent,112,20,0.016487155298659517,0.9391304347826087,0.018861823319332758,0.9285714285714286,
segment,gradient descent,112,21,0.014870721922659293,0.937888198757764,0.016580940165733152,0.9257142857142857,
segment,gradient descent,112,22,0.014885549898032108,0.9372670807453416,0.017029527307817562,0.9257142857142857,
segment,gradient descent,112,23,0.014532107655560967,0.9434782608695652,0.016373160404733172,0.9342857142857143,
segment,gradient descent,112,24,0.02419703460987853,0.9062111801242236,0.027278666807306933,0.88,
segment,gradient descent,112,25,0.016078047765500907,0.9347826086956522,0.019390789311272767,0.9228571428571428,
segment,gradient descent,112,26,0.014162752392383793,0.9453416149068323,0.01650244163934615,0.9342857142857143,
segment,gradient descent,112,27,0.018597835500337875,0.9167701863354037,0.021617701045121205,0.9028571428571428,
segment,gradient descent,112,28,0.016045390044801763,0.9304347826086956,0.018331643046445578,0.9228571428571428,
segment,gradient descent,112,29,0.013361902117933512,0.9409937888198758,0.01540869650791866,0.9285714285714286,
segment,gradient descent,112,30,0.01308720750164941,0.9472049689440993,0.015279775219759732,0.94,
segment,gradient descent,112,31,0.01298612647267755,0.9428571428571428,0.015447156259201997,0.9285714285714286,
segment,gradient descent,112,32,0.01358861129129209,0.9372670807453416,0.015558064209535065,0.9257142857142857,
segment,gradient descent,112,33,0.012576649399757927,0.9428571428571428,0.014999998757896987,0.9257142857142857,
segment,gradient descent,112,34,0.012780813981824228,0.9422360248447205,0.015059928067921698,0.9285714285714286,
segment,gradient descent,112,35,0.012465965091772366,0.9416149068322981,0.014659712948629106,0.9285714285714286,
segment,gradient descent,112,36,0.015697324037857063,0.9440993788819876,0.01722124588638097,0.9285714285714286,
segment,gradient descent,112,37,0.021643022765686228,0.9062111801242236,0.024847495089407232,0.8885714285714286,
segment,gradient descent,112,38,0.011923394201387164,0.9515527950310559,0.014529884938850914,0.9371428571428572,
segment,gradient descent,112,39,0.015309176116910968,0.9285714285714286,0.018359917494032277,0.9142857142857143,
segment,gradient descent,112,40,0.014161355427961483,0.9329192546583851,0.017707121938849015,0.9228571428571428,
segment,gradient descent,112,41,0.015478553553651644,0.9279503105590062,0.01712491334665328,0.92,
segment,gradient descent,112,42,0.013550152792468153,0.9434782608695652,0.016818478203277615,0.9314285714285714,
segment,gradient descent,112,43,0.011471241605612957,0.9509316770186336,0.01367639545476301,0.9342857142857143,
segment,gradient descent,112,44,0.011150930619525615,0.9515527950310559,0.01402390214104046,0.9371428571428572,
segment,gradient descent,112,45,0.013293025861813607,0.9347826086956522,0.01504562741915969,0.9314285714285714,
segment,gradient descent,112,46,0.014341705957607706,0.931055900621118,0.017575634581014223,0.9171428571428571,
segment,gradient descent,112,47,0.01231445990214573,0.9478260869565217,0.014912046083433172,0.9285714285714286,
segment,gradient descent,112,48,0.024714122891631714,0.8894409937888199,0.027602818028542062,0.8771428571428571,
segment,gradient descent,112,49,0.01503331699220789,0.9273291925465839,0.016631061273929323,0.9257142857142857,
segment,gradient descent,112,50,0.011374320323331464,0.94472049689441,0.013690709305315752,0.9314285714285714,
segment,gradient descent,112,51,0.010820365145923017,0.9509316770186336,0.0138742805846772,0.9371428571428572,
segment,gradient descent,112,52,0.013273218362165632,0.9360248447204969,0.016814063808172276,0.9228571428571428,
segment,gradient descent,112,53,0.01582595500153869,0.9236024844720497,0.019487997985368204,0.9142857142857143,
segment,gradient descent,112,54,0.01098541808357171,0.9459627329192547,0.014014305608870698,0.9342857142857143,
segment,gradient descent,112,55,0.01069856133623052,0.9540372670807453,0.01380171575709659,0.9285714285714286,
segment,gradient descent,112,56,0.013259295451645914,0.9521739130434783,0.016351155593717536,0.9342857142857143,
segment,gradient descent,112,57,0.0106154248222063,0.9552795031055901,0.013554285164345627,0.9371428571428572,
segment,gradient descent,112,58,0.013336576455761128,0.9347826086956522,0.015213820437330125,0.9342857142857143,
segment,gradient descent,112,59,0.012023547267410457,0.9416149068322981,0.0142349169391881,0.9342857142857143,
segment,gradient descent,112,60,0.01064407904376369,0.9503105590062112,0.013524007826048704,0.9371428571428572,
segment,gradient descent,112,61,0.010016551415502345,0.9552795031055901,0.01368554483925116,0.9371428571428572,
segment,gradient descent,112,62,0.011143444442711814,0.9552795031055901,0.01403406602697554,0.9314285714285714,
segment,gradient descent,112,63,0.009930459949000242,0.9559006211180124,0.012962570208242095,0.94,
segment,gradient descent,112,64,0.01055189989612871,0.9503105590062112,0.013656976210396535,0.9371428571428572,
segment,gradient descent,112,65,0.011368292766779559,0.9503105590062112,0.013975772882199571,0.94,
segment,gradient descent,112,66,0.010386802533029931,0.953416149068323,0.013883146889281384,0.9285714285714286,
segment,gradient descent,112,67,0.010809023985515502,0.9490683229813665,0.013508082287229788,0.9371428571428572,
segment,gradient descent,112,68,0.010421989305726647,0.9515527950310559,0.013857285706473231,0.9285714285714286,
segment,gradient descent,112,69,0.009699568270312223,0.9583850931677018,0.013095519890345976,0.9342857142857143,
segment,gradient descent,112,70,0.01039556125769583,0.9546583850931677,0.013519128120419624,0.9342857142857143,
segment,gradient descent,112,71,0.009679948575283344,0.9583850931677018,0.01283857568516629,0.9342857142857143,
segment,gradient descent,112,72,0.010591081341588721,0.9571428571428572,0.01334461098735156,0.94,
segment,gradient descent,112,73,0.013370838689697764,0.9391304347826087,0.015647184579340025,0.9285714285714286,
segment,gradient descent,112,74,0.009450310552337986,0.9596273291925466,0.012418949522844417,0.9428571428571428,
segment,gradient descent,112,75,0.01012193566910521,0.9527950310559006,0.012987362067773,0.9428571428571428,
segment,gradient descent,112,76,0.012107610006749968,0.9472049689440993,0.015227714807537486,0.94,
segment,gradient descent,112,77,0.00897462801022035,0.9608695652173913,0.012245122902090599,0.9371428571428572,
segment,gradient descent,112,78,0.009378886380942572,0.9590062111801242,0.0122832484756359,0.9342857142857143,
segment,gradient descent,112,79,0.00921785344722141,0.9627329192546584,0.012353305617791062,0.94,
segment,gradient descent,112,80,0.009629313114128901,0.9583850931677018,0.012683703557698262,0.94,
segment,gradient descent,112,81,0.010603061508654468,0.9559006211180124,0.013956380134084307,0.94,
segment,gradient descent,112,82,0.010743687773867801,0.9540372670807453,0.014133376574585722,0.9342857142857143,
segment,gradient descent,112,83,0.008890224750019712,0.9633540372670808,0.012298320651287858,0.9428571428571428,
segment,gradient descent,112,84,0.009282931754844943,0.9633540372670808,0.012846099047481711,0.9428571428571428,
segment,gradient descent,112,85,0.010747000214481783,0.9521739130434783,0.013654584068772525,0.9485714285714286,
segment,gradient descent,112,86,0.008886811371085537,0.962111801242236,0.012155399755638703,0.9428571428571428,
segment,gradient descent,112,87,0.008364505124771066,0.9652173913043478,0.011810814853253785,0.9371428571428572,
segment,gradient descent,112,88,0.012135434361389037,0.9465838509316771,0.014704434304006165,0.9371428571428572,
segment,gradient descent,112,89,0.008195617271774484,0.9652173913043478,0.011543009579958888,0.9457142857142857,
segment,gradient descent,112,90,0.012465916936720745,0.9428571428571428,0.014894879319098508,0.9342857142857143,
segment,gradient descent,112,91,0.009160526928878962,0.962111801242236,0.01293327458536897,0.94,
segment,gradient descent,112,92,0.008586933912507057,0.9658385093167702,0.012450666684088466,0.9428571428571428,
segment,gradient descent,112,93,0.01596929261519808,0.9304347826086956,0.017841404644873358,0.9371428571428572,
segment,gradient descent,112,94,0.00794451779676462,0.9652173913043478,0.011387253713285366,0.9485714285714286,
segment,gradient descent,112,95,0.010922277211179185,0.9478260869565217,0.01433749589733561,0.9342857142857143,
segment,gradient descent,112,96,0.011666614072555951,0.94472049689441,0.013774377208544311,0.9514285714285714,
segment,gradient descent,112,97,0.007761791575322914,0.968944099378882,0.011268417890683682,0.9542857142857143,
segment,gradient descent,112,98,0.007699909637973684,0.968944099378882,0.011208892528821148,0.9485714285714286,
segment,gradient descent,112,99,0.00818773159366455,0.9683229813664597,0.011620178192515481,0.9542857142857143,
segment,gradient descent,112,100,0.007827092599726743,0.9670807453416149,0.011218012872857511,0.9485714285714286,
segment,gradient descent,112,101,0.00879836259328811,0.9645962732919254,0.012214131094053235,0.9428571428571428,
segment,gradient descent,112,102,0.007646538091388522,0.9677018633540373,0.011080189084874398,0.9514285714285714,
segment,gradient descent,112,103,0.00886480898055501,0.9639751552795031,0.011874732988236228,0.9514285714285714,
segment,gradient descent,112,104,0.0075451419488249075,0.9683229813664597,0.011123342196483104,0.9457142857142857,
segment,gradient descent,112,105,0.009295555379918843,0.9608695652173913,0.012722164755280176,0.94,
segment,gradient descent,112,106,0.0075275496470522665,0.9658385093167702,0.01111709374020761,0.9514285714285714,
segment,gradient descent,112,107,0.009003411851250956,0.9639751552795031,0.012102532783489387,0.9457142857142857,
segment,gradient descent,112,108,0.008556957465907839,0.9645962732919254,0.012101051339462822,0.9514285714285714,
segment,gradient descent,112,109,0.01045567027175376,0.9484472049689441,0.014039882659035505,0.9342857142857143,
segment,gradient descent,112,110,0.008064677861064549,0.9645962732919254,0.01114752903475973,0.9514285714285714,
segment,gradient descent,112,111,0.009736230766867134,0.9546583850931677,0.012427073425779535,0.9542857142857143,
segment,gradient descent,112,112,0.00783329720268021,0.9683229813664597,0.01105432871160289,0.9485714285714286,
segment,gradient descent,112,113,0.007250284344460584,0.968944099378882,0.010643193041378443,0.9542857142857143,
segment,gradient descent,112,114,0.010903790315319427,0.9509316770186336,0.013131486710361016,0.9485714285714286,
segment,gradient descent,112,115,0.007164103657128674,0.9701863354037267,0.01071633418913343,0.9542857142857143,
segment,gradient descent,112,116,0.0074169551003810605,0.970807453416149,0.010798970870173485,0.9514285714285714,
segment,gradient descent,112,117,0.007119575195386487,0.968944099378882,0.010697394748203755,0.9485714285714286,
segment,gradient descent,112,118,0.007784121594187216,0.9652173913043478,0.011041149934691573,0.9485714285714286,
segment,gradient descent,112,119,0.007038985635688981,0.9677018633540373,0.010602668118793077,0.9514285714285714,
segment,gradient descent,112,120,0.00707823739765887,0.9714285714285714,0.010627121382815054,0.96,
segment,gradient descent,112,121,0.0074452170098100795,0.9677018633540373,0.010769011453150734,0.9571428571428572,
segment,gradient descent,112,122,0.009128323699269273,0.9590062111801242,0.012721732096891604,0.9485714285714286,
segment,gradient descent,112,123,0.006792556274908174,0.9695652173913043,0.010618251079621248,0.9514285714285714,
segment,gradient descent,112,124,0.02216402522838268,0.9049689440993789,0.023997012934107716,0.9028571428571428,
segment,gradient descent,112,125,0.00825702217941944,0.9633540372670808,0.01164155646036409,0.9571428571428572,
segment,gradient descent,112,126,0.0071788437912701526,0.9664596273291925,0.010732294775548396,0.9542857142857143,
segment,gradient descent,112,127,0.006779626605298225,0.9714285714285714,0.01050985675869358,0.9571428571428572,
segment,gradient descent,112,128,0.006935079153217534,0.968944099378882,0.010791866995333847,0.9485714285714286,
segment,gradient descent,112,129,0.0074195862663954965,0.9701863354037267,0.01114177721114825,0.9485714285714286,
segment,gradient descent,112,130,0.006624497723012279,0.970807453416149,0.010375315914001577,0.9514285714285714,
segment,gradient descent,112,131,0.006576680506132809,0.9701863354037267,0.01036291528511721,0.9514285714285714,
segment,gradient descent,112,132,0.008857804084544289,0.9596273291925466,0.011652683555280787,0.9542857142857143,
segment,gradient descent,112,133,0.006516145062760548,0.970807453416149,0.010238870817170865,0.9542857142857143,
segment,gradient descent,112,134,0.006610800923879756,0.9714285714285714,0.010183828822863932,0.9542857142857143,
segment,gradient descent,112,135,0.006493648635459025,0.970807453416149,0.010192134456345193,0.9514285714285714,
segment,gradient descent,112,136,0.006635725163183481,0.9714285714285714,0.010425152416412132,0.9514285714285714,
segment,gradient descent,112,137,0.006430990104295813,0.970807453416149,0.010267520736656509,0.9542857142857143,
segment,gradient descent,112,138,0.0064739942157777544,0.9714285714285714,0.010205924390620152,0.9514285714285714,
segment,gradient descent,112,139,0.006452959793025009,0.9714285714285714,0.010317041034981234,0.9542857142857143,
segment,gradient descent,112,140,0.00650201169501939,0.9720496894409938,0.010368312328024468,0.9485714285714286,
segment,gradient descent,112,141,0.006786294644578034,0.970807453416149,0.010225975836243588,0.9514285714285714,
segment,gradient descent,112,142,0.008423003148670496,0.9590062111801242,0.011997811908762332,0.9485714285714286,
segment,gradient descent,112,143,0.0069845607527115015,0.9677018633540373,0.01062991185678034,0.9542857142857143,
segment,gradient descent,112,144,0.006370525757369502,0.970807453416149,0.010044672745037056,0.9514285714285714,
segment,gradient descent,112,145,0.008885845113645737,0.9652173913043478,0.012013765210870156,0.9485714285714286,
segment,gradient descent,112,146,0.006266650987869703,0.970807453416149,0.010189080105387643,0.9514285714285714,
segment,gradient descent,112,147,0.006376161295548074,0.9726708074534162,0.010167208352874924,0.9485714285714286,
segment,gradient descent,112,148,0.006253278051317407,0.9732919254658385,0.009902991620390784,0.9542857142857143,
segment,gradient descent,112,149,0.00617959697635701,0.9720496894409938,0.010019687585270448,0.9542857142857143,
segment,gradient descent,112,150,0.013355555702869138,0.9397515527950311,0.016073362540974807,0.9228571428571428,
segment,gradient descent,112,151,0.006442600854044098,0.9726708074534162,0.009896697024790404,0.9571428571428572,
segment,gradient descent,112,152,0.008825564192298687,0.9577639751552796,0.011770960711721611,0.9542857142857143,
segment,gradient descent,112,153,0.006577460178919427,0.970807453416149,0.010341036093840307,0.9514285714285714,
segment,gradient descent,112,154,0.006078394097269812,0.9726708074534162,0.009907518812562485,0.9542857142857143,
segment,gradient descent,112,155,0.007390995254026807,0.9677018633540373,0.011093913164660825,0.9542857142857143,
segment,gradient descent,112,156,0.006121702711101002,0.9745341614906833,0.010013603889221996,0.9542857142857143,
segment,gradient descent,112,157,0.00618814256667365,0.9714285714285714,0.010187657573264858,0.9514285714285714,
segment,gradient descent,112,158,0.006027657657134926,0.9739130434782609,0.009865379831991006,0.9571428571428572,
segment,gradient descent,112,159,0.009710074360679017,0.953416149068323,0.013403585626812068,0.94,
segment,gradient descent,112,160,0.02269192176937907,0.9049689440993789,0.02431020292346792,0.9028571428571428,
segment,gradient descent,112,161,0.00589203320748273,0.9732919254658385,0.009783816120557003,0.9542857142857143,
segment,gradient descent,112,162,0.005943250109923661,0.9726708074534162,0.009851542441887191,0.9514285714285714,
segment,gradient descent,112,163,0.014628611732810878,0.9366459627329192,0.016507255080954075,0.9342857142857143,
segment,gradient descent,112,164,0.006294599370054477,0.9720496894409938,0.010073401913494493,0.9542857142857143,
segment,gradient descent,112,165,0.006087236471971131,0.9739130434782609,0.010386612146866198,0.9542857142857143,
segment,gradient descent,112,166,0.005962176589471978,0.9739130434782609,0.010200276893997584,0.9542857142857143,
segment,gradient descent,112,167,0.005794637252980875,0.9732919254658385,0.009839074594365615,0.9542857142857143,
segment,gradient descent,112,168,0.005935344352277937,0.9720496894409938,0.010130392179751728,0.9514285714285714,
segment,gradient descent,112,169,0.006786403690194683,0.9701863354037267,0.01068592641688008,0.9514285714285714,
segment,gradient descent,112,170,0.00581856994586583,0.9751552795031055,0.009855731164246118,0.9514285714285714,
segment,gradient descent,112,171,0.006540946444622075,0.9720496894409938,0.010282504796551,0.9571428571428572,
segment,gradient descent,112,172,0.006057342143975575,0.9732919254658385,0.010282848472278753,0.9514285714285714,
segment,gradient descent,112,173,0.006522235898671786,0.9701863354037267,0.01077689417059956,0.9514285714285714,
segment,gradient descent,112,174,0.00564821911271948,0.9751552795031055,0.009783276805352917,0.9542857142857143,
segment,gradient descent,112,175,0.0056592188009933165,0.9745341614906833,0.009757890840501045,0.9514285714285714,
segment,gradient descent,112,176,0.006467280465089791,0.9683229813664597,0.010380206486468578,0.9514285714285714,
segment,gradient descent,112,177,0.005725070064352738,0.9732919254658385,0.009980135860018856,0.9514285714285714,
segment,gradient descent,112,178,0.005682346648774584,0.9751552795031055,0.00971891251454149,0.9542857142857143,
segment,gradient descent,112,179,0.005693105354828738,0.9739130434782609,0.009758508334453336,0.9542857142857143,
segment,gradient descent,112,180,0.010084491306579067,0.9503105590062112,0.013462710110778552,0.9428571428571428,
segment,gradient descent,112,181,0.006335431636489747,0.9714285714285714,0.009830973500117492,0.96,
segment,gradient descent,112,182,0.005695172819298991,0.9720496894409938,0.009956615798959996,0.9542857142857143,
segment,gradient descent,112,183,0.00555057513714569,0.9751552795031055,0.009882184939406707,0.9571428571428572,
segment,gradient descent,112,184,0.005665379045289445,0.9720496894409938,0.01002447501073461,0.9542857142857143,
segment,gradient descent,112,185,0.00548322806399285,0.9745341614906833,0.009844377234268634,0.9542857142857143,
segment,gradient descent,112,186,0.005643193023501714,0.9751552795031055,0.00966796261229908,0.9571428571428572,
segment,gradient descent,112,187,0.006488487726664232,0.9720496894409938,0.010650233574889017,0.96,
segment,gradient descent,112,188,0.01477474706323592,0.9322981366459627,0.017644163933302422,0.9228571428571428,
segment,gradient descent,112,189,0.0059415344576131636,0.9745341614906833,0.009835520847531094,0.9571428571428572,
segment,gradient descent,112,190,0.0055013295941048375,0.9739130434782609,0.009826893616928508,0.9542857142857143,
segment,gradient descent,112,191,0.005500972207495122,0.9757763975155279,0.009722536504147849,0.9542857142857143,
segment,gradient descent,112,192,0.005696285066832512,0.9751552795031055,0.009683910606525493,0.9571428571428572,
segment,gradient descent,112,193,0.008381061304105736,0.9596273291925466,0.012475896760380793,0.9428571428571428,
segment,gradient descent,112,194,0.0062491866509290705,0.9701863354037267,0.010019715009666969,0.9571428571428572,
segment,gradient descent,112,195,0.00533805327348267,0.9757763975155279,0.009531566649111698,0.9542857142857143,
segment,gradient descent,112,196,0.0060052589796637645,0.9695652173913043,0.010406340327271892,0.9542857142857143,
segment,gradient descent,112,197,0.005336327525383857,0.9751552795031055,0.009685961852173366,0.9542857142857143,
segment,gradient descent,112,198,0.014460475057842506,0.9341614906832298,0.017376118329982555,0.92,
segment,gradient descent,112,199,0.0052389470099656965,0.9782608695652174,0.009472461499693186,0.9571428571428572,
segment,gradient descent,112,200,0.008371523447532447,0.9614906832298137,0.011305844327900872,0.9542857142857143,
segment,gradient descent,112,201,0.006330297305073453,0.9695652173913043,0.009823128927237345,0.96,
segment,gradient descent,112,202,0.00519842923014581,0.9770186335403727,0.00951311829231394,0.9542857142857143,
segment,gradient descent,112,203,0.0052979016086336095,0.9757763975155279,0.009512546539069085,0.9542857142857143,
segment,gradient descent,112,204,0.005323506741718113,0.9763975155279503,0.009309666241737742,0.9571428571428572,
segment,gradient descent,112,205,0.0052887417111695525,0.9757763975155279,0.009715615837721963,0.9571428571428572,
segment,gradient descent,112,206,0.005147401245233612,0.9770186335403727,0.009446436098259202,0.9571428571428572,
segment,gradient descent,112,207,0.005623463363428742,0.9732919254658385,0.009894512426490752,0.9542857142857143,
segment,gradient descent,112,208,0.005255162421510326,0.9763975155279503,0.009338512017143785,0.9571428571428572,
segment,gradient descent,112,209,0.005104548522712692,0.9763975155279503,0.009307330560007713,0.9571428571428572,
segment,gradient descent,112,210,0.010022873611265994,0.9577639751552796,0.01283574880983691,0.94,
segment,gradient descent,112,211,0.005103557002245233,0.977639751552795,0.00951440334988631,0.96,
segment,gradient descent,112,212,0.005399801540660099,0.9770186335403727,0.0094054929172997,0.96,
segment,gradient descent,112,213,0.005344424812917014,0.9745341614906833,0.009385483466191153,0.9571428571428572,
segment,gradient descent,112,214,0.005233373697230957,0.9763975155279503,0.009611164280614086,0.9571428571428572,
segment,gradient descent,112,215,0.005583166045459298,0.9720496894409938,0.009917072906530376,0.9542857142857143,
segment,gradient descent,112,216,0.005014739394906351,0.9770186335403727,0.009288771545996577,0.96,
segment,gradient descent,112,217,0.006762945471126987,0.9677018633540373,0.01105268140536697,0.9485714285714286,
segment,gradient descent,112,218,0.005072526988356731,0.9782608695652174,0.009467612243555306,0.9571428571428572,
segment,gradient descent,112,219,0.009977825086846207,0.9540372670807453,0.012079401808673198,0.9485714285714286,
segment,gradient descent,112,220,0.005236824961286175,0.9745341614906833,0.009803846337324833,0.9542857142857143,
segment,gradient descent,112,221,0.004944976002967366,0.9770186335403727,0.009270521488538196,0.9571428571428572,
segment,gradient descent,112,222,0.004968653101891547,0.977639751552795,0.009216072383542153,0.9571428571428572,
segment,gradient descent,112,223,0.008902346634438252,0.9590062111801242,0.011683860416379884,0.9542857142857143,
segment,gradient descent,112,224,0.005419035524047742,0.9757763975155279,0.009392570145210213,0.96,
segment,gradient descent,112,225,0.005014976986454063,0.9763975155279503,0.009160959027208882,0.9571428571428572,
segment,gradient descent,112,226,0.005014948264756765,0.9770186335403727,0.009121000524411343,0.96,
segment,gradient descent,112,227,0.005047228129839781,0.9770186335403727,0.009041834592312468,0.96,
segment,gradient descent,112,228,0.004913018913722452,0.9770186335403727,0.00906033611002125,0.96,
segment,gradient descent,112,229,0.00538924605470408,0.9751552795031055,0.009500547246417421,0.9571428571428572,
segment,gradient descent,112,230,0.004894648691492554,0.9770186335403727,0.009301728070339663,0.96,
segment,gradient descent,112,231,0.00489594629793715,0.9770186335403727,0.009137311622068614,0.96,
segment,gradient descent,112,232,0.004966193998985071,0.9782608695652174,0.009376878012871665,0.9542857142857143,
segment,gradient descent,112,233,0.004933124221646084,0.9770186335403727,0.009512695471650939,0.96,
segment,gradient descent,112,234,0.004867973688323125,0.9782608695652174,0.009286481376473848,0.9542857142857143,
segment,gradient descent,112,235,0.004818439428744784,0.9770186335403727,0.009313439005804924,0.96,
segment,gradient descent,112,236,0.005113900589046529,0.9751552795031055,0.009105014102138285,0.9571428571428572,
segment,gradient descent,112,237,0.005255553498349935,0.9745341614906833,0.009705035630574677,0.9571428571428572,
segment,gradient descent,112,238,0.004972402825586834,0.9763975155279503,0.009298214508564292,0.9571428571428572,
segment,gradient descent,112,239,0.005172726327661958,0.9751552795031055,0.00976654074245633,0.9514285714285714,
segment,gradient descent,112,240,0.004789783368006951,0.977639751552795,0.009113126390534304,0.9571428571428572,
segment,gradient descent,112,241,0.005404776362832667,0.9726708074534162,0.009230091499508264,0.96,
segment,gradient descent,112,242,0.005587895141605482,0.9751552795031055,0.009631001250421161,0.96,
segment,gradient descent,112,243,0.00533425037866657,0.9770186335403727,0.009930445692579368,0.96,
segment,gradient descent,112,244,0.004733663384289504,0.9770186335403727,0.008951101001764234,0.96,
segment,gradient descent,112,245,0.00505638381558321,0.9757763975155279,0.009058168672116467,0.9571428571428572,
segment,gradient descent,112,246,0.004846692629389651,0.9782608695652174,0.00929223098031212,0.9571428571428572,
segment,gradient descent,112,247,0.0052595186678550355,0.9745341614906833,0.009658519638023439,0.9571428571428572,
segment,gradient descent,112,248,0.004675044209151759,0.9770186335403727,0.008906181676429861,0.96,
segment,gradient descent,112,249,0.004728968928944224,0.9763975155279503,0.009035051806797978,0.9542857142857143,
segment,gradient descent,112,250,0.004777049525667847,0.9763975155279503,0.009275885645742572,0.9571428571428572,
segment,gradient descent,112,251,0.004660519551654224,0.9782608695652174,0.009061846174136318,0.96,
segment,gradient descent,112,252,0.004863258374601643,0.977639751552795,0.009467440573162149,0.9571428571428572,
segment,gradient descent,112,253,0.0046505300714369925,0.977639751552795,0.008957124794972614,0.96,
segment,gradient descent,112,254,0.008018597643881064,0.9583850931677018,0.012120411387268517,0.9542857142857143,
segment,gradient descent,112,255,0.004672311880607815,0.9795031055900622,0.00911014787260159,0.9571428571428572,
segment,gradient descent,112,256,0.0054441330071111,0.9726708074534162,0.009220768417234682,0.96,
segment,gradient descent,112,257,0.004632181554909381,0.9788819875776398,0.009198725564762547,0.96,
segment,gradient descent,112,258,0.004592797665403246,0.977639751552795,0.008995264675559837,0.9571428571428572,
segment,gradient descent,112,259,0.005108152139887968,0.9763975155279503,0.009388599541761012,0.96,
segment,gradient descent,112,260,0.004679036625294979,0.9763975155279503,0.00907260834249502,0.9571428571428572,
segment,gradient descent,112,261,0.005063982712678981,0.9770186335403727,0.009242942390925669,0.96,
segment,gradient descent,112,262,0.004564912180637055,0.9801242236024845,0.009067366973238037,0.9571428571428572,
segment,gradient descent,112,263,0.004804151095007802,0.977639751552795,0.009378789534970596,0.9571428571428572,
segment,gradient descent,112,264,0.004615493545107066,0.9801242236024845,0.009217656260704431,0.9571428571428572,
segment,gradient descent,112,265,0.005628921221187878,0.9763975155279503,0.009818858774742593,0.9571428571428572,
segment,gradient descent,112,266,0.004811938679101672,0.9757763975155279,0.009345408636826405,0.9571428571428572,
segment,gradient descent,112,267,0.004962675414987985,0.9751552795031055,0.008957205179372856,0.96,
segment,gradient descent,112,268,0.004484154129825526,0.9795031055900622,0.008859507360982587,0.96,
segment,gradient descent,112,269,0.005652821746986653,0.9714285714285714,0.009455203481656049,0.96,
segment,gradient descent,112,270,0.004597050464053577,0.9770186335403727,0.008779495738930113,0.96,
segment,gradient descent,112,271,0.004735681989598666,0.977639751552795,0.00923548219482076,0.9571428571428572,
segment,gradient descent,112,272,0.004779996198733822,0.977639751552795,0.009582829349845617,0.9571428571428572,
segment,gradient descent,112,273,0.004436407909787112,0.977639751552795,0.008857567298808816,0.96,
segment,gradient descent,112,274,0.005194387423808936,0.9770186335403727,0.009081993139982767,0.9571428571428572,
segment,gradient descent,112,275,0.004536422633343546,0.9801242236024845,0.009048253307041516,0.9571428571428572,
segment,gradient descent,112,276,0.004433199344316114,0.9801242236024845,0.008910473137630352,0.96,
segment,gradient descent,112,277,0.006470898576310774,0.9664596273291925,0.009607071211498647,0.96,
segment,gradient descent,112,278,0.0048012960487892,0.9763975155279503,0.008856591567207531,0.96,
segment,gradient descent,112,279,0.004875572803257578,0.9751552795031055,0.009501622813317675,0.9571428571428572,
segment,gradient descent,112,280,0.006850132692110047,0.9677018633540373,0.011512239182936352,0.9457142857142857,
segment,gradient descent,112,281,0.004494454238723885,0.9788819875776398,0.008761162102299148,0.96,
segment,gradient descent,112,282,0.004486735893599105,0.9770186335403727,0.008828027394636635,0.96,
segment,gradient descent,112,283,0.00639694141821428,0.9652173913043478,0.00986049638087879,0.96,
segment,gradient descent,112,284,0.004455385358254074,0.9788819875776398,0.00872492507564821,0.96,
segment,gradient descent,112,285,0.004449185391612706,0.9782608695652174,0.008859148468145582,0.96,
segment,gradient descent,112,286,0.004640601850748506,0.9788819875776398,0.00931120900883772,0.9571428571428572,
segment,gradient descent,112,287,0.004503202383398875,0.9763975155279503,0.008747029236179588,0.96,
segment,gradient descent,112,288,0.004428317678065322,0.9782608695652174,0.00902886204250759,0.96,
segment,gradient descent,112,289,0.006133820603038129,0.9720496894409938,0.010872280591188246,0.9514285714285714,
segment,gradient descent,112,290,0.004450501904530668,0.977639751552795,0.008806219980144645,0.96,
segment,gradient descent,112,291,0.00433768438551972,0.9788819875776398,0.008751143771377244,0.9628571428571429,
segment,gradient descent,112,292,0.004526500030891158,0.9788819875776398,0.00918951501177071,0.9571428571428572,
segment,gradient descent,112,293,0.004334132857132095,0.9782608695652174,0.008701297704007576,0.96,
segment,gradient descent,112,294,0.0052322617707536235,0.9732919254658385,0.009154131072249994,0.96,
segment,gradient descent,112,295,0.004842026600761748,0.9770186335403727,0.009648023908150179,0.96,
segment,gradient descent,112,296,0.0043007478418333024,0.9801242236024845,0.008889304402087765,0.96,
segment,gradient descent,112,297,0.0063879138501578454,0.9683229813664597,0.009870540697491518,0.9542857142857143,
segment,gradient descent,112,298,0.004569891700769027,0.9770186335403727,0.00871974939009997,0.9628571428571429,
segment,gradient descent,112,299,0.0043489480927484895,0.9801242236024845,0.008982034280099457,0.9571428571428572,
segment,gradient descent,112,300,0.005419572246550985,0.9745341614906833,0.010199541896874907,0.96,
segment,gradient descent,112,301,0.006144996461138455,0.9677018633540373,0.009608867423890676,0.96,
segment,gradient descent,112,302,0.008684735116502258,0.9527950310559006,0.013264661624495303,0.94,
segment,gradient descent,112,303,0.004513279488169056,0.9782608695652174,0.00856065141074522,0.9628571428571429,
segment,gradient descent,112,304,0.011492956867079464,0.9503105590062112,0.01347478304220032,0.94,
segment,gradient descent,112,305,0.010411380680161966,0.953416149068323,0.012491202107229475,0.9457142857142857,
segment,gradient descent,112,306,0.004758078147134505,0.9757763975155279,0.00876778289320196,0.96,
segment,gradient descent,112,307,0.004338447202989912,0.977639751552795,0.008796628389286142,0.96,
segment,gradient descent,112,308,0.004735468026187914,0.9757763975155279,0.008979407173243789,0.9571428571428572,
segment,gradient descent,112,309,0.004265558406361378,0.9801242236024845,0.009093992428784356,0.96,
segment,gradient descent,112,310,0.004203100108674678,0.9801242236024845,0.008916452151476649,0.96,
segment,gradient descent,112,311,0.004265867823711232,0.9782608695652174,0.0087991391587807,0.9628571428571429,
segment,gradient descent,112,312,0.004945277337663303,0.9757763975155279,0.00894671876398705,0.96,
segment,gradient descent,112,313,0.004272304625217039,0.9795031055900622,0.008591073867306573,0.9628571428571429,
segment,gradient descent,112,314,0.004174158176190958,0.9801242236024845,0.008824789935246597,0.96,
segment,gradient descent,112,315,0.004798450531812973,0.9770186335403727,0.00926364091011323,0.9542857142857143,
segment,gradient descent,112,316,0.004430499372851277,0.9795031055900622,0.008646396909817297,0.9628571428571429,
segment,gradient descent,112,317,0.004215826169069337,0.9795031055900622,0.00894194691552197,0.96,
segment,gradient descent,112,318,0.009742906200988822,0.9559006211180124,0.012112358261559505,0.9428571428571428,
segment,gradient descent,112,319,0.009759596200526681,0.9521739130434783,0.013570843178122249,0.9428571428571428,
segment,gradient descent,112,320,0.00900352830025983,0.9583850931677018,0.011995208544324789,0.9485714285714286,
segment,gradient descent,112,321,0.004327082656068915,0.9788819875776398,0.009250038534022162,0.96,
segment,gradient descent,112,322,0.004395696187918278,0.977639751552795,0.009062839821318247,0.96,
segment,gradient descent,112,323,0.0042137433521916914,0.9788819875776398,0.009037571054873081,0.96,
segment,gradient descent,112,324,0.004126387657528791,0.9801242236024845,0.008751699117118398,0.96,
segment,gradient descent,112,325,0.004175743574106244,0.9801242236024845,0.008743441577254218,0.96,
segment,gradient descent,112,326,0.004230406772970098,0.9782608695652174,0.0086224906775491,0.9628571428571429,
segment,gradient descent,112,327,0.0043169525384804995,0.9782608695652174,0.009077606494601993,0.9571428571428572,
segment,gradient descent,112,328,0.004181216966597971,0.9782608695652174,0.00871017582368532,0.9628571428571429,
segment,gradient descent,112,329,0.004217156993342092,0.9782608695652174,0.008899311139722244,0.96,
segment,gradient descent,112,330,0.005228888427410708,0.9739130434782609,0.010137520756111065,0.96,
segment,gradient descent,112,331,0.0041771911458682535,0.9807453416149068,0.008910453438281105,0.96,
segment,gradient descent,112,332,0.0042075924619800215,0.9782608695652174,0.008828190770228277,0.9628571428571429,
segment,gradient descent,112,333,0.007586246626904211,0.9602484472049689,0.012070704885580178,0.9485714285714286,
segment,gradient descent,112,334,0.00416778185650875,0.9801242236024845,0.008894027563775426,0.96,
segment,gradient descent,112,335,0.004206114932595144,0.9782608695652174,0.008680845483991118,0.9657142857142857,
segment,gradient descent,112,336,0.004127394742714973,0.9782608695652174,0.008651876148825597,0.9628571428571429,
segment,gradient descent,112,337,0.004151477455060696,0.9801242236024845,0.008930426530091759,0.9571428571428572,
segment,gradient descent,112,338,0.004196130827636712,0.9795031055900622,0.008500756815089999,0.9628571428571429,
segment,gradient descent,112,339,0.00441149734220656,0.9788819875776398,0.00869757047877852,0.9628571428571429,
segment,gradient descent,112,340,0.00449992377502785,0.9770186335403727,0.008716896706018476,0.9571428571428572,
segment,gradient descent,112,341,0.004980323246665641,0.9732919254658385,0.008991026247135324,0.9571428571428572,
segment,gradient descent,112,342,0.004489676016249243,0.9770186335403727,0.008839506723053411,0.9571428571428572,
segment,gradient descent,112,343,0.004082316514705302,0.9795031055900622,0.008532547756667735,0.9628571428571429,
segment,gradient descent,112,344,0.006314659830639656,0.9658385093167702,0.010462801251424438,0.9514285714285714,
segment,gradient descent,112,345,0.004658979575244257,0.9782608695652174,0.008755940022173754,0.96,
segment,gradient descent,112,346,0.004545971171409282,0.977639751552795,0.00963008016001114,0.96,
segment,gradient descent,112,347,0.004065099821179009,0.9807453416149068,0.008889123112104262,0.96,
segment,gradient descent,112,348,0.0040784099186007994,0.9788819875776398,0.008604320769630042,0.96,
segment,gradient descent,112,349,0.004069538434596158,0.9788819875776398,0.008668568559377499,0.96,
segment,gradient descent,112,350,0.004708523752763311,0.9757763975155279,0.009677989891574864,0.9571428571428572,
segment,gradient descent,113,1,0.1268944325733966,0.2857142857142857,0.12583458935667327,0.2857142857142857,
segment,gradient descent,113,2,0.08878510775698988,0.5391304347826087,0.0882143860758441,0.54,
segment,gradient descent,113,3,0.058164309935077395,0.7496894409937889,0.05730709285296631,0.7742857142857142,
segment,gradient descent,113,4,0.050072193516584526,0.731055900621118,0.04829075196942086,0.7342857142857143,
segment,gradient descent,113,5,0.04821340063144326,0.8068322981366459,0.04874240162823179,0.7828571428571428,
segment,gradient descent,113,6,0.026661150459015324,0.9111801242236025,0.027183478634021763,0.9085714285714286,
segment,gradient descent,113,7,0.02560604646290177,0.9173913043478261,0.026758157584312235,0.9,
segment,gradient descent,113,8,0.023213091865345824,0.9118012422360249,0.024452184363704384,0.9085714285714286,
segment,gradient descent,113,9,0.02256356770134117,0.9080745341614906,0.02300879014790384,0.9057142857142857,
segment,gradient descent,113,10,0.021894146623279438,0.9229813664596274,0.023589371674208617,0.9085714285714286,
segment,gradient descent,113,11,0.021231501883092006,0.9111801242236025,0.022222593881745866,0.9114285714285715,
segment,gradient descent,113,12,0.028088029013166118,0.8677018633540373,0.028226201064212197,0.8771428571428571,
segment,gradient descent,113,13,0.018215874659323297,0.9298136645962732,0.019669063657032363,0.9142857142857143,
segment,gradient descent,113,14,0.019977937002867645,0.9149068322981366,0.020442711252311983,0.9085714285714286,
segment,gradient descent,113,15,0.017058748356533624,0.929192546583851,0.01814226301948224,0.92,
segment,gradient descent,113,16,0.018217565434368217,0.9329192546583851,0.020558444952265505,0.9314285714285714,
segment,gradient descent,113,17,0.01668482349115761,0.9372670807453416,0.01861464128136823,0.9314285714285714,
segment,gradient descent,113,18,0.02304492367581304,0.9062111801242236,0.025905838546171504,0.8828571428571429,
segment,gradient descent,113,19,0.02268551928366101,0.9099378881987578,0.025594993544133533,0.8857142857142857,
segment,gradient descent,113,20,0.02109941305043798,0.9037267080745341,0.021793274008478723,0.9085714285714286,
segment,gradient descent,113,21,0.016045675420286072,0.931055900621118,0.017513051085368637,0.92,
segment,gradient descent,113,22,0.014787358663075746,0.9397515527950311,0.016783965407580995,0.92,
segment,gradient descent,113,23,0.014566478700584242,0.9366459627329192,0.016357571940658972,0.9257142857142857,
segment,gradient descent,113,24,0.014695014282046151,0.9360248447204969,0.016879056653302582,0.9257142857142857,
segment,gradient descent,113,25,0.018776368191838116,0.9136645962732919,0.01975450199786164,0.9085714285714286,
segment,gradient descent,113,26,0.017979443217813848,0.9341614906832298,0.02072045897466428,0.9257142857142857,
segment,gradient descent,113,27,0.014200358743670396,0.9422360248447205,0.01649714109716132,0.9314285714285714,
segment,gradient descent,113,28,0.014088525908450241,0.9366459627329192,0.015873478708355364,0.9257142857142857,
segment,gradient descent,113,29,0.014700871956451048,0.9329192546583851,0.016309408611679774,0.9228571428571428,
segment,gradient descent,113,30,0.014286036395309532,0.9354037267080745,0.016082549605900946,0.9257142857142857,
segment,gradient descent,113,31,0.013879546289341677,0.9372670807453416,0.015557067719962375,0.9257142857142857,
segment,gradient descent,113,32,0.012969444192949054,0.9416149068322981,0.015140710722037683,0.9314285714285714,
segment,gradient descent,113,33,0.013578862946244134,0.9385093167701863,0.016139517757983387,0.9314285714285714,
segment,gradient descent,113,34,0.016180726907210084,0.9229813664596274,0.019124297523524215,0.92,
segment,gradient descent,113,35,0.01277201460666517,0.9484472049689441,0.015230813920336702,0.9314285714285714,
segment,gradient descent,113,36,0.01249019226659331,0.9403726708074535,0.01474291753843378,0.9314285714285714,
segment,gradient descent,113,37,0.015860565841787237,0.9316770186335404,0.01893869369920219,0.92,
segment,gradient descent,113,38,0.013222059096536851,0.9440993788819876,0.015090861443346594,0.9314285714285714,
segment,gradient descent,113,39,0.014196149446126922,0.9341614906832298,0.01596316269693521,0.9257142857142857,
segment,gradient descent,113,40,0.013694729628682413,0.9465838509316771,0.01666585426379975,0.9314285714285714,
segment,gradient descent,113,41,0.011796758736058455,0.9453416149068323,0.014334280856959338,0.9314285714285714,
segment,gradient descent,113,42,0.014033268378948265,0.9366459627329192,0.01594267493328418,0.9228571428571428,
segment,gradient descent,113,43,0.014549185911041075,0.9372670807453416,0.016422811934045985,0.9285714285714286,
segment,gradient descent,113,44,0.011482148010948861,0.9459627329192547,0.01391906241702007,0.9371428571428572,
segment,gradient descent,113,45,0.01394507798002636,0.9354037267080745,0.016977202014124546,0.9228571428571428,
segment,gradient descent,113,46,0.011708230769521643,0.9453416149068323,0.0144290774762371,0.9285714285714286,
segment,gradient descent,113,47,0.01095901558246009,0.9521739130434783,0.013916545133734583,0.94,
segment,gradient descent,113,48,0.01212939759705297,0.9409937888198758,0.01449984943948404,0.9257142857142857,
segment,gradient descent,113,49,0.012320123053404613,0.9422360248447205,0.01453920215660859,0.9285714285714286,
segment,gradient descent,113,50,0.012375638064797934,0.9465838509316771,0.01566567397698692,0.9314285714285714,
segment,gradient descent,113,51,0.025171370456510966,0.8888198757763975,0.028051592510894927,0.8857142857142857,
segment,gradient descent,113,52,0.011112137536632326,0.9465838509316771,0.013834853762700654,0.9342857142857143,
segment,gradient descent,113,53,0.010728015879832933,0.9490683229813665,0.013509390223703852,0.9285714285714286,
segment,gradient descent,113,54,0.010546953304206111,0.9565217391304348,0.014265306127991893,0.9371428571428572,
segment,gradient descent,113,55,0.013229135338476711,0.9465838509316771,0.015294706466213425,0.9342857142857143,
segment,gradient descent,113,56,0.01088886977152979,0.9546583850931677,0.013958104205368714,0.9371428571428572,
segment,gradient descent,113,57,0.010398790267610076,0.9521739130434783,0.013329720112974753,0.9342857142857143,
segment,gradient descent,113,58,0.010865266624267587,0.9496894409937888,0.013596389764261673,0.9342857142857143,
segment,gradient descent,113,59,0.010959591575457452,0.9521739130434783,0.013742649031272904,0.9285714285714286,
segment,gradient descent,113,60,0.011425444114765756,0.9484472049689441,0.013989568001338302,0.9371428571428572,
segment,gradient descent,113,61,0.009664414943140062,0.9571428571428572,0.012896565624185835,0.9342857142857143,
segment,gradient descent,113,62,0.010213947019932655,0.9559006211180124,0.013741502435743728,0.9342857142857143,
segment,gradient descent,113,63,0.010008867814938378,0.9577639751552796,0.013509156677376314,0.9314285714285714,
segment,gradient descent,113,64,0.00947345756943752,0.9565217391304348,0.012771151946792826,0.9371428571428572,
segment,gradient descent,113,65,0.010295714667910643,0.9552795031055901,0.013291057410092896,0.9428571428571428,
segment,gradient descent,113,66,0.009633465301798665,0.9577639751552796,0.013075775160798359,0.94,
segment,gradient descent,113,67,0.009693893959246358,0.9571428571428572,0.012688399252877498,0.9314285714285714,
segment,gradient descent,113,68,0.00916478126819081,0.9608695652173913,0.012401946063386411,0.94,
segment,gradient descent,113,69,0.009164306071110693,0.962111801242236,0.012384783435879006,0.9371428571428572,
segment,gradient descent,113,70,0.010025713532229521,0.9546583850931677,0.013399889239629436,0.9342857142857143,
segment,gradient descent,113,71,0.009296041962479738,0.962111801242236,0.012507585716883877,0.9428571428571428,
segment,gradient descent,113,72,0.009406395869501219,0.9608695652173913,0.012511043840472948,0.9371428571428572,
segment,gradient descent,113,73,0.009239392874291279,0.962111801242236,0.01237782530402765,0.9428571428571428,
segment,gradient descent,113,74,0.008851023983042909,0.9639751552795031,0.012093925533424674,0.9485714285714286,
segment,gradient descent,113,75,0.00866389312277291,0.9633540372670808,0.011869114405483123,0.9457142857142857,
segment,gradient descent,113,76,0.009286977484704218,0.9602484472049689,0.012301595029216444,0.9457142857142857,
segment,gradient descent,113,77,0.01070511161788308,0.953416149068323,0.014054355387548989,0.9342857142857143,
segment,gradient descent,113,78,0.008949358835086034,0.9608695652173913,0.01241098884319498,0.94,
segment,gradient descent,113,79,0.008536467804761255,0.9627329192546584,0.011666164801755061,0.9457142857142857,
segment,gradient descent,113,80,0.00917658135791111,0.9664596273291925,0.01217716883360183,0.9485714285714286,
segment,gradient descent,113,81,0.01028664502751687,0.9496894409937888,0.013634293041171301,0.94,
segment,gradient descent,113,82,0.01584265423405879,0.931055900621118,0.016744456587948996,0.9371428571428572,
segment,gradient descent,113,83,0.008337045248613806,0.9658385093167702,0.01082725880444341,0.9542857142857143,
segment,gradient descent,113,84,0.008279510327670204,0.9652173913043478,0.011140981575689385,0.9542857142857143,
segment,gradient descent,113,85,0.008008791792719627,0.968944099378882,0.011186361159324929,0.9485714285714286,
segment,gradient descent,113,86,0.008153993957725715,0.9658385093167702,0.010958058510405669,0.9514285714285714,
segment,gradient descent,113,87,0.008248826624935559,0.9652173913043478,0.011400242331927126,0.9485714285714286,
segment,gradient descent,113,88,0.008216281392778949,0.9658385093167702,0.011149692917872787,0.9571428571428572,
segment,gradient descent,113,89,0.009309519999937427,0.9608695652173913,0.012029208752650627,0.9514285714285714,
segment,gradient descent,113,90,0.01096804923330881,0.9496894409937888,0.013086880215727997,0.9457142857142857,
segment,gradient descent,113,91,0.007868855857433016,0.9664596273291925,0.010667213139250765,0.9514285714285714,
segment,gradient descent,113,92,0.01218570657541122,0.9459627329192547,0.01372639905231338,0.94,
segment,gradient descent,113,93,0.009300695212904825,0.9664596273291925,0.011884029299337134,0.9514285714285714,
segment,gradient descent,113,94,0.007567059265382062,0.968944099378882,0.010796963303123895,0.9514285714285714,
segment,gradient descent,113,95,0.00752709199869391,0.9683229813664597,0.010758853861679298,0.9514285714285714,
segment,gradient descent,113,96,0.007398994576716751,0.9701863354037267,0.010544477120362494,0.9514285714285714,
segment,gradient descent,113,97,0.007661824642804356,0.9683229813664597,0.010632457524548108,0.9542857142857143,
segment,gradient descent,113,98,0.007539718989912871,0.968944099378882,0.01079622846827861,0.9485714285714286,
segment,gradient descent,113,99,0.007665331688987117,0.9677018633540373,0.010552389984041302,0.9514285714285714,
segment,gradient descent,113,100,0.019983197136147095,0.9118012422360249,0.022640149139302027,0.9057142857142857,
segment,gradient descent,113,101,0.007385333553601365,0.9701863354037267,0.01030628995851949,0.9514285714285714,
segment,gradient descent,113,102,0.008672817830344562,0.9639751552795031,0.011683550490774436,0.9542857142857143,
segment,gradient descent,113,103,0.008805867966052441,0.9602484472049689,0.010985511666219451,0.9514285714285714,
segment,gradient descent,113,104,0.008231636422032807,0.9633540372670808,0.010803663947135672,0.9514285714285714,
segment,gradient descent,113,105,0.00893471593446259,0.9577639751552796,0.012363843244008653,0.9485714285714286,
segment,gradient descent,113,106,0.01289200287704566,0.9385093167701863,0.01614636059534159,0.9257142857142857,
segment,gradient descent,113,107,0.007783450574066138,0.9670807453416149,0.011079315357865617,0.9485714285714286,
segment,gradient descent,113,108,0.007067691718714796,0.9701863354037267,0.010306069659409618,0.9485714285714286,
segment,gradient descent,113,109,0.007159840063330336,0.970807453416149,0.010445941179452866,0.9514285714285714,
segment,gradient descent,113,110,0.006920413459505961,0.9695652173913043,0.010175629913078963,0.9542857142857143,
segment,gradient descent,113,111,0.007253267844058719,0.9695652173913043,0.010664796436518072,0.9485714285714286,
segment,gradient descent,113,112,0.006758637703935414,0.9714285714285714,0.009977829143580776,0.9542857142857143,
segment,gradient descent,113,113,0.007006160781247942,0.9726708074534162,0.010144796639697912,0.9542857142857143,
segment,gradient descent,113,114,0.0066974764103992085,0.9714285714285714,0.009920528632074311,0.9542857142857143,
segment,gradient descent,113,115,0.006692408408303744,0.9714285714285714,0.00994499627451167,0.9514285714285714,
segment,gradient descent,113,116,0.0067619693318114555,0.9720496894409938,0.010334419786622003,0.9571428571428572,
segment,gradient descent,113,117,0.006599542172158985,0.9720496894409938,0.009935094613617705,0.9514285714285714,
segment,gradient descent,113,118,0.006900645396569727,0.9677018633540373,0.010362632472105246,0.9485714285714286,
segment,gradient descent,113,119,0.008818732193980591,0.9571428571428572,0.010689982473141848,0.9514285714285714,
segment,gradient descent,113,120,0.007324416274097747,0.9751552795031055,0.010009960342939793,0.9542857142857143,
segment,gradient descent,113,121,0.00652921490293932,0.9720496894409938,0.009975479999680828,0.9571428571428572,
segment,gradient descent,113,122,0.006716961352959852,0.9714285714285714,0.009948792515485066,0.9514285714285714,
segment,gradient descent,113,123,0.007480785333865675,0.9683229813664597,0.010544850454559385,0.9485714285714286,
segment,gradient descent,113,124,0.008559089906008517,0.9565217391304348,0.0120308780240577,0.9485714285714286,
segment,gradient descent,113,125,0.006516358148396813,0.970807453416149,0.010186305539235298,0.9542857142857143,
segment,gradient descent,113,126,0.010043364606803587,0.9540372670807453,0.013115802641263073,0.9485714285714286,
segment,gradient descent,113,127,0.0068578449246725305,0.968944099378882,0.010114290847319294,0.9542857142857143,
segment,gradient descent,113,128,0.006619286141167381,0.9714285714285714,0.0098366441511615,0.9514285714285714,
segment,gradient descent,113,129,0.007662378017508674,0.9670807453416149,0.010454286125433837,0.9485714285714286,
segment,gradient descent,113,130,0.006493107871571815,0.9720496894409938,0.010193829425312686,0.9485714285714286,
segment,gradient descent,113,131,0.006761502202497778,0.9701863354037267,0.010458178465805046,0.9542857142857143,
segment,gradient descent,113,132,0.0067073971040563975,0.968944099378882,0.0101251633750386,0.9485714285714286,
segment,gradient descent,113,133,0.006192511130061623,0.9726708074534162,0.010013285162986172,0.9542857142857143,
segment,gradient descent,113,134,0.010267512738718718,0.953416149068323,0.013087640517750502,0.9514285714285714,
segment,gradient descent,113,135,0.016762422319541514,0.9267080745341615,0.019662415070989734,0.9171428571428571,
segment,gradient descent,113,136,0.010991542276296378,0.953416149068323,0.01329817936754327,0.9342857142857143,
segment,gradient descent,113,137,0.006151275125313423,0.9732919254658385,0.009923703712543685,0.9485714285714286,
segment,gradient descent,113,138,0.008378526812433158,0.9614906832298137,0.010907255243254291,0.9514285714285714,
segment,gradient descent,113,139,0.006159184403396669,0.9732919254658385,0.009765090122819642,0.9514285714285714,
segment,gradient descent,113,140,0.00613776132094244,0.9726708074534162,0.009947831991070357,0.9571428571428572,
segment,gradient descent,113,141,0.0067171538253208846,0.9701863354037267,0.009879820264419813,0.9514285714285714,
segment,gradient descent,113,142,0.012485905398574719,0.9397515527950311,0.01554950075354348,0.9257142857142857,
segment,gradient descent,113,143,0.00603442541577764,0.9732919254658385,0.009649883351787071,0.9542857142857143,
segment,gradient descent,113,144,0.006240708922051313,0.9726708074534162,0.009849003863411959,0.9485714285714286,
segment,gradient descent,113,145,0.011557930641937102,0.9422360248447205,0.01522097916957936,0.9314285714285714,
segment,gradient descent,113,146,0.006312441355795593,0.970807453416149,0.010262396618195389,0.9542857142857143,
segment,gradient descent,113,147,0.012694033727989792,0.9422360248447205,0.016024691416705022,0.9285714285714286,
segment,gradient descent,113,148,0.007334492190261366,0.9670807453416149,0.010453677226700132,0.9457142857142857,
segment,gradient descent,113,149,0.005952112002777929,0.9726708074534162,0.009915516885131247,0.9542857142857143,
segment,gradient descent,113,150,0.006015332260308692,0.9732919254658385,0.009846951352180706,0.9514285714285714,
segment,gradient descent,113,151,0.005909796117677299,0.9745341614906833,0.009734918270147823,0.9514285714285714,
segment,gradient descent,113,152,0.007288913295351564,0.9664596273291925,0.011223476488936155,0.9485714285714286,
segment,gradient descent,113,153,0.0060247092263091655,0.9732919254658385,0.009684181629078083,0.9542857142857143,
segment,gradient descent,113,154,0.006196395238212364,0.9745341614906833,0.009665330630047275,0.9514285714285714,
segment,gradient descent,113,155,0.005767156967253219,0.9757763975155279,0.0096293382384208,0.9514285714285714,
segment,gradient descent,113,156,0.006059310188280112,0.9739130434782609,0.009721857221110833,0.9514285714285714,
segment,gradient descent,113,157,0.006372600474067568,0.970807453416149,0.010404519879967508,0.9542857142857143,
segment,gradient descent,113,158,0.005797192524525479,0.9732919254658385,0.00963521594774742,0.9542857142857143,
segment,gradient descent,113,159,0.0069554323524059205,0.9701863354037267,0.010879839349127033,0.9542857142857143,
segment,gradient descent,113,160,0.007744092907396455,0.9614906832298137,0.011284268608138907,0.9542857142857143,
segment,gradient descent,113,161,0.005912551795271197,0.9701863354037267,0.009431426820022371,0.9542857142857143,
segment,gradient descent,113,162,0.00607387344303517,0.9701863354037267,0.009609863224361663,0.9542857142857143,
segment,gradient descent,113,163,0.007008829061190423,0.968944099378882,0.01053767066991179,0.9514285714285714,
segment,gradient descent,113,164,0.0060525727119887796,0.9739130434782609,0.009553963207020948,0.9542857142857143,
segment,gradient descent,113,165,0.005608320959453794,0.9757763975155279,0.009403945198600149,0.9542857142857143,
segment,gradient descent,113,166,0.005592146135596577,0.9751552795031055,0.009508232843249493,0.9485714285714286,
segment,gradient descent,113,167,0.005814522936706555,0.9745341614906833,0.009278248916229654,0.9514285714285714,
segment,gradient descent,113,168,0.00565285465367549,0.9739130434782609,0.009542964324502544,0.9514285714285714,
segment,gradient descent,113,169,0.006005173011507614,0.9714285714285714,0.009934284027695143,0.9542857142857143,
segment,gradient descent,113,170,0.0056010742912681625,0.9732919254658385,0.009389548724066945,0.9542857142857143,
segment,gradient descent,113,171,0.006290519347289561,0.9745341614906833,0.00989230062391059,0.9542857142857143,
segment,gradient descent,113,172,0.009089883269506766,0.9583850931677018,0.012382560102109186,0.94,
segment,gradient descent,113,173,0.0057970053964447425,0.9751552795031055,0.009660325224104989,0.9485714285714286,
segment,gradient descent,113,174,0.005456603167131633,0.9739130434782609,0.00958586800950932,0.9485714285714286,
segment,gradient descent,113,175,0.006524149192418667,0.9732919254658385,0.010230201758933162,0.9542857142857143,
segment,gradient descent,113,176,0.005895046219884477,0.9720496894409938,0.009947808840847791,0.9514285714285714,
segment,gradient descent,113,177,0.005545857857121521,0.9739130434782609,0.00965422562771694,0.9514285714285714,
segment,gradient descent,113,178,0.005707932969143843,0.9745341614906833,0.009687501647246315,0.9514285714285714,
segment,gradient descent,113,179,0.0074705241074652885,0.9658385093167702,0.01150858645202582,0.9485714285714286,
segment,gradient descent,113,180,0.005510926400810418,0.9739130434782609,0.009756375366066581,0.9485714285714286,
segment,gradient descent,113,181,0.007156984445735737,0.9683229813664597,0.0107662039116418,0.9485714285714286,
segment,gradient descent,113,182,0.005342796048225133,0.9770186335403727,0.009573885745034183,0.9571428571428572,
segment,gradient descent,113,183,0.006158672203123158,0.9732919254658385,0.009998093441306687,0.9514285714285714,
segment,gradient descent,113,184,0.005895228342617771,0.9751552795031055,0.009756874415217137,0.9485714285714286,
segment,gradient descent,113,185,0.005695195841184781,0.9739130434782609,0.00946348238912085,0.9514285714285714,
segment,gradient descent,113,186,0.005545653087665784,0.9751552795031055,0.009445192256290121,0.9542857142857143,
segment,gradient descent,113,187,0.005394043404918658,0.9739130434782609,0.009546573735635212,0.9571428571428572,
segment,gradient descent,113,188,0.005253490914061986,0.9763975155279503,0.009288531764587628,0.9542857142857143,
segment,gradient descent,113,189,0.005598751537735817,0.9726708074534162,0.009978250877704518,0.9571428571428572,
segment,gradient descent,113,190,0.005755444042098331,0.9726708074534162,0.009885633001102071,0.9542857142857143,
segment,gradient descent,113,191,0.009659927886861043,0.9546583850931677,0.014087510883178328,0.9371428571428572,
segment,gradient descent,113,192,0.005223802560978544,0.9770186335403727,0.009643692215154199,0.9542857142857143,
segment,gradient descent,113,193,0.0052456064800751765,0.9763975155279503,0.00949895394282775,0.9514285714285714,
segment,gradient descent,113,194,0.005397093528172197,0.9732919254658385,0.009667335240531164,0.9514285714285714,
segment,gradient descent,113,195,0.0071989109581179645,0.9627329192546584,0.010854498370715865,0.9485714285714286,
segment,gradient descent,113,196,0.005324244364307998,0.9751552795031055,0.009449483156690159,0.9514285714285714,
segment,gradient descent,113,197,0.005781326186580329,0.970807453416149,0.01013910723999158,0.9542857142857143,
segment,gradient descent,113,198,0.005150621013064573,0.977639751552795,0.00947773168851925,0.9571428571428572,
segment,gradient descent,113,199,0.006608336439400899,0.9670807453416149,0.01072999835594713,0.9457142857142857,
segment,gradient descent,113,200,0.005323202199646679,0.9745341614906833,0.009888559974768747,0.9571428571428572,
segment,gradient descent,113,201,0.0062601702817152135,0.9720496894409938,0.010067443462395222,0.9514285714285714,
segment,gradient descent,113,202,0.008496585426500176,0.9571428571428572,0.012049195616652528,0.9485714285714286,
segment,gradient descent,113,203,0.005213245568846084,0.9788819875776398,0.009298521187902505,0.9571428571428572,
segment,gradient descent,113,204,0.005613391070075603,0.9751552795031055,0.009477404213739441,0.9542857142857143,
segment,gradient descent,113,205,0.0052587951711861826,0.9751552795031055,0.009241982856161617,0.9542857142857143,
segment,gradient descent,113,206,0.005377178010374316,0.9745341614906833,0.009453463194179607,0.9542857142857143,
segment,gradient descent,113,207,0.005035353865236307,0.9770186335403727,0.009399848946228372,0.9571428571428572,
segment,gradient descent,113,208,0.005154494654510247,0.9763975155279503,0.009445172707977208,0.9514285714285714,
segment,gradient descent,113,209,0.005264939835937641,0.9732919254658385,0.009722032746032491,0.9542857142857143,
segment,gradient descent,113,210,0.005131923325629697,0.9739130434782609,0.009768566371489353,0.9542857142857143,
segment,gradient descent,113,211,0.012202079012553869,0.9409937888198758,0.01602622244934501,0.9285714285714286,
segment,gradient descent,113,212,0.0051116578328504435,0.9757763975155279,0.009245034891337411,0.9571428571428572,
segment,gradient descent,113,213,0.005492090450962168,0.9732919254658385,0.009441827347727288,0.96,
segment,gradient descent,113,214,0.006239101163255585,0.9726708074534162,0.010892853827682772,0.9514285714285714,
segment,gradient descent,113,215,0.005303961614034139,0.9745341614906833,0.009886440137490108,0.9571428571428572,
segment,gradient descent,113,216,0.004954967937615486,0.977639751552795,0.009350077435214422,0.9571428571428572,
segment,gradient descent,113,217,0.005115047672276405,0.977639751552795,0.00958981533947298,0.9514285714285714,
segment,gradient descent,113,218,0.005067662806966248,0.9757763975155279,0.00969669731210556,0.9542857142857143,
segment,gradient descent,113,219,0.00814381119439295,0.9627329192546584,0.010891092839997568,0.9485714285714286,
segment,gradient descent,113,220,0.005035099996180856,0.977639751552795,0.009606321643437136,0.9514285714285714,
segment,gradient descent,113,221,0.006307865835466422,0.9714285714285714,0.00984311158174157,0.9485714285714286,
segment,gradient descent,113,222,0.0051103703815023925,0.9770186335403727,0.009258846533521072,0.9542857142857143,
segment,gradient descent,113,223,0.0054682903678215915,0.9763975155279503,0.009735576235167076,0.9514285714285714,
segment,gradient descent,113,224,0.004879932189495869,0.977639751552795,0.009398904231026642,0.9542857142857143,
segment,gradient descent,113,225,0.005150668284290403,0.9782608695652174,0.009198355279877807,0.9542857142857143,
segment,gradient descent,113,226,0.005009368668078622,0.9763975155279503,0.009567937778095692,0.9542857142857143,
segment,gradient descent,113,227,0.005055732507200417,0.977639751552795,0.009324861203254795,0.9542857142857143,
segment,gradient descent,113,228,0.004942117876927393,0.9782608695652174,0.009203361618061689,0.9542857142857143,
segment,gradient descent,113,229,0.005055279023614658,0.9782608695652174,0.009311597839490366,0.9542857142857143,
segment,gradient descent,113,230,0.00518599021462985,0.977639751552795,0.009371047274560508,0.9542857142857143,
segment,gradient descent,113,231,0.004896499592671315,0.9788819875776398,0.009405448162979266,0.9542857142857143,
segment,gradient descent,113,232,0.005538021843651174,0.9763975155279503,0.009654829612856814,0.9514285714285714,
segment,gradient descent,113,233,0.004710830785549778,0.9782608695652174,0.009197740208050722,0.9542857142857143,
segment,gradient descent,113,234,0.007477730041838103,0.9645962732919254,0.010857063452666835,0.9485714285714286,
segment,gradient descent,113,235,0.004612036633264708,0.9801242236024845,0.0092030509076326,0.9542857142857143,
segment,gradient descent,113,236,0.004731382474353873,0.9795031055900622,0.009145461917080938,0.9571428571428572,
segment,gradient descent,113,237,0.004562122212831114,0.9807453416149068,0.009215056505037685,0.9542857142857143,
segment,gradient descent,113,238,0.004870137303783303,0.9788819875776398,0.009208172463081676,0.9571428571428572,
segment,gradient descent,113,239,0.009102255061351509,0.9583850931677018,0.011344889024543803,0.9542857142857143,
segment,gradient descent,113,240,0.0044861028723900895,0.9795031055900622,0.009411532151622314,0.9542857142857143,
segment,gradient descent,113,241,0.004617842077873534,0.9788819875776398,0.009318529203031138,0.9571428571428572,
segment,gradient descent,113,242,0.004723436469271715,0.9788819875776398,0.009361328459616335,0.9542857142857143,
segment,gradient descent,113,243,0.004471366581370905,0.9795031055900622,0.009370219376187382,0.9514285714285714,
segment,gradient descent,113,244,0.004508880471225879,0.9801242236024845,0.009191371909318471,0.9628571428571429,
segment,gradient descent,113,245,0.004449237043553333,0.9832298136645963,0.009241392621613082,0.96,
segment,gradient descent,113,246,0.004460799359750976,0.9801242236024845,0.009367298041240556,0.9571428571428572,
segment,gradient descent,113,247,0.004502435515336664,0.9813664596273292,0.009281672454013255,0.96,
segment,gradient descent,113,248,0.009861285234860302,0.9602484472049689,0.012972826520500047,0.9428571428571428,
segment,gradient descent,113,249,0.0046607954245775135,0.9763975155279503,0.009520889543294485,0.9542857142857143,
segment,gradient descent,113,250,0.004441846348613701,0.9801242236024845,0.009200307211662933,0.9628571428571429,
segment,gradient descent,113,251,0.004438290967058955,0.9826086956521739,0.009205571723467707,0.96,
segment,gradient descent,113,252,0.004357426669893625,0.9801242236024845,0.009165490161260188,0.96,
segment,gradient descent,113,253,0.004298670680481621,0.9807453416149068,0.00900074230102873,0.96,
segment,gradient descent,113,254,0.004931452864061581,0.9757763975155279,0.009779991770340538,0.9571428571428572,
segment,gradient descent,113,255,0.004409447622690151,0.9795031055900622,0.009055481758431131,0.9571428571428572,
segment,gradient descent,113,256,0.004607296124050594,0.9795031055900622,0.009120165586148688,0.9571428571428572,
segment,gradient descent,113,257,0.00596571200725044,0.9714285714285714,0.010693854135022942,0.9542857142857143,
segment,gradient descent,113,258,0.004406368907648263,0.9807453416149068,0.00896233898628364,0.96,
segment,gradient descent,113,259,0.004895886023171517,0.977639751552795,0.00944388227121548,0.9542857142857143,
segment,gradient descent,113,260,0.004229008545033158,0.9807453416149068,0.009088563536581286,0.96,
segment,gradient descent,113,261,0.004545046253349482,0.9795031055900622,0.00917878239290634,0.96,
segment,gradient descent,113,262,0.004745125478917149,0.9795031055900622,0.009387680645419729,0.9542857142857143,
segment,gradient descent,113,263,0.0043143597411703614,0.9801242236024845,0.00927979225512319,0.9571428571428572,
segment,gradient descent,113,264,0.004261651450112589,0.9782608695652174,0.009212003122974738,0.9628571428571429,
segment,gradient descent,113,265,0.0042539722693470386,0.9813664596273292,0.009224283309985405,0.96,
segment,gradient descent,113,266,0.004192687331013773,0.9813664596273292,0.009127823570566608,0.9628571428571429,
segment,gradient descent,113,267,0.004185980790256769,0.9801242236024845,0.009176459221751672,0.9628571428571429,
segment,gradient descent,113,268,0.004517397853397333,0.9782608695652174,0.009476283412713182,0.9571428571428572,
segment,gradient descent,113,269,0.00416180909905099,0.9838509316770186,0.009142343577200373,0.9628571428571429,
segment,gradient descent,113,270,0.009958925102966655,0.9540372670807453,0.013849602998914974,0.9342857142857143,
segment,gradient descent,113,271,0.00419153840716981,0.9826086956521739,0.00929913630200464,0.96,
segment,gradient descent,113,272,0.004395665915850187,0.9795031055900622,0.009613899292877644,0.9628571428571429,
segment,gradient descent,113,273,0.01084718407962138,0.9496894409937888,0.014533912994476131,0.9314285714285714,
segment,gradient descent,113,274,0.004190646699975161,0.9807453416149068,0.009038014122827308,0.9628571428571429,
segment,gradient descent,113,275,0.00407526422136811,0.9838509316770186,0.00898936461365908,0.9657142857142857,
segment,gradient descent,113,276,0.004080655584669466,0.9826086956521739,0.009056013069061945,0.9628571428571429,
segment,gradient descent,113,277,0.0049951068633019595,0.977639751552795,0.009754367267977062,0.9542857142857143,
segment,gradient descent,113,278,0.004218195670289407,0.9819875776397515,0.009294105496781514,0.96,
segment,gradient descent,113,279,0.004211338381211412,0.9807453416149068,0.009186394486044145,0.96,
segment,gradient descent,113,280,0.004926398633525775,0.9782608695652174,0.009550272707424697,0.96,
segment,gradient descent,113,281,0.004255542030312844,0.9826086956521739,0.009299549969473304,0.96,
segment,gradient descent,113,282,0.0042221363453874864,0.9819875776397515,0.00955724525699228,0.9685714285714285,
segment,gradient descent,113,283,0.004041170159744074,0.9813664596273292,0.009030617816957364,0.9628571428571429,
segment,gradient descent,113,284,0.005581582819609646,0.9757763975155279,0.01006242176756303,0.9571428571428572,
segment,gradient descent,113,285,0.0072689790187585555,0.9645962732919254,0.012306965588531277,0.9485714285714286,
segment,gradient descent,113,286,0.004048914641053926,0.984472049689441,0.009074949196933043,0.9628571428571429,
segment,gradient descent,113,287,0.004013889844081167,0.984472049689441,0.00916197765570705,0.9685714285714285,
segment,gradient descent,113,288,0.004047444793110605,0.9813664596273292,0.009142216098414448,0.9657142857142857,
segment,gradient descent,113,289,0.004571772166664752,0.9795031055900622,0.009730431191445465,0.9628571428571429,
segment,gradient descent,113,290,0.003971250086064611,0.9826086956521739,0.009077257079557465,0.9657142857142857,
segment,gradient descent,113,291,0.004318474282374651,0.9801242236024845,0.009230430881921839,0.9628571428571429,
segment,gradient descent,113,292,0.004061992454730261,0.9813664596273292,0.008890457258048814,0.9628571428571429,
segment,gradient descent,113,293,0.007927032569591073,0.9645962732919254,0.010645995679121964,0.9514285714285714,
segment,gradient descent,113,294,0.004300793434845483,0.9807453416149068,0.009276618384393455,0.96,
segment,gradient descent,113,295,0.003908701467545963,0.9819875776397515,0.009151858983218315,0.9628571428571429,
segment,gradient descent,113,296,0.003918154959387245,0.9819875776397515,0.00918690433831374,0.9628571428571429,
segment,gradient descent,113,297,0.004073300521153008,0.9807453416149068,0.009435709492930466,0.9571428571428572,
segment,gradient descent,113,298,0.0039869825780451075,0.9819875776397515,0.00917847842042294,0.9657142857142857,
segment,gradient descent,113,299,0.004097042058704978,0.9813664596273292,0.009044454602963884,0.9628571428571429,
segment,gradient descent,113,300,0.003996362323786081,0.9819875776397515,0.009117449988884073,0.9657142857142857,
segment,gradient descent,113,301,0.003911112267874217,0.9807453416149068,0.00914784006301726,0.9628571428571429,
segment,gradient descent,113,302,0.008689404373047086,0.9559006211180124,0.012490817478528779,0.9485714285714286,
segment,gradient descent,113,303,0.004450550164210815,0.9782608695652174,0.009741469345532881,0.9571428571428572,
segment,gradient descent,113,304,0.0038545647493431093,0.9813664596273292,0.009054187608426086,0.9657142857142857,
segment,gradient descent,113,305,0.004045413670403754,0.9819875776397515,0.009509763253384054,0.96,
segment,gradient descent,113,306,0.0038695731892200475,0.9850931677018634,0.009259742127234606,0.9657142857142857,
segment,gradient descent,113,307,0.0038614024379542383,0.984472049689441,0.009104539709386968,0.9685714285714285,
segment,gradient descent,113,308,0.0038097896753824267,0.9826086956521739,0.009088727742800931,0.9685714285714285,
segment,gradient descent,113,309,0.0037979435970327204,0.9838509316770186,0.009033042854397563,0.9685714285714285,
segment,gradient descent,113,310,0.008598897156952143,0.9602484472049689,0.013252401678445313,0.9428571428571428,
segment,gradient descent,113,311,0.004596809954786849,0.9807453416149068,0.010361283802297784,0.9542857142857143,
segment,gradient descent,113,312,0.00395209015203348,0.9838509316770186,0.009482898126210162,0.9628571428571429,
segment,gradient descent,113,313,0.003932673423287332,0.9813664596273292,0.009153130377160066,0.9628571428571429,
segment,gradient descent,113,314,0.0037845157183838654,0.984472049689441,0.009131872322117297,0.9657142857142857,
segment,gradient descent,113,315,0.0040182331726982875,0.9807453416149068,0.009251500029398318,0.9628571428571429,
segment,gradient descent,113,316,0.0038041994518313287,0.9819875776397515,0.009230993207846531,0.9657142857142857,
segment,gradient descent,113,317,0.0037540725521840626,0.9838509316770186,0.009081803032143137,0.9628571428571429,
segment,gradient descent,113,318,0.004389340646666879,0.9788819875776398,0.009355617488824857,0.9628571428571429,
segment,gradient descent,113,319,0.006156286443449935,0.9770186335403727,0.00978158740423803,0.9657142857142857,
segment,gradient descent,113,320,0.0037556607300798144,0.984472049689441,0.009177773751025794,0.9657142857142857,
segment,gradient descent,113,321,0.0038087037500760526,0.9838509316770186,0.009295741222750543,0.9657142857142857,
segment,gradient descent,113,322,0.003998237447650395,0.9819875776397515,0.009298239692396548,0.9628571428571429,
segment,gradient descent,113,323,0.004325820371136242,0.9788819875776398,0.009591569441056626,0.9628571428571429,
segment,gradient descent,113,324,0.003933900434060629,0.984472049689441,0.009438721047405377,0.9657142857142857,
segment,gradient descent,113,325,0.003862866201110016,0.9832298136645963,0.009135016290788575,0.9628571428571429,
segment,gradient descent,113,326,0.0057725127586571254,0.9763975155279503,0.011701463944404088,0.9514285714285714,
segment,gradient descent,113,327,0.0038354069781472927,0.9826086956521739,0.009282180017248889,0.9657142857142857,
segment,gradient descent,113,328,0.003722581810596821,0.984472049689441,0.009109445205979377,0.9657142857142857,
segment,gradient descent,113,329,0.0036803888855652844,0.9813664596273292,0.009124541508426565,0.9685714285714285,
segment,gradient descent,113,330,0.003841126573826454,0.9807453416149068,0.009504107697358856,0.9628571428571429,
segment,gradient descent,113,331,0.0036890589947056003,0.9819875776397515,0.00916719508245514,0.9657142857142857,
segment,gradient descent,113,332,0.0038596910983834114,0.9813664596273292,0.009122371106164115,0.9657142857142857,
segment,gradient descent,113,333,0.003666164810738244,0.9838509316770186,0.009016520644135674,0.9685714285714285,
segment,gradient descent,113,334,0.005530518798914991,0.9751552795031055,0.010641607956467503,0.9514285714285714,
segment,gradient descent,113,335,0.00512305609153793,0.9770186335403727,0.009458842372477136,0.9571428571428572,
segment,gradient descent,113,336,0.0037048662416388134,0.9850931677018634,0.009187498142000768,0.9657142857142857,
segment,gradient descent,113,337,0.003747772567756854,0.9832298136645963,0.00891371947449979,0.9685714285714285,
segment,gradient descent,113,338,0.0037285601811248826,0.984472049689441,0.0091499919268254,0.9657142857142857,
segment,gradient descent,113,339,0.003654843279376752,0.9807453416149068,0.008857293598637964,0.9685714285714285,
segment,gradient descent,113,340,0.0036928061775575783,0.984472049689441,0.009044328418675656,0.9657142857142857,
segment,gradient descent,113,341,0.0048398829828521775,0.9770186335403727,0.010141962393510166,0.96,
segment,gradient descent,113,342,0.005352981940841879,0.9795031055900622,0.010404872694630068,0.9571428571428572,
segment,gradient descent,113,343,0.0036447377334840915,0.9807453416149068,0.008945648784896778,0.9685714285714285,
segment,gradient descent,113,344,0.003697939871213465,0.9819875776397515,0.008971941261328416,0.9685714285714285,
segment,gradient descent,113,345,0.0036329748098729063,0.9813664596273292,0.008930081566636081,0.9685714285714285,
segment,gradient descent,113,346,0.003641936669308057,0.9826086956521739,0.008962500916644167,0.9657142857142857,
segment,gradient descent,113,347,0.003652793615936044,0.9838509316770186,0.009069147004068714,0.9657142857142857,
segment,gradient descent,113,348,0.0038950169643076423,0.9807453416149068,0.009235696174934149,0.9628571428571429,
segment,gradient descent,113,349,0.00383892040204739,0.9819875776397515,0.009475635264852119,0.9628571428571429,
segment,gradient descent,113,350,0.0036515920213849706,0.9832298136645963,0.008907297912445282,0.9685714285714285,
segment,gradient descent,114,1,0.11684884358646866,0.2850931677018634,0.11690208184566962,0.2857142857142857,
segment,gradient descent,114,2,0.09061546605004184,0.5534161490683229,0.09072647835391018,0.5485714285714286,
segment,gradient descent,114,3,0.0770319721360558,0.5571428571428572,0.07651821497863506,0.5685714285714286,
segment,gradient descent,114,4,0.06991738982330928,0.7720496894409938,0.07001364160195853,0.7857142857142857,
segment,gradient descent,114,5,0.03727119665090335,0.8633540372670807,0.03701712314494589,0.8657142857142858,
segment,gradient descent,114,6,0.031019295441433253,0.8708074534161491,0.030407610368330076,0.8828571428571429,
segment,gradient descent,114,7,0.025332424097675152,0.9074534161490683,0.026148416666446107,0.9028571428571428,
segment,gradient descent,114,8,0.03173344884736561,0.906832298136646,0.033432937255643266,0.8942857142857142,
segment,gradient descent,114,9,0.024417966669679485,0.8993788819875776,0.024987729387047457,0.9,
segment,gradient descent,114,10,0.020387743248499884,0.9267080745341615,0.02129870354344047,0.92,
segment,gradient descent,114,11,0.018774361956387414,0.9304347826086956,0.0199081374144284,0.92,
segment,gradient descent,114,12,0.01942218569369011,0.9267080745341615,0.020787502438465368,0.92,
segment,gradient descent,114,13,0.020669535488845963,0.9248447204968944,0.023257322147170953,0.9114285714285715,
segment,gradient descent,114,14,0.022488017038196077,0.9192546583850931,0.026131630007588297,0.9085714285714286,
segment,gradient descent,114,15,0.01726914835262403,0.9285714285714286,0.01838744858251634,0.9228571428571428,
segment,gradient descent,114,16,0.01630836029431445,0.9372670807453416,0.017925454454456796,0.9257142857142857,
segment,gradient descent,114,17,0.016305437143444255,0.9329192546583851,0.017829042702221767,0.9285714285714286,
segment,gradient descent,114,18,0.023981956098277486,0.8968944099378882,0.02686747871715928,0.8714285714285714,
segment,gradient descent,114,19,0.016940104932948473,0.9298136645962732,0.018006271130506298,0.92,
segment,gradient descent,114,20,0.015052873465522988,0.9409937888198758,0.016899620948160415,0.9228571428571428,
segment,gradient descent,114,21,0.040353089230402386,0.8409937888198757,0.04306731515665057,0.8285714285714286,
segment,gradient descent,114,22,0.014593375386156049,0.9391304347826087,0.016413104388297416,0.9228571428571428,
segment,gradient descent,114,23,0.01457053662064619,0.9397515527950311,0.01665728717106816,0.9285714285714286,
segment,gradient descent,114,24,0.016474412590093076,0.9347826086956522,0.01768129949415398,0.9285714285714286,
segment,gradient descent,114,25,0.017264002288997174,0.9260869565217391,0.018233403467336217,0.9171428571428571,
segment,gradient descent,114,26,0.014777474750371724,0.9428571428571428,0.017178620415916623,0.9285714285714286,
segment,gradient descent,114,27,0.013990434404491743,0.9391304347826087,0.015537512742514824,0.9285714285714286,
segment,gradient descent,114,28,0.015312971855343544,0.9403726708074535,0.017404163110923063,0.9314285714285714,
segment,gradient descent,114,29,0.027755022474073947,0.8826086956521739,0.030979310322039863,0.8685714285714285,
segment,gradient descent,114,30,0.013337207826346523,0.9391304347826087,0.015237278293464298,0.9285714285714286,
segment,gradient descent,114,31,0.015388784406209884,0.9347826086956522,0.0172391144958932,0.9285714285714286,
segment,gradient descent,114,32,0.014702366374364357,0.9440993788819876,0.017289930867440576,0.9285714285714286,
segment,gradient descent,114,33,0.01309964255447638,0.9409937888198758,0.014999352204454388,0.9342857142857143,
segment,gradient descent,114,34,0.014322386938482723,0.9391304347826087,0.016989254117185774,0.9228571428571428,
segment,gradient descent,114,35,0.013099497750580232,0.9422360248447205,0.015000998948719818,0.9228571428571428,
segment,gradient descent,114,36,0.013293284854804736,0.9366459627329192,0.015275399228618845,0.9228571428571428,
segment,gradient descent,114,37,0.015674987157304116,0.924223602484472,0.018477145942494513,0.92,
segment,gradient descent,114,38,0.01264100457276072,0.9422360248447205,0.01465283813822022,0.9342857142857143,
segment,gradient descent,114,39,0.011779904464399664,0.9496894409937888,0.014214093400906389,0.9371428571428572,
segment,gradient descent,114,40,0.011902144189429665,0.9459627329192547,0.014259150381735934,0.9257142857142857,
segment,gradient descent,114,41,0.01237537525839912,0.9490683229813665,0.01537029122555954,0.94,
segment,gradient descent,114,42,0.030888370539205862,0.8658385093167702,0.03365071271715587,0.86,
segment,gradient descent,114,43,0.01372490390210496,0.937888198757764,0.015472361534442574,0.9371428571428572,
segment,gradient descent,114,44,0.012820368137404404,0.9416149068322981,0.01475185806058617,0.9342857142857143,
segment,gradient descent,114,45,0.01430808385261249,0.9322981366459627,0.016100494345840835,0.9257142857142857,
segment,gradient descent,114,46,0.014313363476876426,0.9434782608695652,0.017608146275477056,0.9285714285714286,
segment,gradient descent,114,47,0.013889646679791891,0.9391304347826087,0.01553765295550236,0.9371428571428572,
segment,gradient descent,114,48,0.016623584791631618,0.9236024844720497,0.01765674984472708,0.9285714285714286,
segment,gradient descent,114,49,0.010804234446391408,0.9521739130434783,0.013424459516692352,0.9371428571428572,
segment,gradient descent,114,50,0.012630676758186759,0.94472049689441,0.01557714476783772,0.9342857142857143,
segment,gradient descent,114,51,0.011108217690870063,0.9465838509316771,0.013513993788871836,0.9342857142857143,
segment,gradient descent,114,52,0.018338956020130935,0.9130434782608695,0.021679076136075726,0.9028571428571428,
segment,gradient descent,114,53,0.013041290710398083,0.9385093167701863,0.015249594520718345,0.9285714285714286,
segment,gradient descent,114,54,0.010797141142932728,0.9571428571428572,0.013618156268939285,0.94,
segment,gradient descent,114,55,0.010176987994156733,0.9552795031055901,0.013092101383614862,0.94,
segment,gradient descent,114,56,0.017702246626699742,0.9285714285714286,0.018561071042545035,0.9285714285714286,
segment,gradient descent,114,57,0.010442278492130115,0.9559006211180124,0.013559665236791646,0.94,
segment,gradient descent,114,58,0.012648592132397952,0.937888198757764,0.015963577427508112,0.9371428571428572,
segment,gradient descent,114,59,0.011174582868691168,0.9503105590062112,0.014614637274653444,0.9428571428571428,
segment,gradient descent,114,60,0.009953715586292508,0.9552795031055901,0.012993622639487102,0.9457142857142857,
segment,gradient descent,114,61,0.010964510126189937,0.9546583850931677,0.013752277971953867,0.9428571428571428,
segment,gradient descent,114,62,0.00986367726468077,0.9565217391304348,0.013099552796051708,0.9457142857142857,
segment,gradient descent,114,63,0.010143230173558355,0.9577639751552796,0.013109316036552587,0.9314285714285714,
segment,gradient descent,114,64,0.011568607820763362,0.9565217391304348,0.014108302168154613,0.94,
segment,gradient descent,114,65,0.010415327948688033,0.9559006211180124,0.013086311608579376,0.94,
segment,gradient descent,114,66,0.009531937152332273,0.9577639751552796,0.012720113963853712,0.9457142857142857,
segment,gradient descent,114,67,0.012591982998200099,0.9453416149068323,0.014934145331686726,0.9428571428571428,
segment,gradient descent,114,68,0.010268756648897643,0.9546583850931677,0.012959765690742319,0.94,
segment,gradient descent,114,69,0.014176761758070765,0.9354037267080745,0.01618927293950917,0.9371428571428572,
segment,gradient descent,114,70,0.010338273501217129,0.9509316770186336,0.01331686101870594,0.9428571428571428,
segment,gradient descent,114,71,0.009923875834356177,0.9565217391304348,0.012800125608320556,0.9428571428571428,
segment,gradient descent,114,72,0.009869031639449133,0.9552795031055901,0.012894187067975984,0.9428571428571428,
segment,gradient descent,114,73,0.016368031544141744,0.9229813664596274,0.019267274265300074,0.9171428571428571,
segment,gradient descent,114,74,0.009330229406977426,0.9571428571428572,0.012431251518857853,0.94,
segment,gradient descent,114,75,0.012560593844861512,0.9397515527950311,0.014587674192316233,0.9314285714285714,
segment,gradient descent,114,76,0.010624621490081384,0.953416149068323,0.013159859842104561,0.9428571428571428,
segment,gradient descent,114,77,0.009579770994454504,0.9565217391304348,0.012410957736072727,0.9428571428571428,
segment,gradient descent,114,78,0.010806735424537155,0.9552795031055901,0.013253323644205553,0.9428571428571428,
segment,gradient descent,114,79,0.010203335627787786,0.9596273291925466,0.012798649713446351,0.9457142857142857,
segment,gradient descent,114,80,0.009966835551787399,0.9577639751552796,0.012583468711995503,0.9485714285714286,
segment,gradient descent,114,81,0.009307842848430118,0.9596273291925466,0.012664065869421738,0.9428571428571428,
segment,gradient descent,114,82,0.011845080714219414,0.9459627329192547,0.014088427100276373,0.94,
segment,gradient descent,114,83,0.018282116337340195,0.9149068322981366,0.021297666924110715,0.9057142857142857,
segment,gradient descent,114,84,0.010390339139381456,0.9509316770186336,0.012878011511307776,0.94,
segment,gradient descent,114,85,0.008397052093164058,0.9652173913043478,0.011495939108659805,0.9428571428571428,
segment,gradient descent,114,86,0.00848854139226921,0.9627329192546584,0.011831740737975577,0.94,
segment,gradient descent,114,87,0.008782943462529575,0.9633540372670808,0.012182540509826366,0.94,
segment,gradient descent,114,88,0.013177141138292204,0.9391304347826087,0.016324216269148567,0.9285714285714286,
segment,gradient descent,114,89,0.00840958830219645,0.9670807453416149,0.01194376373685305,0.9485714285714286,
segment,gradient descent,114,90,0.014776058233936783,0.9335403726708075,0.017308955616567093,0.9142857142857143,
segment,gradient descent,114,91,0.008086631519740201,0.9677018633540373,0.011150652181776377,0.9457142857142857,
segment,gradient descent,114,92,0.008026830535638614,0.9664596273291925,0.011409290445705076,0.9457142857142857,
segment,gradient descent,114,93,0.008651010249721246,0.9652173913043478,0.011898206416484881,0.94,
segment,gradient descent,114,94,0.00785064921013116,0.9670807453416149,0.011151038370985057,0.9428571428571428,
segment,gradient descent,114,95,0.008311745100151481,0.9677018633540373,0.01170535715186271,0.9542857142857143,
segment,gradient descent,114,96,0.00779751878057489,0.9670807453416149,0.011246265844989098,0.9485714285714286,
segment,gradient descent,114,97,0.0080098235868017,0.9664596273291925,0.011534030958368639,0.9457142857142857,
segment,gradient descent,114,98,0.008136436495751057,0.9670807453416149,0.011001290834728599,0.9514285714285714,
segment,gradient descent,114,99,0.009874475357947544,0.9540372670807453,0.01276902297763809,0.94,
segment,gradient descent,114,100,0.007542741132431212,0.9701863354037267,0.011045070735872272,0.9485714285714286,
segment,gradient descent,114,101,0.007629930490480373,0.968944099378882,0.010873870787303381,0.9514285714285714,
segment,gradient descent,114,102,0.007436845079407221,0.9677018633540373,0.010982830765620634,0.9485714285714286,
segment,gradient descent,114,103,0.010686747368322686,0.9577639751552796,0.013843442042924155,0.9371428571428572,
segment,gradient descent,114,104,0.008121084995586201,0.968944099378882,0.011714207571031995,0.9514285714285714,
segment,gradient descent,114,105,0.009523295903913627,0.9577639751552796,0.012854040510462319,0.9457142857142857,
segment,gradient descent,114,106,0.0072584267605711565,0.9701863354037267,0.010799559637368422,0.9485714285714286,
segment,gradient descent,114,107,0.0078062654626307754,0.9683229813664597,0.011150897401664151,0.9485714285714286,
segment,gradient descent,114,108,0.007609295916838724,0.9695652173913043,0.011364003967225663,0.9514285714285714,
segment,gradient descent,114,109,0.007192260070962453,0.9701863354037267,0.010821896721139276,0.9514285714285714,
segment,gradient descent,114,110,0.007806055397105236,0.9683229813664597,0.01142600023356956,0.9485714285714286,
segment,gradient descent,114,111,0.00795498357304113,0.9645962732919254,0.011150243218276889,0.9428571428571428,
segment,gradient descent,114,112,0.010543127473157346,0.9546583850931677,0.01347578618173621,0.9371428571428572,
segment,gradient descent,114,113,0.013795751046161061,0.9428571428571428,0.015569160534775535,0.9285714285714286,
segment,gradient descent,114,114,0.008277043679517464,0.9701863354037267,0.011737905561155788,0.9514285714285714,
segment,gradient descent,114,115,0.0072187787571793135,0.9695652173913043,0.010845001645311173,0.9485714285714286,
segment,gradient descent,114,116,0.007281526892269542,0.9683229813664597,0.010946957362964086,0.9428571428571428,
segment,gradient descent,114,117,0.009843849240593503,0.9614906832298137,0.012073365212814146,0.94,
segment,gradient descent,114,118,0.0077440198027003086,0.9670807453416149,0.011414784453987165,0.9514285714285714,
segment,gradient descent,114,119,0.007155634148973854,0.9720496894409938,0.010524364121603211,0.9457142857142857,
segment,gradient descent,114,120,0.009337320463559107,0.9614906832298137,0.012437087546374292,0.94,
segment,gradient descent,114,121,0.011175782263342133,0.953416149068323,0.013378926406653559,0.9371428571428572,
segment,gradient descent,114,122,0.00790911993909781,0.9664596273291925,0.010896660464358023,0.9428571428571428,
segment,gradient descent,114,123,0.007805646415708331,0.9664596273291925,0.011086760151446022,0.9485714285714286,
segment,gradient descent,114,124,0.006900505027075609,0.970807453416149,0.010392551503516008,0.9514285714285714,
segment,gradient descent,114,125,0.00787654471376895,0.9726708074534162,0.010842821835266843,0.9542857142857143,
segment,gradient descent,114,126,0.006843377729078695,0.968944099378882,0.01054349186831609,0.9485714285714286,
segment,gradient descent,114,127,0.007373147607557635,0.9683229813664597,0.010722417344126989,0.9428571428571428,
segment,gradient descent,114,128,0.0124231706453171,0.9397515527950311,0.015488469002868191,0.92,
segment,gradient descent,114,129,0.007543828470073111,0.9677018633540373,0.010799747108916485,0.9457142857142857,
segment,gradient descent,114,130,0.006477468450964357,0.9714285714285714,0.010355106904781454,0.9542857142857143,
segment,gradient descent,114,131,0.007177234156172762,0.9701863354037267,0.010397723652801465,0.9485714285714286,
segment,gradient descent,114,132,0.0067041865874155095,0.9714285714285714,0.010855928135786203,0.9485714285714286,
segment,gradient descent,114,133,0.006639855909716824,0.9720496894409938,0.009956611677273242,0.96,
segment,gradient descent,114,134,0.006634229100350291,0.9683229813664597,0.010165023064815856,0.9542857142857143,
segment,gradient descent,114,135,0.009286314208027504,0.9590062111801242,0.01173514411314936,0.9514285714285714,
segment,gradient descent,114,136,0.006194046862087191,0.9720496894409938,0.009908654831764613,0.9542857142857143,
segment,gradient descent,114,137,0.0067206825107260434,0.968944099378882,0.010244575668863175,0.9514285714285714,
segment,gradient descent,114,138,0.006162770487682968,0.9739130434782609,0.009956577181137335,0.9571428571428572,
segment,gradient descent,114,139,0.006421746586059511,0.9732919254658385,0.010072835826999763,0.9514285714285714,
segment,gradient descent,114,140,0.006361409475537138,0.9732919254658385,0.00986715641405941,0.9514285714285714,
segment,gradient descent,114,141,0.006299918100385759,0.970807453416149,0.010025806827309082,0.9514285714285714,
segment,gradient descent,114,142,0.006716312499581608,0.9739130434782609,0.010019124836927856,0.9514285714285714,
segment,gradient descent,114,143,0.006048086583934179,0.9726708074534162,0.009779155106612687,0.9571428571428572,
segment,gradient descent,114,144,0.006165530690574553,0.9739130434782609,0.009976678054428187,0.96,
segment,gradient descent,114,145,0.0061538600945133,0.9732919254658385,0.009897452732716711,0.9542857142857143,
segment,gradient descent,114,146,0.0063459813469330505,0.970807453416149,0.010113923346352832,0.9542857142857143,
segment,gradient descent,114,147,0.0060828138531794865,0.9720496894409938,0.009789217363196202,0.9514285714285714,
segment,gradient descent,114,148,0.006516900126049664,0.9720496894409938,0.010277458865617182,0.9457142857142857,
segment,gradient descent,114,149,0.014159022983646574,0.9329192546583851,0.016963089911952035,0.9228571428571428,
segment,gradient descent,114,150,0.006124778709400067,0.9732919254658385,0.009923182809336363,0.9514285714285714,
segment,gradient descent,114,151,0.005902531542248472,0.9751552795031055,0.009351244116983027,0.9571428571428572,
segment,gradient descent,114,152,0.0058703581698864755,0.9739130434782609,0.009524043596454214,0.9571428571428572,
segment,gradient descent,114,153,0.0066511811019982795,0.9726708074534162,0.00981615317083489,0.9571428571428572,
segment,gradient descent,114,154,0.00582340678609425,0.9739130434782609,0.00948172965455518,0.9542857142857143,
segment,gradient descent,114,155,0.006661466301132894,0.9701863354037267,0.010842727399949325,0.9485714285714286,
segment,gradient descent,114,156,0.02670669898691411,0.8975155279503105,0.027753326828947572,0.8857142857142857,
segment,gradient descent,114,157,0.013428690867841297,0.9472049689440993,0.015011140032671136,0.9371428571428572,
segment,gradient descent,114,158,0.0058320389893141405,0.9732919254658385,0.009633829201628856,0.96,
segment,gradient descent,114,159,0.005910844375765579,0.9745341614906833,0.009939028069051883,0.9542857142857143,
segment,gradient descent,114,160,0.00565276460506342,0.9770186335403727,0.009455609212614348,0.96,
segment,gradient descent,114,161,0.005971271346408014,0.9726708074534162,0.009858212935380401,0.9514285714285714,
segment,gradient descent,114,162,0.006070706263662594,0.9745341614906833,0.009542198581247417,0.9542857142857143,
segment,gradient descent,114,163,0.005869293007484076,0.9714285714285714,0.009580536949015804,0.9542857142857143,
segment,gradient descent,114,164,0.00555449414908415,0.9751552795031055,0.00929542997654489,0.96,
segment,gradient descent,114,165,0.005650566891097492,0.977639751552795,0.009463321256361432,0.9571428571428572,
segment,gradient descent,114,166,0.005778445019731932,0.9732919254658385,0.009620085471988392,0.9542857142857143,
segment,gradient descent,114,167,0.005527276908206033,0.9757763975155279,0.009318894428394498,0.9628571428571429,
segment,gradient descent,114,168,0.005581252657127627,0.9739130434782609,0.00948305185175002,0.96,
segment,gradient descent,114,169,0.005883374980209666,0.9763975155279503,0.009551863263782575,0.9514285714285714,
segment,gradient descent,114,170,0.006127767429112026,0.9745341614906833,0.009566692919314692,0.9571428571428572,
segment,gradient descent,114,171,0.005749264877991779,0.9726708074534162,0.009624193451601154,0.96,
segment,gradient descent,114,172,0.005619266897105214,0.9751552795031055,0.009621537825351878,0.9514285714285714,
segment,gradient descent,114,173,0.0056762038535504095,0.9720496894409938,0.009831108552226214,0.9514285714285714,
segment,gradient descent,114,174,0.005838210895618269,0.9732919254658385,0.009913240768895664,0.9542857142857143,
segment,gradient descent,114,175,0.008613543981295796,0.9645962732919254,0.010445107813853643,0.9514285714285714,
segment,gradient descent,114,176,0.005373879329524346,0.9770186335403727,0.009062650985301077,0.96,
segment,gradient descent,114,177,0.005633362175945531,0.9739130434782609,0.010056760021746323,0.9485714285714286,
segment,gradient descent,114,178,0.005408258048718865,0.9788819875776398,0.009298034102146007,0.9542857142857143,
segment,gradient descent,114,179,0.0073211386526621835,0.970807453416149,0.011099169281588949,0.9514285714285714,
segment,gradient descent,114,180,0.005570403044665309,0.9782608695652174,0.0094284826934035,0.9571428571428572,
segment,gradient descent,114,181,0.005818108639839374,0.977639751552795,0.009573872732234645,0.9514285714285714,
segment,gradient descent,114,182,0.005979634151743693,0.9745341614906833,0.009920076025394972,0.9571428571428572,
segment,gradient descent,114,183,0.005354155930576815,0.9788819875776398,0.009421454430993367,0.96,
segment,gradient descent,114,184,0.005347344035397553,0.977639751552795,0.009554353309389807,0.9542857142857143,
segment,gradient descent,114,185,0.005111330668946027,0.9795031055900622,0.009206508034018443,0.9628571428571429,
segment,gradient descent,114,186,0.00765261092847147,0.9652173913043478,0.011024261467602537,0.9457142857142857,
segment,gradient descent,114,187,0.005007431627155155,0.9819875776397515,0.009268202012195933,0.96,
segment,gradient descent,114,188,0.0049944841510130115,0.9788819875776398,0.009101644323361488,0.96,
segment,gradient descent,114,189,0.005100486312076024,0.9807453416149068,0.00944072749062639,0.9571428571428572,
segment,gradient descent,114,190,0.00836008555018613,0.9596273291925466,0.011778420401347649,0.9457142857142857,
segment,gradient descent,114,191,0.005526685877562699,0.9763975155279503,0.009501875279539702,0.9571428571428572,
segment,gradient descent,114,192,0.0054960756978532175,0.9770186335403727,0.009448487524551897,0.9542857142857143,
segment,gradient descent,114,193,0.004848321985900169,0.9795031055900622,0.00916944610369042,0.96,
segment,gradient descent,114,194,0.00859064578012256,0.962111801242236,0.011739077241351635,0.94,
segment,gradient descent,114,195,0.00948164382824079,0.9614906832298137,0.012638882633612118,0.94,
segment,gradient descent,114,196,0.004768062943049681,0.9801242236024845,0.009094008756482742,0.96,
segment,gradient descent,114,197,0.005075857255163045,0.9763975155279503,0.009166372314419769,0.96,
segment,gradient descent,114,198,0.0057867728443709646,0.977639751552795,0.009939261933042768,0.9485714285714286,
segment,gradient descent,114,199,0.004804863155506363,0.9788819875776398,0.009229991655933975,0.9514285714285714,
segment,gradient descent,114,200,0.0047378220416067676,0.9819875776397515,0.009027189348298008,0.96,
segment,gradient descent,114,201,0.004644794767249774,0.9807453416149068,0.008984640621136415,0.96,
segment,gradient descent,114,202,0.011492664032331205,0.9527950310559006,0.013864112316329346,0.9314285714285714,
segment,gradient descent,114,203,0.00486332559370931,0.9795031055900622,0.009242012458542056,0.96,
segment,gradient descent,114,204,0.004873599275278049,0.9801242236024845,0.009496971548858583,0.9542857142857143,
segment,gradient descent,114,205,0.004670275871808581,0.9795031055900622,0.009032021593671924,0.9628571428571429,
segment,gradient descent,114,206,0.006298756763244938,0.9714285714285714,0.010372893424088243,0.9514285714285714,
segment,gradient descent,114,207,0.004677431477707462,0.9813664596273292,0.009126554473308656,0.96,
segment,gradient descent,114,208,0.005797831687123301,0.9732919254658385,0.009771208606900547,0.9485714285714286,
segment,gradient descent,114,209,0.004704807804305996,0.9788819875776398,0.009236792116224695,0.96,
segment,gradient descent,114,210,0.004563402649108936,0.9801242236024845,0.008951854123473253,0.96,
segment,gradient descent,114,211,0.005150042583039346,0.9763975155279503,0.009337523250053848,0.9571428571428572,
segment,gradient descent,114,212,0.009496260143858322,0.953416149068323,0.012719352687384115,0.94,
segment,gradient descent,114,213,0.007645731304391833,0.9652173913043478,0.010561387878737888,0.9542857142857143,
segment,gradient descent,114,214,0.004693225452139376,0.9795031055900622,0.00895241611733341,0.96,
segment,gradient descent,114,215,0.004470961387521173,0.9826086956521739,0.008864475401652137,0.9657142857142857,
segment,gradient descent,114,216,0.01263682282197327,0.9391304347826087,0.015629971513846767,0.9257142857142857,
segment,gradient descent,114,217,0.0046047834403963985,0.9801242236024845,0.008958516003951368,0.96,
segment,gradient descent,114,218,0.00479687428562755,0.9795031055900622,0.0092058828189635,0.9571428571428572,
segment,gradient descent,114,219,0.0047569698866641325,0.9807453416149068,0.009063913218540897,0.96,
segment,gradient descent,114,220,0.005252880590477744,0.9745341614906833,0.009378227252096381,0.9571428571428572,
segment,gradient descent,114,221,0.007177428802868857,0.962111801242236,0.011036285303914109,0.9542857142857143,
segment,gradient descent,114,222,0.004344564316828514,0.9807453416149068,0.008709730761095621,0.9657142857142857,
segment,gradient descent,114,223,0.004359870928155191,0.9807453416149068,0.008718782453178838,0.9657142857142857,
segment,gradient descent,114,224,0.005068794650641814,0.9770186335403727,0.009470533524056673,0.9514285714285714,
segment,gradient descent,114,225,0.004724033940677314,0.9795031055900622,0.00913866585751924,0.96,
segment,gradient descent,114,226,0.004331353250715872,0.9807453416149068,0.008831727830408281,0.9657142857142857,
segment,gradient descent,114,227,0.007639620233030518,0.9639751552795031,0.010904891153270905,0.9457142857142857,
segment,gradient descent,114,228,0.010777795049928774,0.9546583850931677,0.013294605350532845,0.94,
segment,gradient descent,114,229,0.004285053941687752,0.9819875776397515,0.008725772620254237,0.9685714285714285,
segment,gradient descent,114,230,0.004371820100778016,0.9813664596273292,0.008786786538964884,0.9628571428571429,
segment,gradient descent,114,231,0.0043939706298763235,0.9813664596273292,0.008632950905509279,0.96,
segment,gradient descent,114,232,0.00522260941643428,0.977639751552795,0.009159114758741338,0.9571428571428572,
segment,gradient descent,114,233,0.004340530908411431,0.9819875776397515,0.008663010534521783,0.9628571428571429,
segment,gradient descent,114,234,0.006126519129067474,0.9739130434782609,0.009487852977595742,0.9514285714285714,
segment,gradient descent,114,235,0.004313894807464773,0.9795031055900622,0.008688167003104975,0.9628571428571429,
segment,gradient descent,114,236,0.004265771887260947,0.9813664596273292,0.008565134968109438,0.9628571428571429,
segment,gradient descent,114,237,0.0042275574512715755,0.9819875776397515,0.008550263200416075,0.9657142857142857,
segment,gradient descent,114,238,0.0051266757103790445,0.977639751552795,0.00945862717908239,0.9628571428571429,
segment,gradient descent,114,239,0.00868429110897179,0.962111801242236,0.01246078633455801,0.9428571428571428,
segment,gradient descent,114,240,0.0042547308817383975,0.9807453416149068,0.008667466963653317,0.9628571428571429,
segment,gradient descent,114,241,0.004406786121036806,0.9807453416149068,0.008912851640181692,0.9628571428571429,
segment,gradient descent,114,242,0.005291888562187283,0.9739130434782609,0.009184464886048209,0.9542857142857143,
segment,gradient descent,114,243,0.006954114924743304,0.9639751552795031,0.01098440300662574,0.9514285714285714,
segment,gradient descent,114,244,0.004625965722369416,0.9788819875776398,0.00900108902858837,0.9571428571428572,
segment,gradient descent,114,245,0.004771670342499991,0.977639751552795,0.009254777535456142,0.9628571428571429,
segment,gradient descent,114,246,0.0042697175370727675,0.9813664596273292,0.008689138973475254,0.96,
segment,gradient descent,114,247,0.004194121278493004,0.9813664596273292,0.008618682883606812,0.9571428571428572,
segment,gradient descent,114,248,0.004906373466182538,0.9770186335403727,0.009199912175528081,0.96,
segment,gradient descent,114,249,0.004363800892040373,0.9801242236024845,0.008697922235601197,0.9628571428571429,
segment,gradient descent,114,250,0.006366054775418052,0.9701863354037267,0.010678930720978813,0.9514285714285714,
segment,gradient descent,114,251,0.004356700882543446,0.9801242236024845,0.00879388797765715,0.9628571428571429,
segment,gradient descent,114,252,0.0050305665307323975,0.9795031055900622,0.009159375536445618,0.9571428571428572,
segment,gradient descent,114,253,0.004083964346363117,0.9826086956521739,0.008457911166137047,0.9657142857142857,
segment,gradient descent,114,254,0.004033179844306391,0.9813664596273292,0.008426155224423155,0.9685714285714285,
segment,gradient descent,114,255,0.00409479245545283,0.9807453416149068,0.00854863641021293,0.9657142857142857,
segment,gradient descent,114,256,0.00513329153368477,0.9745341614906833,0.00923037044345542,0.9514285714285714,
segment,gradient descent,114,257,0.004138116138555677,0.9819875776397515,0.008657084972334687,0.9657142857142857,
segment,gradient descent,114,258,0.004041676267700062,0.9838509316770186,0.008457026354493689,0.9685714285714285,
segment,gradient descent,114,259,0.004010537120806849,0.9838509316770186,0.00846488431977089,0.9685714285714285,
segment,gradient descent,114,260,0.005526589661039082,0.9739130434782609,0.009311635805454434,0.9514285714285714,
segment,gradient descent,114,261,0.006963358628889729,0.9658385093167702,0.011001857826968582,0.9485714285714286,
segment,gradient descent,114,262,0.00401154720821198,0.9813664596273292,0.008440621599922942,0.9657142857142857,
segment,gradient descent,114,263,0.004108454133821236,0.9807453416149068,0.00838189784213595,0.9628571428571429,
segment,gradient descent,114,264,0.003966466367338495,0.9826086956521739,0.008340936646719881,0.9657142857142857,
segment,gradient descent,114,265,0.003986869037958643,0.9826086956521739,0.008514890942449931,0.9657142857142857,
segment,gradient descent,114,266,0.004309064276556237,0.9807453416149068,0.008952511333421788,0.9628571428571429,
segment,gradient descent,114,267,0.003951793841132165,0.9832298136645963,0.008317576493230117,0.9657142857142857,
segment,gradient descent,114,268,0.007647186922656039,0.9664596273291925,0.010509281701049403,0.9514285714285714,
segment,gradient descent,114,269,0.0040639849562846804,0.9807453416149068,0.008413875283102246,0.96,
segment,gradient descent,114,270,0.004408016803037847,0.9819875776397515,0.008635110661463432,0.96,
segment,gradient descent,114,271,0.012085512813644582,0.9428571428571428,0.015109773392892045,0.9285714285714286,
segment,gradient descent,114,272,0.003896855635434989,0.9832298136645963,0.008265378996934495,0.9657142857142857,
segment,gradient descent,114,273,0.004025654778627039,0.9813664596273292,0.008339894490217374,0.9628571428571429,
segment,gradient descent,114,274,0.0038620513521400906,0.9832298136645963,0.008239296668987104,0.9628571428571429,
segment,gradient descent,114,275,0.0040914406140089305,0.9813664596273292,0.008395838927659837,0.9628571428571429,
segment,gradient descent,114,276,0.004365355247973836,0.9801242236024845,0.00852854497664501,0.96,
segment,gradient descent,114,277,0.0038255744928298607,0.9838509316770186,0.008262258688432087,0.9685714285714285,
segment,gradient descent,114,278,0.006696376386909371,0.968944099378882,0.010641587599709214,0.9514285714285714,
segment,gradient descent,114,279,0.003817119323055317,0.9850931677018634,0.008237632342219161,0.9685714285714285,
segment,gradient descent,114,280,0.013858363763327703,0.9347826086956522,0.016366420533045316,0.9314285714285714,
segment,gradient descent,114,281,0.0037917600116475587,0.984472049689441,0.008208885750837325,0.9714285714285714,
segment,gradient descent,114,282,0.004607009336817574,0.9819875776397515,0.008924589705812572,0.9571428571428572,
segment,gradient descent,114,283,0.0038028915630398956,0.9850931677018634,0.008115790660488668,0.9685714285714285,
segment,gradient descent,114,284,0.003811595830105167,0.9838509316770186,0.008215674496909338,0.9657142857142857,
segment,gradient descent,114,285,0.0037215878891596462,0.986335403726708,0.008236751533358781,0.9685714285714285,
segment,gradient descent,114,286,0.004043489245140958,0.9850931677018634,0.008122795253145581,0.9657142857142857,
segment,gradient descent,114,287,0.0036577212307471922,0.9850931677018634,0.007997620711268597,0.9685714285714285,
segment,gradient descent,114,288,0.004685411604380236,0.9801242236024845,0.008913622011646112,0.9571428571428572,
segment,gradient descent,114,289,0.0035783333882494755,0.986335403726708,0.0080375909836589,0.9714285714285714,
segment,gradient descent,114,290,0.011418399919550713,0.9472049689440993,0.014512697823454821,0.9342857142857143,
segment,gradient descent,114,291,0.003673895796223627,0.986335403726708,0.008148937292811862,0.9657142857142857,
segment,gradient descent,114,292,0.0035156472301412583,0.9869565217391304,0.007805698463889922,0.9657142857142857,
segment,gradient descent,114,293,0.004347184288651912,0.9826086956521739,0.00835919386819234,0.96,
segment,gradient descent,114,294,0.003504909252008352,0.9857142857142858,0.0077713704868381216,0.9685714285714285,
segment,gradient descent,114,295,0.0036944478810207793,0.9881987577639751,0.008097483715910094,0.9714285714285714,
segment,gradient descent,114,296,0.004194948986573343,0.9826086956521739,0.008723660804836697,0.9685714285714285,
segment,gradient descent,114,297,0.018663677725315082,0.9260869565217391,0.020126621041057478,0.9171428571428571,
segment,gradient descent,114,298,0.0034249687348826556,0.9869565217391304,0.00790506241040177,0.9685714285714285,
segment,gradient descent,114,299,0.00411703352785655,0.984472049689441,0.008117303316483866,0.9628571428571429,
segment,gradient descent,114,300,0.009878901051329249,0.9521739130434783,0.013570354810099515,0.9457142857142857,
segment,gradient descent,114,301,0.003560824085305544,0.986335403726708,0.00811425938096667,0.9685714285714285,
segment,gradient descent,114,302,0.003283290198223065,0.9888198757763975,0.007681741436593631,0.9685714285714285,
segment,gradient descent,114,303,0.003214526407536616,0.9875776397515528,0.007732862082209452,0.9742857142857143,
segment,gradient descent,114,304,0.0032168605536798305,0.9894409937888199,0.007747425265049845,0.9742857142857143,
segment,gradient descent,114,305,0.004939676944431142,0.9807453416149068,0.009308691755626089,0.9542857142857143,
segment,gradient descent,114,306,0.003756348345530622,0.9857142857142858,0.008265281735320795,0.9628571428571429,
segment,gradient descent,114,307,0.003153915017842625,0.9881987577639751,0.007750345941592106,0.9742857142857143,
segment,gradient descent,114,308,0.003597353088990073,0.9888198757763975,0.008039786948098331,0.9742857142857143,
segment,gradient descent,114,309,0.003176967575188889,0.9888198757763975,0.007803498846462866,0.9657142857142857,
segment,gradient descent,114,310,0.003177239900999009,0.9869565217391304,0.007702529662131798,0.9742857142857143,
segment,gradient descent,114,311,0.004038045614611637,0.9838509316770186,0.008845238013144003,0.9685714285714285,
segment,gradient descent,114,312,0.0032010643991242393,0.986335403726708,0.007686155114531911,0.9714285714285714,
segment,gradient descent,114,313,0.003271759120947577,0.9875776397515528,0.00807776882318302,0.9657142857142857,
segment,gradient descent,114,314,0.003091754956476498,0.9881987577639751,0.007813702373414876,0.9742857142857143,
segment,gradient descent,114,315,0.003587918150898255,0.9857142857142858,0.008348987933769673,0.9685714285714285,
segment,gradient descent,114,316,0.0035963796273646843,0.986335403726708,0.00787185462469829,0.9657142857142857,
segment,gradient descent,114,317,0.0034620996197553774,0.9857142857142858,0.007948165783890154,0.9657142857142857,
segment,gradient descent,114,318,0.0032166892783087615,0.9881987577639751,0.007898130581316786,0.9714285714285714,
segment,gradient descent,114,319,0.003066515279293077,0.9894409937888199,0.007781138095983102,0.9685714285714285,
segment,gradient descent,114,320,0.0030716504209845324,0.9869565217391304,0.007672336321055018,0.9714285714285714,
segment,gradient descent,114,321,0.0036751790581865803,0.984472049689441,0.008022363701108544,0.9628571428571429,
segment,gradient descent,114,322,0.002959934796937761,0.9881987577639751,0.007537178369524553,0.9742857142857143,
segment,gradient descent,114,323,0.0030880657074031934,0.9869565217391304,0.007539792899493063,0.9714285714285714,
segment,gradient descent,114,324,0.00365696575630764,0.9857142857142858,0.007974047709088319,0.9657142857142857,
segment,gradient descent,114,325,0.003016523018514516,0.9875776397515528,0.007620194661678849,0.9742857142857143,
segment,gradient descent,114,326,0.0029800592487218072,0.9888198757763975,0.0076424999784579254,0.9714285714285714,
segment,gradient descent,114,327,0.003096220865222579,0.9875776397515528,0.007663924892973638,0.9714285714285714,
segment,gradient descent,114,328,0.0029121737511810927,0.9888198757763975,0.007697627127247741,0.9742857142857143,
segment,gradient descent,114,329,0.003265317922466224,0.9857142857142858,0.0080432113599149,0.9657142857142857,
segment,gradient descent,114,330,0.0047300780327536865,0.9807453416149068,0.009459509647843953,0.96,
segment,gradient descent,114,331,0.003382210303497905,0.9857142857142858,0.008183845785133823,0.96,
segment,gradient descent,114,332,0.0029305071225464506,0.9875776397515528,0.007734587804069009,0.9714285714285714,
segment,gradient descent,114,333,0.0028712987675997576,0.9888198757763975,0.007659931992169041,0.9657142857142857,
segment,gradient descent,114,334,0.00327297804443701,0.986335403726708,0.00799436375568504,0.9685714285714285,
segment,gradient descent,114,335,0.004040225962241255,0.9813664596273292,0.008496697911637234,0.96,
segment,gradient descent,114,336,0.003123240074475009,0.986335403726708,0.007886889884949814,0.9685714285714285,
segment,gradient descent,114,337,0.003661906145716747,0.986335403726708,0.008188379307823441,0.9714285714285714,
segment,gradient descent,114,338,0.003809935855870126,0.9850931677018634,0.008310287754166161,0.96,
segment,gradient descent,114,339,0.0030623225946712256,0.9875776397515528,0.007520574035022916,0.9714285714285714,
segment,gradient descent,114,340,0.002823329148841111,0.9894409937888199,0.007510164177884909,0.9742857142857143,
segment,gradient descent,114,341,0.0028129185127810123,0.9900621118012423,0.0076736604765102676,0.9714285714285714,
segment,gradient descent,114,342,0.0028216453283905906,0.9900621118012423,0.0075900025401685065,0.9742857142857143,
segment,gradient descent,114,343,0.002824498608454143,0.9869565217391304,0.007652065794718536,0.9714285714285714,
segment,gradient descent,114,344,0.002846978728316743,0.9875776397515528,0.007549962406211478,0.9714285714285714,
segment,gradient descent,114,345,0.006589195680040685,0.9726708074534162,0.009454154547439675,0.9571428571428572,
segment,gradient descent,114,346,0.0027776135497158054,0.9888198757763975,0.0074999205377684185,0.9685714285714285,
segment,gradient descent,114,347,0.002742380942827133,0.9906832298136646,0.007540382987959202,0.9742857142857143,
segment,gradient descent,114,348,0.0028662075733471713,0.9881987577639751,0.007873384318649743,0.96,
segment,gradient descent,114,349,0.0034898628043080315,0.9888198757763975,0.0076912103909223505,0.9714285714285714,
segment,gradient descent,114,350,0.002950080315653489,0.9881987577639751,0.00743641067499737,0.9742857142857143,
segment,gradient descent,115,1,0.09832852511439436,0.37763975155279506,0.09820762267749934,0.36857142857142855,
segment,gradient descent,115,2,0.08947188654027483,0.5186335403726708,0.08893976413094679,0.5171428571428571,
segment,gradient descent,115,3,0.08148249676792647,0.5385093167701863,0.08137889959350753,0.5285714285714286,
segment,gradient descent,115,4,0.06596625737530484,0.7409937888198758,0.06772327843431844,0.7285714285714285,
segment,gradient descent,115,5,0.048190516640600804,0.7813664596273292,0.04855818192355976,0.7771428571428571,
segment,gradient descent,115,6,0.03638344543285859,0.8043478260869565,0.03729047202496882,0.7971428571428572,
segment,gradient descent,115,7,0.036542634251823275,0.822360248447205,0.037265013907017676,0.8114285714285714,
segment,gradient descent,115,8,0.024358279388359664,0.9161490683229814,0.0250360760485558,0.9057142857142857,
segment,gradient descent,115,9,0.025032958729000392,0.9012422360248448,0.026809777896305127,0.8857142857142857,
segment,gradient descent,115,10,0.024331493955918496,0.9093167701863354,0.02590441927464317,0.8942857142857142,
segment,gradient descent,115,11,0.022454619323110093,0.9055900621118013,0.023225559875736324,0.9028571428571428,
segment,gradient descent,115,12,0.0278836721330136,0.8950310559006212,0.02954630332977491,0.8628571428571429,
segment,gradient descent,115,13,0.018358312641908795,0.9285714285714286,0.0192999452320349,0.9142857142857143,
segment,gradient descent,115,14,0.01737189555439219,0.9354037267080745,0.018624951212957323,0.9257142857142857,
segment,gradient descent,115,15,0.017328793021564398,0.9341614906832298,0.018585414811928148,0.9228571428571428,
segment,gradient descent,115,16,0.019440248594292428,0.9136645962732919,0.020519594500677064,0.9142857142857143,
segment,gradient descent,115,17,0.0182390523758473,0.915527950310559,0.019217645534203274,0.9171428571428571,
segment,gradient descent,115,18,0.01650373406290853,0.9329192546583851,0.017879076268278272,0.9257142857142857,
segment,gradient descent,115,19,0.018370209148704696,0.9149068322981366,0.01898732285956359,0.92,
segment,gradient descent,115,20,0.01623437015861946,0.931055900621118,0.017384559061238876,0.9257142857142857,
segment,gradient descent,115,21,0.017246472850604367,0.9279503105590062,0.01916148429883461,0.9228571428571428,
segment,gradient descent,115,22,0.016916054053904332,0.937888198757764,0.01910327710316001,0.9285714285714286,
segment,gradient descent,115,23,0.015492718630009478,0.9416149068322981,0.017271838649530323,0.9314285714285714,
segment,gradient descent,115,24,0.015185718315163736,0.9360248447204969,0.016495813040995257,0.9285714285714286,
segment,gradient descent,115,25,0.02016619793427713,0.9105590062111801,0.020930089105258634,0.9114285714285715,
segment,gradient descent,115,26,0.014806686107175412,0.9403726708074535,0.016772386826425567,0.9314285714285714,
segment,gradient descent,115,27,0.014258939162396959,0.9366459627329192,0.015603530989970062,0.9257142857142857,
segment,gradient descent,115,28,0.02103864190800211,0.9080745341614906,0.02307291116171848,0.8885714285714286,
segment,gradient descent,115,29,0.014104138624754663,0.9391304347826087,0.016025787124627974,0.9228571428571428,
segment,gradient descent,115,30,0.013176516772815523,0.9440993788819876,0.015341401585596987,0.9342857142857143,
segment,gradient descent,115,31,0.014652522917735286,0.9316770186335404,0.016506119916783774,0.9285714285714286,
segment,gradient descent,115,32,0.014923619612422612,0.9391304347826087,0.0171584806818405,0.9285714285714286,
segment,gradient descent,115,33,0.01303034242175684,0.9409937888198758,0.014558674485539847,0.9285714285714286,
segment,gradient descent,115,34,0.012853650601175064,0.9403726708074535,0.01466231440137424,0.9257142857142857,
segment,gradient descent,115,35,0.014633452410776671,0.9397515527950311,0.016740810140938638,0.9285714285714286,
segment,gradient descent,115,36,0.01591135309821697,0.9254658385093167,0.0173879840738272,0.92,
segment,gradient descent,115,37,0.012525981432736085,0.9459627329192547,0.014709338816915262,0.9342857142857143,
segment,gradient descent,115,38,0.012673074645761033,0.9422360248447205,0.01470176027105616,0.9285714285714286,
segment,gradient descent,115,39,0.011980040955076949,0.9509316770186336,0.013854911434623071,0.9371428571428572,
segment,gradient descent,115,40,0.013397651429066945,0.9366459627329192,0.015159030736948603,0.92,
segment,gradient descent,115,41,0.022200138631677843,0.9024844720496894,0.02499315998798055,0.8857142857142857,
segment,gradient descent,115,42,0.011563243693497184,0.9484472049689441,0.013872693211354004,0.9342857142857143,
segment,gradient descent,115,43,0.011242095587396424,0.9465838509316771,0.013460505860192101,0.9285714285714286,
segment,gradient descent,115,44,0.015277195372940457,0.9248447204968944,0.01643825235388753,0.9228571428571428,
segment,gradient descent,115,45,0.02160499128246438,0.901863354037267,0.02409580560466816,0.8885714285714286,
segment,gradient descent,115,46,0.013416120285222839,0.9347826086956522,0.01536226859366009,0.9314285714285714,
segment,gradient descent,115,47,0.013002142949902902,0.9472049689440993,0.015335832923787405,0.94,
segment,gradient descent,115,48,0.010822702227007916,0.9521739130434783,0.013543813774345976,0.9371428571428572,
segment,gradient descent,115,49,0.010373951282164154,0.9583850931677018,0.012738298402672883,0.94,
segment,gradient descent,115,50,0.01366415905893802,0.9360248447204969,0.015926585218511858,0.9257142857142857,
segment,gradient descent,115,51,0.011206798553103803,0.9521739130434783,0.013634835569869622,0.9428571428571428,
segment,gradient descent,115,52,0.01116438346733027,0.9472049689440993,0.013951772974212266,0.9371428571428572,
segment,gradient descent,115,53,0.010539423570705182,0.9540372670807453,0.013622179873647321,0.9371428571428572,
segment,gradient descent,115,54,0.010494783325618843,0.9540372670807453,0.013405562633232422,0.9371428571428572,
segment,gradient descent,115,55,0.011389953798889947,0.9459627329192547,0.013933532304215396,0.9342857142857143,
segment,gradient descent,115,56,0.014723531111614544,0.9285714285714286,0.017904922868208262,0.9142857142857143,
segment,gradient descent,115,57,0.011041859026383384,0.9484472049689441,0.014494028767650508,0.9371428571428572,
segment,gradient descent,115,58,0.009408450816784049,0.962111801242236,0.012571650896054536,0.9457142857142857,
segment,gradient descent,115,59,0.01754341851903945,0.9186335403726708,0.018633430990582473,0.92,
segment,gradient descent,115,60,0.010952040791457713,0.9546583850931677,0.014360229885673795,0.9371428571428572,
segment,gradient descent,115,61,0.011768049892934755,0.9459627329192547,0.01478861202370371,0.9342857142857143,
segment,gradient descent,115,62,0.013016037318282683,0.9347826086956522,0.016433028433464683,0.92,
segment,gradient descent,115,63,0.009313848559896625,0.9596273291925466,0.012585321286315823,0.9371428571428572,
segment,gradient descent,115,64,0.009295407229719645,0.9627329192546584,0.012867381892720695,0.9485714285714286,
segment,gradient descent,115,65,0.009064186826424694,0.9602484472049689,0.01242063010601477,0.9428571428571428,
segment,gradient descent,115,66,0.009234509064899449,0.9577639751552796,0.012664094763617656,0.94,
segment,gradient descent,115,67,0.009069129787992384,0.9608695652173913,0.012659528174545269,0.9457142857142857,
segment,gradient descent,115,68,0.009689923472135563,0.9540372670807453,0.012916102920429304,0.9428571428571428,
segment,gradient descent,115,69,0.009287940752163718,0.9583850931677018,0.012667230701928283,0.94,
segment,gradient descent,115,70,0.01466991754376382,0.9273291925465839,0.018112490803373186,0.9171428571428571,
segment,gradient descent,115,71,0.009322450367481798,0.9565217391304348,0.012884335271396137,0.9457142857142857,
segment,gradient descent,115,72,0.009400814485615768,0.9596273291925466,0.012494797291742006,0.94,
segment,gradient descent,115,73,0.009793515585278587,0.9577639751552796,0.012827231670699843,0.9428571428571428,
segment,gradient descent,115,74,0.010694054161105596,0.9503105590062112,0.013628493902033328,0.9428571428571428,
segment,gradient descent,115,75,0.008564494498796526,0.9627329192546584,0.011937929481979442,0.9457142857142857,
segment,gradient descent,115,76,0.009070653452540444,0.9602484472049689,0.012417702912364315,0.9428571428571428,
segment,gradient descent,115,77,0.009172607648814998,0.9577639751552796,0.012867389708180656,0.9457142857142857,
segment,gradient descent,115,78,0.00838101002241736,0.9627329192546584,0.012126994583439955,0.9514285714285714,
segment,gradient descent,115,79,0.010058065319829753,0.9527950310559006,0.013149184028639547,0.9428571428571428,
segment,gradient descent,115,80,0.009521297389818242,0.9559006211180124,0.012473806475107556,0.9428571428571428,
segment,gradient descent,115,81,0.01176104652602299,0.9385093167701863,0.015095860037883508,0.9285714285714286,
segment,gradient descent,115,82,0.008821538438526061,0.9602484472049689,0.012707824493691242,0.9514285714285714,
segment,gradient descent,115,83,0.00897181354552084,0.9571428571428572,0.012757935684636146,0.9485714285714286,
segment,gradient descent,115,84,0.008574369794330537,0.9596273291925466,0.011755869006974538,0.9485714285714286,
segment,gradient descent,115,85,0.009113690172771092,0.9590062111801242,0.012379705150625114,0.9457142857142857,
segment,gradient descent,115,86,0.008033030464125335,0.9645962732919254,0.01164627188599643,0.9485714285714286,
segment,gradient descent,115,87,0.008183765473291783,0.9627329192546584,0.0120654583445487,0.9485714285714286,
segment,gradient descent,115,88,0.00960749536003059,0.9559006211180124,0.01262550662582976,0.9428571428571428,
segment,gradient descent,115,89,0.008733594980770138,0.9602484472049689,0.01239501817438913,0.9457142857142857,
segment,gradient descent,115,90,0.008778541436860923,0.9590062111801242,0.012675285997733153,0.9428571428571428,
segment,gradient descent,115,91,0.008003725028055091,0.9639751552795031,0.011630263716743664,0.9457142857142857,
segment,gradient descent,115,92,0.008703852163128712,0.9596273291925466,0.012435652398955176,0.94,
segment,gradient descent,115,93,0.007893332759850203,0.9627329192546584,0.011786303142373236,0.9485714285714286,
segment,gradient descent,115,94,0.008195398153983843,0.962111801242236,0.012304286171073793,0.9485714285714286,
segment,gradient descent,115,95,0.008415775116224844,0.9608695652173913,0.012155726882956634,0.9428571428571428,
segment,gradient descent,115,96,0.007823133273899354,0.9652173913043478,0.011991642905315195,0.9514285714285714,
segment,gradient descent,115,97,0.011589442163960226,0.9459627329192547,0.014639804636619787,0.9428571428571428,
segment,gradient descent,115,98,0.007701752896756601,0.9652173913043478,0.011626877553028147,0.9485714285714286,
segment,gradient descent,115,99,0.007856710971854497,0.9645962732919254,0.011482686746139309,0.9485714285714286,
segment,gradient descent,115,100,0.014427581650697147,0.9298136645962732,0.018215125725104316,0.9171428571428571,
segment,gradient descent,115,101,0.010370100409781766,0.9472049689440993,0.01431216451390405,0.94,
segment,gradient descent,115,102,0.007952305017814952,0.9614906832298137,0.012055302098647977,0.9485714285714286,
segment,gradient descent,115,103,0.009134348880800707,0.9546583850931677,0.01333154957244239,0.9457142857142857,
segment,gradient descent,115,104,0.010775518557564768,0.9484472049689441,0.013387251334257826,0.9457142857142857,
segment,gradient descent,115,105,0.008026232909606537,0.9633540372670808,0.011903662618532882,0.9457142857142857,
segment,gradient descent,115,106,0.008760758559340063,0.9602484472049689,0.01227022097420713,0.9457142857142857,
segment,gradient descent,115,107,0.007731250330266698,0.9633540372670808,0.012051845124186751,0.9457142857142857,
segment,gradient descent,115,108,0.01704372848578091,0.9204968944099379,0.020733528417647248,0.9085714285714286,
segment,gradient descent,115,109,0.011785614635389127,0.9335403726708075,0.01593650499196476,0.9285714285714286,
segment,gradient descent,115,110,0.007464430358429147,0.9645962732919254,0.011680037557426283,0.9485714285714286,
segment,gradient descent,115,111,0.007412111159647674,0.9652173913043478,0.011773936694654685,0.9485714285714286,
segment,gradient descent,115,112,0.007438522760004677,0.9639751552795031,0.01181595231316657,0.9485714285714286,
segment,gradient descent,115,113,0.0074010750545843345,0.9664596273291925,0.011718942906349684,0.9457142857142857,
segment,gradient descent,115,114,0.007317489446396026,0.9658385093167702,0.011664248858230091,0.9457142857142857,
segment,gradient descent,115,115,0.007722660026668788,0.9652173913043478,0.011826300738420151,0.9485714285714286,
segment,gradient descent,115,116,0.015188532479194383,0.9329192546583851,0.01709468505539175,0.9285714285714286,
segment,gradient descent,115,117,0.007836126723986484,0.9639751552795031,0.012395638028289012,0.9485714285714286,
segment,gradient descent,115,118,0.007282126866077081,0.9677018633540373,0.011780193448437672,0.9514285714285714,
segment,gradient descent,115,119,0.00726830494807052,0.9652173913043478,0.011676998849536172,0.9514285714285714,
segment,gradient descent,115,120,0.008371239676753075,0.9670807453416149,0.012211341582044854,0.94,
segment,gradient descent,115,121,0.007612780821143196,0.968944099378882,0.011788694779227513,0.9428571428571428,
segment,gradient descent,115,122,0.007233603594106678,0.9695652173913043,0.01153438380799209,0.9457142857142857,
segment,gradient descent,115,123,0.009920263145430694,0.9503105590062112,0.01418480912875983,0.9371428571428572,
segment,gradient descent,115,124,0.00708926440926767,0.968944099378882,0.011665628414051011,0.9514285714285714,
segment,gradient descent,115,125,0.008077791085422996,0.9658385093167702,0.01200060887453692,0.9457142857142857,
segment,gradient descent,115,126,0.0072600954854413775,0.9645962732919254,0.011756605721504705,0.9485714285714286,
segment,gradient descent,115,127,0.00813590607353177,0.9645962732919254,0.012218314990207299,0.9428571428571428,
segment,gradient descent,115,128,0.00713166740521463,0.968944099378882,0.011602872894758868,0.9457142857142857,
segment,gradient descent,115,129,0.012106770107177445,0.9397515527950311,0.016316308706534086,0.9285714285714286,
segment,gradient descent,115,130,0.012406845763040415,0.9478260869565217,0.015269205132548576,0.9228571428571428,
segment,gradient descent,115,131,0.007289317242664717,0.9683229813664597,0.011668221484073916,0.9457142857142857,
segment,gradient descent,115,132,0.006955339765788518,0.970807453416149,0.011686746981137206,0.9457142857142857,
segment,gradient descent,115,133,0.007394533912410024,0.968944099378882,0.01177609574800067,0.94,
segment,gradient descent,115,134,0.006965920409778331,0.968944099378882,0.011750765371650831,0.9514285714285714,
segment,gradient descent,115,135,0.006848551612087992,0.970807453416149,0.011441798956032445,0.94,
segment,gradient descent,115,136,0.006959859896213581,0.9695652173913043,0.011736385798675308,0.9514285714285714,
segment,gradient descent,115,137,0.007166673927381684,0.9677018633540373,0.012025100054751239,0.9485714285714286,
segment,gradient descent,115,138,0.007343362112847645,0.9695652173913043,0.011987268274737515,0.9428571428571428,
segment,gradient descent,115,139,0.020548428231649415,0.9142857142857143,0.024005136164586934,0.9085714285714286,
segment,gradient descent,115,140,0.007402183942851459,0.9695652173913043,0.011786671194908309,0.9428571428571428,
segment,gradient descent,115,141,0.010732108053279616,0.9540372670807453,0.013964098169541788,0.9285714285714286,
segment,gradient descent,115,142,0.006596483258977508,0.9720496894409938,0.011029227485054447,0.94,
segment,gradient descent,115,143,0.007069548518085445,0.9695652173913043,0.011818524305531429,0.9428571428571428,
segment,gradient descent,115,144,0.019264139825666642,0.9167701863354037,0.022673954073869736,0.9085714285714286,
segment,gradient descent,115,145,0.006751897869687202,0.9714285714285714,0.011391619130920572,0.94,
segment,gradient descent,115,146,0.006479383274758058,0.9726708074534162,0.011127976420638907,0.9428571428571428,
segment,gradient descent,115,147,0.006624062269824564,0.9714285714285714,0.011079908364712029,0.94,
segment,gradient descent,115,148,0.006454061292048254,0.9720496894409938,0.011234221578253274,0.9428571428571428,
segment,gradient descent,115,149,0.006537801308883777,0.9745341614906833,0.011184951693520658,0.9457142857142857,
segment,gradient descent,115,150,0.011789357560830821,0.94472049689441,0.01562549384518792,0.9285714285714286,
segment,gradient descent,115,151,0.006344809828138638,0.9739130434782609,0.01083532106427571,0.9428571428571428,
segment,gradient descent,115,152,0.006923162598627278,0.9695652173913043,0.011629915959068518,0.9428571428571428,
segment,gradient descent,115,153,0.00651672451278506,0.9732919254658385,0.010950178515729748,0.9428571428571428,
segment,gradient descent,115,154,0.006287822043975041,0.9732919254658385,0.011112411578950883,0.9457142857142857,
segment,gradient descent,115,155,0.006925141351948315,0.9701863354037267,0.011336696959221498,0.9485714285714286,
segment,gradient descent,115,156,0.006215013975602676,0.9726708074534162,0.011135371517819645,0.9428571428571428,
segment,gradient descent,115,157,0.00667485286469763,0.9714285714285714,0.010910633313207336,0.9457142857142857,
segment,gradient descent,115,158,0.009279532853780179,0.9577639751552796,0.012396791341005608,0.9457142857142857,
segment,gradient descent,115,159,0.0060975661338930915,0.9757763975155279,0.010648615406980042,0.9428571428571428,
segment,gradient descent,115,160,0.01147831296955441,0.94472049689441,0.015204348894493585,0.9314285714285714,
segment,gradient descent,115,161,0.005992311791283647,0.9757763975155279,0.010792331948809707,0.9485714285714286,
segment,gradient descent,115,162,0.006501244162078628,0.968944099378882,0.01111995143835869,0.9457142857142857,
segment,gradient descent,115,163,0.006750693652825323,0.9714285714285714,0.011647598849656146,0.9428571428571428,
segment,gradient descent,115,164,0.02386695972317123,0.9049689440993789,0.026515180578640375,0.8942857142857142,
segment,gradient descent,115,165,0.006005919060940025,0.9751552795031055,0.01064943459544399,0.9485714285714286,
segment,gradient descent,115,166,0.005931394207007543,0.9757763975155279,0.010768237501859299,0.9485714285714286,
segment,gradient descent,115,167,0.0061060321471415316,0.9726708074534162,0.010662498763638608,0.9457142857142857,
segment,gradient descent,115,168,0.006651738017410808,0.9739130434782609,0.01072524361839334,0.9485714285714286,
segment,gradient descent,115,169,0.007799498606726585,0.9658385093167702,0.01255167038585573,0.9428571428571428,
segment,gradient descent,115,170,0.006073697210281886,0.9751552795031055,0.011081202209231913,0.9485714285714286,
segment,gradient descent,115,171,0.007172081419765873,0.968944099378882,0.011943624078677686,0.94,
segment,gradient descent,115,172,0.0058174651828238775,0.9751552795031055,0.010598670211543528,0.9485714285714286,
segment,gradient descent,115,173,0.005846045246824154,0.9770186335403727,0.010445700769090054,0.9542857142857143,
segment,gradient descent,115,174,0.011945787992840491,0.9428571428571428,0.015973562758792376,0.9171428571428571,
segment,gradient descent,115,175,0.0056232961096325034,0.9795031055900622,0.010132884921009331,0.9514285714285714,
segment,gradient descent,115,176,0.005595965509098194,0.9770186335403727,0.010168039986671472,0.9542857142857143,
segment,gradient descent,115,177,0.005533437763572314,0.9782608695652174,0.010187694127775647,0.9514285714285714,
segment,gradient descent,115,178,0.006145930458967669,0.9757763975155279,0.010602046967396838,0.9485714285714286,
segment,gradient descent,115,179,0.005812562780600492,0.977639751552795,0.009693366131037965,0.96,
segment,gradient descent,115,180,0.00829509123607564,0.9608695652173913,0.012711927253006352,0.94,
segment,gradient descent,115,181,0.005613502989949312,0.9763975155279503,0.010228477585922975,0.9485714285714286,
segment,gradient descent,115,182,0.006010897907752611,0.9770186335403727,0.010642821312666846,0.9457142857142857,
segment,gradient descent,115,183,0.00662991734522068,0.9739130434782609,0.011312578506935381,0.9514285714285714,
segment,gradient descent,115,184,0.00641726944347488,0.9732919254658385,0.010544789814931205,0.9542857142857143,
segment,gradient descent,115,185,0.005397329418446888,0.9801242236024845,0.010060773686562387,0.9514285714285714,
segment,gradient descent,115,186,0.005328958290225752,0.9770186335403727,0.010108020412191769,0.9514285714285714,
segment,gradient descent,115,187,0.005362936464488531,0.9763975155279503,0.010177431334155768,0.9514285714285714,
segment,gradient descent,115,188,0.0060107850514562605,0.9732919254658385,0.010780652603358282,0.9428571428571428,
segment,gradient descent,115,189,0.006176282632381294,0.9720496894409938,0.010441774883924941,0.9514285714285714,
segment,gradient descent,115,190,0.006290093864788587,0.9739130434782609,0.010489000984198808,0.9571428571428572,
segment,gradient descent,115,191,0.015313108467830459,0.9304347826086956,0.018403804740956858,0.92,
segment,gradient descent,115,192,0.016456866542886823,0.929192546583851,0.019207006065080832,0.9171428571428571,
segment,gradient descent,115,193,0.005304636010048825,0.9801242236024845,0.010065176336590861,0.9571428571428572,
segment,gradient descent,115,194,0.0052244449763062225,0.9770186335403727,0.009870681065233554,0.9542857142857143,
segment,gradient descent,115,195,0.005285269541181006,0.9795031055900622,0.010186381195080186,0.9514285714285714,
segment,gradient descent,115,196,0.00758914491656962,0.9695652173913043,0.011285983448204001,0.9457142857142857,
segment,gradient descent,115,197,0.013690717621449274,0.937888198757764,0.017047467010294273,0.9257142857142857,
segment,gradient descent,115,198,0.005300359895922431,0.9770186335403727,0.010171860445790317,0.9485714285714286,
segment,gradient descent,115,199,0.005226999436983732,0.977639751552795,0.010001450657277876,0.9485714285714286,
segment,gradient descent,115,200,0.005182919472607348,0.9782608695652174,0.00993596444616903,0.9514285714285714,
segment,gradient descent,115,201,0.0052463368762669,0.9795031055900622,0.009839204369788301,0.9571428571428572,
segment,gradient descent,115,202,0.005010964850979992,0.9788819875776398,0.009727272245300948,0.9571428571428572,
segment,gradient descent,115,203,0.005262135473023585,0.9795031055900622,0.009623048303493257,0.96,
segment,gradient descent,115,204,0.005925424742382236,0.9739130434782609,0.01008280985828316,0.9542857142857143,
segment,gradient descent,115,205,0.0049784328731634735,0.9782608695652174,0.0099629357633989,0.9542857142857143,
segment,gradient descent,115,206,0.011060049462016419,0.9496894409937888,0.014646377675567644,0.9228571428571428,
segment,gradient descent,115,207,0.0074477437577533155,0.9652173913043478,0.012190623116644362,0.9457142857142857,
segment,gradient descent,115,208,0.009218657580297385,0.9645962732919254,0.012363872514497639,0.9457142857142857,
segment,gradient descent,115,209,0.0057366857334844685,0.9763975155279503,0.01016202718560849,0.9571428571428572,
segment,gradient descent,115,210,0.004927154596261729,0.9788819875776398,0.009659152524284377,0.96,
segment,gradient descent,115,211,0.004857167376602118,0.9795031055900622,0.009569919956896067,0.9571428571428572,
segment,gradient descent,115,212,0.004943517658514811,0.9788819875776398,0.009511778652739528,0.96,
segment,gradient descent,115,213,0.00583647202709459,0.9757763975155279,0.01057631567555223,0.9571428571428572,
segment,gradient descent,115,214,0.0051319831581803695,0.9782608695652174,0.00955676479229373,0.96,
segment,gradient descent,115,215,0.005263241636723335,0.9757763975155279,0.010079315329084355,0.9571428571428572,
segment,gradient descent,115,216,0.00495456811681375,0.9782608695652174,0.009648699653014115,0.9542857142857143,
segment,gradient descent,115,217,0.004891552312263727,0.9795031055900622,0.00957589406886102,0.9542857142857143,
segment,gradient descent,115,218,0.00589287630768319,0.9732919254658385,0.010521171018458723,0.9542857142857143,
segment,gradient descent,115,219,0.005590982134169555,0.9757763975155279,0.00993701213168722,0.9514285714285714,
segment,gradient descent,115,220,0.004993946069659664,0.9782608695652174,0.009500740137488096,0.9571428571428572,
segment,gradient descent,115,221,0.004699443609738555,0.9795031055900622,0.009507996883433517,0.9571428571428572,
segment,gradient descent,115,222,0.005077616009731788,0.9782608695652174,0.009628118065835183,0.9571428571428572,
segment,gradient descent,115,223,0.004998371031385341,0.9770186335403727,0.0092816340447941,0.9571428571428572,
segment,gradient descent,115,224,0.0047287950759868835,0.9788819875776398,0.009194686855293272,0.96,
segment,gradient descent,115,225,0.01086141644465926,0.9571428571428572,0.013556601810867083,0.94,
segment,gradient descent,115,226,0.005473396520040711,0.9751552795031055,0.009513748927109048,0.96,
segment,gradient descent,115,227,0.004632484384935744,0.9788819875776398,0.009375525516231723,0.9542857142857143,
segment,gradient descent,115,228,0.0051356191824539574,0.9757763975155279,0.0100480782553715,0.9571428571428572,
segment,gradient descent,115,229,0.004765653127456316,0.9819875776397515,0.009408534395471143,0.9571428571428572,
segment,gradient descent,115,230,0.004647018129641643,0.9788819875776398,0.009296438840245563,0.9571428571428572,
segment,gradient descent,115,231,0.005054215326658925,0.9757763975155279,0.009859828581586629,0.96,
segment,gradient descent,115,232,0.004579399375285008,0.9819875776397515,0.009294582228890902,0.9571428571428572,
segment,gradient descent,115,233,0.00482084355066802,0.9782608695652174,0.009292065159120334,0.9571428571428572,
segment,gradient descent,115,234,0.010191454881017853,0.9590062111801242,0.01228739580086181,0.9514285714285714,
segment,gradient descent,115,235,0.004536287792660017,0.9819875776397515,0.009246798126275385,0.9571428571428572,
segment,gradient descent,115,236,0.00970996485308121,0.953416149068323,0.01381428045191539,0.94,
segment,gradient descent,115,237,0.005056449582648771,0.9770186335403727,0.009608384454538177,0.9514285714285714,
segment,gradient descent,115,238,0.01233997337216318,0.94472049689441,0.015813726245304464,0.92,
segment,gradient descent,115,239,0.004431488550663882,0.9807453416149068,0.009203781595759977,0.96,
segment,gradient descent,115,240,0.005672342980467035,0.9739130434782609,0.009691690024936254,0.9542857142857143,
segment,gradient descent,115,241,0.005155908599867355,0.9770186335403727,0.009489765851910357,0.96,
segment,gradient descent,115,242,0.004487616863378695,0.9813664596273292,0.009276319715553701,0.96,
segment,gradient descent,115,243,0.005270866922536509,0.9745341614906833,0.009941298266720952,0.9571428571428572,
segment,gradient descent,115,244,0.007615037803554357,0.9652173913043478,0.010761453736036973,0.96,
segment,gradient descent,115,245,0.004475102947913895,0.9801242236024845,0.009271192470993755,0.96,
segment,gradient descent,115,246,0.006492530852472048,0.9720496894409938,0.011028937708970846,0.9514285714285714,
segment,gradient descent,115,247,0.004526951757177898,0.9826086956521739,0.0094358009193633,0.9571428571428572,
segment,gradient descent,115,248,0.004871504419187182,0.9788819875776398,0.009396186693990314,0.9571428571428572,
segment,gradient descent,115,249,0.0043931020329351575,0.9801242236024845,0.009190146655358297,0.96,
segment,gradient descent,115,250,0.004318708120827721,0.9807453416149068,0.009368023441376935,0.9571428571428572,
segment,gradient descent,115,251,0.0072247411881202735,0.9664596273291925,0.010542182773804837,0.9571428571428572,
segment,gradient descent,115,252,0.004465079988531713,0.9795031055900622,0.00916923128757981,0.9571428571428572,
segment,gradient descent,115,253,0.004270038013254944,0.9807453416149068,0.009230597863158711,0.9571428571428572,
segment,gradient descent,115,254,0.004460984841998009,0.9801242236024845,0.00914784801658612,0.9571428571428572,
segment,gradient descent,115,255,0.004275451024420384,0.9801242236024845,0.009133051812064637,0.9542857142857143,
segment,gradient descent,115,256,0.0043903119422003724,0.9795031055900622,0.009489978775086703,0.9571428571428572,
segment,gradient descent,115,257,0.005355770668673635,0.9751552795031055,0.010358555144611757,0.9542857142857143,
segment,gradient descent,115,258,0.00683167317049929,0.9701863354037267,0.011856818794103418,0.9485714285714286,
segment,gradient descent,115,259,0.004240632407035461,0.9807453416149068,0.0091969550558122,0.9542857142857143,
segment,gradient descent,115,260,0.004471848444839376,0.9782608695652174,0.00952830153517251,0.9571428571428572,
segment,gradient descent,115,261,0.004526843137077008,0.9788819875776398,0.0096754896020708,0.9571428571428572,
segment,gradient descent,115,262,0.004740338105142343,0.9763975155279503,0.009818856322360885,0.9571428571428572,
segment,gradient descent,115,263,0.005372301079413088,0.9763975155279503,0.010449916381939988,0.9542857142857143,
segment,gradient descent,115,264,0.004176853238147936,0.9813664596273292,0.009041410692451552,0.96,
segment,gradient descent,115,265,0.004237879091008733,0.9813664596273292,0.0092787903737076,0.9571428571428572,
segment,gradient descent,115,266,0.004129841047219312,0.9832298136645963,0.009003876733523977,0.96,
segment,gradient descent,115,267,0.004125524154643616,0.9807453416149068,0.009093535796016444,0.9571428571428572,
segment,gradient descent,115,268,0.004443499144012426,0.9788819875776398,0.009048426975674585,0.9571428571428572,
segment,gradient descent,115,269,0.004629158786646592,0.9795031055900622,0.009401614570944005,0.9542857142857143,
segment,gradient descent,115,270,0.004648057659563181,0.977639751552795,0.009679937493262474,0.9571428571428572,
segment,gradient descent,115,271,0.012884701057921062,0.9453416149068323,0.01589357853801523,0.9257142857142857,
segment,gradient descent,115,272,0.004154188737981802,0.9819875776397515,0.008875062022366148,0.9628571428571429,
segment,gradient descent,115,273,0.004243269408897348,0.9801242236024845,0.008944879310979119,0.96,
segment,gradient descent,115,274,0.004155276222603122,0.9801242236024845,0.009072016677521355,0.9542857142857143,
segment,gradient descent,115,275,0.004082950241096618,0.9807453416149068,0.009037463164876589,0.9628571428571429,
segment,gradient descent,115,276,0.004644347998961771,0.9795031055900622,0.00957700112405672,0.96,
segment,gradient descent,115,277,0.004018441620391867,0.9826086956521739,0.009100020751526681,0.9571428571428572,
segment,gradient descent,115,278,0.004205737307046352,0.9807453416149068,0.009335352013439543,0.9571428571428572,
segment,gradient descent,115,279,0.00402551219417449,0.9813664596273292,0.009012610202139535,0.9571428571428572,
segment,gradient descent,115,280,0.004236901161342908,0.9788819875776398,0.00903807023152984,0.96,
segment,gradient descent,115,281,0.004055793858194748,0.9801242236024845,0.009120947661077974,0.9542857142857143,
segment,gradient descent,115,282,0.003967709346649619,0.9826086956521739,0.008948459881854763,0.9571428571428572,
segment,gradient descent,115,283,0.005812081280818349,0.9763975155279503,0.010976554764866676,0.9485714285714286,
segment,gradient descent,115,284,0.003988455551148096,0.9807453416149068,0.008926163544122588,0.96,
segment,gradient descent,115,285,0.0039629322195765815,0.9819875776397515,0.008957183028619971,0.96,
segment,gradient descent,115,286,0.00419578961097608,0.9813664596273292,0.009324460250433231,0.96,
segment,gradient descent,115,287,0.003968097758543908,0.9813664596273292,0.009017053355284065,0.96,
segment,gradient descent,115,288,0.009142662343038638,0.9602484472049689,0.011706791169988464,0.9457142857142857,
segment,gradient descent,115,289,0.004312047566259361,0.9801242236024845,0.008993528115276409,0.96,
segment,gradient descent,115,290,0.004013850116496201,0.9807453416149068,0.008924777262449368,0.96,
segment,gradient descent,115,291,0.004041791611176788,0.9807453416149068,0.009009111462478602,0.9628571428571429,
segment,gradient descent,115,292,0.004184197308876161,0.9801242236024845,0.008922560009786718,0.9628571428571429,
segment,gradient descent,115,293,0.003915547208226378,0.9813664596273292,0.008962428114826842,0.96,
segment,gradient descent,115,294,0.003956178663594264,0.9832298136645963,0.008878883579097665,0.9628571428571429,
segment,gradient descent,115,295,0.0038908592177025535,0.9832298136645963,0.008984105173069539,0.96,
segment,gradient descent,115,296,0.003967872798550006,0.9826086956521739,0.008956426435726632,0.9628571428571429,
segment,gradient descent,115,297,0.004180067655288584,0.9807453416149068,0.009454666749842024,0.9542857142857143,
segment,gradient descent,115,298,0.003955599036877853,0.9807453416149068,0.009023890049768684,0.96,
segment,gradient descent,115,299,0.003869008000431308,0.9807453416149068,0.008917516614112402,0.96,
segment,gradient descent,115,300,0.0038904519781301156,0.9826086956521739,0.008956681992152587,0.96,
segment,gradient descent,115,301,0.004636359351533654,0.9751552795031055,0.009110784185759023,0.96,
segment,gradient descent,115,302,0.003867557917369696,0.9832298136645963,0.008945738868927758,0.96,
segment,gradient descent,115,303,0.00397666874340881,0.9807453416149068,0.00886854280725465,0.9628571428571429,
segment,gradient descent,115,304,0.003915701261666293,0.9826086956521739,0.009018431881073617,0.96,
segment,gradient descent,115,305,0.0040758285882310195,0.9807453416149068,0.009151003963981415,0.9571428571428572,
segment,gradient descent,115,306,0.0038906930084392295,0.9819875776397515,0.00900662198341272,0.96,
segment,gradient descent,115,307,0.0038461058083672913,0.9819875776397515,0.00898753128837517,0.96,
segment,gradient descent,115,308,0.004505330150705534,0.9782608695652174,0.009073721662680974,0.96,
segment,gradient descent,115,309,0.0038102760232370378,0.9832298136645963,0.008953679035835892,0.96,
segment,gradient descent,115,310,0.00531900419583899,0.9788819875776398,0.010056105016412683,0.9542857142857143,
segment,gradient descent,115,311,0.003918403577750821,0.9801242236024845,0.00899621064509425,0.96,
segment,gradient descent,115,312,0.00420500232397776,0.9788819875776398,0.00942260593612181,0.9542857142857143,
segment,gradient descent,115,313,0.004380906590505189,0.9795031055900622,0.00913008017455776,0.9571428571428572,
segment,gradient descent,115,314,0.006947216203613271,0.9670807453416149,0.01150453039003881,0.9485714285714286,
segment,gradient descent,115,315,0.0040461575420041975,0.9801242236024845,0.008958462553766264,0.96,
segment,gradient descent,115,316,0.00639626344134237,0.968944099378882,0.009709689704107516,0.9542857142857143,
segment,gradient descent,115,317,0.014564184895608696,0.9329192546583851,0.017745834733839325,0.9285714285714286,
segment,gradient descent,115,318,0.00384672197027472,0.9832298136645963,0.008796238564996353,0.9657142857142857,
segment,gradient descent,115,319,0.003789803262927572,0.9813664596273292,0.008726409199366047,0.9628571428571429,
segment,gradient descent,115,320,0.0037661300901815887,0.9832298136645963,0.008813337958008653,0.9628571428571429,
segment,gradient descent,115,321,0.009975427704630533,0.9577639751552796,0.012352754180240401,0.9428571428571428,
segment,gradient descent,115,322,0.0038431308847602617,0.9819875776397515,0.008945271232982279,0.96,
segment,gradient descent,115,323,0.00399838156997944,0.9795031055900622,0.008799140672137376,0.96,
segment,gradient descent,115,324,0.003888577304549326,0.9813664596273292,0.008683759137790402,0.9628571428571429,
segment,gradient descent,115,325,0.003806990813649697,0.9838509316770186,0.008649441861483144,0.9628571428571429,
segment,gradient descent,115,326,0.0037896383517852083,0.9807453416149068,0.008701595672665194,0.9628571428571429,
segment,gradient descent,115,327,0.004400212082429426,0.9788819875776398,0.009801936840935057,0.96,
segment,gradient descent,115,328,0.003839917505156385,0.9807453416149068,0.008867786120178314,0.96,
segment,gradient descent,115,329,0.004149212036465031,0.9801242236024845,0.009324074150522853,0.96,
segment,gradient descent,115,330,0.0038082456681434802,0.9819875776397515,0.008838329467875094,0.9628571428571429,
segment,gradient descent,115,331,0.003919500368256338,0.9801242236024845,0.008877357754753649,0.96,
segment,gradient descent,115,332,0.0038190506846073253,0.9819875776397515,0.008917795654101095,0.96,
segment,gradient descent,115,333,0.00438476614092107,0.9807453416149068,0.009094512219218222,0.9628571428571429,
segment,gradient descent,115,334,0.0037808638099766177,0.9819875776397515,0.008871167863742306,0.9628571428571429,
segment,gradient descent,115,335,0.0038628858172456417,0.9807453416149068,0.008776631647422472,0.9628571428571429,
segment,gradient descent,115,336,0.004264078218988488,0.9801242236024845,0.009110596123734428,0.9571428571428572,
segment,gradient descent,115,337,0.003750240632074925,0.9826086956521739,0.008941661039598899,0.9628571428571429,
segment,gradient descent,115,338,0.003746612984708034,0.9826086956521739,0.008734286107723506,0.9628571428571429,
segment,gradient descent,115,339,0.003824022433896639,0.9832298136645963,0.009046776933438852,0.96,
segment,gradient descent,115,340,0.004500056202969578,0.9788819875776398,0.009153149701444494,0.9571428571428572,
segment,gradient descent,115,341,0.003630800748505762,0.9832298136645963,0.00874192744431408,0.96,
segment,gradient descent,115,342,0.0038020328285982585,0.9819875776397515,0.009019646835973314,0.96,
segment,gradient descent,115,343,0.004817378267469916,0.9757763975155279,0.010061964810750144,0.9542857142857143,
segment,gradient descent,115,344,0.003845645032199869,0.9819875776397515,0.008965212861049838,0.9628571428571429,
segment,gradient descent,115,345,0.0036318650941511827,0.9838509316770186,0.008702433780176155,0.9628571428571429,
segment,gradient descent,115,346,0.0036591961233898543,0.9826086956521739,0.008674426907965958,0.9628571428571429,
segment,gradient descent,115,347,0.0037859624739571443,0.9813664596273292,0.008641100407278677,0.9628571428571429,
segment,gradient descent,115,348,0.003687957534411105,0.9801242236024845,0.008855932396718193,0.9628571428571429,
segment,gradient descent,115,349,0.0040814886468907114,0.9801242236024845,0.008767127440009903,0.9628571428571429,
segment,gradient descent,115,350,0.003595778904019738,0.9832298136645963,0.008714744113869697,0.96,
segment,KarciFANN,100,1,0.08353659819461451,0.5242236024844721,0.08300342925301207,0.5085714285714286,1.2048090390435087
segment,KarciFANN,100,2,0.04597325976507922,0.7857142857142857,0.044780766724595744,0.7971428571428572,1.7423087123749932
segment,KarciFANN,100,3,0.05303841757086185,0.8118012422360248,0.05390105085195732,0.8028571428571428,1.861680902315502
segment,KarciFANN,100,4,0.030801371147857953,0.868944099378882,0.032186255633967216,0.8714285714285714,2.2535050826315857
segment,KarciFANN,100,5,0.04516744087924115,0.8173913043478261,0.046615250148682626,0.8142857142857143,1.9977702860867512
segment,KarciFANN,100,6,0.034292001180847624,0.8527950310559006,0.03535909391015327,0.84,2.13341265464532
segment,KarciFANN,100,7,0.019637420642713857,0.931055900621118,0.02036683662197495,0.9171428571428571,5.555612300692088
segment,KarciFANN,100,8,0.0232466332525249,0.8956521739130435,0.02307917843476759,0.8942857142857142,3.818297647522401
segment,KarciFANN,100,9,0.018763552093829367,0.922360248447205,0.0194322122714818,0.9257142857142857,5.598975520338755
segment,KarciFANN,100,10,0.01376789946113462,0.9409937888198758,0.015160933539945225,0.9371428571428572,2.093721126863766
segment,KarciFANN,100,11,0.014544031377967665,0.9316770186335404,0.014735796632690857,0.9285714285714286,7.251605781892878
segment,KarciFANN,100,12,0.02030385288625559,0.9111801242236025,0.019832060973673696,0.9314285714285714,4.49510651251913
segment,KarciFANN,100,13,0.014415565506101246,0.9335403726708075,0.01456629071772784,0.9228571428571428,3.012094232998314
segment,KarciFANN,100,14,0.01706284727128833,0.9335403726708075,0.01796245114902242,0.92,7.7522320479766655
segment,KarciFANN,100,15,0.019175188469363356,0.9180124223602485,0.02174321149925573,0.9085714285714286,1.9816533217895402
segment,KarciFANN,100,16,0.014097169590905031,0.9372670807453416,0.014762534798659006,0.9371428571428572,2.3697710915390986
segment,KarciFANN,100,17,0.010442584323452958,0.953416149068323,0.011927427560610665,0.9485714285714286,2.7682210212675584
segment,KarciFANN,100,18,0.010347246314427381,0.9496894409937888,0.011988769511423318,0.9485714285714286,2.2222355405275542
segment,KarciFANN,100,19,0.01327374887073365,0.9453416149068323,0.014118664615514608,0.94,8.296650438119865
segment,KarciFANN,100,20,0.013722339959298622,0.9366459627329192,0.014227905865054511,0.9314285714285714,10.810388585376632
segment,KarciFANN,100,21,0.01408112488120596,0.9316770186335404,0.015701057257456415,0.9285714285714286,2.228743729970301
segment,KarciFANN,100,22,0.011466323990531473,0.9546583850931677,0.014336170420935953,0.94,6.779393656932837
segment,KarciFANN,100,23,0.025516954423965666,0.8981366459627329,0.02420720261356431,0.9,4.340126992510024
segment,KarciFANN,100,24,0.009839905794435139,0.9565217391304348,0.012158485791085366,0.9428571428571428,1.7869592419940563
segment,KarciFANN,100,25,0.014314431883425072,0.9496894409937888,0.016167777221563293,0.9342857142857143,2.2486575532676785
segment,KarciFANN,100,26,0.014953870574856148,0.9366459627329192,0.01798875557015107,0.9371428571428572,6.273775676585869
segment,KarciFANN,100,27,0.010150360912609947,0.9496894409937888,0.012516368804582251,0.94,12.703628945511616
segment,KarciFANN,100,28,0.01550645783545831,0.9354037267080745,0.018043503320228024,0.9371428571428572,6.431604371450147
segment,KarciFANN,100,29,0.01421578187063605,0.9515527950310559,0.017113331213496175,0.9371428571428572,6.684281842517332
segment,KarciFANN,100,30,0.01864630592725689,0.9204968944099379,0.02105152884489992,0.9142857142857143,4.442722357203423
segment,KarciFANN,100,31,0.023532195768508696,0.901863354037267,0.02502048126230305,0.9085714285714286,4.397505966377185
segment,KarciFANN,100,32,0.00894216270153266,0.9527950310559006,0.011141502083012688,0.9485714285714286,28.980856474617596
segment,KarciFANN,100,33,0.008028712076594993,0.9559006211180124,0.010904139419129847,0.94,2.8857710437607427
segment,KarciFANN,100,34,0.013077055801537401,0.9440993788819876,0.018028757229695564,0.92,5.893739671434427
segment,KarciFANN,100,35,0.02489307493346257,0.8838509316770187,0.025903880082025835,0.8742857142857143,3.228584145923698
segment,KarciFANN,100,36,0.008405047806009782,0.9590062111801242,0.010990031265697147,0.9485714285714286,11.136449713084605
segment,KarciFANN,100,37,0.0076097389988443445,0.9590062111801242,0.010564162720489033,0.94,2.8906879779271906
segment,KarciFANN,100,38,0.01470703610628719,0.931055900621118,0.016805350816112216,0.9257142857142857,3.6134417151442393
segment,KarciFANN,100,39,0.007956502981048169,0.9565217391304348,0.011428154324211511,0.94,46.85284246128512
segment,KarciFANN,100,40,0.007907476756623776,0.9577639751552796,0.01119374614380509,0.94,21.97013929065053
segment,KarciFANN,100,41,0.008217194383999165,0.9552795031055901,0.011610728559571001,0.94,13.329881144123878
segment,KarciFANN,100,42,0.007301975149300035,0.9614906832298137,0.00996796856071623,0.9457142857142857,2.9945977225478315
segment,KarciFANN,100,43,0.012859362288823865,0.9366459627329192,0.012786884422010928,0.9428571428571428,2.632563187880389
segment,KarciFANN,100,44,0.023030817245866905,0.9093167701863354,0.02273420970672494,0.9114285714285715,4.0248833097662375
segment,KarciFANN,100,45,0.008483638617582615,0.9559006211180124,0.010976951153607783,0.9514285714285714,2.88781922019973
segment,KarciFANN,100,46,0.00788644105352112,0.9608695652173913,0.01149170257952773,0.9428571428571428,8.812049492993667
segment,KarciFANN,100,47,0.008831832169866518,0.9546583850931677,0.0122274728367943,0.9428571428571428,3.2687030809974233
segment,KarciFANN,100,48,0.007952923626187705,0.9590062111801242,0.010610271232349647,0.9485714285714286,8.105980746140883
segment,KarciFANN,100,49,0.01513553134489319,0.9322981366459627,0.014266899996742083,0.9314285714285714,2.42555747215741
segment,KarciFANN,100,50,0.0070370493738710635,0.962111801242236,0.009860781717206796,0.9457142857142857,33.83097758539133
segment,KarciFANN,100,51,0.00804573598097516,0.9608695652173913,0.010825299653871835,0.9514285714285714,9.64074754652107
segment,KarciFANN,100,52,0.009364190118035742,0.9527950310559006,0.011075402919314694,0.9457142857142857,20.983060235542407
segment,KarciFANN,100,53,0.009042960942431065,0.9521739130434783,0.010758322446350542,0.9514285714285714,24.221898575873407
segment,KarciFANN,100,54,0.007464237157378028,0.9583850931677018,0.010339153430825124,0.9485714285714286,3.097282013266581
segment,KarciFANN,100,55,0.006842362752215119,0.962111801242236,0.00996884512930398,0.9457142857142857,2.518235550471651
segment,KarciFANN,100,56,0.010872896874566731,0.9509316770186336,0.012197481704227783,0.9485714285714286,5.6264201691408475
segment,KarciFANN,100,57,0.012841754612726313,0.9366459627329192,0.014817000181085886,0.9342857142857143,3.7987543366313683
segment,KarciFANN,100,58,0.006521784637893432,0.9639751552795031,0.0092458358440668,0.9485714285714286,21.01626399284412
segment,KarciFANN,100,59,0.007290863710019613,0.9614906832298137,0.010449399787849829,0.9514285714285714,18.204423094455347
segment,KarciFANN,100,60,0.01085332102040235,0.94472049689441,0.012421630563237944,0.9457142857142857,6.767396698625574
segment,KarciFANN,100,61,0.0068090593305678675,0.9608695652173913,0.01045626581291724,0.9485714285714286,25.3628181659115
segment,KarciFANN,100,62,0.006705325347810955,0.962111801242236,0.009699442018369425,0.9514285714285714,23.641589541517238
segment,KarciFANN,100,63,0.006648934562901816,0.9627329192546584,0.009977855030108541,0.9485714285714286,11.214830235456217
segment,KarciFANN,100,64,0.0073979694304006005,0.9596273291925466,0.010169340257208049,0.9485714285714286,20.869701390466847
segment,KarciFANN,100,65,0.006882270375317705,0.9658385093167702,0.009471294619127749,0.9514285714285714,22.925165255315108
segment,KarciFANN,100,66,0.007583775750662853,0.9608695652173913,0.011069451990115955,0.94,29.562574110927663
segment,KarciFANN,100,67,0.0063089355708791876,0.9683229813664597,0.009600455024812977,0.9514285714285714,12.109084444446193
segment,KarciFANN,100,68,0.006761808825148338,0.9645962732919254,0.009658653387109367,0.9485714285714286,22.600065023232244
segment,KarciFANN,100,69,0.022971720342204186,0.906832298136646,0.02359583141737653,0.9,3.049317815198704
segment,KarciFANN,100,70,0.013370153779124793,0.9385093167701863,0.01713776005727022,0.9228571428571428,2.6528050319161043
segment,KarciFANN,100,71,0.013135909942367267,0.9397515527950311,0.012525668084724002,0.94,3.7021333066209485
segment,KarciFANN,100,72,0.007743732125770689,0.9571428571428572,0.011316640092483716,0.94,11.3994733126905
segment,KarciFANN,100,73,0.006036982376794812,0.9677018633540373,0.009777094648674583,0.9514285714285714,30.04930116493281
segment,KarciFANN,100,74,0.006834336093141543,0.9639751552795031,0.010811330989388874,0.9514285714285714,16.834864436415238
segment,KarciFANN,100,75,0.006631420056654408,0.9639751552795031,0.010247319727991155,0.9485714285714286,42.47835952248229
segment,KarciFANN,100,76,0.005748135868467802,0.9677018633540373,0.009688178226990921,0.9485714285714286,42.29135924024043
segment,KarciFANN,100,77,0.008081477404769702,0.9645962732919254,0.011043709274018518,0.9485714285714286,5.884117094192524
segment,KarciFANN,100,78,0.008682505359813485,0.9559006211180124,0.011765658005112341,0.9457142857142857,80.6436024602915
segment,KarciFANN,100,79,0.017060367915671195,0.9267080745341615,0.01836494729841315,0.92,3.8865499803467554
segment,KarciFANN,100,80,0.0062540495107457445,0.9658385093167702,0.010594872030980387,0.9428571428571428,19.32647498672707
segment,KarciFANN,100,81,0.007626273305337337,0.9608695652173913,0.012060075539896927,0.94,31.96036105918582
segment,KarciFANN,100,82,0.006141133272525919,0.9658385093167702,0.010158963806850451,0.9514285714285714,30.008768374082273
segment,KarciFANN,100,83,0.005647305748913559,0.9683229813664597,0.009598884610443663,0.9542857142857143,3.1493863056878446
segment,KarciFANN,100,84,0.005574605554845946,0.9677018633540373,0.009606138122492352,0.9485714285714286,72.2439675419696
segment,KarciFANN,100,85,0.005643292458324291,0.9683229813664597,0.009543575623203206,0.9514285714285714,3.2165636841568057
segment,KarciFANN,100,86,0.006004442995639022,0.9652173913043478,0.01047118024307753,0.9371428571428572,3.257379096454061
segment,KarciFANN,100,87,0.0069043796116127305,0.962111801242236,0.011395591644046892,0.9457142857142857,18.768600299442664
segment,KarciFANN,100,88,0.007657106187072957,0.9565217391304348,0.011394437733085969,0.9428571428571428,20.821227350604048
segment,KarciFANN,100,89,0.005526676985434896,0.9683229813664597,0.009568905554800635,0.9485714285714286,22.86053725529496
segment,KarciFANN,100,90,0.0058376025774612,0.9652173913043478,0.009519190309182992,0.9485714285714286,12.652313080194107
segment,KarciFANN,100,91,0.005462717300362232,0.9670807453416149,0.009480387299207126,0.9485714285714286,29.754900998624194
segment,KarciFANN,100,92,0.00614968016112239,0.9664596273291925,0.010118378013109143,0.9457142857142857,105.54297732237177
segment,KarciFANN,100,93,0.006746589136454754,0.9639751552795031,0.011423696270651946,0.9485714285714286,17.64203681305159
segment,KarciFANN,100,94,0.0069686644615776375,0.9627329192546584,0.010813682284283446,0.9485714285714286,42.541708640744645
segment,KarciFANN,100,95,0.007809192054449135,0.9652173913043478,0.011477612813622412,0.9514285714285714,9.03003034242215
segment,KarciFANN,100,96,0.006524824101569372,0.9658385093167702,0.01166670618656058,0.9485714285714286,3.287728371005882
segment,KarciFANN,100,97,0.0061910132751874574,0.9683229813664597,0.010606540280848908,0.9542857142857143,15.90525499094399
segment,KarciFANN,100,98,0.005658293187251465,0.9714285714285714,0.009605468306407874,0.9542857142857143,3.2968053608531127
segment,KarciFANN,100,99,0.005701227525670203,0.9701863354037267,0.009805530769878957,0.9514285714285714,17.736799428778003
segment,KarciFANN,100,100,0.012897320364758243,0.9397515527950311,0.015629073632804302,0.9257142857142857,3.712365106372144
segment,KarciFANN,100,101,0.006183516181746622,0.9664596273291925,0.010855255099183947,0.9485714285714286,25.961909974004882
segment,KarciFANN,100,102,0.014769028863642456,0.9360248447204969,0.015936509117547248,0.9285714285714286,3.134866540427737
segment,KarciFANN,100,103,0.006312962335603452,0.9639751552795031,0.011268458391473559,0.9428571428571428,35.94520611815879
segment,KarciFANN,100,104,0.006635669702192672,0.9652173913043478,0.011794232555954617,0.9457142857142857,7.74344144769343
segment,KarciFANN,100,105,0.005776464311585645,0.968944099378882,0.009668996081454915,0.9514285714285714,17.56305785244627
segment,KarciFANN,100,106,0.007288938340102738,0.962111801242236,0.011584222147002724,0.9457142857142857,3.6276945412195722
segment,KarciFANN,100,107,0.0052896195014206305,0.9701863354037267,0.009531265308349704,0.9514285714285714,3.326404263936393
segment,KarciFANN,100,108,0.0060956009174439295,0.9664596273291925,0.010105172695802066,0.9514285714285714,12.35409275612135
segment,KarciFANN,100,109,0.006140989469394694,0.9683229813664597,0.011049234594299762,0.9485714285714286,3.309714180633994
segment,KarciFANN,100,110,0.006427215014873457,0.9645962732919254,0.009757707623588359,0.9542857142857143,11.493421566058835
segment,KarciFANN,100,111,0.01222482748218303,0.9428571428571428,0.014514573086763282,0.9314285714285714,3.094580053468756
segment,KarciFANN,100,112,0.007605065712934407,0.9645962732919254,0.012818737240939857,0.9485714285714286,9.382832720354344
segment,KarciFANN,100,113,0.005095739871866876,0.970807453416149,0.009922596133006773,0.9514285714285714,110.45089102585297
segment,KarciFANN,100,114,0.00619373536273346,0.9658385093167702,0.01037510599805697,0.9457142857142857,2.5700700428942014
segment,KarciFANN,100,115,0.005060774286920016,0.9726708074534162,0.009979483594983254,0.9485714285714286,52.66531872113382
segment,KarciFANN,100,116,0.005489139019755684,0.9695652173913043,0.010420275091694232,0.9485714285714286,2.481045001657686
segment,KarciFANN,100,117,0.006624801972602133,0.9627329192546584,0.011614640055928873,0.9371428571428572,3.3812388564880287
segment,KarciFANN,100,118,0.007168508297368548,0.9701863354037267,0.011756065086611187,0.9457142857142857,14.487592390964267
segment,KarciFANN,100,119,0.006368776323579881,0.9652173913043478,0.010358203146677123,0.9514285714285714,2.5740601453891725
segment,KarciFANN,100,120,0.006162570237326384,0.9683229813664597,0.01110046737310545,0.9514285714285714,7.766741545682428
segment,KarciFANN,100,121,0.0052169108914254985,0.9714285714285714,0.010055985364848299,0.9542857142857143,3.3735053343442964
segment,KarciFANN,100,122,0.013123887173714138,0.9403726708074535,0.0159892575794679,0.92,2.9368743074529555
segment,KarciFANN,100,123,0.005650939230035399,0.9683229813664597,0.010517898951070003,0.9514285714285714,64.21900845549116
segment,KarciFANN,100,124,0.006796699923870704,0.9614906832298137,0.01101567794497625,0.9485714285714286,22.174677498085924
segment,KarciFANN,100,125,0.0051531837334542665,0.9695652173913043,0.009704547995544993,0.9485714285714286,57.001666059263144
segment,KarciFANN,100,126,0.005357183240446996,0.968944099378882,0.009561568473543908,0.9514285714285714,147.4035618529897
segment,KarciFANN,100,127,0.007327554477826883,0.9571428571428572,0.011570387693658174,0.94,3.288298992698731
segment,KarciFANN,100,128,0.005668879418224396,0.968944099378882,0.010414665734032285,0.9485714285714286,24.05052968535068
segment,KarciFANN,100,129,0.006127279329179588,0.9664596273291925,0.010732225945972755,0.9514285714285714,23.91922243544303
segment,KarciFANN,100,130,0.019032010054623984,0.9186335403726708,0.021513113069254842,0.9114285714285715,6.293952243182058
segment,KarciFANN,100,131,0.009274761632806024,0.9515527950310559,0.013870180956951323,0.9371428571428572,14.926590042954407
segment,KarciFANN,100,132,0.005597467736107916,0.9695652173913043,0.010447253553521043,0.9457142857142857,19.20866368768854
segment,KarciFANN,100,133,0.005027870307142104,0.9695652173913043,0.009817618033350755,0.9514285714285714,2.598136504121094
segment,KarciFANN,100,134,0.00675781718512237,0.9633540372670808,0.011660569984954532,0.9485714285714286,83.19583386978843
segment,KarciFANN,100,135,0.004972867553827727,0.9714285714285714,0.009380080058509635,0.9514285714285714,18.061947708894934
segment,KarciFANN,100,136,0.0059093411795014955,0.968944099378882,0.010812236738494895,0.9428571428571428,2.3869857064504743
segment,KarciFANN,100,137,0.014468256565613421,0.9403726708074535,0.016026461630487793,0.9314285714285714,5.852525535219671
segment,KarciFANN,100,138,0.006549158326880088,0.9658385093167702,0.01009272141495876,0.9485714285714286,9.755635670681093
segment,KarciFANN,100,139,0.005316764919769451,0.970807453416149,0.010308618477616448,0.9542857142857143,25.97375389588547
segment,KarciFANN,100,140,0.004935241436016812,0.970807453416149,0.009665221408754966,0.9542857142857143,47.80678223094889
segment,KarciFANN,100,141,0.006497315826216102,0.9652173913043478,0.011711158029173517,0.9371428571428572,18.920401578222464
segment,KarciFANN,100,142,0.005536205600190985,0.9683229813664597,0.010298386904084552,0.9485714285714286,81.53414175236138
segment,KarciFANN,100,143,0.01198409489559273,0.9403726708074535,0.015454509199724195,0.9314285714285714,2.866638821306903
segment,KarciFANN,100,144,0.009434830458844285,0.9521739130434783,0.014422860436933575,0.9314285714285714,15.483192622502246
segment,KarciFANN,100,145,0.00488369251229276,0.9720496894409938,0.00947472085436298,0.9542857142857143,2.6171202779021985
segment,KarciFANN,100,146,0.004975318093996949,0.970807453416149,0.009568214461317903,0.9485714285714286,3.462209646272035
segment,KarciFANN,100,147,0.00479184255720115,0.9726708074534162,0.009612936998256888,0.9514285714285714,34.84482348404889
segment,KarciFANN,100,148,0.004859645087010296,0.970807453416149,0.009898202975605152,0.9514285714285714,24.721972524112427
segment,KarciFANN,100,149,0.007395488839587122,0.962111801242236,0.011872033084029501,0.9457142857142857,10.804158691456392
segment,KarciFANN,100,150,0.005501196277494204,0.9683229813664597,0.010657144429609099,0.9485714285714286,3.492965001018507
segment,KarciFANN,100,151,0.005989522176420001,0.9683229813664597,0.01150300039671387,0.94,40.63566385001673
segment,KarciFANN,100,152,0.019304964064381196,0.9192546583850931,0.019630181639255218,0.9171428571428571,3.9100052873183584
segment,KarciFANN,100,153,0.005050649021000335,0.9714285714285714,0.010380182871760449,0.9485714285714286,2.3209220528963175
segment,KarciFANN,100,154,0.005161952036723862,0.968944099378882,0.009682610809071684,0.9514285714285714,55.563967782493066
segment,KarciFANN,100,155,0.005570410302076886,0.9683229813664597,0.011369093670395375,0.9428571428571428,70.21901660105662
segment,KarciFANN,100,156,0.005697161492173044,0.9677018633540373,0.010216519051360536,0.9428571428571428,3.4922402397049055
segment,KarciFANN,100,157,0.015483334661355366,0.931055900621118,0.01776403128367946,0.9228571428571428,5.07633016529676
segment,KarciFANN,100,158,0.006063368914152785,0.9645962732919254,0.011046943758281308,0.9428571428571428,29.957895358805686
segment,KarciFANN,100,159,0.008345706233887102,0.953416149068323,0.013214819399029505,0.9342857142857143,7.978576358915663
segment,KarciFANN,100,160,0.0050640247562819115,0.9714285714285714,0.009981978202975033,0.9514285714285714,3.545072598568889
segment,KarciFANN,100,161,0.004935004678604653,0.9714285714285714,0.009705978472879405,0.9514285714285714,3.5390191917622555
segment,KarciFANN,100,162,0.004676190366397705,0.9726708074534162,0.009868051513542205,0.9542857142857143,80.469921892178
segment,KarciFANN,100,163,0.005165906019516807,0.9695652173913043,0.009933987602681106,0.9485714285714286,160.71239909106652
segment,KarciFANN,100,164,0.009597411258535917,0.9521739130434783,0.013976800799533371,0.9371428571428572,10.618836257612188
segment,KarciFANN,100,165,0.004990676848809274,0.9726708074534162,0.009621397521099981,0.9542857142857143,63.44168581628828
segment,KarciFANN,100,166,0.009915371815823361,0.9496894409937888,0.013295733587589167,0.9371428571428572,8.621886192034781
segment,KarciFANN,100,167,0.005044513355011048,0.9714285714285714,0.010849557362473783,0.9457142857142857,12.896534182289978
segment,KarciFANN,100,168,0.005022214691782166,0.9714285714285714,0.010418045729873078,0.9514285714285714,29.240142886370098
segment,KarciFANN,100,169,0.004951122977047573,0.9726708074534162,0.009834484794907544,0.9514285714285714,68.58101653014899
segment,KarciFANN,100,170,0.00523162448066351,0.9695652173913043,0.010875825371424567,0.9428571428571428,212.40498884966235
segment,KarciFANN,100,171,0.006021078893048397,0.9658385093167702,0.010073161090908394,0.9457142857142857,16.319727039970836
segment,KarciFANN,100,172,0.006936036395677895,0.9652173913043478,0.011966507948468085,0.9342857142857143,9.05315328989998
segment,KarciFANN,100,173,0.00502864255745811,0.9714285714285714,0.009583514769930246,0.9514285714285714,3.5564132561219632
segment,KarciFANN,100,174,0.004627948928761162,0.9726708074534162,0.009462283162499661,0.96,18.113416733573235
segment,KarciFANN,100,175,0.005074344298257126,0.9714285714285714,0.0096793569705171,0.9514285714285714,3.5205875719177038
segment,KarciFANN,100,176,0.00688483619989909,0.9639751552795031,0.011554665508782569,0.94,3.1684334841445367
segment,KarciFANN,100,177,0.004511876774425455,0.9732919254658385,0.009501097064750531,0.9542857142857143,115.9745923594216
segment,KarciFANN,100,178,0.0050941349583625405,0.970807453416149,0.009881627927130607,0.9542857142857143,2.9214170517546894
segment,KarciFANN,100,179,0.005356547555919397,0.9695652173913043,0.01105516274219006,0.9485714285714286,409.86758040280864
segment,KarciFANN,100,180,0.0076312937049419,0.9571428571428572,0.013622151963486756,0.9314285714285714,6.870737829424425
segment,KarciFANN,100,181,0.004533389744359924,0.9726708074534162,0.009617909205847512,0.9571428571428572,3.564130831208336
segment,KarciFANN,100,182,0.0068995806712992816,0.9701863354037267,0.011365992557429589,0.9514285714285714,11.286037932274853
segment,KarciFANN,100,183,0.0068844393622754406,0.9670807453416149,0.011427772713255993,0.9542857142857143,11.15992079310958
segment,KarciFANN,100,184,0.007277992070713453,0.9664596273291925,0.010153165274903767,0.9485714285714286,5.275815489935267
segment,KarciFANN,100,185,0.00520967448868468,0.9695652173913043,0.009487502322175578,0.9542857142857143,13.482290267280462
segment,KarciFANN,100,186,0.0054528688988388675,0.9695652173913043,0.010179643188304853,0.9514285714285714,39.567665575233825
segment,KarciFANN,100,187,0.004921014324298539,0.9701863354037267,0.00890689269294875,0.9571428571428572,3.583127915996744
segment,KarciFANN,100,188,0.005308057452430689,0.9695652173913043,0.00976674532032717,0.9542857142857143,27.64927127833155
segment,KarciFANN,100,189,0.004708481063223149,0.9720496894409938,0.009308750358354127,0.9571428571428572,52.70487777960772
segment,KarciFANN,100,190,0.004840806465911436,0.9720496894409938,0.009498753182499814,0.9571428571428572,116.6007159580621
segment,KarciFANN,100,191,0.004907343421723249,0.9726708074534162,0.009932276510526267,0.9571428571428572,33.865076323740986
segment,KarciFANN,100,192,0.0044536814392396535,0.9745341614906833,0.009033767331247122,0.9571428571428572,59.24811246000332
segment,KarciFANN,100,193,0.004539475848557588,0.9745341614906833,0.00933121704427885,0.9542857142857143,129.03942081137862
segment,KarciFANN,100,194,0.005350008273979981,0.9695652173913043,0.010632565150409995,0.94,80.769697180794
segment,KarciFANN,100,195,0.00460300745554402,0.9732919254658385,0.010181236682643428,0.9428571428571428,17.87381635773249
segment,KarciFANN,100,196,0.004662747619899722,0.9726708074534162,0.009187489492272978,0.9542857142857143,3.488558230231674
segment,KarciFANN,100,197,0.0044201409269248385,0.9745341614906833,0.009362213108437484,0.9571428571428572,3.5780022967507503
segment,KarciFANN,100,198,0.007121991564170233,0.9608695652173913,0.01169343799051468,0.9457142857142857,3.766698578446882
segment,KarciFANN,100,199,0.009461733654562127,0.9484472049689441,0.014442692695643961,0.9314285714285714,12.822085148833791
segment,KarciFANN,100,200,0.004855551990474149,0.9701863354037267,0.010347620224810707,0.9428571428571428,76.4230980573389
segment,KarciFANN,100,201,0.005146204210384692,0.970807453416149,0.010898295921765647,0.9457142857142857,45.05574133410724
segment,KarciFANN,100,202,0.004525150314524607,0.9732919254658385,0.009815030269594991,0.9428571428571428,3.5986374104789
segment,KarciFANN,100,203,0.01810148906314575,0.9006211180124224,0.020341344612323106,0.8857142857142857,10.196967964389192
segment,KarciFANN,100,204,0.01395879647481729,0.9434782608695652,0.017973773627848758,0.9342857142857143,2.9424574684938194
segment,KarciFANN,100,205,0.010564334857740058,0.9546583850931677,0.013983517056522636,0.94,5.893020575271522
segment,KarciFANN,100,206,0.007362308970039894,0.9639751552795031,0.011932166764122728,0.9428571428571428,9.9108042127783
segment,KarciFANN,100,207,0.005473388027161954,0.968944099378882,0.010147510452003822,0.9485714285714286,110.86649879757532
segment,KarciFANN,100,208,0.005745845927040359,0.9670807453416149,0.011207641811464058,0.9457142857142857,86.54975555334568
segment,KarciFANN,100,209,0.0046497170415634856,0.9720496894409938,0.00994960173658598,0.9514285714285714,46.268350176442866
segment,KarciFANN,100,210,0.0046693590865832186,0.9726708074534162,0.00928477539575141,0.9514285714285714,3.609921440139758
segment,KarciFANN,100,211,0.004450453659275455,0.9726708074534162,0.00953967049611291,0.9514285714285714,31.880130033990334
segment,KarciFANN,100,212,0.004756770574512164,0.9720496894409938,0.009162198490940915,0.9542857142857143,79.62750544308534
segment,KarciFANN,100,213,0.004573321536429512,0.9732919254658385,0.009286449665224565,0.9571428571428572,3.575277312963441
segment,KarciFANN,100,214,0.014651819714753947,0.9298136645962732,0.01743912778714668,0.9228571428571428,3.9464193945313206
segment,KarciFANN,100,215,0.004501411429273069,0.9720496894409938,0.009048961321326475,0.9542857142857143,82.77408325833787
segment,KarciFANN,100,216,0.004472513801185294,0.9726708074534162,0.009086629238823033,0.96,85.0238357140652
segment,KarciFANN,100,217,0.004432612093637436,0.9726708074534162,0.009494222466711192,0.9514285714285714,36.09391493791364
segment,KarciFANN,100,218,0.004484009039932183,0.9720496894409938,0.009152956646671684,0.9542857142857143,3.609440479890718
segment,KarciFANN,100,219,0.004522857657285078,0.9726708074534162,0.0093255299041077,0.9571428571428572,34.471268460950924
segment,KarciFANN,100,220,0.00460439887285295,0.9720496894409938,0.008896393584566757,0.9571428571428572,3.6164188347588695
segment,KarciFANN,100,221,0.0051737483792396516,0.970807453416149,0.009495748143113086,0.9514285714285714,429.40686987615163
segment,KarciFANN,100,222,0.006903283933452609,0.9614906832298137,0.013113776427670332,0.9342857142857143,11.86111187295312
segment,KarciFANN,100,223,0.004715831263439429,0.9720496894409938,0.009180397077149544,0.9542857142857143,246.13739658654833
segment,KarciFANN,100,224,0.0046959730934663935,0.9714285714285714,0.009631456826974945,0.9542857142857143,38.39164472689848
segment,KarciFANN,100,225,0.005011619254257672,0.9695652173913043,0.010459676367630073,0.9485714285714286,39.697751821121805
segment,KarciFANN,100,226,0.004606236769348347,0.9726708074534162,0.009009219906689382,0.9571428571428572,63.74111976336231
segment,KarciFANN,100,227,0.005253906739541848,0.968944099378882,0.009592705534705086,0.9542857142857143,165.53135742067164
segment,KarciFANN,100,228,0.00443216615543428,0.9726708074534162,0.009326534934932818,0.96,3.6468489589751236
segment,KarciFANN,100,229,0.0043912394050620454,0.9732919254658385,0.009312944568508182,0.9571428571428572,308.5737556543345
segment,KarciFANN,100,230,0.004753704142167209,0.9720496894409938,0.010132241552695207,0.9485714285714286,32.37617424269707
segment,KarciFANN,100,231,0.007846386070916339,0.9614906832298137,0.013740095570844485,0.9342857142857143,3.3089537983370327
segment,KarciFANN,100,232,0.0048664899946923214,0.970807453416149,0.00916981268525176,0.9571428571428572,23.865735866775367
segment,KarciFANN,100,233,0.004594004476480192,0.9739130434782609,0.009093869180563477,0.9571428571428572,170.6697620807476
segment,KarciFANN,100,234,0.0052886274297471916,0.9670807453416149,0.009439009318570902,0.9542857142857143,2.7631180691376143
segment,KarciFANN,100,235,0.004582207835264292,0.9726708074534162,0.008916613288435309,0.9571428571428572,61.735904152002036
segment,KarciFANN,100,236,0.005163205023953266,0.968944099378882,0.009333243950007935,0.9542857142857143,3.6667704983205174
segment,KarciFANN,100,237,0.011627879752598063,0.9409937888198758,0.0143911899597682,0.9342857142857143,4.24914383217829
segment,KarciFANN,100,238,0.01429964387945013,0.9347826086956522,0.017849882066901468,0.9228571428571428,50.85295208632449
segment,KarciFANN,100,239,0.0047972676535541995,0.9714285714285714,0.009133902431002558,0.9571428571428572,73.96919538984083
segment,KarciFANN,100,240,0.005380072718282326,0.9677018633540373,0.010950104152028295,0.9485714285714286,195.46741438245658
segment,KarciFANN,100,241,0.004366505277023802,0.9732919254658385,0.008914446474983692,0.96,68.39287172656742
segment,KarciFANN,100,242,0.00468514324871635,0.9720496894409938,0.00892021612445515,0.96,3.6615417801219605
segment,KarciFANN,100,243,0.004278424156676235,0.9732919254658385,0.00910977165466843,0.9571428571428572,2.7828744541753867
segment,KarciFANN,100,244,0.006139750458876644,0.9633540372670808,0.011955997370648752,0.9457142857142857,68.89172139834841
segment,KarciFANN,100,245,0.012096582216820627,0.9465838509316771,0.016220499380965484,0.9228571428571428,4.272294477083949
segment,KarciFANN,100,246,0.010499283408688167,0.9515527950310559,0.01296988386062238,0.94,5.004149612250835
segment,KarciFANN,100,247,0.005093691673575428,0.9695652173913043,0.00897342272860592,0.9571428571428572,29.133963705250252
segment,KarciFANN,100,248,0.007068110503728138,0.9627329192546584,0.010842080200859134,0.9485714285714286,2.3852192594126915
segment,KarciFANN,100,249,0.0046031589160457085,0.9720496894409938,0.008907330851654316,0.9571428571428572,52.40372808629767
segment,KarciFANN,100,250,0.005051876302301046,0.9714285714285714,0.010862806762057982,0.9428571428571428,3.6842064394529443
segment,KarciFANN,100,251,0.004954491088180079,0.9720496894409938,0.009124219164244274,0.9571428571428572,12.185202874759893
segment,KarciFANN,100,252,0.004667182417821763,0.9714285714285714,0.008970529091311996,0.9571428571428572,118.50745769506564
segment,KarciFANN,100,253,0.004653967493514799,0.9726708074534162,0.008630152654647916,0.96,244.68485639976655
segment,KarciFANN,100,254,0.005527876295498578,0.968944099378882,0.009808513570097911,0.9542857142857143,8.195947306699068
segment,KarciFANN,100,255,0.015663818527416502,0.9322981366459627,0.015654992369001884,0.9314285714285714,8.762305818711667
segment,KarciFANN,100,256,0.005215858971469263,0.970807453416149,0.009704948920630854,0.9542857142857143,15.965277864124749
segment,KarciFANN,100,257,0.0054767661093117915,0.9695652173913043,0.010257119855580775,0.9457142857142857,225.09687897356758
segment,KarciFANN,100,258,0.0044611217439685415,0.9726708074534162,0.009399515563798408,0.9514285714285714,103.11588080899628
segment,KarciFANN,100,259,0.004865207132121931,0.9701863354037267,0.009436227806362987,0.9514285714285714,99.56483927405688
segment,KarciFANN,100,260,0.004940615636851574,0.9701863354037267,0.009419915401921141,0.9542857142857143,3.6978108791409965
segment,KarciFANN,100,261,0.005210697439023757,0.970807453416149,0.01021049533187165,0.9457142857142857,19.292474192578055
segment,KarciFANN,100,262,0.004572409710127314,0.9714285714285714,0.009245917207380716,0.9514285714285714,33.934511573986605
segment,KarciFANN,100,263,0.004251772909339105,0.9739130434782609,0.008782465297467859,0.9571428571428572,353.2899626756674
segment,KarciFANN,100,264,0.012998595905657358,0.9409937888198758,0.016614233322077204,0.9228571428571428,4.755471129764867
segment,KarciFANN,100,265,0.005256771921459408,0.9695652173913043,0.01096525557706899,0.9485714285714286,119.59744014366484
segment,KarciFANN,100,266,0.005984130001946198,0.9677018633540373,0.011666324714893709,0.9428571428571428,12.10783206491072
segment,KarciFANN,100,267,0.004712591331985688,0.970807453416149,0.009335856583343436,0.9514285714285714,34.99128765427864
segment,KarciFANN,100,268,0.004685073528072681,0.9714285714285714,0.009556950816315093,0.9457142857142857,106.53604520071801
segment,KarciFANN,100,269,0.005100314585669155,0.968944099378882,0.010627274871579386,0.9428571428571428,727.8797161456579
segment,KarciFANN,100,270,0.005359915988198343,0.9695652173913043,0.01062874642228611,0.9428571428571428,78.2054234658657
segment,KarciFANN,100,271,0.004500271849899192,0.9726708074534162,0.008603210246758527,0.9514285714285714,28.396162453654604
segment,KarciFANN,100,272,0.004942053648553911,0.970807453416149,0.008821406403561006,0.9485714285714286,38.12639376644654
segment,KarciFANN,100,273,0.004876119437293543,0.9701863354037267,0.00920791211966247,0.9514285714285714,76.55795302443036
segment,KarciFANN,100,274,0.004999637376281877,0.9732919254658385,0.008860772129771762,0.9542857142857143,18.291215902452183
segment,KarciFANN,100,275,0.0048409136784367205,0.9720496894409938,0.010426961210629518,0.9457142857142857,3.2391315616790863
segment,KarciFANN,100,276,0.004321077609645374,0.9732919254658385,0.008861733877414152,0.9571428571428572,33.86154565772162
segment,KarciFANN,100,277,0.01065025535987886,0.9515527950310559,0.013594093228990925,0.9371428571428572,8.010080183708821
segment,KarciFANN,100,278,0.004541433444971081,0.9745341614906833,0.01001291581786302,0.9457142857142857,117.4659622335224
segment,KarciFANN,100,279,0.006647068331683665,0.9639751552795031,0.011583071663523296,0.9457142857142857,474.9711635998484
segment,KarciFANN,100,280,0.004856335609266065,0.9714285714285714,0.008875059106888412,0.9542857142857143,3.718480556732058
segment,KarciFANN,100,281,0.004354960401454832,0.9739130434782609,0.008323656132332713,0.9571428571428572,3.6955464768576314
segment,KarciFANN,100,282,0.004268186866653104,0.9732919254658385,0.008574138174486844,0.9571428571428572,3.6934394465880507
segment,KarciFANN,100,283,0.004802838006340329,0.9720496894409938,0.008883189896218873,0.9542857142857143,600.7575234348175
segment,KarciFANN,100,284,0.004171178228958217,0.9739130434782609,0.008961015518623237,0.9514285714285714,3.683828161755755
segment,KarciFANN,100,285,0.004975599382577285,0.968944099378882,0.009647993099817932,0.9485714285714286,46.49753737362019
segment,KarciFANN,100,286,0.004227277624217363,0.9726708074534162,0.008771692337824637,0.9514285714285714,30.470970518533903
segment,KarciFANN,100,287,0.004398568568770231,0.9732919254658385,0.008573445335760847,0.9571428571428572,34.004385270510205
segment,KarciFANN,100,288,0.005504118207519707,0.968944099378882,0.010907891000057185,0.9428571428571428,3.705240655926474
segment,KarciFANN,100,289,0.0052055459491959525,0.9695652173913043,0.009456848055346604,0.9542857142857143,61.479883459928104
segment,KarciFANN,100,290,0.004187243326408393,0.9739130434782609,0.009064630582847977,0.9514285714285714,3.7020133607333205
segment,KarciFANN,100,291,0.004346838334698475,0.9714285714285714,0.008503712957330602,0.9571428571428572,21.4003799270859
segment,KarciFANN,100,292,0.0068350983567925456,0.9614906832298137,0.01245665399722165,0.94,3.730649874552748
segment,KarciFANN,100,293,0.0048802927324928585,0.9701863354037267,0.009091484279558044,0.9485714285714286,2.8367870832305635
segment,KarciFANN,100,294,0.005148497891591418,0.9701863354037267,0.0095072267966916,0.9514285714285714,20.419628639065028
segment,KarciFANN,100,295,0.005634145132292253,0.9670807453416149,0.010069750307603662,0.9542857142857143,14.207501402194927
segment,KarciFANN,100,296,0.004317509696142902,0.9726708074534162,0.008290169749085328,0.96,560.3642025836975
segment,KarciFANN,100,297,0.005016062140144019,0.9701863354037267,0.00905012638061548,0.9571428571428572,8.088746249496925
segment,KarciFANN,100,298,0.004430805492644211,0.9726708074534162,0.008437330364967612,0.9571428571428572,118.17332556301234
segment,KarciFANN,100,299,0.01566665969723906,0.9329192546583851,0.016976559126732595,0.92,6.1486364877204265
segment,KarciFANN,100,300,0.00700120835360257,0.9614906832298137,0.010013089489624318,0.9514285714285714,108.0292574202875
segment,KarciFANN,100,301,0.010258661671257361,0.9472049689440993,0.014341020093400502,0.9314285714285714,42.9822725820303
segment,KarciFANN,100,302,0.005820989287997336,0.9677018633540373,0.011628754654644177,0.94,177.83864846241875
segment,KarciFANN,100,303,0.007936382366031464,0.9590062111801242,0.013347137793051812,0.9371428571428572,13.627424162323432
segment,KarciFANN,100,304,0.005277562111584858,0.968944099378882,0.009317971048889933,0.9514285714285714,3.755455672261311
segment,KarciFANN,100,305,0.014033975914607932,0.9347826086956522,0.016448795016478328,0.9285714285714286,3.5591197281559754
segment,KarciFANN,100,306,0.006090474362645903,0.9670807453416149,0.011064273783054955,0.9428571428571428,177.8118241570854
segment,KarciFANN,100,307,0.004251582495297671,0.9745341614906833,0.009344329659313718,0.9514285714285714,28.277847862030328
segment,KarciFANN,100,308,0.004601307704561808,0.9720496894409938,0.009308707393472134,0.9514285714285714,3.7531960821582993
segment,KarciFANN,100,309,0.00446328881038309,0.9732919254658385,0.009141133806105164,0.9571428571428572,23.794317145475706
segment,KarciFANN,100,310,0.006212455403575141,0.9714285714285714,0.011828118083862742,0.9542857142857143,9.065764388759156
segment,KarciFANN,100,311,0.005268026147824713,0.9695652173913043,0.010320209386427082,0.9428571428571428,186.76286557463956
segment,KarciFANN,100,312,0.006242313901200229,0.9664596273291925,0.012171916781700941,0.94,59.628381873552
segment,KarciFANN,100,313,0.005226287837834971,0.9701863354037267,0.010297627484922325,0.9485714285714286,111.94699661152681
segment,KarciFANN,100,314,0.00438965904527424,0.9739130434782609,0.00933383187443326,0.9542857142857143,24.73931209661334
segment,KarciFANN,100,315,0.005104339194190553,0.968944099378882,0.010665950692020783,0.9457142857142857,100.67518344742277
segment,KarciFANN,100,316,0.004396512928873873,0.9732919254658385,0.009382009810060635,0.9571428571428572,696.0041649714128
segment,KarciFANN,100,317,0.004487145344599521,0.9732919254658385,0.008794888510678287,0.9571428571428572,3.769882945572892
segment,KarciFANN,100,318,0.004511052875827985,0.970807453416149,0.009009306486125437,0.9542857142857143,100.29269482117033
segment,KarciFANN,100,319,0.00482753324564653,0.970807453416149,0.009057858120504107,0.9571428571428572,179.56284708831288
segment,KarciFANN,100,320,0.004591388627486608,0.9726708074534162,0.00932482887141698,0.9542857142857143,360.24510152270506
segment,KarciFANN,100,321,0.005104496296928156,0.970807453416149,0.010539659381943461,0.9485714285714286,222.1696159851655
segment,KarciFANN,100,322,0.004295158780823976,0.9732919254658385,0.010144583117071563,0.9514285714285714,116.86650686798228
segment,KarciFANN,100,323,0.004509452632439461,0.970807453416149,0.009826575198175301,0.9485714285714286,92.67206150532789
segment,KarciFANN,100,324,0.004722257666198735,0.970807453416149,0.009951601824567764,0.9514285714285714,107.94460175591587
segment,KarciFANN,100,325,0.0044358914311939555,0.9726708074534162,0.009358302757521777,0.9542857142857143,41.902408585636934
segment,KarciFANN,100,326,0.004230753734453305,0.9751552795031055,0.009041094551812658,0.9542857142857143,42.46440145755353
segment,KarciFANN,100,327,0.00489055047397194,0.9726708074534162,0.011783849329518597,0.9457142857142857,107.69985862003766
segment,KarciFANN,100,328,0.0046441271203848285,0.9726708074534162,0.010745872026757254,0.9514285714285714,25.705931552177365
segment,KarciFANN,100,329,0.016888153125894,0.929192546583851,0.019206295184560757,0.9142857142857143,7.475017599955934
segment,KarciFANN,100,330,0.009545408706206104,0.9546583850931677,0.012656373026664018,0.94,5.376760572584897
segment,KarciFANN,100,331,0.005794554391160588,0.9664596273291925,0.010597577305633148,0.9485714285714286,504.7754264415436
segment,KarciFANN,100,332,0.004355528649826053,0.9739130434782609,0.009036817947263822,0.9571428571428572,49.92611086560368
segment,KarciFANN,100,333,0.004126685407439076,0.9739130434782609,0.009442807211542496,0.9542857142857143,17.35610480792679
segment,KarciFANN,100,334,0.004128016385726536,0.9726708074534162,0.008921955719587203,0.9571428571428572,127.53587685659969
segment,KarciFANN,100,335,0.004252704051626908,0.9732919254658385,0.008945806774086703,0.9542857142857143,103.0859315281289
segment,KarciFANN,100,336,0.0058542773096744195,0.9658385093167702,0.012114148294123684,0.94,524.6035251324603
segment,KarciFANN,100,337,0.006094144370004097,0.9658385093167702,0.01027938053595003,0.9514285714285714,3.8018430158530614
segment,KarciFANN,100,338,0.00405761986878974,0.9751552795031055,0.00856982129513561,0.9571428571428572,25.991198379059114
segment,KarciFANN,100,339,0.004134968675805346,0.9751552795031055,0.008986723207749254,0.9542857142857143,31.66098743493865
segment,KarciFANN,100,340,0.0042378077026539954,0.9745341614906833,0.008764896192883953,0.9571428571428572,3.8071808258920536
segment,KarciFANN,100,341,0.005630251709525741,0.9695652173913043,0.010941165751899667,0.9485714285714286,82.65419487191309
segment,KarciFANN,100,342,0.004729566830319527,0.9714285714285714,0.010153995732570963,0.9485714285714286,3.0388966885400794
segment,KarciFANN,100,343,0.010807271337257075,0.9484472049689441,0.016154992092126903,0.9285714285714286,59.66080445025213
segment,KarciFANN,100,344,0.0045585114964600045,0.9720496894409938,0.009194015194321555,0.9542857142857143,26.442242479470952
segment,KarciFANN,100,345,0.00404913708672826,0.9745341614906833,0.008785700727416638,0.9542857142857143,33.80254187241252
segment,KarciFANN,100,346,0.004042214773815361,0.9745341614906833,0.008810791899164767,0.9571428571428572,276.53662254045827
segment,KarciFANN,100,347,0.004179372201006987,0.9739130434782609,0.008890481588733252,0.9571428571428572,510.5036411945551
segment,KarciFANN,100,348,0.004440581702755611,0.9726708074534162,0.008656630498697271,0.9571428571428572,109.15465692478779
segment,KarciFANN,100,349,0.0043142028235864886,0.9720496894409938,0.00863043989756794,0.9571428571428572,3.8122724386819624
segment,KarciFANN,100,350,0.00473298425770285,0.9720496894409938,0.009488939350406993,0.9514285714285714,24.814104733360686
segment,KarciFANN,101,1,0.10810568843246583,0.4608695652173913,0.10799492087678793,0.44857142857142857,1.0715498392459641
segment,KarciFANN,101,2,0.11818516547310272,0.4832298136645963,0.11723068181640477,0.5028571428571429,1.6674955818990744
segment,KarciFANN,101,3,0.040812442888647694,0.8068322981366459,0.03974718456273786,0.8285714285714286,2.416131279019411
segment,KarciFANN,101,4,0.027647769159628906,0.8857142857142857,0.02732290098074405,0.8942857142857142,4.536177535266758
segment,KarciFANN,101,5,0.018648798961067692,0.9260869565217391,0.019691859063446292,0.92,3.9926947365278247
segment,KarciFANN,101,6,0.016799222380103482,0.9341614906832298,0.018021422094090685,0.9171428571428571,1.4623397043572217
segment,KarciFANN,101,7,0.019224008599454775,0.9211180124223602,0.020591356586744356,0.9171428571428571,2.45399673941499
segment,KarciFANN,101,8,0.023244053255374535,0.8981366459627329,0.024257888951913033,0.8971428571428571,2.3947089695526023
segment,KarciFANN,101,9,0.013964782857043851,0.9366459627329192,0.015836536792530637,0.9228571428571428,10.275437613239722
segment,KarciFANN,101,10,0.017190322538042334,0.9204968944099379,0.02011119365607056,0.9142857142857143,5.919122532877121
segment,KarciFANN,101,11,0.013783124122170741,0.9385093167701863,0.015534429564273176,0.9257142857142857,3.5760315328166667
segment,KarciFANN,101,12,0.01672287111824629,0.931055900621118,0.019016332443431195,0.9257142857142857,5.847167573030138
segment,KarciFANN,101,13,0.014149823345912686,0.9366459627329192,0.016854256427911683,0.9142857142857143,9.080619369612277
segment,KarciFANN,101,14,0.01643448030496223,0.9229813664596274,0.01907772072866281,0.92,9.529575715719261
segment,KarciFANN,101,15,0.011122968490834056,0.9465838509316771,0.01468447606287784,0.9285714285714286,2.2635327817068385
segment,KarciFANN,101,16,0.009997552334604646,0.953416149068323,0.013057491440702063,0.9342857142857143,17.012058281464505
segment,KarciFANN,101,17,0.013133826696115649,0.9403726708074535,0.015662388771447107,0.92,14.342555316746196
segment,KarciFANN,101,18,0.02215912479116042,0.9074534161490683,0.021756425614239034,0.9114285714285715,3.55871731832076
segment,KarciFANN,101,19,0.01076269281905449,0.9459627329192547,0.014306796978833781,0.9314285714285714,2.761701767602106
segment,KarciFANN,101,20,0.01588289877339165,0.9422360248447205,0.018172790424960453,0.9314285714285714,2.441093907693013
segment,KarciFANN,101,21,0.009610747366906959,0.9540372670807453,0.013163128597216432,0.94,2.9294884118951217
segment,KarciFANN,101,22,0.010003997055151289,0.9552795031055901,0.013514717150006818,0.9428571428571428,19.58115637856777
segment,KarciFANN,101,23,0.01827654055291411,0.9161490683229814,0.019855392287093886,0.9057142857142857,2.187953819784285
segment,KarciFANN,101,24,0.012469112915954948,0.9453416149068323,0.015310402584252208,0.9285714285714286,6.8391984110712185
segment,KarciFANN,101,25,0.009748470895972887,0.9496894409937888,0.013053061181721492,0.9428571428571428,20.56124291290473
segment,KarciFANN,101,26,0.00875655658511039,0.9608695652173913,0.012755947505079966,0.9371428571428572,13.091553386937639
segment,KarciFANN,101,27,0.008660373477775834,0.9590062111801242,0.01283743618407767,0.9457142857142857,28.50790453227063
segment,KarciFANN,101,28,0.02295703729302124,0.9118012422360249,0.023644828157973224,0.9171428571428571,5.243566331947607
segment,KarciFANN,101,29,0.009292260883579012,0.962111801242236,0.012695386077476677,0.9485714285714286,9.077922623546549
segment,KarciFANN,101,30,0.012366264988914457,0.94472049689441,0.015598426139773844,0.9228571428571428,2.354412705624209
segment,KarciFANN,101,31,0.024370013357545215,0.8956521739130435,0.026447944498967896,0.8857142857142857,5.492614774986852
segment,KarciFANN,101,32,0.009580248273934854,0.9559006211180124,0.013438742891634207,0.94,2.8131305482494615
segment,KarciFANN,101,33,0.008581740215665672,0.9596273291925466,0.013349614722709457,0.9428571428571428,5.725630292354269
segment,KarciFANN,101,34,0.010659891942612479,0.9465838509316771,0.01380574585235638,0.94,8.084514399913274
segment,KarciFANN,101,35,0.007853017388695508,0.962111801242236,0.011464088846428756,0.9485714285714286,12.60662098636684
segment,KarciFANN,101,36,0.010265438081731077,0.9496894409937888,0.013651987268770475,0.94,25.295313857958558
segment,KarciFANN,101,37,0.010001241764504476,0.9546583850931677,0.012540071117325679,0.9514285714285714,3.200421879336443
segment,KarciFANN,101,38,0.020023703190968915,0.9167701863354037,0.021416009814713262,0.9085714285714286,4.004250149250937
segment,KarciFANN,101,39,0.012388496234400088,0.9627329192546584,0.01538234066649159,0.9457142857142857,3.7738209865904957
segment,KarciFANN,101,40,0.013587190645208134,0.9416149068322981,0.01631302992153551,0.9342857142857143,7.406165750358558
segment,KarciFANN,101,41,0.0075700942152312385,0.9639751552795031,0.010814709076180219,0.9628571428571429,24.12217180917992
segment,KarciFANN,101,42,0.009652625396093689,0.9565217391304348,0.013497595840089848,0.9457142857142857,4.957666787343827
segment,KarciFANN,101,43,0.01510614265150922,0.9366459627329192,0.017513643922288793,0.9314285714285714,4.915229259843712
segment,KarciFANN,101,44,0.011287244452326095,0.9521739130434783,0.013508539083683881,0.9542857142857143,10.77785491153651
segment,KarciFANN,101,45,0.007300332743681978,0.9658385093167702,0.010944772325201019,0.9485714285714286,10.931545004893271
segment,KarciFANN,101,46,0.007461485167906226,0.962111801242236,0.011444639131368417,0.9542857142857143,3.1490148248406085
segment,KarciFANN,101,47,0.009025485490462492,0.9571428571428572,0.012121841726671547,0.9542857142857143,16.100230229127
segment,KarciFANN,101,48,0.010864117397538295,0.9546583850931677,0.0133498212545326,0.9428571428571428,21.330441498021486
segment,KarciFANN,101,49,0.0066128195688987925,0.9714285714285714,0.012236470710261113,0.9514285714285714,7.394703266617025
segment,KarciFANN,101,50,0.021964006787361108,0.9192546583850931,0.022834598196221325,0.92,3.4276149692528284
segment,KarciFANN,101,51,0.006963024973154877,0.9670807453416149,0.011698173907048939,0.96,9.310385159395036
segment,KarciFANN,101,52,0.011156874377976238,0.9521739130434783,0.013843949613841266,0.9485714285714286,6.690386862188367
segment,KarciFANN,101,53,0.005912092885123618,0.9732919254658385,0.009292444676328523,0.9628571428571429,3.3748861405282287
segment,KarciFANN,101,54,0.005928512709066932,0.9726708074534162,0.009050947381994443,0.96,16.438361904879564
segment,KarciFANN,101,55,0.007679518922301406,0.9639751552795031,0.011586260992038539,0.9514285714285714,11.180023330752231
segment,KarciFANN,101,56,0.005976841046960899,0.968944099378882,0.009436664673630057,0.9657142857142857,19.384334533373
segment,KarciFANN,101,57,0.006011103507223602,0.970807453416149,0.0084363762571745,0.9657142857142857,51.45025589956929
segment,KarciFANN,101,58,0.008001608007442505,0.962111801242236,0.010161749144452347,0.9628571428571429,7.323413467180516
segment,KarciFANN,101,59,0.004913418485147674,0.9757763975155279,0.007723126048136449,0.96,3.0898025531228277
segment,KarciFANN,101,60,0.005902888666810914,0.970807453416149,0.008526747692960001,0.9657142857142857,41.30413381818311
segment,KarciFANN,101,61,0.0051462851468248045,0.9757763975155279,0.00810294388857744,0.9628571428571429,33.32410198707464
segment,KarciFANN,101,62,0.005366937590146484,0.9732919254658385,0.00934429085318005,0.9628571428571429,26.387493853989703
segment,KarciFANN,101,63,0.005172188107572277,0.9732919254658385,0.008890300420222359,0.9571428571428572,32.947215492176014
segment,KarciFANN,101,64,0.006910441934421658,0.970807453416149,0.009553961756699317,0.9514285714285714,16.498585884039972
segment,KarciFANN,101,65,0.005107354116055012,0.9739130434782609,0.007404299737141878,0.9657142857142857,24.321819130637405
segment,KarciFANN,101,66,0.012950739097588095,0.937888198757764,0.015001561965774096,0.9314285714285714,2.8469184723199756
segment,KarciFANN,101,67,0.005366242805584764,0.9739130434782609,0.008530408411538678,0.9571428571428572,30.49307227737142
segment,KarciFANN,101,68,0.004842331627870717,0.9763975155279503,0.008457391978111009,0.9657142857142857,2.5449514795573274
segment,KarciFANN,101,69,0.013700339650168442,0.9397515527950311,0.016244578863721226,0.94,6.486882185765913
segment,KarciFANN,101,70,0.00871999721185403,0.9782608695652174,0.012800361180650144,0.9571428571428572,4.484603130463869
segment,KarciFANN,101,71,0.004796315770851171,0.9757763975155279,0.007765864556944079,0.9657142857142857,3.2947347956715767
segment,KarciFANN,101,72,0.004890623758096552,0.9745341614906833,0.008057087436188323,0.9628571428571429,2.507831534023858
segment,KarciFANN,101,73,0.012009910383274864,0.9465838509316771,0.012650247464210685,0.9485714285714286,6.33169647983029
segment,KarciFANN,101,74,0.018195845472979942,0.9204968944099379,0.018574624416250192,0.9257142857142857,3.0007068709138736
segment,KarciFANN,101,75,0.005294917270982832,0.9745341614906833,0.008865398673598753,0.96,19.60088036454637
segment,KarciFANN,101,76,0.005852775216663286,0.9745341614906833,0.00810642693511457,0.9657142857142857,14.767169827438655
segment,KarciFANN,101,77,0.004441899195614655,0.9763975155279503,0.007329271805985655,0.9657142857142857,3.2646418972459736
segment,KarciFANN,101,78,0.005479934571878528,0.9739130434782609,0.00791869574522577,0.9657142857142857,3.295790575859822
segment,KarciFANN,101,79,0.007861873973778343,0.9583850931677018,0.01060156735805945,0.9571428571428572,10.321813859102422
segment,KarciFANN,101,80,0.004597752950367534,0.9770186335403727,0.008471551266792577,0.96,74.81489627596699
segment,KarciFANN,101,81,0.004286168729939893,0.9782608695652174,0.00708536823059288,0.9685714285714285,24.25899128093035
segment,KarciFANN,101,82,0.005442477687815963,0.9739130434782609,0.008340435047618118,0.96,20.410810564394314
segment,KarciFANN,101,83,0.0049375204813180695,0.9732919254658385,0.008409813386693514,0.96,46.02533528846312
segment,KarciFANN,101,84,0.005725396604616617,0.9726708074534162,0.009129743803014706,0.9542857142857143,60.674326099785254
segment,KarciFANN,101,85,0.004836363932084394,0.9751552795031055,0.008069087950130005,0.9685714285714285,22.16819431577504
segment,KarciFANN,101,86,0.009537218998718854,0.9577639751552796,0.011071438962272778,0.9571428571428572,4.195244638383022
segment,KarciFANN,101,87,0.006723346656991626,0.968944099378882,0.008165476805776825,0.9714285714285714,13.313261196269377
segment,KarciFANN,101,88,0.004837362444483064,0.9763975155279503,0.007940890362222263,0.9742857142857143,17.21103614136298
segment,KarciFANN,101,89,0.00614156962920605,0.9720496894409938,0.008323569896792015,0.9657142857142857,3.0893072458057307
segment,KarciFANN,101,90,0.006514486063511335,0.9695652173913043,0.009582227109285496,0.96,24.723345976229368
segment,KarciFANN,101,91,0.004231087036512651,0.9763975155279503,0.006826166788672749,0.9657142857142857,95.1717694614786
segment,KarciFANN,101,92,0.0047132063737269445,0.9770186335403727,0.007662169773182291,0.9657142857142857,8.593808751567416
segment,KarciFANN,101,93,0.006071580561478388,0.9714285714285714,0.009952983974809393,0.9542857142857143,17.196702487152383
segment,KarciFANN,101,94,0.010378919920258299,0.9521739130434783,0.01035505760691853,0.9571428571428572,6.400146952798375
segment,KarciFANN,101,95,0.008827270957077103,0.9577639751552796,0.010264129372440456,0.9542857142857143,7.179654173460518
segment,KarciFANN,101,96,0.006574413661088781,0.9645962732919254,0.010247231804963645,0.9514285714285714,17.866201143337452
segment,KarciFANN,101,97,0.004719804744070674,0.9763975155279503,0.00825846510592336,0.9685714285714285,13.842546010283602
segment,KarciFANN,101,98,0.00563731309500152,0.9695652173913043,0.0076948975498559585,0.9685714285714285,101.40604277622978
segment,KarciFANN,101,99,0.0048543832574137954,0.9757763975155279,0.008579007272758852,0.96,2.7282895622615317
segment,KarciFANN,101,100,0.0050380592141070725,0.9751552795031055,0.008821079770943827,0.9628571428571429,39.46677385620459
segment,KarciFANN,101,101,0.0045104319233209966,0.9751552795031055,0.008159417101292985,0.9657142857142857,3.4193803742001756
segment,KarciFANN,101,102,0.005742187423260293,0.9701863354037267,0.00884242936890323,0.9628571428571429,17.515497331065063
segment,KarciFANN,101,103,0.004064290979973858,0.977639751552795,0.007947299826077996,0.9628571428571429,28.192709429312757
segment,KarciFANN,101,104,0.005609641254551085,0.9751552795031055,0.008408555031629706,0.9657142857142857,10.587330215454546
segment,KarciFANN,101,105,0.0040152528664336605,0.9782608695652174,0.00744935304779799,0.9714285714285714,41.68465410929674
segment,KarciFANN,101,106,0.005476668820801902,0.9739130434782609,0.009005780623907942,0.9657142857142857,11.01467509098086
segment,KarciFANN,101,107,0.004171994401165842,0.9788819875776398,0.00901575386669343,0.9657142857142857,86.7599289623915
segment,KarciFANN,101,108,0.004910862059150288,0.9732919254658385,0.009032610970480128,0.9628571428571429,2.6460605657798566
segment,KarciFANN,101,109,0.004262506867165549,0.977639751552795,0.008462636825242642,0.96,20.534762260988366
segment,KarciFANN,101,110,0.003919458618046251,0.9788819875776398,0.007913381772429668,0.9657142857142857,27.67427127170225
segment,KarciFANN,101,111,0.012972204957210957,0.9409937888198758,0.014387935547501798,0.9314285714285714,6.540162441117603
segment,KarciFANN,101,112,0.006515460823337658,0.9683229813664597,0.009437131914018189,0.9657142857142857,26.707799133631056
segment,KarciFANN,101,113,0.003904518691783559,0.9788819875776398,0.0076822784288554736,0.9657142857142857,27.9768304746917
segment,KarciFANN,101,114,0.006679195829411894,0.9658385093167702,0.00965549116006829,0.9657142857142857,45.13038072892561
segment,KarciFANN,101,115,0.0059659954487378385,0.9757763975155279,0.009270889219454983,0.9542857142857143,14.542385906687878
segment,KarciFANN,101,116,0.004605958332878419,0.9795031055900622,0.008599701506868345,0.9657142857142857,3.4756168161995773
segment,KarciFANN,101,117,0.005787965892137912,0.9763975155279503,0.009757377237588407,0.9571428571428572,44.368655606319656
segment,KarciFANN,101,118,0.00695341207047046,0.9751552795031055,0.010323111533191803,0.9571428571428572,3.1992430787466173
segment,KarciFANN,101,119,0.004294830767085295,0.9763975155279503,0.008328710730695223,0.9685714285714285,49.57572484463604
segment,KarciFANN,101,120,0.0038858565907115834,0.9807453416149068,0.006999412900631288,0.9742857142857143,22.76114268969994
segment,KarciFANN,101,121,0.008123038706154108,0.9614906832298137,0.010744902813318507,0.9628571428571429,4.147785631517898
segment,KarciFANN,101,122,0.005912274327030951,0.9720496894409938,0.010222123739423362,0.9571428571428572,27.01598160645497
segment,KarciFANN,101,123,0.005444216281016975,0.9732919254658385,0.009695114264627592,0.9571428571428572,22.32529916200664
segment,KarciFANN,101,124,0.004105486610974206,0.9782608695652174,0.008944346035765235,0.9628571428571429,2.307620812117603
segment,KarciFANN,101,125,0.0034096342503073785,0.9813664596273292,0.007758385285914978,0.9714285714285714,20.77141825819105
segment,KarciFANN,101,126,0.0035042602641515612,0.9795031055900622,0.008191806620044125,0.96,45.19818355635856
segment,KarciFANN,101,127,0.003846507350968922,0.9788819875776398,0.007145029476417417,0.9657142857142857,37.1438806283557
segment,KarciFANN,101,128,0.0033790645317674107,0.9801242236024845,0.007307148736493932,0.9657142857142857,33.31239422978905
segment,KarciFANN,101,129,0.010110670366950467,0.9590062111801242,0.012463329186909674,0.94,3.083930303199144
segment,KarciFANN,101,130,0.0036561018015941198,0.9807453416149068,0.008206098593321833,0.9657142857142857,51.96164016551413
segment,KarciFANN,101,131,0.004566202342581674,0.9782608695652174,0.008580151224493644,0.9628571428571429,31.74949918571123
segment,KarciFANN,101,132,0.006345773621784027,0.968944099378882,0.010490196327111529,0.9628571428571429,12.434357572478035
segment,KarciFANN,101,133,0.0035800830185822932,0.9813664596273292,0.007732112563267049,0.9742857142857143,2.766899574394116
segment,KarciFANN,101,134,0.0044986893627376335,0.9757763975155279,0.008018845588960924,0.9685714285714285,3.604283174364265
segment,KarciFANN,101,135,0.0034178628920008094,0.9795031055900622,0.007925315252676174,0.9685714285714285,3.495796078080314
segment,KarciFANN,101,136,0.0036739428028853428,0.9801242236024845,0.008885694214992424,0.9628571428571429,2.821539878586725
segment,KarciFANN,101,137,0.0040195540957599,0.977639751552795,0.008448987425935481,0.9685714285714285,16.973775830415995
segment,KarciFANN,101,138,0.003584338147242009,0.9801242236024845,0.007655615816560975,0.9685714285714285,15.115576892890966
segment,KarciFANN,101,139,0.005630780737461532,0.9726708074534162,0.008768952363386762,0.96,22.868117121230462
segment,KarciFANN,101,140,0.004019162644141272,0.9770186335403727,0.00885387343106201,0.9628571428571429,17.190831876517127
segment,KarciFANN,101,141,0.0038307971632077645,0.9782608695652174,0.00907386690262675,0.96,212.906329579978
segment,KarciFANN,101,142,0.003583587649983309,0.9813664596273292,0.008783783407268661,0.9657142857142857,15.209249880443865
segment,KarciFANN,101,143,0.005459853544590987,0.9720496894409938,0.008864183606743424,0.9685714285714285,9.726322170785904
segment,KarciFANN,101,144,0.005650789107467662,0.9701863354037267,0.008949149169876864,0.9628571428571429,124.11289292834961
segment,KarciFANN,101,145,0.004354744724059036,0.9763975155279503,0.008200738422377734,0.9657142857142857,32.12467242095936
segment,KarciFANN,101,146,0.003654674457555161,0.9801242236024845,0.007926620109493429,0.9685714285714285,86.8053397902128
segment,KarciFANN,101,147,0.005767586169675426,0.9683229813664597,0.010251714973622927,0.9542857142857143,69.01505979710888
segment,KarciFANN,101,148,0.014764508268619643,0.9552795031055901,0.01783885125669273,0.9314285714285714,7.969526202781851
segment,KarciFANN,101,149,0.00363905598862696,0.9819875776397515,0.007916477316717073,0.9657142857142857,59.07455550964616
segment,KarciFANN,101,150,0.00476479418582885,0.9782608695652174,0.009108224283626511,0.9685714285714285,14.38257672026511
segment,KarciFANN,101,151,0.004668031431900087,0.977639751552795,0.009162312509102143,0.9571428571428572,237.24372558978374
segment,KarciFANN,101,152,0.003995911123158933,0.9770186335403727,0.008042865600678118,0.9685714285714285,134.84100552203773
segment,KarciFANN,101,153,0.005561370178788658,0.9732919254658385,0.009740185682270962,0.9628571428571429,80.9593752240921
segment,KarciFANN,101,154,0.0034977880464913827,0.9807453416149068,0.009200919856575373,0.96,49.341522292252066
segment,KarciFANN,101,155,0.0035988794721060415,0.9801242236024845,0.007724604557510161,0.9714285714285714,169.77911118992446
segment,KarciFANN,101,156,0.003243188324432218,0.9819875776397515,0.008176725865189203,0.9628571428571429,208.04649176422544
segment,KarciFANN,101,157,0.0035264160739721787,0.9807453416149068,0.00770463401024627,0.9685714285714285,23.456591460156282
segment,KarciFANN,101,158,0.0031774137683442914,0.9832298136645963,0.007861715964206664,0.9714285714285714,25.848164813994405
segment,KarciFANN,101,159,0.005930343947800557,0.9770186335403727,0.008920069319775119,0.9628571428571429,19.78522797597873
segment,KarciFANN,101,160,0.004776475846101913,0.9782608695652174,0.007091880500483768,0.9742857142857143,3.6291357229178236
segment,KarciFANN,101,161,0.004056911979663347,0.9788819875776398,0.007791402505819193,0.9714285714285714,44.14407187133289
segment,KarciFANN,101,162,0.003722861896010367,0.9788819875776398,0.007626271943711751,0.9714285714285714,24.641891816316
segment,KarciFANN,101,163,0.0069522777500033274,0.9683229813664597,0.00956510505883739,0.9628571428571429,52.02066541436929
segment,KarciFANN,101,164,0.004832174316086487,0.9763975155279503,0.008880944711410085,0.9685714285714285,10.567570660024268
segment,KarciFANN,101,165,0.00357356191940259,0.9813664596273292,0.0075480233925424465,0.9685714285714285,35.50186743161886
segment,KarciFANN,101,166,0.004069336868942014,0.9770186335403727,0.009018317941846939,0.9628571428571429,34.62560647225439
segment,KarciFANN,101,167,0.0035021628335673268,0.9832298136645963,0.007394491970560096,0.9685714285714285,44.39220047506455
segment,KarciFANN,101,168,0.003288887144222609,0.9819875776397515,0.0071737375918829735,0.9714285714285714,27.754170753708067
segment,KarciFANN,101,169,0.005213226436631317,0.9739130434782609,0.008660577919780473,0.9628571428571429,12.846282567450686
segment,KarciFANN,101,170,0.013317029194877195,0.9422360248447205,0.01558467417245124,0.9428571428571428,3.2647805703201964
segment,KarciFANN,101,171,0.004161340532682467,0.9782608695652174,0.009355355550371322,0.9628571428571429,3.6986230023493754
segment,KarciFANN,101,172,0.0033384072712126602,0.9801242236024845,0.007864621456626534,0.9714285714285714,30.854219169670763
segment,KarciFANN,101,173,0.003441693436235219,0.9795031055900622,0.007960481388761327,0.9685714285714285,23.86873153531959
segment,KarciFANN,101,174,0.004413586011480998,0.9807453416149068,0.009589464832314907,0.9628571428571429,115.6621478574146
segment,KarciFANN,101,175,0.003778715872646902,0.9807453416149068,0.008300970514338969,0.9657142857142857,76.94944596918646
segment,KarciFANN,101,176,0.003784832059468722,0.9795031055900622,0.008737561815588072,0.96,101.74236077090252
segment,KarciFANN,101,177,0.004853527567908441,0.977639751552795,0.009485047079912056,0.96,11.295183235110844
segment,KarciFANN,101,178,0.0070178383464758465,0.9664596273291925,0.009992754562356517,0.9571428571428572,4.3675157615211795
segment,KarciFANN,101,179,0.0031068087006343383,0.9826086956521739,0.00785466742216735,0.9657142857142857,119.92505243573272
segment,KarciFANN,101,180,0.00418124993116436,0.9788819875776398,0.008962804260612918,0.9628571428571429,23.12374121172756
segment,KarciFANN,101,181,0.003321500159993313,0.9788819875776398,0.008016971615910442,0.9657142857142857,67.13230986742919
segment,KarciFANN,101,182,0.0035640071333533376,0.9801242236024845,0.008620408117248835,0.9657142857142857,41.908679296853
segment,KarciFANN,101,183,0.003283582849000874,0.9795031055900622,0.008043319090098743,0.9657142857142857,3.722102780731655
segment,KarciFANN,101,184,0.003338606348090313,0.9801242236024845,0.008411098742078167,0.96,80.32026994926201
segment,KarciFANN,101,185,0.0038977439565231298,0.9795031055900622,0.007888847608543225,0.9628571428571429,31.12927758644997
segment,KarciFANN,101,186,0.003776443092297917,0.9819875776397515,0.008527089649351576,0.9628571428571429,165.79899592591784
segment,KarciFANN,101,187,0.004699517614248505,0.9795031055900622,0.008722467386111907,0.9685714285714285,80.0590306679451
segment,KarciFANN,101,188,0.0035521474498327087,0.9819875776397515,0.007969808030062862,0.9714285714285714,13.137513944071031
segment,KarciFANN,101,189,0.007360706708300455,0.968944099378882,0.01271978467170975,0.9571428571428572,3.202074841251359
segment,KarciFANN,101,190,0.003457208412383427,0.9819875776397515,0.0070231573034529255,0.9714285714285714,47.93970185449497
segment,KarciFANN,101,191,0.0033491709216551444,0.9819875776397515,0.007862258554072113,0.9628571428571429,33.189850417954055
segment,KarciFANN,101,192,0.003875097025034119,0.9782608695652174,0.007791620629994843,0.9685714285714285,3.7264581412609794
segment,KarciFANN,101,193,0.0032920885678868403,0.9813664596273292,0.008495979543746276,0.9628571428571429,186.05645545050317
segment,KarciFANN,101,194,0.003268798308929416,0.9813664596273292,0.008972707963229763,0.9628571428571429,24.258762190464722
segment,KarciFANN,101,195,0.007554572864017451,0.9658385093167702,0.009246870090476986,0.96,2.9381587344397233
segment,KarciFANN,101,196,0.0036349340464006245,0.9801242236024845,0.007743221588646715,0.9657142857142857,66.62207284934901
segment,KarciFANN,101,197,0.0035566410468748214,0.9795031055900622,0.009063355826970702,0.96,41.849145924534504
segment,KarciFANN,101,198,0.0035444827715795835,0.9801242236024845,0.0077269328102520275,0.9742857142857143,66.52383591520177
segment,KarciFANN,101,199,0.0032058931031475058,0.9819875776397515,0.0083713240323686,0.9628571428571429,3.7359636044586595
segment,KarciFANN,101,200,0.004148398624206915,0.9813664596273292,0.008651883719365285,0.9657142857142857,70.8549857673014
segment,KarciFANN,101,201,0.004783541839929155,0.9782608695652174,0.008494957635708051,0.9657142857142857,126.70132711245648
segment,KarciFANN,101,202,0.0031945512310418483,0.9819875776397515,0.008338862169544608,0.9628571428571429,29.113500756977515
segment,KarciFANN,101,203,0.0031520448233621967,0.9819875776397515,0.007712600259178802,0.9742857142857143,24.50013112194211
segment,KarciFANN,101,204,0.0032649151399325735,0.9813664596273292,0.008338994384059918,0.9628571428571429,3.7165333792491633
segment,KarciFANN,101,205,0.0036917702122736384,0.9801242236024845,0.009764427539264698,0.96,28.201709416970502
segment,KarciFANN,101,206,0.0034850674010635605,0.9813664596273292,0.008797016170014733,0.9657142857142857,70.8826368422173
segment,KarciFANN,101,207,0.003239600495839313,0.9832298136645963,0.00837647813482566,0.9742857142857143,117.41341956856733
segment,KarciFANN,101,208,0.0036082548767522164,0.9807453416149068,0.009123576742300398,0.9657142857142857,32.4265692644719
segment,KarciFANN,101,209,0.007159849867832171,0.9645962732919254,0.011443270290570219,0.96,3.294192281617112
segment,KarciFANN,101,210,0.00360064354575299,0.9807453416149068,0.008473578495227995,0.9685714285714285,34.8990373116786
segment,KarciFANN,101,211,0.003323018654069222,0.9819875776397515,0.007976842259159542,0.9714285714285714,107.07168428577248
segment,KarciFANN,101,212,0.0031783947628890143,0.9826086956521739,0.008148931435170733,0.9685714285714285,31.219425466621182
segment,KarciFANN,101,213,0.0030203174085045702,0.9826086956521739,0.008488659611345737,0.96,3.7753214754025244
segment,KarciFANN,101,214,0.0037977965238338122,0.9801242236024845,0.008072159349971846,0.9685714285714285,40.21732409630137
segment,KarciFANN,101,215,0.0034073194659243137,0.9807453416149068,0.008378950255562454,0.9657142857142857,136.81278480957315
segment,KarciFANN,101,216,0.008396033019254102,0.9701863354037267,0.010345315318408314,0.96,10.380520071647934
segment,KarciFANN,101,217,0.0039222613829579004,0.9826086956521739,0.008084495001332955,0.9742857142857143,30.85520009423299
segment,KarciFANN,101,218,0.005297740790446563,0.9757763975155279,0.010367012284456375,0.96,5.087867865240892
segment,KarciFANN,101,219,0.003228186168957946,0.9838509316770186,0.008750852179002847,0.9628571428571429,53.85946591693294
segment,KarciFANN,101,220,0.0030774887020150964,0.984472049689441,0.008094267699098016,0.9685714285714285,227.80462830066782
segment,KarciFANN,101,221,0.0033174288648011928,0.9832298136645963,0.008804283017421513,0.9657142857142857,43.410316244702216
segment,KarciFANN,101,222,0.010628914000504173,0.968944099378882,0.014102767132840623,0.9571428571428572,9.543719137256975
segment,KarciFANN,101,223,0.0033488022969485995,0.9826086956521739,0.007542469711067673,0.9742857142857143,59.253228607279546
segment,KarciFANN,101,224,0.0032123961099634075,0.9838509316770186,0.0076290427067454815,0.9742857142857143,33.358430685339485
segment,KarciFANN,101,225,0.009291292481569619,0.9614906832298137,0.010991539955572838,0.9542857142857143,4.506535105980285
segment,KarciFANN,101,226,0.00486158839408972,0.9801242236024845,0.008292087382841791,0.9742857142857143,2.7653799875513347
segment,KarciFANN,101,227,0.0033774815948409928,0.9819875776397515,0.0075548907792458795,0.9714285714285714,58.55837725505076
segment,KarciFANN,101,228,0.004187847382978614,0.9782608695652174,0.008783180006472664,0.9685714285714285,37.286086102783266
segment,KarciFANN,101,229,0.004105338156968886,0.9788819875776398,0.008298347836773069,0.9771428571428571,23.957341863742567
segment,KarciFANN,101,230,0.003094361265199868,0.9838509316770186,0.008633140181180507,0.9657142857142857,3.6946137648311663
segment,KarciFANN,101,231,0.003197338657551407,0.9826086956521739,0.008374888857659668,0.9714285714285714,21.963297676284725
segment,KarciFANN,101,232,0.003588164878410353,0.9801242236024845,0.008604219151415448,0.9657142857142857,3.8086236289710635
segment,KarciFANN,101,233,0.004664419132256988,0.9763975155279503,0.009550554585098946,0.9685714285714285,99.16023217521911
segment,KarciFANN,101,234,0.003659184125806535,0.9801242236024845,0.00934991270318221,0.9628571428571429,38.04808718484389
segment,KarciFANN,101,235,0.004215264751217488,0.9782608695652174,0.010085953323339898,0.9628571428571429,14.17653153619076
segment,KarciFANN,101,236,0.0033683082430519306,0.9832298136645963,0.00857297692305274,0.9714285714285714,81.17232892479359
segment,KarciFANN,101,237,0.005946710570118259,0.9726708074534162,0.009838163650079007,0.9657142857142857,107.28822281628072
segment,KarciFANN,101,238,0.004090677244873926,0.9795031055900622,0.008776865259088188,0.9714285714285714,234.0681295117668
segment,KarciFANN,101,239,0.0030473021771958075,0.9838509316770186,0.008147509361529932,0.9742857142857143,59.956962105885296
segment,KarciFANN,101,240,0.003155424007155965,0.9832298136645963,0.009117589714447942,0.96,88.03884503409766
segment,KarciFANN,101,241,0.003396027067270815,0.9795031055900622,0.009467606769971904,0.9628571428571429,206.64778487796664
segment,KarciFANN,101,242,0.003120342149633421,0.9832298136645963,0.008538696181576377,0.9685714285714285,58.7208175835396
segment,KarciFANN,101,243,0.003079305423819351,0.9832298136645963,0.008899427907137625,0.9714285714285714,83.23470551438677
segment,KarciFANN,101,244,0.00852971745159622,0.9614906832298137,0.011092859680240194,0.9657142857142857,4.973388832205813
segment,KarciFANN,101,245,0.004547169931157348,0.9770186335403727,0.010573224966177745,0.9571428571428572,54.84482988918166
segment,KarciFANN,101,246,0.0059334562229628,0.9751552795031055,0.00876358145624008,0.9714285714285714,9.769259352235483
segment,KarciFANN,101,247,0.004093421105919762,0.9782608695652174,0.009395571916708109,0.9657142857142857,238.94481193072244
segment,KarciFANN,101,248,0.008441338096561972,0.962111801242236,0.010390788142296204,0.9685714285714285,6.350456936573216
segment,KarciFANN,101,249,0.0031849338655905884,0.984472049689441,0.008846563326425439,0.9714285714285714,72.16093364735566
segment,KarciFANN,101,250,0.0029733945485848853,0.9838509316770186,0.008374272351059801,0.9685714285714285,3.807002638409429
segment,KarciFANN,101,251,0.003583615796623536,0.977639751552795,0.009492755634803078,0.9628571428571429,3.8167994514283285
segment,KarciFANN,101,252,0.003408921099590827,0.9801242236024845,0.009331915616506835,0.96,2.9251285087804146
segment,KarciFANN,101,253,0.0031960644726861456,0.9819875776397515,0.00930019681306209,0.9657142857142857,125.60458184418528
segment,KarciFANN,101,254,0.0033882473357332776,0.9826086956521739,0.007659039843228209,0.9714285714285714,218.3374954219911
segment,KarciFANN,101,255,0.0038721756081266036,0.9807453416149068,0.00835619337929972,0.9685714285714285,73.58057343188757
segment,KarciFANN,101,256,0.0030348514617727315,0.9832298136645963,0.009071531868439456,0.96,70.93781097222775
segment,KarciFANN,101,257,0.006196218467687649,0.977639751552795,0.008874780719230053,0.9742857142857143,9.513744340116748
segment,KarciFANN,101,258,0.003324622441075864,0.9838509316770186,0.00891817662028926,0.9657142857142857,115.44507448747162
segment,KarciFANN,101,259,0.0032882534509915636,0.984472049689441,0.007831887300477106,0.9714285714285714,159.60895523593004
segment,KarciFANN,101,260,0.0030989231811221103,0.9838509316770186,0.0073113969282499625,0.9742857142857143,54.30324778208381
segment,KarciFANN,101,261,0.0034156703854618725,0.9813664596273292,0.008087821851039038,0.9714285714285714,80.54319969782591
segment,KarciFANN,101,262,0.009876423359834203,0.9527950310559006,0.013932358712515478,0.9485714285714286,5.688394360901221
segment,KarciFANN,101,263,0.004008691760177813,0.9782608695652174,0.010461131816954117,0.9657142857142857,19.472022391564423
segment,KarciFANN,101,264,0.0030102513852310712,0.9819875776397515,0.008518463681227686,0.9657142857142857,226.9110638544202
segment,KarciFANN,101,265,0.004841123763340169,0.9763975155279503,0.00941170507196379,0.9657142857142857,42.952699021733196
segment,KarciFANN,101,266,0.002970259760128579,0.9838509316770186,0.00764029795587021,0.9685714285714285,36.49725764276221
segment,KarciFANN,101,267,0.0029888457837098027,0.9857142857142858,0.0070158209614820475,0.9742857142857143,3.8715954485929327
segment,KarciFANN,101,268,0.002955903853662293,0.986335403726708,0.00703236935813412,0.98,2.96745343434981
segment,KarciFANN,101,269,0.0030215707366875897,0.9857142857142858,0.006718751774058029,0.9771428571428571,100.72812189146121
segment,KarciFANN,101,270,0.0032743779213807536,0.984472049689441,0.008578762868284103,0.9771428571428571,73.5422636177308
segment,KarciFANN,101,271,0.01629470617337408,0.9850931677018634,0.01786705979362949,0.9742857142857143,8.323533537591635
segment,KarciFANN,101,272,0.004824244788940933,0.977639751552795,0.009180190447214399,0.96,95.06412854778847
segment,KarciFANN,101,273,0.002539823637961808,0.9881987577639751,0.008486866065317322,0.9657142857142857,36.984422076369995
segment,KarciFANN,101,274,0.0025246978808901306,0.9881987577639751,0.007897420761253583,0.9742857142857143,38.07442667268964
segment,KarciFANN,101,275,0.0036551192574554676,0.9819875776397515,0.009005787775795608,0.9628571428571429,142.3896017069087
segment,KarciFANN,101,276,0.003434904717644578,0.986335403726708,0.007324667652151033,0.98,10.933284370031657
segment,KarciFANN,101,277,0.0023840667818665552,0.9881987577639751,0.007456430948105093,0.9685714285714285,3.9099188682791426
segment,KarciFANN,101,278,0.0027219735556580477,0.986335403726708,0.0061039355261179925,0.9771428571428571,192.7922023567434
segment,KarciFANN,101,279,0.0025529022109476037,0.986335403726708,0.006201944773730482,0.9714285714285714,3.8691160473165622
segment,KarciFANN,101,280,0.002204831522638813,0.9888198757763975,0.006058967098821227,0.9771428571428571,50.84194617196485
segment,KarciFANN,101,281,0.0028923232758184896,0.984472049689441,0.008036981599632788,0.9685714285714285,3.9273618112175863
segment,KarciFANN,101,282,0.002476100508723032,0.9881987577639751,0.006334342249776993,0.98,169.09593694373928
segment,KarciFANN,101,283,0.0026417197814133033,0.9857142857142858,0.008145929136360745,0.9685714285714285,68.60054916861891
segment,KarciFANN,101,284,0.002066877574230791,0.9894409937888199,0.007126373032205158,0.9742857142857143,12.051468008054972
segment,KarciFANN,101,285,0.0033498619876414933,0.9838509316770186,0.00923996689069701,0.9685714285714285,348.1292818393138
segment,KarciFANN,101,286,0.0020849718721194558,0.9888198757763975,0.006611632570267245,0.9771428571428571,37.30908809988885
segment,KarciFANN,101,287,0.002929092872822327,0.9838509316770186,0.0067001142120241405,0.9771428571428571,75.0769762231534
segment,KarciFANN,101,288,0.0024310621547515322,0.9875776397515528,0.007180525497662662,0.9742857142857143,79.7886098307786
segment,KarciFANN,101,289,0.0021246649655915486,0.9881987577639751,0.0070375338331093214,0.9742857142857143,99.33285566123244
segment,KarciFANN,101,290,0.0024532693106222394,0.986335403726708,0.00725768932894253,0.9742857142857143,42.991340424750526
segment,KarciFANN,101,291,0.0024280958685293677,0.9881987577639751,0.006751202253277903,0.98,31.67920291954951
segment,KarciFANN,101,292,0.002304616714613696,0.9881987577639751,0.007761766893174456,0.9714285714285714,50.77780645027639
segment,KarciFANN,101,293,0.0024644016493465945,0.9881987577639751,0.007643461275193786,0.9714285714285714,3.9450024683364773
segment,KarciFANN,101,294,0.002195467001571977,0.9875776397515528,0.007374479173272976,0.9714285714285714,75.29861342397201
segment,KarciFANN,101,295,0.002182751854505094,0.9881987577639751,0.007531482377643401,0.9685714285714285,83.43644978695146
segment,KarciFANN,101,296,0.0072082879224155474,0.9795031055900622,0.013283074041488938,0.9571428571428572,10.332947163305322
segment,KarciFANN,101,297,0.0024452742229591775,0.9869565217391304,0.006569110951452391,0.98,410.4326408430139
segment,KarciFANN,101,298,0.0021480232884163192,0.9869565217391304,0.007550505204437644,0.9714285714285714,3.952088305364963
segment,KarciFANN,101,299,0.0021444025458259366,0.9888198757763975,0.006267951650123531,0.98,174.79919400686885
segment,KarciFANN,101,300,0.0021200618198146427,0.9881987577639751,0.007292463411686226,0.9685714285714285,82.07293548766897
segment,KarciFANN,101,301,0.0033324308949099863,0.984472049689441,0.007891933172420745,0.9714285714285714,56.85650355788897
segment,KarciFANN,101,302,0.002476025335003324,0.9881987577639751,0.006570310340890107,0.98,68.9469200637854
segment,KarciFANN,101,303,0.0026169896559637877,0.9869565217391304,0.006682099152034984,0.9771428571428571,3.237289811222613
segment,KarciFANN,101,304,0.005114732355778153,0.9757763975155279,0.01015538785741594,0.9628571428571429,66.38465831151633
segment,KarciFANN,101,305,0.002896556503642615,0.9857142857142858,0.008316416578208405,0.9657142857142857,271.5969303365846
segment,KarciFANN,101,306,0.002152291964617047,0.9881987577639751,0.007359609383567991,0.9714285714285714,40.4071382243445
segment,KarciFANN,101,307,0.0020066084153786885,0.9894409937888199,0.006641396182633812,0.9771428571428571,48.34309161266321
segment,KarciFANN,101,308,0.00203359330106337,0.9894409937888199,0.007243880089759609,0.9771428571428571,69.7306619632582
segment,KarciFANN,101,309,0.0030774238525087746,0.9838509316770186,0.00798273946438968,0.9714285714285714,91.0308420786784
segment,KarciFANN,101,310,0.001983292482520575,0.9888198757763975,0.006672647617356916,0.9771428571428571,19.8942315913101
segment,KarciFANN,101,311,0.002284075003745672,0.9875776397515528,0.006756672107001826,0.98,159.19740587945472
segment,KarciFANN,101,312,0.001974122098303041,0.9894409937888199,0.006101972321463182,0.98,104.85375739582678
segment,KarciFANN,101,313,0.003062940890177562,0.9819875776397515,0.007696788719138231,0.9714285714285714,87.45890885812653
segment,KarciFANN,101,314,0.0018849602603959186,0.9894409937888199,0.007232934872594808,0.9714285714285714,25.27570893261061
segment,KarciFANN,101,315,0.002579319201150095,0.9875776397515528,0.0064896969906645535,0.9828571428571429,20.610700607529886
segment,KarciFANN,101,316,0.004203046345112359,0.9801242236024845,0.008674144920328235,0.9657142857142857,85.13302767121462
segment,KarciFANN,101,317,0.0026647927619154453,0.984472049689441,0.0070540305443009,0.9771428571428571,199.61184982716188
segment,KarciFANN,101,318,0.0021628696207724556,0.9888198757763975,0.007091983189925114,0.9742857142857143,100.56211391449597
segment,KarciFANN,101,319,0.002639022887879258,0.986335403726708,0.007405389772033126,0.9742857142857143,16.67045494643511
segment,KarciFANN,101,320,0.002226663597748682,0.9875776397515528,0.006751368354406446,0.98,37.953417419866156
segment,KarciFANN,101,321,0.0022292726564329935,0.9875776397515528,0.0077399342827156395,0.9685714285714285,39.45411437030229
segment,KarciFANN,101,322,0.0028314856184132537,0.9875776397515528,0.007785927928374679,0.9714285714285714,4.0216678258342915
segment,KarciFANN,101,323,0.002313369757687604,0.9869565217391304,0.006857422894986583,0.9742857142857143,3.999519837612818
segment,KarciFANN,101,324,0.0028687404860744327,0.9857142857142858,0.007790091097293822,0.9685714285714285,104.30042567072888
segment,KarciFANN,101,325,0.0025835716099501583,0.9850931677018634,0.006792327566755194,0.9714285714285714,137.45543756311162
segment,KarciFANN,101,326,0.00186201133439763,0.9894409937888199,0.007065416533599634,0.9742857142857143,120.17255787593282
segment,KarciFANN,101,327,0.002818762640153548,0.9857142857142858,0.006676777318945429,0.9771428571428571,29.193813208444393
segment,KarciFANN,101,328,0.001959294313779611,0.9894409937888199,0.0060615044176170205,0.98,56.224440771839404
segment,KarciFANN,101,329,0.0024541679199124454,0.9857142857142858,0.007044625091108032,0.9714285714285714,48.815282531256415
segment,KarciFANN,101,330,0.0019728417577181074,0.9900621118012423,0.006567143993870434,0.98,53.523423275767136
segment,KarciFANN,101,331,0.0019764278897915297,0.9888198757763975,0.006866226938605811,0.9714285714285714,99.42907282466459
segment,KarciFANN,101,332,0.003272647703261935,0.984472049689441,0.008734453071342995,0.9628571428571429,36.68360094493857
segment,KarciFANN,101,333,0.003123647479868057,0.9850931677018634,0.007937079891642744,0.9657142857142857,21.71692772595322
segment,KarciFANN,101,334,0.0030032017101503158,0.986335403726708,0.005730213211909082,0.98,257.7708777755938
segment,KarciFANN,101,335,0.0024770127045389066,0.9850931677018634,0.007288390790616959,0.9714285714285714,43.28481881267116
segment,KarciFANN,101,336,0.0017572596357121552,0.9900621118012423,0.006084880181205608,0.9742857142857143,129.3543241043994
segment,KarciFANN,101,337,0.0029987738848867036,0.9869565217391304,0.006559597305673394,0.9742857142857143,132.58316289287427
segment,KarciFANN,101,338,0.0021413413992068453,0.9894409937888199,0.007319456462682089,0.9685714285714285,40.03835771756614
segment,KarciFANN,101,339,0.002019689569387162,0.9900621118012423,0.008149035579696002,0.9714285714285714,3.139327865173581
segment,KarciFANN,101,340,0.0018457601326847919,0.9900621118012423,0.006122337596107614,0.9771428571428571,105.66998032540822
segment,KarciFANN,101,341,0.001992508014158481,0.9894409937888199,0.006162161634930912,0.9771428571428571,40.47208998918146
segment,KarciFANN,101,342,0.0018349278851637289,0.9906832298136646,0.007692092200853864,0.9685714285714285,145.19194697053837
segment,KarciFANN,101,343,0.002049667151928344,0.9894409937888199,0.006162123462156012,0.9771428571428571,159.77349023786485
segment,KarciFANN,101,344,0.002411821205054532,0.9869565217391304,0.007243656645089238,0.9771428571428571,3.9763480151082917
segment,KarciFANN,101,345,0.0021277491880599014,0.9881987577639751,0.006601887775669126,0.9771428571428571,4.041129446498981
segment,KarciFANN,101,346,0.0020604054011767467,0.9888198757763975,0.007314017790693992,0.9685714285714285,48.40760704495372
segment,KarciFANN,101,347,0.0019034994609077054,0.9900621118012423,0.007273577820479699,0.9714285714285714,60.71221129125421
segment,KarciFANN,101,348,0.002381697082312612,0.9875776397515528,0.006729488229300637,0.9771428571428571,191.99616932087278
segment,KarciFANN,101,349,0.0017755126839148242,0.9900621118012423,0.006631954171234818,0.9742857142857143,121.21305326896531
segment,KarciFANN,101,350,0.0031496378233447464,0.9857142857142858,0.006505691225757109,0.9742857142857143,274.1905909362674
segment,KarciFANN,102,1,0.10425221684135941,0.3204968944099379,0.10473615144317626,0.3171428571428571,1.222451173030414
segment,KarciFANN,102,2,0.047291530553095956,0.7571428571428571,0.04511232690830555,0.7628571428571429,1.6755538719966625
segment,KarciFANN,102,3,0.03512332731533736,0.8372670807453416,0.03374477511083432,0.8514285714285714,2.3080160047314284
segment,KarciFANN,102,4,0.06342860567659489,0.7807453416149068,0.06495203281265231,0.76,1.9780980617211372
segment,KarciFANN,102,5,0.018626303014849035,0.9236024844720497,0.019267183123794544,0.9171428571428571,2.053971666775257
segment,KarciFANN,102,6,0.019049498428275018,0.9136645962732919,0.0191354153756809,0.9085714285714286,5.584299430549547
segment,KarciFANN,102,7,0.021666782956240048,0.9049689440993789,0.021024293255198133,0.9142857142857143,2.822231791403828
segment,KarciFANN,102,8,0.024409604643540035,0.8962732919254658,0.024576806705381548,0.9028571428571428,1.6199158904782653
segment,KarciFANN,102,9,0.02063198381079182,0.924223602484472,0.02339766268306083,0.92,2.2023344925716906
segment,KarciFANN,102,10,0.019081863401697284,0.9186335403726708,0.020016861303179357,0.9228571428571428,1.7363555573193459
segment,KarciFANN,102,11,0.020479299776749324,0.9130434782608695,0.018935785563012453,0.9228571428571428,4.111273065078797
segment,KarciFANN,102,12,0.014313163573985169,0.9329192546583851,0.015238243859493227,0.9314285714285714,2.939225525394811
segment,KarciFANN,102,13,0.01301364632800883,0.9397515527950311,0.01441890468591135,0.9371428571428572,6.420806604469295
segment,KarciFANN,102,14,0.0257374916916671,0.8950310559006212,0.024152307074251533,0.9171428571428571,2.348721418380494
segment,KarciFANN,102,15,0.011808136279803979,0.9409937888198758,0.013902787407021755,0.9314285714285714,16.558710793028666
segment,KarciFANN,102,16,0.011932627628891938,0.9472049689440993,0.014334874750634618,0.94,2.8350358976042465
segment,KarciFANN,102,17,0.025160220014846357,0.9105590062111801,0.027662616649979585,0.8914285714285715,4.63034585482639
segment,KarciFANN,102,18,0.020173720950800802,0.9124223602484473,0.02002332055845068,0.9114285714285715,7.491869846161716
segment,KarciFANN,102,19,0.010717503414111179,0.9490683229813665,0.013213203183009274,0.94,18.581367736927447
segment,KarciFANN,102,20,0.017304542038116853,0.9360248447204969,0.020382174260031118,0.9314285714285714,5.885667564217554
segment,KarciFANN,102,21,0.01329730268757932,0.9385093167701863,0.014598725409637206,0.9257142857142857,28.851282431863268
segment,KarciFANN,102,22,0.014167770925932516,0.937888198757764,0.016330852414842997,0.9314285714285714,7.10236621409092
segment,KarciFANN,102,23,0.011287050503706758,0.9440993788819876,0.013047890709264574,0.9342857142857143,10.708367797827005
segment,KarciFANN,102,24,0.00949865048291227,0.9503105590062112,0.011875918279453118,0.9342857142857143,2.854001885120833
segment,KarciFANN,102,25,0.025424297690478916,0.8888198757763975,0.027438959364903356,0.8828571428571429,2.9922497354746733
segment,KarciFANN,102,26,0.009179482472235236,0.9552795031055901,0.011731326914454185,0.9428571428571428,2.7944857151801394
segment,KarciFANN,102,27,0.014717319415069536,0.9279503105590062,0.017979299571383917,0.9257142857142857,2.6709609778310055
segment,KarciFANN,102,28,0.01715020549365839,0.9211180124223602,0.020344815643858073,0.9057142857142857,6.538491578848708
segment,KarciFANN,102,29,0.0327169470934918,0.8701863354037267,0.034400883224568864,0.8685714285714285,3.7391398687185142
segment,KarciFANN,102,30,0.012608826525407485,0.9385093167701863,0.016546078999649574,0.9314285714285714,2.1807111933981376
segment,KarciFANN,102,31,0.008915086838165085,0.953416149068323,0.01275727958353722,0.9342857142857143,18.230934994269823
segment,KarciFANN,102,32,0.011125688216898678,0.9496894409937888,0.013899288313643749,0.9371428571428572,2.697908822453134
segment,KarciFANN,102,33,0.028725906762578576,0.8857142857142857,0.02993412922137192,0.8771428571428571,3.4403231955413385
segment,KarciFANN,102,34,0.01133867627086584,0.9409937888198758,0.015067040481406387,0.9371428571428572,18.629370599755095
segment,KarciFANN,102,35,0.008554489612751862,0.9540372670807453,0.011888514539607714,0.9371428571428572,29.740779900724185
segment,KarciFANN,102,36,0.03558952851650897,0.868944099378882,0.0363077040999602,0.8742857142857143,3.215619213321941
segment,KarciFANN,102,37,0.009771922939429727,0.9527950310559006,0.012207491368849679,0.9371428571428572,1.9867819327758283
segment,KarciFANN,102,38,0.010962569985774431,0.9434782608695652,0.01289264205179957,0.9457142857142857,7.736736200377701
segment,KarciFANN,102,39,0.014634239873508434,0.9285714285714286,0.017381524104658333,0.9228571428571428,9.633691093887158
segment,KarciFANN,102,40,0.00816088010350629,0.9559006211180124,0.011830381250897998,0.94,2.9271067339845924
segment,KarciFANN,102,41,0.008259672953169124,0.9546583850931677,0.011420192629139727,0.9428571428571428,11.62693535266624
segment,KarciFANN,102,42,0.011196156530574639,0.9422360248447205,0.01494867339578884,0.9314285714285714,29.5555964189525
segment,KarciFANN,102,43,0.01064400492909721,0.9496894409937888,0.014713842354567694,0.9371428571428572,2.440463660910935
segment,KarciFANN,102,44,0.00921100169125071,0.9484472049689441,0.011809114182972716,0.9428571428571428,36.00484839232762
segment,KarciFANN,102,45,0.013874268614428684,0.9335403726708075,0.017380825160285357,0.9257142857142857,2.3769829948985604
segment,KarciFANN,102,46,0.016313641989219554,0.9260869565217391,0.020110004741605153,0.9171428571428571,3.0366018494809794
segment,KarciFANN,102,47,0.0086317561635042,0.9565217391304348,0.013294954954126161,0.94,6.9375637633177965
segment,KarciFANN,102,48,0.009348033133881179,0.9490683229813665,0.012092055324766312,0.9457142857142857,2.8695259929120915
segment,KarciFANN,102,49,0.008820645620976793,0.9527950310559006,0.013687876141784211,0.9342857142857143,21.39561994346155
segment,KarciFANN,102,50,0.018179445014643355,0.9136645962732919,0.0214414706618621,0.9142857142857143,2.542609497765429
segment,KarciFANN,102,51,0.009515917744292127,0.9484472049689441,0.012161391770286394,0.9428571428571428,58.971680116562254
segment,KarciFANN,102,52,0.011820313880974764,0.9409937888198758,0.015719555635884005,0.9257142857142857,45.42480189979632
segment,KarciFANN,102,53,0.013371853173679202,0.9341614906832298,0.015335492207313244,0.9371428571428572,9.046495369431831
segment,KarciFANN,102,54,0.020351009752115,0.9099378881987578,0.02246869804474537,0.9085714285714286,3.5320812627363614
segment,KarciFANN,102,55,0.007098393512121418,0.9614906832298137,0.011904873305175392,0.94,3.030238934817928
segment,KarciFANN,102,56,0.007791213277449687,0.9583850931677018,0.01261557194015798,0.94,61.40156492573619
segment,KarciFANN,102,57,0.007424492224000421,0.9590062111801242,0.011322325152529497,0.9457142857142857,19.685470149958356
segment,KarciFANN,102,58,0.008156484434308362,0.9565217391304348,0.012304246999454403,0.9428571428571428,8.748843083391439
segment,KarciFANN,102,59,0.007421968128422755,0.9577639751552796,0.01158933823944243,0.9428571428571428,30.985044902646774
segment,KarciFANN,102,60,0.006831351340938095,0.9608695652173913,0.011566777689137268,0.94,2.973653647180113
segment,KarciFANN,102,61,0.007158899033953526,0.9602484472049689,0.012371862534391508,0.94,23.82273789439012
segment,KarciFANN,102,62,0.008356771279686245,0.9552795031055901,0.013294660841981054,0.9371428571428572,2.919258009263522
segment,KarciFANN,102,63,0.010369820831384227,0.9509316770186336,0.015042618941621207,0.94,9.796287233154072
segment,KarciFANN,102,64,0.01887255542187594,0.9124223602484473,0.020673288077321144,0.8942857142857142,4.793884463101681
segment,KarciFANN,102,65,0.008575955188503072,0.9521739130434783,0.013130665124853398,0.9371428571428572,3.08300012372732
segment,KarciFANN,102,66,0.022587483533390188,0.9055900621118013,0.024851453764661004,0.9085714285714286,2.976200121052183
segment,KarciFANN,102,67,0.017017736990629376,0.929192546583851,0.020278908915600063,0.9171428571428571,2.0957051504620927
segment,KarciFANN,102,68,0.007137053171443893,0.9602484472049689,0.012789472928444963,0.94,58.41465932873793
segment,KarciFANN,102,69,0.0066246063169110815,0.9614906832298137,0.011912173558767341,0.9342857142857143,74.83659948869804
segment,KarciFANN,102,70,0.007999836441200224,0.962111801242236,0.011136811334464697,0.9457142857142857,4.389823562189183
segment,KarciFANN,102,71,0.007571509166352715,0.9596273291925466,0.013093617624365025,0.94,25.46675516906576
segment,KarciFANN,102,72,0.0068567916487760824,0.9596273291925466,0.012401835347567119,0.9371428571428572,46.108350711613106
segment,KarciFANN,102,73,0.00651172895127997,0.9627329192546584,0.011984186577041953,0.9428571428571428,36.266803932787454
segment,KarciFANN,102,74,0.008757004061518992,0.9540372670807453,0.01364443237456981,0.9371428571428572,25.509438192954505
segment,KarciFANN,102,75,0.016671357760673706,0.9192546583850931,0.019712899403750993,0.9142857142857143,2.5840687933195747
segment,KarciFANN,102,76,0.006586763607419536,0.962111801242236,0.012456179782440723,0.9428571428571428,3.020572306890618
segment,KarciFANN,102,77,0.006862895388488759,0.9627329192546584,0.012415966174983499,0.94,12.374400937470313
segment,KarciFANN,102,78,0.007395020601827302,0.9583850931677018,0.012131034789366467,0.9457142857142857,29.135787812635396
segment,KarciFANN,102,79,0.007771323797625321,0.9571428571428572,0.012939431215012209,0.9342857142857143,2.953695090338141
segment,KarciFANN,102,80,0.006562287284053206,0.9608695652173913,0.011808506338915349,0.9342857142857143,72.14252208402607
segment,KarciFANN,102,81,0.01097248111605565,0.9428571428571428,0.013142814227172152,0.94,7.358647364169357
segment,KarciFANN,102,82,0.00818646722116446,0.9515527950310559,0.011489519620640834,0.9457142857142857,86.99788084264465
segment,KarciFANN,102,83,0.006782854915671136,0.962111801242236,0.011408109493897207,0.9457142857142857,18.963862156824433
segment,KarciFANN,102,84,0.0062825924299598586,0.962111801242236,0.01176460000557419,0.9371428571428572,25.76794774411463
segment,KarciFANN,102,85,0.006458298323930333,0.9614906832298137,0.01185820278957654,0.94,26.809667850400043
segment,KarciFANN,102,86,0.007956155755564886,0.9552795031055901,0.011365182632994388,0.9485714285714286,27.364675899400144
segment,KarciFANN,102,87,0.007817157188196708,0.9559006211180124,0.011935191798603773,0.9457142857142857,2.039317769728105
segment,KarciFANN,102,88,0.007441961382388267,0.9608695652173913,0.012354443244100233,0.94,2.09477928772109
segment,KarciFANN,102,89,0.008362202561811314,0.953416149068323,0.011878882081167356,0.9457142857142857,9.043263920717683
segment,KarciFANN,102,90,0.008226524234598517,0.9565217391304348,0.011921555032562786,0.9428571428571428,2.9058759125209668
segment,KarciFANN,102,91,0.012047681936110693,0.9403726708074535,0.01314657170638875,0.9428571428571428,3.766533861287336
segment,KarciFANN,102,92,0.015598409155130116,0.9403726708074535,0.019152245356754645,0.9257142857142857,4.9714528692120785
segment,KarciFANN,102,93,0.00851777494694336,0.9527950310559006,0.0115252924440386,0.9485714285714286,3.1664390784302254
segment,KarciFANN,102,94,0.005993938824904917,0.9639751552795031,0.011442940992886352,0.94,3.105709622320003
segment,KarciFANN,102,95,0.017497842671921882,0.9167701863354037,0.019543691608360385,0.92,5.327400849422728
segment,KarciFANN,102,96,0.007334253411416573,0.9565217391304348,0.01146918203506524,0.9485714285714286,3.201349290231244
segment,KarciFANN,102,97,0.006419158042503739,0.9602484472049689,0.011700071589529975,0.9428571428571428,21.08263990551596
segment,KarciFANN,102,98,0.006725989146490518,0.9608695652173913,0.012699900797885268,0.94,88.74231619345893
segment,KarciFANN,102,99,0.006543997118822044,0.962111801242236,0.011913606286193463,0.9457142857142857,46.288505822459115
segment,KarciFANN,102,100,0.007042887869811793,0.9602484472049689,0.011316982529472846,0.9428571428571428,62.5538945988
segment,KarciFANN,102,101,0.005936649172094195,0.9627329192546584,0.01142033292354034,0.9428571428571428,58.41046423814344
segment,KarciFANN,102,102,0.007806960013248771,0.9552795031055901,0.011079898927428958,0.9514285714285714,6.474627290415863
segment,KarciFANN,102,103,0.0072477305217538,0.9583850931677018,0.012595485173141236,0.9371428571428572,30.021935263324263
segment,KarciFANN,102,104,0.006161789188590619,0.9627329192546584,0.011935434652640929,0.9428571428571428,2.5210845094947794
segment,KarciFANN,102,105,0.019794456641982497,0.915527950310559,0.021282772344064445,0.9142857142857143,3.766685537889353
segment,KarciFANN,102,106,0.006415907955199507,0.962111801242236,0.011731294146305951,0.9485714285714286,55.72056514508054
segment,KarciFANN,102,107,0.007634159767761098,0.9552795031055901,0.013293592585661058,0.94,2.5643065935673603
segment,KarciFANN,102,108,0.014645141785569662,0.9385093167701863,0.017923498780923936,0.9285714285714286,4.501678875801734
segment,KarciFANN,102,109,0.006861581915282153,0.9614906832298137,0.012211333670182576,0.9457142857142857,3.215138898048914
segment,KarciFANN,102,110,0.005960383946292336,0.9639751552795031,0.011857153518865111,0.94,3.195823085461291
segment,KarciFANN,102,111,0.005970291420724143,0.962111801242236,0.0111865299368204,0.94,120.07013866219307
segment,KarciFANN,102,112,0.006350234826449134,0.962111801242236,0.011696265540618884,0.9457142857142857,3.215010013421827
segment,KarciFANN,102,113,0.009454590218122685,0.9546583850931677,0.014563312055604233,0.9371428571428572,2.7141120347807064
segment,KarciFANN,102,114,0.011630790059370637,0.9453416149068323,0.013793279334718234,0.9457142857142857,4.058906406380857
segment,KarciFANN,102,115,0.007159373011671857,0.9565217391304348,0.0128841309461232,0.94,84.64919709567685
segment,KarciFANN,102,116,0.014099016967191359,0.9335403726708075,0.01586068287233163,0.9371428571428572,4.7382888612335945
segment,KarciFANN,102,117,0.005967304976335787,0.9627329192546584,0.011882982809384584,0.9371428571428572,37.094734845256006
segment,KarciFANN,102,118,0.006394343377663658,0.962111801242236,0.01150799091513875,0.9457142857142857,22.86776844657485
segment,KarciFANN,102,119,0.006368479802349282,0.962111801242236,0.011653509322384927,0.9457142857142857,82.68498884851586
segment,KarciFANN,102,120,0.00647521321180252,0.9645962732919254,0.011795118740968367,0.9428571428571428,13.110939347993
segment,KarciFANN,102,121,0.006497046026213153,0.962111801242236,0.01088485096409594,0.9485714285714286,35.39875837184855
segment,KarciFANN,102,122,0.010512172790158406,0.9503105590062112,0.0157236590588016,0.94,9.04940157967909
segment,KarciFANN,102,123,0.007301647387397455,0.9583850931677018,0.011331330447657325,0.9457142857142857,59.57839615273918
segment,KarciFANN,102,124,0.006638125525582381,0.9614906832298137,0.011348559576013842,0.9485714285714286,137.0013725982752
segment,KarciFANN,102,125,0.005796491991913151,0.9633540372670808,0.011612817893530483,0.9371428571428572,2.0674885417127693
segment,KarciFANN,102,126,0.011846223733497238,0.9478260869565217,0.015142085577479843,0.9314285714285714,3.0372204142724217
segment,KarciFANN,102,127,0.0065751354257120075,0.9608695652173913,0.012008180547669875,0.9485714285714286,2.4715262985047333
segment,KarciFANN,102,128,0.006262472478547202,0.9633540372670808,0.011486829910671558,0.94,15.653872969603574
segment,KarciFANN,102,129,0.006357152385786077,0.9614906832298137,0.012213702386286017,0.94,2.391306317437345
segment,KarciFANN,102,130,0.0158484939066354,0.9273291925465839,0.01782401505835733,0.9257142857142857,3.972105594279619
segment,KarciFANN,102,131,0.01524452646113995,0.924223602484472,0.018588642981423764,0.9171428571428571,5.416579585922678
segment,KarciFANN,102,132,0.009357730549538952,0.9484472049689441,0.011224746669815933,0.9457142857142857,2.931442930925007
segment,KarciFANN,102,133,0.005919342117551691,0.9627329192546584,0.01189687047470304,0.9428571428571428,3.200614909646724
segment,KarciFANN,102,134,0.0058846602662349454,0.9645962732919254,0.011118574159236488,0.9457142857142857,52.56065827225412
segment,KarciFANN,102,135,0.005851027883187438,0.9639751552795031,0.010954442506648785,0.9485714285714286,3.3008358510402376
segment,KarciFANN,102,136,0.005810269210561586,0.9639751552795031,0.011142187131775243,0.94,3.2761198597727597
segment,KarciFANN,102,137,0.00574239578768596,0.9633540372670808,0.01102152773958779,0.9428571428571428,45.007197893835034
segment,KarciFANN,102,138,0.006156310936434794,0.9627329192546584,0.011105462183421597,0.9485714285714286,3.304319108507495
segment,KarciFANN,102,139,0.005676476619025506,0.9639751552795031,0.01131236085681103,0.9428571428571428,3.2693858463373395
segment,KarciFANN,102,140,0.009096495175187916,0.9515527950310559,0.014277514636216916,0.94,64.68128666874509
segment,KarciFANN,102,141,0.005715862735152475,0.9645962732919254,0.011334739192061984,0.9457142857142857,43.50281254046965
segment,KarciFANN,102,142,0.006175878594883333,0.9633540372670808,0.011570309545696423,0.9428571428571428,11.981622434927585
segment,KarciFANN,102,143,0.007168302726912259,0.9577639751552796,0.011450284051775091,0.9485714285714286,52.1306794369943
segment,KarciFANN,102,144,0.006151018493630879,0.9627329192546584,0.011772520912745959,0.9428571428571428,16.16369262784029
segment,KarciFANN,102,145,0.007417778090426215,0.9559006211180124,0.011806645187126902,0.9485714285714286,3.3242463156615494
segment,KarciFANN,102,146,0.00574367213736795,0.9652173913043478,0.011479307559211309,0.9485714285714286,79.87111047819312
segment,KarciFANN,102,147,0.005588173860544364,0.9652173913043478,0.011119562787425367,0.9428571428571428,28.36182621494839
segment,KarciFANN,102,148,0.005852938722940411,0.9645962732919254,0.01105723230500716,0.9428571428571428,3.287342151117026
segment,KarciFANN,102,149,0.011361230996744303,0.9416149068322981,0.015468850616739463,0.9371428571428572,9.073860410728706
segment,KarciFANN,102,150,0.005746230036783802,0.9645962732919254,0.01172500883102131,0.9428571428571428,3.297341447693024
segment,KarciFANN,102,151,0.005708775927399319,0.9645962732919254,0.01154206316268241,0.9457142857142857,140.323238935097
segment,KarciFANN,102,152,0.005814788037575513,0.9645962732919254,0.010745733336051682,0.9514285714285714,50.928227618910896
segment,KarciFANN,102,153,0.005766312645370751,0.9639751552795031,0.011370026502960966,0.9485714285714286,64.44379225018973
segment,KarciFANN,102,154,0.009977649937789882,0.9472049689440993,0.012945964339440093,0.9428571428571428,3.3941951682110796
segment,KarciFANN,102,155,0.005888345654542634,0.9652173913043478,0.01077430770995214,0.9485714285714286,3.3125811418573616
segment,KarciFANN,102,156,0.005972469584008974,0.962111801242236,0.011153820199743602,0.9485714285714286,128.01116057220798
segment,KarciFANN,102,157,0.006352169616405872,0.9614906832298137,0.010728635570256235,0.9457142857142857,37.54914071716628
segment,KarciFANN,102,158,0.005852824194573652,0.9645962732919254,0.011362007308702219,0.9428571428571428,3.303585816877728
segment,KarciFANN,102,159,0.009012022825439036,0.9503105590062112,0.013089947988016363,0.9485714285714286,12.370175463894844
segment,KarciFANN,102,160,0.006438032300241648,0.9614906832298137,0.01212337836376547,0.9428571428571428,102.277094449888
segment,KarciFANN,102,161,0.005912082108869839,0.9639751552795031,0.011673398566788638,0.9485714285714286,45.777373487091275
segment,KarciFANN,102,162,0.005773582042783983,0.9639751552795031,0.011718941838081998,0.9428571428571428,3.309901878710733
segment,KarciFANN,102,163,0.005896999734288711,0.9633540372670808,0.010794954105252648,0.9514285714285714,2.5137786883038804
segment,KarciFANN,102,164,0.00563662738349954,0.9652173913043478,0.010776767900629099,0.9485714285714286,3.328297291387892
segment,KarciFANN,102,165,0.00552931531368335,0.9658385093167702,0.011242466117196055,0.9428571428571428,3.3243370350209736
segment,KarciFANN,102,166,0.006091586781758186,0.9627329192546584,0.010713538021838208,0.9428571428571428,20.385788649352
segment,KarciFANN,102,167,0.006404505242738081,0.9627329192546584,0.01085752394651313,0.9485714285714286,50.90766736534911
segment,KarciFANN,102,168,0.005771324336081906,0.9639751552795031,0.01045716097872058,0.9514285714285714,27.94113297870047
segment,KarciFANN,102,169,0.011305139886299305,0.9434782608695652,0.015047443437409097,0.9342857142857143,2.9336112119501188
segment,KarciFANN,102,170,0.013457813281388311,0.9403726708074535,0.015108079415107938,0.9342857142857143,4.883089139094626
segment,KarciFANN,102,171,0.011323914782105106,0.9440993788819876,0.015524202949492971,0.94,2.398272255189128
segment,KarciFANN,102,172,0.006677008047268198,0.9608695652173913,0.011075586493294294,0.9485714285714286,31.919963123202912
segment,KarciFANN,102,173,0.007534220377662377,0.9608695652173913,0.012469393622038654,0.9457142857142857,8.790205909811236
segment,KarciFANN,102,174,0.008273653790375656,0.9590062111801242,0.012708124197693727,0.94,9.572895232782324
segment,KarciFANN,102,175,0.005741622939748471,0.9639751552795031,0.010807233289349762,0.9428571428571428,159.33101618727855
segment,KarciFANN,102,176,0.005634814296994122,0.9652173913043478,0.011552630584636408,0.9428571428571428,20.779621859712595
segment,KarciFANN,102,177,0.005580005600321948,0.9639751552795031,0.011480496516100235,0.9428571428571428,75.54576310204449
segment,KarciFANN,102,178,0.005727217360206971,0.9652173913043478,0.011928644987295085,0.9457142857142857,2.495405592621042
segment,KarciFANN,102,179,0.006523176093257954,0.9608695652173913,0.01121029634187849,0.9485714285714286,11.872028514591145
segment,KarciFANN,102,180,0.011351317272590597,0.94472049689441,0.011626376442975357,0.9542857142857143,6.68754734140799
segment,KarciFANN,102,181,0.005769416010020745,0.9633540372670808,0.010930844778281733,0.9457142857142857,135.86777288770313
segment,KarciFANN,102,182,0.005887536426703,0.9645962732919254,0.011213499767634146,0.9485714285714286,28.88661456344526
segment,KarciFANN,102,183,0.008847863855401228,0.9515527950310559,0.012042486363176046,0.9428571428571428,2.9520956082469723
segment,KarciFANN,102,184,0.005969634607272278,0.9639751552795031,0.011035538244123828,0.9485714285714286,69.03729689198384
segment,KarciFANN,102,185,0.0061021428025784035,0.9639751552795031,0.011161922516097393,0.9485714285714286,19.287850040924866
segment,KarciFANN,102,186,0.005613427396523771,0.9645962732919254,0.01104266032389738,0.9457142857142857,115.30099715596566
segment,KarciFANN,102,187,0.005776984115515778,0.9645962732919254,0.011232412868948105,0.9457142857142857,39.82368864949252
segment,KarciFANN,102,188,0.00546659014098852,0.9645962732919254,0.010558395239098739,0.9514285714285714,3.3596137990585775
segment,KarciFANN,102,189,0.005579935650420784,0.9633540372670808,0.011254800647146802,0.9428571428571428,3.3713378826199807
segment,KarciFANN,102,190,0.005440763126755445,0.9645962732919254,0.011118990849530401,0.9457142857142857,3.3636522380829
segment,KarciFANN,102,191,0.005621606982501646,0.9639751552795031,0.011020009939953375,0.9428571428571428,91.80339997019378
segment,KarciFANN,102,192,0.011699829730612501,0.9440993788819876,0.012749798855965423,0.9428571428571428,5.739073001795426
segment,KarciFANN,102,193,0.005580032102107415,0.9652173913043478,0.010937215685628663,0.9457142857142857,3.3582281119318678
segment,KarciFANN,102,194,0.005938671485685263,0.9633540372670808,0.010820476933437944,0.9485714285714286,3.32304708390224
segment,KarciFANN,102,195,0.005536846972868186,0.9645962732919254,0.010712229258888978,0.9457142857142857,3.3390907024771175
segment,KarciFANN,102,196,0.005624346779478686,0.9658385093167702,0.010621297495931006,0.9514285714285714,56.05341062180425
segment,KarciFANN,102,197,0.015771935327466867,0.9248447204968944,0.018535246264062926,0.9142857142857143,4.105070889403752
segment,KarciFANN,102,198,0.005545977581412526,0.9658385093167702,0.010585933136738633,0.9514285714285714,27.859695530544546
segment,KarciFANN,102,199,0.005366163548394139,0.9658385093167702,0.010712603269044791,0.9514285714285714,22.122866890763177
segment,KarciFANN,102,200,0.005386763075149082,0.9664596273291925,0.010369472534973704,0.9485714285714286,33.934761826346914
segment,KarciFANN,102,201,0.005497319463032612,0.9645962732919254,0.010841585303295941,0.9457142857142857,19.96205022394888
segment,KarciFANN,102,202,0.005460330172845128,0.9658385093167702,0.010046988108840416,0.9514285714285714,52.41359960708616
segment,KarciFANN,102,203,0.005378271093239305,0.9645962732919254,0.010943799260029415,0.9428571428571428,37.670078043888175
segment,KarciFANN,102,204,0.005386205004822443,0.9658385093167702,0.010157998698890813,0.9514285714285714,55.892636914916004
segment,KarciFANN,102,205,0.0054081495035661585,0.9652173913043478,0.01060898284093648,0.9485714285714286,114.12537124707573
segment,KarciFANN,102,206,0.0054809862189295466,0.9664596273291925,0.010160004122871633,0.9514285714285714,40.65410201795074
segment,KarciFANN,102,207,0.005589771891362212,0.9633540372670808,0.011051836954429293,0.9457142857142857,171.74611728406893
segment,KarciFANN,102,208,0.005291500339531242,0.9658385093167702,0.010645283995458705,0.9514285714285714,2.5857396312496572
segment,KarciFANN,102,209,0.005239848484266885,0.9652173913043478,0.010590487524654598,0.9514285714285714,71.6284605164047
segment,KarciFANN,102,210,0.00557087114849813,0.9658385093167702,0.01070733922185263,0.9457142857142857,14.39600574020813
segment,KarciFANN,102,211,0.005377319943635155,0.9658385093167702,0.01000621749621627,0.9514285714285714,60.13834810604827
segment,KarciFANN,102,212,0.005404229944604394,0.9658385093167702,0.009751393861335547,0.9514285714285714,3.4395594965738336
segment,KarciFANN,102,213,0.0057310202461474564,0.9652173913043478,0.009886821013347794,0.9457142857142857,138.46282490950904
segment,KarciFANN,102,214,0.006251770397785613,0.962111801242236,0.01037508977168854,0.9457142857142857,3.4509461058291064
segment,KarciFANN,102,215,0.0053957937048642116,0.9658385093167702,0.01003523001484279,0.9514285714285714,38.88398309533072
segment,KarciFANN,102,216,0.005335042913677759,0.9652173913043478,0.01039044803189468,0.9457142857142857,108.67959562262885
segment,KarciFANN,102,217,0.005962147857699076,0.9639751552795031,0.010264805201695077,0.9457142857142857,3.2760425477196016
segment,KarciFANN,102,218,0.013619718643642706,0.9354037267080745,0.01730930198493208,0.9257142857142857,3.52652566033506
segment,KarciFANN,102,219,0.005375067583176553,0.9633540372670808,0.009899678354691683,0.9514285714285714,36.09494265145015
segment,KarciFANN,102,220,0.005876943445466609,0.9639751552795031,0.011405085827766136,0.9428571428571428,3.445628432298659
segment,KarciFANN,102,221,0.006067828872744147,0.962111801242236,0.011117497262400446,0.9457142857142857,18.88445006339673
segment,KarciFANN,102,222,0.006382229134320587,0.9639751552795031,0.010991677190230812,0.9485714285714286,143.58127682549568
segment,KarciFANN,102,223,0.006076161320707772,0.9627329192546584,0.010909963330353923,0.9485714285714286,29.193309756631766
segment,KarciFANN,102,224,0.006008403911797649,0.9652173913043478,0.011118137937971371,0.9457142857142857,6.515387569981207
segment,KarciFANN,102,225,0.007803654760145556,0.9602484472049689,0.011774634031323098,0.9457142857142857,8.949254222195073
segment,KarciFANN,102,226,0.005536705528274089,0.9664596273291925,0.009939734782179943,0.9542857142857143,10.313457485650778
segment,KarciFANN,102,227,0.006332529592842597,0.9614906832298137,0.009982239615310758,0.9485714285714286,24.909330902118256
segment,KarciFANN,102,228,0.0057376090122330204,0.9664596273291925,0.010468597678497102,0.9485714285714286,16.48546414905545
segment,KarciFANN,102,229,0.0057663968095645005,0.9652173913043478,0.010270812338159765,0.9514285714285714,60.860177503277306
segment,KarciFANN,102,230,0.005444176668931218,0.9658385093167702,0.00996632324502098,0.9514285714285714,3.450987750185147
segment,KarciFANN,102,231,0.00569233596496729,0.9658385093167702,0.009452631834078231,0.9514285714285714,34.51422316278271
segment,KarciFANN,102,232,0.006589213142870963,0.9652173913043478,0.011367559860123971,0.9457142857142857,3.2126388174981506
segment,KarciFANN,102,233,0.006555081279762433,0.962111801242236,0.01057015273026393,0.9485714285714286,15.846232150327884
segment,KarciFANN,102,234,0.005275344833114592,0.9664596273291925,0.009707050430383318,0.9514285714285714,3.464295103219337
segment,KarciFANN,102,235,0.005266583372066619,0.9658385093167702,0.009614232906671174,0.9514285714285714,71.79929038017018
segment,KarciFANN,102,236,0.005269444729198239,0.9652173913043478,0.009960906233265638,0.9514285714285714,55.31008953421145
segment,KarciFANN,102,237,0.0052592629412576775,0.9664596273291925,0.009430522894153926,0.9514285714285714,108.12891819781423
segment,KarciFANN,102,238,0.005419731370588052,0.9658385093167702,0.010163492833622447,0.9514285714285714,39.61601049359163
segment,KarciFANN,102,239,0.005670144213597462,0.9645962732919254,0.010288978622574869,0.9485714285714286,101.36419485968932
segment,KarciFANN,102,240,0.005313628813830186,0.9652173913043478,0.010292603392838509,0.9457142857142857,116.72201784299065
segment,KarciFANN,102,241,0.0052517818970563325,0.9658385093167702,0.009649886307794541,0.9514285714285714,3.451041502690956
segment,KarciFANN,102,242,0.005164076810070589,0.9664596273291925,0.009912016736401881,0.9514285714285714,3.469571967415979
segment,KarciFANN,102,243,0.005337353470415705,0.9664596273291925,0.009767740042955858,0.9514285714285714,56.3204074304431
segment,KarciFANN,102,244,0.005180154977914162,0.9664596273291925,0.009602498577727478,0.9514285714285714,64.965811531777
segment,KarciFANN,102,245,0.0054032092079881995,0.9658385093167702,0.009633238325818519,0.9485714285714286,56.529775896579594
segment,KarciFANN,102,246,0.005159431966709455,0.9652173913043478,0.009791902117394202,0.9485714285714286,3.4685395931749534
segment,KarciFANN,102,247,0.005210551380998825,0.9664596273291925,0.009590304729110469,0.9514285714285714,119.26576283997454
segment,KarciFANN,102,248,0.0054159121913215265,0.9658385093167702,0.009487609567920408,0.9514285714285714,3.473460368849962
segment,KarciFANN,102,249,0.005224307687719409,0.9670807453416149,0.009589402540066865,0.9514285714285714,19.930642872245656
segment,KarciFANN,102,250,0.006135525728378958,0.962111801242236,0.009019976974478747,0.9514285714285714,28.508956405125595
segment,KarciFANN,102,251,0.005583496469340988,0.9658385093167702,0.00961885818876018,0.9485714285714286,49.59532791486774
segment,KarciFANN,102,252,0.005194085604675227,0.9664596273291925,0.009518994254019765,0.9542857142857143,61.33631215381872
segment,KarciFANN,102,253,0.005372334787592311,0.9652173913043478,0.01034892177959526,0.9514285714285714,198.55108860586233
segment,KarciFANN,102,254,0.007316393028067158,0.9565217391304348,0.010352602403689851,0.9485714285714286,2.657831467519615
segment,KarciFANN,102,255,0.005544262994684989,0.9652173913043478,0.009743056660257052,0.9514285714285714,3.4774848094822497
segment,KarciFANN,102,256,0.008038799135847138,0.9639751552795031,0.01237998976934486,0.9542857142857143,4.2290242654604135
segment,KarciFANN,102,257,0.006533586797857611,0.962111801242236,0.011400878334515753,0.9457142857142857,173.31140137028476
segment,KarciFANN,102,258,0.005264228809580448,0.9658385093167702,0.00981568658757904,0.9485714285714286,3.485304034762175
segment,KarciFANN,102,259,0.005624152937343004,0.9645962732919254,0.01005831630846706,0.9514285714285714,31.056900767567075
segment,KarciFANN,102,260,0.005248608189621664,0.9658385093167702,0.01004253796401637,0.9485714285714286,216.3793163124287
segment,KarciFANN,102,261,0.005503875669430456,0.9645962732919254,0.009970976120856307,0.9514285714285714,215.31902058073305
segment,KarciFANN,102,262,0.005196237411777243,0.9658385093167702,0.010054300350742,0.9485714285714286,161.85593281102172
segment,KarciFANN,102,263,0.00555427964762811,0.9645962732919254,0.010107247555447682,0.9457142857142857,57.72859049931235
segment,KarciFANN,102,264,0.005345990083450467,0.9645962732919254,0.010271027067038078,0.9514285714285714,73.9781217532593
segment,KarciFANN,102,265,0.005317449427438943,0.9664596273291925,0.009658341427227114,0.9542857142857143,175.36757872160842
segment,KarciFANN,102,266,0.005331691200590642,0.9658385093167702,0.009541030436858538,0.9514285714285714,33.72113934937432
segment,KarciFANN,102,267,0.005273258086229884,0.9658385093167702,0.010126179017008526,0.9485714285714286,2.6438893890167883
segment,KarciFANN,102,268,0.009121347560343742,0.9527950310559006,0.01284056699937253,0.9428571428571428,8.9570053128831
segment,KarciFANN,102,269,0.0070045862611662416,0.9645962732919254,0.010147200034253904,0.9542857142857143,13.89520848848697
segment,KarciFANN,102,270,0.005756616254946861,0.9658385093167702,0.011000119251108824,0.9514285714285714,50.7109445241931
segment,KarciFANN,102,271,0.005124070298925723,0.9652173913043478,0.009681848371799955,0.9542857142857143,3.503110326062316
segment,KarciFANN,102,272,0.005164618696104383,0.9664596273291925,0.009980043321051643,0.9542857142857143,3.5206546931407914
segment,KarciFANN,102,273,0.005241959031067027,0.9658385093167702,0.009799494532418698,0.9514285714285714,45.28571646972867
segment,KarciFANN,102,274,0.012082012844545926,0.9472049689440993,0.015270943094489947,0.9285714285714286,5.1549227904319705
segment,KarciFANN,102,275,0.005844541780288881,0.9639751552795031,0.0095572653133475,0.9542857142857143,52.2310463312996
segment,KarciFANN,102,276,0.005291921236403541,0.9658385093167702,0.010687937608409298,0.9514285714285714,2.723804382176398
segment,KarciFANN,102,277,0.005169223829322989,0.9664596273291925,0.009784427739465548,0.9542857142857143,3.5043615315942303
segment,KarciFANN,102,278,0.005526042600818802,0.9658385093167702,0.010152200865841898,0.9542857142857143,54.015682761257814
segment,KarciFANN,102,279,0.007264069625080417,0.9596273291925466,0.010625428900731058,0.9542857142857143,7.877404081381484
segment,KarciFANN,102,280,0.005195477961805063,0.9670807453416149,0.010117236012681021,0.9571428571428572,38.03973883396437
segment,KarciFANN,102,281,0.006451597565355432,0.9614906832298137,0.010747347085102318,0.9542857142857143,3.5153680951132027
segment,KarciFANN,102,282,0.005796318251130788,0.9633540372670808,0.010996714988340822,0.9485714285714286,35.070641751461096
segment,KarciFANN,102,283,0.005198133969069093,0.9658385093167702,0.010096084628410383,0.9542857142857143,3.4969727165219626
segment,KarciFANN,102,284,0.005128041975752494,0.9664596273291925,0.009938367125120539,0.9542857142857143,62.476975374520784
segment,KarciFANN,102,285,0.005557954547354319,0.9658385093167702,0.00995546167090581,0.9571428571428572,3.5368456621385485
segment,KarciFANN,102,286,0.005170493973291438,0.9677018633540373,0.010152559837108978,0.9542857142857143,249.9285507737981
segment,KarciFANN,102,287,0.0057344162516427865,0.9652173913043478,0.010957574227037983,0.9514285714285714,3.379866105907973
segment,KarciFANN,102,288,0.005089750664529546,0.9670807453416149,0.009919832201072945,0.9542857142857143,3.531813570750308
segment,KarciFANN,102,289,0.005177293009516874,0.9677018633540373,0.010743009626915845,0.9514285714285714,75.40461923353381
segment,KarciFANN,102,290,0.005123399697729262,0.9664596273291925,0.009906957516881483,0.9542857142857143,3.4296005933259446
segment,KarciFANN,102,291,0.00544631498281646,0.9652173913043478,0.010278037471301647,0.9485714285714286,119.02663991895389
segment,KarciFANN,102,292,0.005067335833262739,0.9677018633540373,0.009945936251612704,0.9542857142857143,212.78459447565936
segment,KarciFANN,102,293,0.005293401845726505,0.9658385093167702,0.009819022206935226,0.9514285714285714,27.278532848848954
segment,KarciFANN,102,294,0.005311414319383431,0.9652173913043478,0.00972666720777205,0.9514285714285714,229.3076567522582
segment,KarciFANN,102,295,0.005156235995824832,0.9670807453416149,0.010281385368220783,0.9485714285714286,3.536094029646442
segment,KarciFANN,102,296,0.005396359128264148,0.9658385093167702,0.009752176220367028,0.9514285714285714,155.82716194312775
segment,KarciFANN,102,297,0.005140329033153712,0.9670807453416149,0.009775281396251695,0.9542857142857143,93.32278144361592
segment,KarciFANN,102,298,0.006368518310897022,0.9639751552795031,0.011639580385631688,0.9485714285714286,3.454958794014864
segment,KarciFANN,102,299,0.005453641267020069,0.9670807453416149,0.010612618439058913,0.9485714285714286,3.511063888407402
segment,KarciFANN,102,300,0.005305260023289351,0.9670807453416149,0.009869869591813803,0.9514285714285714,2.6884097882575935
segment,KarciFANN,102,301,0.005050630550912113,0.9670807453416149,0.009793695405224146,0.9542857142857143,3.530266517090791
segment,KarciFANN,102,302,0.007803093390946638,0.9571428571428572,0.010851587509062021,0.9485714285714286,10.865528106756761
segment,KarciFANN,102,303,0.006013610085145012,0.9627329192546584,0.011487178019398577,0.9428571428571428,3.5611851212979513
segment,KarciFANN,102,304,0.005071953930817974,0.9677018633540373,0.009908631661651587,0.9542857142857143,3.539948781862589
segment,KarciFANN,102,305,0.0052089053462743735,0.9670807453416149,0.009752672482984994,0.9514285714285714,184.50535471056867
segment,KarciFANN,102,306,0.005092021929322371,0.9670807453416149,0.009891845068812957,0.9514285714285714,84.43603013544384
segment,KarciFANN,102,307,0.005158048113359307,0.9664596273291925,0.010275745032076032,0.9514285714285714,226.7110072736245
segment,KarciFANN,102,308,0.010956612851113328,0.9440993788819876,0.014281592931651496,0.9342857142857143,6.381913931744305
segment,KarciFANN,102,309,0.006035520974934507,0.9664596273291925,0.011305171326091809,0.9457142857142857,181.0182718191255
segment,KarciFANN,102,310,0.005198888419690354,0.9677018633540373,0.009751215087094207,0.9514285714285714,51.63849956000358
segment,KarciFANN,102,311,0.005237013136730183,0.9677018633540373,0.00969120284431139,0.9542857142857143,3.6232445521007155
segment,KarciFANN,102,312,0.005127118128593609,0.9670807453416149,0.009905402151209644,0.9485714285714286,37.77822350531063
segment,KarciFANN,102,313,0.005190612759111171,0.9677018633540373,0.010676905129808251,0.9514285714285714,424.9569119044067
segment,KarciFANN,102,314,0.01231168418808124,0.9434782608695652,0.01552454191096253,0.9342857142857143,4.816442419443003
segment,KarciFANN,102,315,0.007427252809297093,0.9571428571428572,0.013299900612456174,0.9371428571428572,11.661181418402743
segment,KarciFANN,102,316,0.005696080858843028,0.9652173913043478,0.009725513809286252,0.9514285714285714,40.6318213850907
segment,KarciFANN,102,317,0.005286458656264465,0.9664596273291925,0.009493104383507707,0.9514285714285714,3.5911644052316234
segment,KarciFANN,102,318,0.005300061151767076,0.9670807453416149,0.009494593643882939,0.9514285714285714,272.5540899138494
segment,KarciFANN,102,319,0.005036681404733741,0.9670807453416149,0.009785692913614275,0.9514285714285714,2.7099217031062337
segment,KarciFANN,102,320,0.005037029793597129,0.9677018633540373,0.00966760577251913,0.9542857142857143,3.6267112063835483
segment,KarciFANN,102,321,0.006209630388148567,0.9677018633540373,0.010060200446563269,0.9514285714285714,3.438775268171197
segment,KarciFANN,102,322,0.005569971421496716,0.9652173913043478,0.009804742158719827,0.9514285714285714,18.604757771147522
segment,KarciFANN,102,323,0.005128223646520656,0.9670807453416149,0.010453481290371023,0.9514285714285714,3.595925353216986
segment,KarciFANN,102,324,0.00866362855597709,0.9527950310559006,0.01184091960898366,0.9428571428571428,9.425378476230783
segment,KarciFANN,102,325,0.005150901742400141,0.9670807453416149,0.010294524916991414,0.9514285714285714,3.590735795057536
segment,KarciFANN,102,326,0.0051539226301208635,0.9677018633540373,0.010471792238844615,0.9514285714285714,92.1211247325919
segment,KarciFANN,102,327,0.005103881020341357,0.9664596273291925,0.010223264496809121,0.9514285714285714,52.12868894671875
segment,KarciFANN,102,328,0.005250267762384174,0.9677018633540373,0.009860864929541205,0.9542857142857143,2.716569199576963
segment,KarciFANN,102,329,0.005745414678459591,0.9639751552795031,0.011061377237192837,0.9514285714285714,86.31625213714173
segment,KarciFANN,102,330,0.005207609119346432,0.9677018633540373,0.009845057160528718,0.9514285714285714,37.83760315554333
segment,KarciFANN,102,331,0.005000388303591647,0.9670807453416149,0.009756720967946882,0.9571428571428572,3.5606568894511494
segment,KarciFANN,102,332,0.005458760221614602,0.9664596273291925,0.010869651698604741,0.9485714285714286,169.20828503262553
segment,KarciFANN,102,333,0.0050383363988997145,0.9670807453416149,0.00958501921820284,0.9571428571428572,3.552149032401431
segment,KarciFANN,102,334,0.005279149565126677,0.9670807453416149,0.010032172082534926,0.9514285714285714,138.23981120918387
segment,KarciFANN,102,335,0.0051498469469053445,0.9683229813664597,0.010060221640461367,0.9542857142857143,29.733839307273136
segment,KarciFANN,102,336,0.005189600858600007,0.9677018633540373,0.009430899910039675,0.9514285714285714,82.94978873033686
segment,KarciFANN,102,337,0.005224151288902893,0.9670807453416149,0.00979127770103122,0.9514285714285714,149.66412138177506
segment,KarciFANN,102,338,0.005068992159456477,0.9683229813664597,0.01012623813668149,0.9514285714285714,52.09431791673672
segment,KarciFANN,102,339,0.00604027096472938,0.9639751552795031,0.01186873856323934,0.9485714285714286,190.51425368968086
segment,KarciFANN,102,340,0.006063422351348187,0.9627329192546584,0.011802028757291283,0.9485714285714286,28.234766891051393
segment,KarciFANN,102,341,0.005610376553736927,0.9652173913043478,0.010894388461398606,0.9485714285714286,182.9428729026685
segment,KarciFANN,102,342,0.005423257226713034,0.9664596273291925,0.00972503440658819,0.9542857142857143,198.46693881048256
segment,KarciFANN,102,343,0.00502994866001834,0.9677018633540373,0.009789661877190027,0.9514285714285714,3.5877880794142816
segment,KarciFANN,102,344,0.014824587779156415,0.9316770186335404,0.01859584067516307,0.9257142857142857,7.327329499344193
segment,KarciFANN,102,345,0.010755053642144775,0.9521739130434783,0.015348731468090852,0.94,4.64846058335703
segment,KarciFANN,102,346,0.005731068723382924,0.9633540372670808,0.011937542060073789,0.9457142857142857,3.6170496009722943
segment,KarciFANN,102,347,0.005075605717745297,0.9677018633540373,0.009576423377248131,0.9542857142857143,3.6387552335036264
segment,KarciFANN,102,348,0.008851600474012275,0.9546583850931677,0.014608416607202005,0.9371428571428572,3.0774408150262738
segment,KarciFANN,102,349,0.004914456363279584,0.9677018633540373,0.009937910376339287,0.9542857142857143,3.5857918238921918
segment,KarciFANN,102,350,0.004839411732769393,0.9670807453416149,0.010199483043728119,0.9542857142857143,235.86596772159663
segment,KarciFANN,103,1,0.08855594497435934,0.41801242236024844,0.0875477431263043,0.42857142857142855,1.2149472025584012
segment,KarciFANN,103,2,0.07449754339865872,0.5763975155279503,0.07449208666363095,0.58,1.5799996996574115
segment,KarciFANN,103,3,0.07688787900475286,0.6440993788819875,0.07599665849655288,0.6457142857142857,1.5729023653946255
segment,KarciFANN,103,4,0.03982670202299986,0.8,0.038727357500042234,0.8114285714285714,2.5085973079486554
segment,KarciFANN,103,5,0.023456056020066337,0.8987577639751553,0.02284191542443911,0.9028571428571428,3.6401167971438446
segment,KarciFANN,103,6,0.028648185711364394,0.8739130434782608,0.029522011529751514,0.88,1.850447706323731
segment,KarciFANN,103,7,0.02167262601961361,0.9124223602484473,0.02141522207718809,0.9085714285714286,2.2587221242628908
segment,KarciFANN,103,8,0.01925072266540346,0.9254658385093167,0.0204184711587779,0.9171428571428571,5.845462505520973
segment,KarciFANN,103,9,0.016863255147549272,0.9279503105590062,0.018229170013682475,0.9228571428571428,2.5144269148577645
segment,KarciFANN,103,10,0.017610185399579294,0.9229813664596274,0.0180279738264564,0.9171428571428571,10.153434136783842
segment,KarciFANN,103,11,0.024413187325672294,0.8819875776397516,0.026315461303784524,0.88,1.9942244100828765
segment,KarciFANN,103,12,0.020715229858475667,0.908695652173913,0.02072687027126144,0.9228571428571428,4.928060602060762
segment,KarciFANN,103,13,0.018418664659523316,0.9173913043478261,0.01864503210875075,0.9228571428571428,5.2335413102666335
segment,KarciFANN,103,14,0.015031861083195444,0.9347826086956522,0.01896821851019431,0.9257142857142857,4.125195161933444
segment,KarciFANN,103,15,0.01220639009591548,0.9472049689440993,0.014342329978560931,0.9314285714285714,2.3125062294301997
segment,KarciFANN,103,16,0.017503445482296567,0.9161490683229814,0.019203309617497395,0.9085714285714286,2.8258713511962577
segment,KarciFANN,103,17,0.01598397156242555,0.931055900621118,0.017612352654645357,0.92,2.677257194088878
segment,KarciFANN,103,18,0.012490378165035548,0.9453416149068323,0.01486771996330278,0.9314285714285714,11.295261432068367
segment,KarciFANN,103,19,0.01413923325155908,0.937888198757764,0.01565513088884748,0.94,4.195543584715539
segment,KarciFANN,103,20,0.019377734778496455,0.9124223602484473,0.021284334970597164,0.9057142857142857,4.1907885452804665
segment,KarciFANN,103,21,0.0110281943169657,0.9484472049689441,0.013913006167839104,0.9314285714285714,2.9807915342015177
segment,KarciFANN,103,22,0.015188829059454016,0.9298136645962732,0.01564520007275221,0.9314285714285714,2.068609310862254
segment,KarciFANN,103,23,0.010107531768568753,0.953416149068323,0.0123637303660259,0.9428571428571428,22.52132437309394
segment,KarciFANN,103,24,0.011257375689548058,0.9596273291925466,0.013756153031426526,0.9457142857142857,2.8361152402240304
segment,KarciFANN,103,25,0.009894760884961776,0.9614906832298137,0.013068411823014192,0.9457142857142857,8.668219922205324
segment,KarciFANN,103,26,0.013678079277431657,0.9428571428571428,0.015505894047750426,0.9342857142857143,2.907905678684647
segment,KarciFANN,103,27,0.019894425252593544,0.9111801242236025,0.022023371490890203,0.9114285714285715,2.1695319631799217
segment,KarciFANN,103,28,0.01675121787546312,0.9285714285714286,0.017562800579360428,0.9285714285714286,2.317981351491378
segment,KarciFANN,103,29,0.014861489212624177,0.9397515527950311,0.015618554831489606,0.94,6.134319090574709
segment,KarciFANN,103,30,0.007938199343557654,0.9627329192546584,0.0104075574940673,0.9571428571428572,2.971324854718983
segment,KarciFANN,103,31,0.00743710663850397,0.9633540372670808,0.01077548635051326,0.9485714285714286,38.88623416884506
segment,KarciFANN,103,32,0.01384734892436155,0.9465838509316771,0.016275362901319552,0.94,4.937933094738523
segment,KarciFANN,103,33,0.009107454670286754,0.9596273291925466,0.013003442524124064,0.9342857142857143,16.192534617034504
segment,KarciFANN,103,34,0.012004798895742604,0.9397515527950311,0.014967663167900503,0.9314285714285714,2.239400572284683
segment,KarciFANN,103,35,0.007573700812242324,0.9645962732919254,0.010560098756175347,0.9542857142857143,2.799965736345008
segment,KarciFANN,103,36,0.014360758188845437,0.9372670807453416,0.017390237343190104,0.9285714285714286,7.4965300942276
segment,KarciFANN,103,37,0.010538745811532657,0.953416149068323,0.014345243895839296,0.9485714285714286,5.522361007212934
segment,KarciFANN,103,38,0.006579298725784163,0.9658385093167702,0.010629133241295129,0.9457142857142857,11.520016047845163
segment,KarciFANN,103,39,0.022385597515580325,0.9118012422360249,0.023308480563304194,0.9171428571428571,5.313125471716257
segment,KarciFANN,103,40,0.00683930600043829,0.9652173913043478,0.010326946051807052,0.9514285714285714,13.995791235879228
segment,KarciFANN,103,41,0.007155385939841992,0.9658385093167702,0.01106215840047723,0.9542857142857143,38.561893319018345
segment,KarciFANN,103,42,0.0072526571541104,0.9652173913043478,0.011831738313998676,0.9457142857142857,6.520449310873764
segment,KarciFANN,103,43,0.006231059064938892,0.9714285714285714,0.009540424972033864,0.9571428571428572,24.314776640474477
segment,KarciFANN,103,44,0.017965414458162705,0.9192546583850931,0.019192041873552897,0.9257142857142857,2.6247618086712503
segment,KarciFANN,103,45,0.0059962181353205935,0.970807453416149,0.009207267814559624,0.9542857142857143,33.211693327844195
segment,KarciFANN,103,46,0.006820712420140427,0.9695652173913043,0.010151298993304102,0.9514285714285714,8.637281975307667
segment,KarciFANN,103,47,0.007866622146290398,0.9664596273291925,0.011009502213100007,0.9628571428571429,2.5290355947608534
segment,KarciFANN,103,48,0.013368114856509527,0.9453416149068323,0.01327332090905057,0.9485714285714286,4.798630156265302
segment,KarciFANN,103,49,0.006703587082505285,0.9652173913043478,0.009353441731599226,0.9628571428571429,18.772085303211185
segment,KarciFANN,103,50,0.014410193125073238,0.9416149068322981,0.017080615780451395,0.9114285714285715,3.1176126412563057
segment,KarciFANN,103,51,0.006580440441420171,0.9658385093167702,0.008884837573030121,0.96,35.717502897143596
segment,KarciFANN,103,52,0.005712311945733454,0.9732919254658385,0.009396891051448511,0.96,3.1796792512199863
segment,KarciFANN,103,53,0.010422589503172118,0.9546583850931677,0.012489050627257291,0.9457142857142857,10.182338197947796
segment,KarciFANN,103,54,0.006809163524271166,0.9695652173913043,0.011578487895882752,0.9542857142857143,2.95471535933051
segment,KarciFANN,103,55,0.018139245469383974,0.9236024844720497,0.020227025333540254,0.9228571428571428,3.2768611011829365
segment,KarciFANN,103,56,0.007711930223689072,0.9614906832298137,0.01093304674353549,0.9571428571428572,18.211998566545645
segment,KarciFANN,103,57,0.014628862597170082,0.94472049689441,0.016560928596100255,0.9228571428571428,3.53786308109377
segment,KarciFANN,103,58,0.005562780689530725,0.970807453416149,0.008358573615093543,0.9657142857142857,3.2463926903954
segment,KarciFANN,103,59,0.008702172486762574,0.9664596273291925,0.01131323095909581,0.9542857142857143,4.417995332191507
segment,KarciFANN,103,60,0.005258136443427985,0.9739130434782609,0.008572765364439018,0.9657142857142857,43.71028640744696
segment,KarciFANN,103,61,0.010302703969722226,0.9521739130434783,0.011585268516310592,0.9514285714285714,2.3964985664270704
segment,KarciFANN,103,62,0.005643084204295954,0.9714285714285714,0.009842108379262486,0.9628571428571429,9.967851902812546
segment,KarciFANN,103,63,0.005694644264679862,0.9714285714285714,0.009227431339390878,0.9657142857142857,13.646614696534701
segment,KarciFANN,103,64,0.00535490760832181,0.9720496894409938,0.00838052013583054,0.9628571428571429,18.192375983831244
segment,KarciFANN,103,65,0.0077870340569622274,0.962111801242236,0.01133221356644442,0.9485714285714286,7.1037066114095575
segment,KarciFANN,103,66,0.0061397209633829285,0.9695652173913043,0.007989884111393116,0.9657142857142857,30.21595065952547
segment,KarciFANN,103,67,0.005577823163689964,0.970807453416149,0.008359351718644699,0.96,30.773869839561172
segment,KarciFANN,103,68,0.004784318676725605,0.9739130434782609,0.008375044201070615,0.9714285714285714,32.74601823531148
segment,KarciFANN,103,69,0.004894389787084966,0.9739130434782609,0.007819092897126638,0.9685714285714285,58.959232703628885
segment,KarciFANN,103,70,0.012459517443718905,0.9434782608695652,0.014921618585759909,0.9428571428571428,40.370944800207326
segment,KarciFANN,103,71,0.00509577042829827,0.9726708074534162,0.007735936821417821,0.9657142857142857,33.03171542870799
segment,KarciFANN,103,72,0.010362468719969658,0.9565217391304348,0.014438283179802752,0.9485714285714286,6.656189394245384
segment,KarciFANN,103,73,0.0044966083869213925,0.9757763975155279,0.008264277942421771,0.9714285714285714,27.809830811220568
segment,KarciFANN,103,74,0.007411077151477304,0.9658385093167702,0.01164754006982648,0.9485714285714286,6.887075786701159
segment,KarciFANN,103,75,0.006633453889406279,0.9720496894409938,0.010606845001533046,0.9571428571428572,12.06519170167158
segment,KarciFANN,103,76,0.004933308954040177,0.9739130434782609,0.008895835697846317,0.96,1.9574855318511695
segment,KarciFANN,103,77,0.007141160303374951,0.9627329192546584,0.009937790877494116,0.9485714285714286,3.248407027475645
segment,KarciFANN,103,78,0.004509158715262504,0.9757763975155279,0.00807311051967377,0.9714285714285714,26.904381462111356
segment,KarciFANN,103,79,0.006672256496353079,0.9739130434782609,0.009559942436221656,0.96,3.195003782152137
segment,KarciFANN,103,80,0.004446366464602215,0.9788819875776398,0.009038098478648955,0.96,3.385659703860531
segment,KarciFANN,103,81,0.0064083971716776215,0.9714285714285714,0.010136407357486532,0.9571428571428572,3.2235623400217284
segment,KarciFANN,103,82,0.006944110525423554,0.9701863354037267,0.011887381624246195,0.9542857142857143,8.750605618616529
segment,KarciFANN,103,83,0.020433322973896204,0.9204968944099379,0.0182336718400248,0.9314285714285714,4.395584186192296
segment,KarciFANN,103,84,0.0047572923782299775,0.9757763975155279,0.008258400558081738,0.9657142857142857,28.959002049906097
segment,KarciFANN,103,85,0.005613388722747655,0.9720496894409938,0.008113393682073125,0.9714285714285714,30.05669190491833
segment,KarciFANN,103,86,0.004428474266620872,0.9782608695652174,0.008152697864082799,0.9714285714285714,11.95929109997861
segment,KarciFANN,103,87,0.017946210286996937,0.9279503105590062,0.0178062631869918,0.9285714285714286,4.11002679768453
segment,KarciFANN,103,88,0.005288453830124915,0.970807453416149,0.007367514097436823,0.9714285714285714,28.986090302337075
segment,KarciFANN,103,89,0.004292383816618697,0.9770186335403727,0.00793524071081978,0.9657142857142857,50.67152291736946
segment,KarciFANN,103,90,0.004706635523200616,0.9770186335403727,0.007414053782100517,0.9714285714285714,46.29106688086653
segment,KarciFANN,103,91,0.004227761988903931,0.9788819875776398,0.008199396632809445,0.9685714285714285,32.605588675548944
segment,KarciFANN,103,92,0.0044451897902358616,0.9770186335403727,0.007844070441320012,0.9628571428571429,21.280268713657183
segment,KarciFANN,103,93,0.004671437146976664,0.9788819875776398,0.00800965733116871,0.9714285714285714,3.4206049629329276
segment,KarciFANN,103,94,0.004199156723839577,0.9788819875776398,0.007823859071136708,0.9685714285714285,34.869416250818496
segment,KarciFANN,103,95,0.010095016404647682,0.9571428571428572,0.012897241778113215,0.9514285714285714,12.492475824546965
segment,KarciFANN,103,96,0.004231603263818835,0.9782608695652174,0.0073833156954002015,0.9657142857142857,3.421629968770358
segment,KarciFANN,103,97,0.005903293861576901,0.9732919254658385,0.007278100939564033,0.9714285714285714,39.24266728444413
segment,KarciFANN,103,98,0.007501421913783488,0.9664596273291925,0.00928345853569927,0.9628571428571429,76.09402336509825
segment,KarciFANN,103,99,0.004975821877844157,0.9751552795031055,0.007807509520496209,0.9742857142857143,20.901069348371184
segment,KarciFANN,103,100,0.0050317718795008844,0.9745341614906833,0.00818792348493261,0.9742857142857143,3.4241519518602113
segment,KarciFANN,103,101,0.0041507783191424875,0.9801242236024845,0.008303379255628868,0.96,60.893915557793555
segment,KarciFANN,103,102,0.004102860225389834,0.9801242236024845,0.007810708728509758,0.9657142857142857,64.38051434914966
segment,KarciFANN,103,103,0.0076836330932745864,0.970807453416149,0.011073994590615295,0.9542857142857143,7.600843950901708
segment,KarciFANN,103,104,0.005858681858039397,0.9782608695652174,0.007929700592906637,0.9742857142857143,3.199638210693065
segment,KarciFANN,103,105,0.003560754516172154,0.9857142857142858,0.007452635261184948,0.9742857142857143,54.76998721205125
segment,KarciFANN,103,106,0.011901658789282735,0.9496894409937888,0.014530184203936283,0.9457142857142857,3.034869379404559
segment,KarciFANN,103,107,0.004502226260124922,0.9795031055900622,0.0074986834183331285,0.9685714285714285,17.155218233753295
segment,KarciFANN,103,108,0.003495184180380702,0.9857142857142858,0.007102015668305066,0.9742857142857143,30.364438453342107
segment,KarciFANN,103,109,0.009790471296759654,0.9608695652173913,0.011691086272574288,0.9542857142857143,3.2856534743749557
segment,KarciFANN,103,110,0.003914244041907143,0.984472049689441,0.007169959098166798,0.9742857142857143,2.6695793379880874
segment,KarciFANN,103,111,0.003156844933065016,0.986335403726708,0.00676997364113235,0.9742857142857143,30.757738084854445
segment,KarciFANN,103,112,0.006684142021998295,0.9714285714285714,0.00958643798038003,0.9628571428571429,31.25810288981147
segment,KarciFANN,103,113,0.0033014383200264097,0.9850931677018634,0.007752376574026388,0.9657142857142857,141.69949549530807
segment,KarciFANN,103,114,0.00429463045745543,0.9832298136645963,0.007166073815478867,0.9714285714285714,26.033906348304846
segment,KarciFANN,103,115,0.003052095456528674,0.9857142857142858,0.006257750053636347,0.9742857142857143,3.720031661980385
segment,KarciFANN,103,116,0.0057920972237891855,0.9832298136645963,0.007420891733831869,0.9742857142857143,8.708573983516985
segment,KarciFANN,103,117,0.0031572651748232677,0.9857142857142858,0.006360099034758179,0.98,9.320495851575497
segment,KarciFANN,103,118,0.0029092475113377107,0.9857142857142858,0.006557147639899115,0.9714285714285714,167.2731499959672
segment,KarciFANN,103,119,0.003375600223344969,0.9857142857142858,0.007223825978198779,0.9714285714285714,79.08268197779942
segment,KarciFANN,103,120,0.003937373082349579,0.984472049689441,0.006836130307875088,0.9742857142857143,73.99104976956731
segment,KarciFANN,103,121,0.008213279017869212,0.9664596273291925,0.009690718202434832,0.9628571428571429,7.832678193789315
segment,KarciFANN,103,122,0.0031950962124114852,0.9869565217391304,0.0066853693799815905,0.9742857142857143,35.42334227878122
segment,KarciFANN,103,123,0.005531581423840553,0.9782608695652174,0.007743937391822183,0.9657142857142857,11.650940220207882
segment,KarciFANN,103,124,0.012740031705912829,0.9440993788819876,0.013684159351388201,0.9457142857142857,3.4628001050879127
segment,KarciFANN,103,125,0.006469094868830616,0.9701863354037267,0.010927741649042368,0.9542857142857143,2.973040733936127
segment,KarciFANN,103,126,0.007553406513317918,0.9645962732919254,0.010227985856857209,0.9628571428571429,8.956871615956988
segment,KarciFANN,103,127,0.0054466231318469486,0.9782608695652174,0.007167783525007202,0.9685714285714285,3.0025974776614337
segment,KarciFANN,103,128,0.0023731802313330637,0.9888198757763975,0.006309591105491216,0.9771428571428571,28.995876411359497
segment,KarciFANN,103,129,0.0032072897703622127,0.9857142857142858,0.007238759194013995,0.9714285714285714,66.03923623893648
segment,KarciFANN,103,130,0.006456851915601934,0.9807453416149068,0.010914983164244127,0.9542857142857143,14.96471838737041
segment,KarciFANN,103,131,0.0027089836594897006,0.9881987577639751,0.006769143577886404,0.9828571428571429,36.232227449066364
segment,KarciFANN,103,132,0.0025008291646411007,0.9869565217391304,0.006823797725789228,0.9714285714285714,55.89540107705591
segment,KarciFANN,103,133,0.0034156379840922196,0.9857142857142858,0.006827258022904241,0.9742857142857143,2.744063295375999
segment,KarciFANN,103,134,0.00258368088362438,0.9881987577639751,0.006962933132361855,0.9714285714285714,64.3991496481959
segment,KarciFANN,103,135,0.007994330488133753,0.9670807453416149,0.008222319525196723,0.9714285714285714,3.183699022190195
segment,KarciFANN,103,136,0.0031893582605414745,0.9888198757763975,0.006709131429723041,0.9771428571428571,11.13728769168261
segment,KarciFANN,103,137,0.002896358476530467,0.986335403726708,0.006959973576881743,0.9685714285714285,65.82752731687478
segment,KarciFANN,103,138,0.0024326108806132104,0.9875776397515528,0.006404275260351785,0.9771428571428571,75.69477966701953
segment,KarciFANN,103,139,0.003169322512153498,0.9857142857142858,0.006121120812826512,0.9828571428571429,3.6769532383277044
segment,KarciFANN,103,140,0.0026322922217272586,0.9875776397515528,0.006264830280847285,0.9771428571428571,212.35284941698492
segment,KarciFANN,103,141,0.002494379747103198,0.9881987577639751,0.006090471041652166,0.9714285714285714,26.928993241796007
segment,KarciFANN,103,142,0.004837366459611598,0.9801242236024845,0.008912085255126696,0.9657142857142857,24.441047126928787
segment,KarciFANN,103,143,0.0030712315352828166,0.9888198757763975,0.00622450484515443,0.9742857142857143,8.996889771954804
segment,KarciFANN,103,144,0.0024385689528878983,0.9881987577639751,0.006095977584831218,0.9828571428571429,149.53694233131148
segment,KarciFANN,103,145,0.0024264520317835133,0.9875776397515528,0.005955769102701285,0.9771428571428571,139.50512984540498
segment,KarciFANN,103,146,0.004348810752062646,0.9813664596273292,0.008172318437160582,0.9714285714285714,23.570738825892832
segment,KarciFANN,103,147,0.005254667987175457,0.9788819875776398,0.006738675932421548,0.98,11.47152857102215
segment,KarciFANN,103,148,0.002323744454296926,0.9888198757763975,0.005928028962374773,0.9771428571428571,69.55973324868735
segment,KarciFANN,103,149,0.0027275227724138863,0.9869565217391304,0.0055253352682995876,0.9771428571428571,26.8451120305764
segment,KarciFANN,103,150,0.005675206279251969,0.9763975155279503,0.008280297393907217,0.9714285714285714,4.204171077870372
segment,KarciFANN,103,151,0.009765988191717536,0.9633540372670808,0.009023210331385647,0.9628571428571429,4.962105565135798
segment,KarciFANN,103,152,0.005766400167650766,0.9720496894409938,0.008596251399330363,0.9685714285714285,28.55952928243418
segment,KarciFANN,103,153,0.00282989371188799,0.9857142857142858,0.007611695582273392,0.9714285714285714,54.30380926919363
segment,KarciFANN,103,154,0.002618206782166079,0.986335403726708,0.006395455791185935,0.9771428571428571,55.18651936384945
segment,KarciFANN,103,155,0.016339523268935844,0.9360248447204969,0.015197680768569139,0.9485714285714286,6.900867598756123
segment,KarciFANN,103,156,0.0027499850781793024,0.9869565217391304,0.006755311474047148,0.9714285714285714,57.07247207950206
segment,KarciFANN,103,157,0.0024819765762031207,0.9888198757763975,0.006459644510357315,0.9771428571428571,353.02035624791284
segment,KarciFANN,103,158,0.0027405959672618056,0.9875776397515528,0.0065406327254188676,0.9771428571428571,67.08638224315155
segment,KarciFANN,103,159,0.00422796685532725,0.9801242236024845,0.007673547762879873,0.9714285714285714,152.95997591774037
segment,KarciFANN,103,160,0.0071666881943454434,0.9670807453416149,0.010143235576332617,0.96,71.41144794599526
segment,KarciFANN,103,161,0.002588225511172075,0.9869565217391304,0.005617215425202293,0.9828571428571429,169.45493361573705
segment,KarciFANN,103,162,0.0028183389371833744,0.9875776397515528,0.005700399498009919,0.98,347.7732135185652
segment,KarciFANN,103,163,0.002766105170625317,0.9850931677018634,0.00603815881355023,0.9742857142857143,25.015142672362323
segment,KarciFANN,103,164,0.0025076993027426707,0.9875776397515528,0.0063485570672845125,0.98,55.5181632202769
segment,KarciFANN,103,165,0.002286923289483431,0.9881987577639751,0.0059229797172726615,0.98,89.72772085131645
segment,KarciFANN,103,166,0.0038680855377258875,0.9819875776397515,0.007303974848470104,0.9714285714285714,112.75312501151886
segment,KarciFANN,103,167,0.010434886923679576,0.9602484472049689,0.012063858858211823,0.9571428571428572,5.615421120078477
segment,KarciFANN,103,168,0.00320538355568428,0.9850931677018634,0.0068973507907486,0.9742857142857143,156.82033030217124
segment,KarciFANN,103,169,0.002971438289857404,0.9857142857142858,0.007654740801368257,0.9657142857142857,202.3275783100611
segment,KarciFANN,103,170,0.0020282663317985673,0.9900621118012423,0.006535919256086452,0.9742857142857143,40.5846436245581
segment,KarciFANN,103,171,0.002501148717748924,0.9875776397515528,0.005904802643366027,0.9771428571428571,65.99771796433006
segment,KarciFANN,103,172,0.00258399379024199,0.9875776397515528,0.005956753674297168,0.9771428571428571,44.6649889927709
segment,KarciFANN,103,173,0.0026477385713759498,0.986335403726708,0.007609192849079484,0.9714285714285714,2.918472593313368
segment,KarciFANN,103,174,0.00244493002181463,0.9888198757763975,0.00646446917222379,0.9771428571428571,3.7277340699640535
segment,KarciFANN,103,175,0.003820622098463474,0.9826086956521739,0.007896494087246977,0.9685714285714285,121.84123199863731
segment,KarciFANN,103,176,0.002161748377474886,0.9888198757763975,0.00609600230284635,0.98,55.64692353596037
segment,KarciFANN,103,177,0.0026660946782941673,0.986335403726708,0.006921574769193463,0.9771428571428571,471.9022390965192
segment,KarciFANN,103,178,0.002464041248849853,0.9888198757763975,0.005897122221151353,0.98,214.75682117523002
segment,KarciFANN,103,179,0.002653201235531367,0.9875776397515528,0.0066246987751058415,0.9771428571428571,36.9429838786347
segment,KarciFANN,103,180,0.002537530407652779,0.9869565217391304,0.006775226805314051,0.9742857142857143,182.55139676020391
segment,KarciFANN,103,181,0.0027972211928309005,0.986335403726708,0.005928679424049743,0.98,28.355770999031627
segment,KarciFANN,103,182,0.0030541564815945174,0.9869565217391304,0.007538588222202478,0.9771428571428571,112.39044601823016
segment,KarciFANN,103,183,0.0024819918441749728,0.9875776397515528,0.006754691697960949,0.98,108.98259810359399
segment,KarciFANN,103,184,0.0031911784436344246,0.9857142857142858,0.00818659872818793,0.9714285714285714,15.892041231560139
segment,KarciFANN,103,185,0.005505044932240625,0.9732919254658385,0.009240853153935831,0.9685714285714285,3.3643092294110626
segment,KarciFANN,103,186,0.002389550215977709,0.9875776397515528,0.006453076714520779,0.9771428571428571,297.48314185626225
segment,KarciFANN,103,187,0.0023672365434820645,0.9881987577639751,0.006148965965817941,0.98,3.014682038981221
segment,KarciFANN,103,188,0.0038634462985593925,0.9813664596273292,0.008625377968095649,0.9742857142857143,22.8394556315042
segment,KarciFANN,103,189,0.0025701049991900433,0.9888198757763975,0.006650739522036086,0.9771428571428571,106.0218185740424
segment,KarciFANN,103,190,0.0026571784145923336,0.9857142857142858,0.007008782746844934,0.9742857142857143,133.99797265740764
segment,KarciFANN,103,191,0.0023564785904528203,0.9869565217391304,0.006909590625963509,0.9742857142857143,41.077430064291335
segment,KarciFANN,103,192,0.0029584285983260622,0.9857142857142858,0.007170290837345005,0.98,165.20842063600327
segment,KarciFANN,103,193,0.0022904218985067477,0.9881987577639751,0.005779247197198996,0.9828571428571429,71.06155176318049
segment,KarciFANN,103,194,0.0021976289723220337,0.9894409937888199,0.005670319358787506,0.98,338.44461719299676
segment,KarciFANN,103,195,0.0022418353068167918,0.9875776397515528,0.006531386649239898,0.9771428571428571,53.418762734511056
segment,KarciFANN,103,196,0.0025132434228566677,0.9869565217391304,0.00667740135600361,0.9742857142857143,54.01483558791461
segment,KarciFANN,103,197,0.002148248149653031,0.9900621118012423,0.00544260378121089,0.9828571428571429,156.68043604246674
segment,KarciFANN,103,198,0.002856959075944306,0.986335403726708,0.006218060851332197,0.98,34.979778453893466
segment,KarciFANN,103,199,0.002153005044828142,0.9888198757763975,0.006081782276848572,0.98,29.797379909045414
segment,KarciFANN,103,200,0.00226611302146264,0.9881987577639751,0.0058851593779068396,0.98,49.485236712734554
segment,KarciFANN,103,201,0.0028561410561425697,0.9869565217391304,0.006853817455033138,0.98,127.02153808888642
segment,KarciFANN,103,202,0.002107108878991467,0.9900621118012423,0.006372365370197963,0.98,85.39277133171764
segment,KarciFANN,103,203,0.008803784447490401,0.9627329192546584,0.00852428488833134,0.9714285714285714,8.359910187949366
segment,KarciFANN,103,204,0.00321842564304254,0.984472049689441,0.007370827819104715,0.9771428571428571,93.51574824404418
segment,KarciFANN,103,205,0.002099622000281169,0.9900621118012423,0.006164786163315602,0.9771428571428571,58.902325475827844
segment,KarciFANN,103,206,0.0025774433680761646,0.9881987577639751,0.007158930147295501,0.9685714285714285,122.58455007372012
segment,KarciFANN,103,207,0.0037253956723637474,0.9826086956521739,0.007180522378383445,0.9742857142857143,27.91888144295671
segment,KarciFANN,103,208,0.0018771356666162345,0.9906832298136646,0.006580372477908934,0.9742857142857143,49.28089584737918
segment,KarciFANN,103,209,0.006250961516040854,0.9763975155279503,0.008414620825010174,0.9742857142857143,7.186849422605759
segment,KarciFANN,103,210,0.002369566804141029,0.9875776397515528,0.006771404043872087,0.9742857142857143,107.32139685290859
segment,KarciFANN,103,211,0.0021177434372419315,0.9888198757763975,0.006180718855898289,0.9828571428571429,189.05110460433858
segment,KarciFANN,103,212,0.0020110046909045417,0.9900621118012423,0.0060810197276852385,0.9771428571428571,134.012040011535
segment,KarciFANN,103,213,0.0026852428377754788,0.9875776397515528,0.006553684194073565,0.9742857142857143,204.91565522088806
segment,KarciFANN,103,214,0.0025488081305587275,0.9881987577639751,0.007293791519199256,0.9742857142857143,14.942522724045942
segment,KarciFANN,103,215,0.0019748643180774335,0.9900621118012423,0.006492223817184464,0.98,76.68546969075453
segment,KarciFANN,103,216,0.002366884824268551,0.9881987577639751,0.006008065641187383,0.98,87.76831499419303
segment,KarciFANN,103,217,0.002230039682245845,0.9888198757763975,0.006889774020706303,0.9714285714285714,69.36400376680413
segment,KarciFANN,103,218,0.0025935292293384755,0.9881987577639751,0.0063200356639917365,0.9771428571428571,528.9213999040247
segment,KarciFANN,103,219,0.010758465854829551,0.9559006211180124,0.013275193967891109,0.9571428571428572,8.725503008122633
segment,KarciFANN,103,220,0.002363731086481921,0.9881987577639751,0.006865152949137382,0.9742857142857143,148.73108549505523
segment,KarciFANN,103,221,0.0031783168742419866,0.9850931677018634,0.007247642951752872,0.9742857142857143,3.008328884565418
segment,KarciFANN,103,222,0.002138096146624809,0.9894409937888199,0.006265422561230708,0.9828571428571429,491.5523072536996
segment,KarciFANN,103,223,0.003169154707636499,0.9869565217391304,0.007269458270106738,0.98,18.771537478797683
segment,KarciFANN,103,224,0.002260368393601349,0.9888198757763975,0.005953190987527556,0.9857142857142858,116.62536685855854
segment,KarciFANN,103,225,0.004084370858748935,0.9801242236024845,0.008256935012589938,0.9742857142857143,205.01115447716225
segment,KarciFANN,103,226,0.002113196037403029,0.9888198757763975,0.005887218805478338,0.98,134.491693805585
segment,KarciFANN,103,227,0.0025383817051129486,0.9888198757763975,0.006806615324449819,0.98,53.43142637906008
segment,KarciFANN,103,228,0.0022538086061616694,0.9900621118012423,0.006101565700888803,0.98,47.01255279121782
segment,KarciFANN,103,229,0.0022726452679433387,0.9894409937888199,0.006667091424617633,0.98,49.99967776291872
segment,KarciFANN,103,230,0.0022504936107320705,0.9894409937888199,0.0066129893871469825,0.9771428571428571,21.498808744546146
segment,KarciFANN,103,231,0.0036259352716639754,0.9826086956521739,0.007372965536036569,0.9742857142857143,218.02625042431177
segment,KarciFANN,103,232,0.0026637120306473353,0.9875776397515528,0.006690665054981538,0.98,16.042712207260195
segment,KarciFANN,103,233,0.00236393582801304,0.9888198757763975,0.005950137945202729,0.9828571428571429,18.612540958917503
segment,KarciFANN,103,234,0.002319026019991342,0.9881987577639751,0.0059955232052782,0.9771428571428571,54.051526794051064
segment,KarciFANN,103,235,0.0030287748424825483,0.9857142857142858,0.006104674295461606,0.98,3.7160163658223007
segment,KarciFANN,103,236,0.0023249641111785443,0.9894409937888199,0.006073638595512153,0.9828571428571429,77.87409702907418
segment,KarciFANN,103,237,0.0070361569710179084,0.9720496894409938,0.009849347107156023,0.9657142857142857,3.2302241993471497
segment,KarciFANN,103,238,0.0022498965983626185,0.9888198757763975,0.0057877553406766695,0.98,163.61570604761258
segment,KarciFANN,103,239,0.002112670603269091,0.9894409937888199,0.005757981434985144,0.9828571428571429,73.93243915110882
segment,KarciFANN,103,240,0.0034965335331693763,0.984472049689441,0.006397214730768481,0.9771428571428571,35.01804836019007
segment,KarciFANN,103,241,0.002139546887160574,0.9888198757763975,0.00602863079295653,0.9828571428571429,3.84511984939356
segment,KarciFANN,103,242,0.0018350558722163507,0.9900621118012423,0.005628467206131561,0.9771428571428571,47.21030615962325
segment,KarciFANN,103,243,0.0029420840470843475,0.9850931677018634,0.006749821527747956,0.98,135.40055704776412
segment,KarciFANN,103,244,0.003861630923608659,0.9813664596273292,0.007906490832409675,0.9714285714285714,70.20316078172213
segment,KarciFANN,103,245,0.0051697776776985435,0.9782608695652174,0.0073458441542202805,0.9714285714285714,3.7108306448341266
segment,KarciFANN,103,246,0.002358856470120615,0.9875776397515528,0.005830565652686269,0.9828571428571429,139.40722739364617
segment,KarciFANN,103,247,0.002230509873917029,0.9881987577639751,0.0053203359535662935,0.9828571428571429,93.06813439251741
segment,KarciFANN,103,248,0.004299834686387525,0.9819875776397515,0.008176503614710052,0.9714285714285714,652.8279653653383
segment,KarciFANN,103,249,0.020304012521792345,0.9031055900621118,0.02113615586347645,0.8971428571428571,4.775712936941781
segment,KarciFANN,103,250,0.011146094225502562,0.9341614906832298,0.013720783251222692,0.9342857142857143,3.90200168249422
segment,KarciFANN,103,251,0.009632592934456069,0.9559006211180124,0.011347651924435806,0.9657142857142857,3.033899420225992
segment,KarciFANN,103,252,0.0019517055000602699,0.991304347826087,0.0059302961207425165,0.9771428571428571,3.9226866491116263
segment,KarciFANN,103,253,0.00244063785967711,0.9894409937888199,0.006813428120878143,0.98,19.470580140910716
segment,KarciFANN,103,254,0.002418956564154115,0.9888198757763975,0.006930962026751507,0.9771428571428571,3.3450207357549577
segment,KarciFANN,103,255,0.0023186908121087656,0.9900621118012423,0.005562320963766598,0.9857142857142858,71.57835145796837
segment,KarciFANN,103,256,0.0021976666372329726,0.9888198757763975,0.005667698489939165,0.9828571428571429,501.18008739325455
segment,KarciFANN,103,257,0.004086015982424766,0.984472049689441,0.007560876154608025,0.9742857142857143,10.916051196797426
segment,KarciFANN,103,258,0.0023255806052956186,0.9906832298136646,0.006462559549953828,0.9828571428571429,202.12304805402727
segment,KarciFANN,103,259,0.0026118770832515635,0.9875776397515528,0.007056947666780702,0.98,59.44679916095536
segment,KarciFANN,103,260,0.0022799828575132,0.9906832298136646,0.006513399376410246,0.98,112.6790592757163
segment,KarciFANN,103,261,0.0022471778839786316,0.9900621118012423,0.005623860090336383,0.9885714285714285,25.648110091854587
segment,KarciFANN,103,262,0.003804077492768934,0.9838509316770186,0.00809579226922707,0.9742857142857143,118.07645436872114
segment,KarciFANN,103,263,0.0018995455452992655,0.9906832298136646,0.006480019009230187,0.9771428571428571,153.78211058966153
segment,KarciFANN,103,264,0.002234670073690667,0.9894409937888199,0.00671378416529797,0.9771428571428571,101.73034234937981
segment,KarciFANN,103,265,0.0021442851156649187,0.9888198757763975,0.005822943745218201,0.9857142857142858,37.984502836852
segment,KarciFANN,103,266,0.002044530742636611,0.9888198757763975,0.006783250545668342,0.98,3.9064180783707934
segment,KarciFANN,103,267,0.0020233119584559534,0.9906832298136646,0.005590285176739139,0.9885714285714285,113.60019007214822
segment,KarciFANN,103,268,0.0020348191698252144,0.991304347826087,0.007391055019451579,0.9771428571428571,54.663689448560696
segment,KarciFANN,103,269,0.004313747670698744,0.9813664596273292,0.00739143988777109,0.9771428571428571,52.65604220867234
segment,KarciFANN,103,270,0.0028662247770252325,0.9869565217391304,0.0062324630135604095,0.9771428571428571,207.65805489293598
segment,KarciFANN,103,271,0.00251559891281854,0.9875776397515528,0.0074461789079770455,0.9714285714285714,40.10343732738283
segment,KarciFANN,103,272,0.002057829740924946,0.9906832298136646,0.0066032526877409,0.9742857142857143,364.2923896010368
segment,KarciFANN,103,273,0.002120995238100788,0.991304347826087,0.006093275919531087,0.9828571428571429,113.10714640118115
segment,KarciFANN,103,274,0.0020896887219705278,0.9900621118012423,0.007091192865786656,0.9742857142857143,136.57125984880872
segment,KarciFANN,103,275,0.00202785540596638,0.9906832298136646,0.006642448944417853,0.9771428571428571,371.7063684529796
segment,KarciFANN,103,276,0.0025220306041854787,0.9881987577639751,0.006710796045106182,0.9742857142857143,62.126215310260186
segment,KarciFANN,103,277,0.0021779760427323965,0.9906832298136646,0.0058999211912972496,0.98,353.54544214840007
segment,KarciFANN,103,278,0.0021433330974313086,0.9900621118012423,0.007034678272748568,0.9742857142857143,16.429270427709163
segment,KarciFANN,103,279,0.008281250001443329,0.9770186335403727,0.012484914512116767,0.9657142857142857,5.776095347585563
segment,KarciFANN,103,280,0.0023667773962406965,0.9894409937888199,0.007402087899495003,0.9714285714285714,92.53865500344745
segment,KarciFANN,103,281,0.003007473014817457,0.9888198757763975,0.007456921918338889,0.9714285714285714,21.674648332714007
segment,KarciFANN,103,282,0.0023909616402839795,0.9894409937888199,0.0069077540943562705,0.9771428571428571,24.054541665992847
segment,KarciFANN,103,283,0.0030696868001360944,0.9850931677018634,0.008173927726221606,0.9742857142857143,96.64799596609771
segment,KarciFANN,103,284,0.0019382203334799234,0.991304347826087,0.006978361094628574,0.98,153.38160206669414
segment,KarciFANN,103,285,0.0027842983882311718,0.9869565217391304,0.008331842593223289,0.9742857142857143,59.35534158624953
segment,KarciFANN,103,286,0.0024083201365593535,0.9888198757763975,0.006314256376654192,0.9828571428571429,146.57421720328725
segment,KarciFANN,103,287,0.0020593587055541596,0.9906832298136646,0.006848501323713741,0.9828571428571429,69.44835783381212
segment,KarciFANN,103,288,0.0024982407776058466,0.9888198757763975,0.0065319313614348225,0.9828571428571429,332.25950716641466
segment,KarciFANN,103,289,0.0032132752515321187,0.986335403726708,0.00807437354467443,0.9742857142857143,3.0085180438736248
segment,KarciFANN,103,290,0.0019741105796145806,0.9900621118012423,0.006438438416685584,0.98,152.60212713203077
segment,KarciFANN,103,291,0.0026950675149600405,0.986335403726708,0.007684473457699156,0.9771428571428571,39.12591922356163
segment,KarciFANN,103,292,0.0020883630391146843,0.9900621118012423,0.007311562136230583,0.98,49.03955745973821
segment,KarciFANN,103,293,0.002221341199604889,0.9894409937888199,0.008027253932272754,0.9685714285714285,167.97991770959274
segment,KarciFANN,103,294,0.002079809013674812,0.9906832298136646,0.008278669737086788,0.9771428571428571,2.9948877532235656
segment,KarciFANN,103,295,0.0021009664953506976,0.9906832298136646,0.00713768297827117,0.9742857142857143,880.0050271770026
segment,KarciFANN,103,296,0.002428382766868247,0.9894409937888199,0.0072326139497156695,0.9771428571428571,205.19983752685368
segment,KarciFANN,103,297,0.006252739252251119,0.9757763975155279,0.009429596219089556,0.96,3.9435438361555555
segment,KarciFANN,103,298,0.00802768268200399,0.9664596273291925,0.009973393697699121,0.9685714285714285,5.900526895563968
segment,KarciFANN,103,299,0.0021872288170183365,0.991304347826087,0.007232307604710201,0.98,3.0229184558364044
segment,KarciFANN,103,300,0.0020712214301113548,0.991304347826087,0.0073549764383644065,0.9771428571428571,2.9955881348175626
segment,KarciFANN,103,301,0.0025047161818903658,0.9888198757763975,0.007187107722877837,0.9742857142857143,350.31668571305255
segment,KarciFANN,103,302,0.0021507089584386764,0.9919254658385093,0.007156456225250436,0.98,197.1916402616439
segment,KarciFANN,103,303,0.002159445522130341,0.9906832298136646,0.007376048028453484,0.98,134.0472029688631
segment,KarciFANN,103,304,0.002410494036503529,0.9906832298136646,0.0070616549141150065,0.9771428571428571,1512.7730375370793
segment,KarciFANN,103,305,0.0023555186998981473,0.9906832298136646,0.0074658339902358125,0.9771428571428571,18.501129966166737
segment,KarciFANN,103,306,0.0019943210130415547,0.991304347826087,0.007064282697801564,0.9742857142857143,33.58817264338051
segment,KarciFANN,103,307,0.001789797502775893,0.9919254658385093,0.006976650351578436,0.9771428571428571,208.12322483654378
segment,KarciFANN,103,308,0.003307626904464777,0.986335403726708,0.00818404627618832,0.9714285714285714,14.903658749699522
segment,KarciFANN,103,309,0.0022407880742898946,0.9900621118012423,0.00649902619046895,0.9742857142857143,63.42273890918498
segment,KarciFANN,103,310,0.002204380631933544,0.991304347826087,0.0065963087540334,0.98,463.6429846497127
segment,KarciFANN,103,311,0.002549057106685117,0.9888198757763975,0.0074657042030777925,0.9714285714285714,69.59742706395676
segment,KarciFANN,103,312,0.001871769857385489,0.9925465838509316,0.0066132995687847645,0.9742857142857143,197.50619364942264
segment,KarciFANN,103,313,0.003016902136892918,0.9875776397515528,0.007639532714333982,0.9685714285714285,67.46064156918725
segment,KarciFANN,103,314,0.002228815734758893,0.9906832298136646,0.007135161407412195,0.9742857142857143,2.358767844055341
segment,KarciFANN,103,315,0.002073974551924171,0.991304347826087,0.006773539024934229,0.9771428571428571,55.89825390531374
segment,KarciFANN,103,316,0.0019330911458715805,0.9906832298136646,0.006586087417526975,0.9828571428571429,196.22202266604538
segment,KarciFANN,103,317,0.001944495584364413,0.991304347826087,0.006718336618847848,0.9742857142857143,138.15489841505857
segment,KarciFANN,103,318,0.005196782298120809,0.9782608695652174,0.009195474693446844,0.9657142857142857,352.24568346428424
segment,KarciFANN,103,319,0.002216053461264807,0.9900621118012423,0.006607576353207499,0.9771428571428571,271.851917449746
segment,KarciFANN,103,320,0.001699909788040885,0.993167701863354,0.005737529244715292,0.98,34.721037142006935
segment,KarciFANN,103,321,0.002364361047651498,0.9894409937888199,0.0065311748170842525,0.9742857142857143,150.94401802530695
segment,KarciFANN,103,322,0.002356226311388577,0.991304347826087,0.008680689250830041,0.9657142857142857,183.5282363234102
segment,KarciFANN,103,323,0.001757605674847609,0.9925465838509316,0.006391014991028258,0.9742857142857143,200.15534543989904
segment,KarciFANN,103,324,0.0021655200034962274,0.9900621118012423,0.007455217705744933,0.9742857142857143,98.9472465143646
segment,KarciFANN,103,325,0.0018619905384412968,0.9919254658385093,0.006753319538639268,0.9771428571428571,148.85560005337342
segment,KarciFANN,103,326,0.0027537207972972585,0.9881987577639751,0.007561680331357223,0.9771428571428571,160.7101856832485
segment,KarciFANN,103,327,0.0017900288951619024,0.991304347826087,0.007442888135151692,0.9742857142857143,48.993299605380045
segment,KarciFANN,103,328,0.002010427995310134,0.991304347826087,0.007950652808839406,0.9714285714285714,82.2144413438991
segment,KarciFANN,103,329,0.0017538249315190405,0.9925465838509316,0.007379357167488697,0.9742857142857143,25.138126777361872
segment,KarciFANN,103,330,0.0017344673227839911,0.9925465838509316,0.007315494064757938,0.9742857142857143,64.1987245360197
segment,KarciFANN,103,331,0.0016101864710335923,0.9919254658385093,0.007237617005949326,0.9771428571428571,573.766858464181
segment,KarciFANN,103,332,0.0017441178661391024,0.9925465838509316,0.0076850030492220354,0.9714285714285714,651.8522663711138
segment,KarciFANN,103,333,0.001932866373799221,0.9925465838509316,0.007464472371675225,0.9742857142857143,171.9807021306894
segment,KarciFANN,103,334,0.002653734001173539,0.9881987577639751,0.007678723395792467,0.9714285714285714,42.1046597374539
segment,KarciFANN,103,335,0.001915437608114385,0.9919254658385093,0.006969694007084317,0.9771428571428571,215.88795886680268
segment,KarciFANN,103,336,0.0017029778745712633,0.993167701863354,0.007262517092981291,0.9714285714285714,184.6274041449869
segment,KarciFANN,103,337,0.0020283537021845086,0.991304347826087,0.0064005419514298716,0.98,15.476635322487978
segment,KarciFANN,103,338,0.0022447319402489367,0.9900621118012423,0.007389434230472405,0.9742857142857143,15.680147657236049
segment,KarciFANN,103,339,0.002063175423251894,0.991304347826087,0.007871468372742788,0.9742857142857143,215.21558240481738
segment,KarciFANN,103,340,0.001758010362990133,0.9925465838509316,0.0072342986710521385,0.9742857142857143,68.32186241182823
segment,KarciFANN,103,341,0.0017714728655339096,0.991304347826087,0.008016831307102833,0.9714285714285714,151.17099587396172
segment,KarciFANN,103,342,0.0019013189441501356,0.9906832298136646,0.008063745072652445,0.9742857142857143,3.03915154224847
segment,KarciFANN,103,343,0.0018231013209915206,0.9925465838509316,0.006911096658028848,0.98,139.0649090142478
segment,KarciFANN,103,344,0.0017638008612569389,0.9919254658385093,0.007536401242666646,0.9742857142857143,238.73567080344935
segment,KarciFANN,103,345,0.0017236350043800047,0.993167701863354,0.006699679444199776,0.9771428571428571,187.02540151929946
segment,KarciFANN,103,346,0.0016189102186693384,0.9919254658385093,0.007313476124098027,0.9714285714285714,116.48237933278725
segment,KarciFANN,103,347,0.00510217649236011,0.9850931677018634,0.011114237477962554,0.9685714285714285,7.504160336128676
segment,KarciFANN,103,348,0.002033553930441364,0.9919254658385093,0.008132753591424633,0.9657142857142857,76.39674639351048
segment,KarciFANN,103,349,0.001932332981092381,0.9919254658385093,0.007408812757857183,0.9714285714285714,22.680932519522607
segment,KarciFANN,103,350,0.003165661065091487,0.991304347826087,0.00711496488265072,0.9771428571428571,4.701708839170122
segment,KarciFANN,104,1,0.09459725983483967,0.5695652173913044,0.09404873570572377,0.5685714285714286,1.1889064601889179
segment,KarciFANN,104,2,0.07482623294836278,0.6055900621118012,0.07535090393065277,0.5971428571428572,1.5714770158505345
segment,KarciFANN,104,3,0.03924904123352821,0.8055900621118013,0.03802241136287652,0.8171428571428572,2.378288144920027
segment,KarciFANN,104,4,0.022179412160391782,0.9130434782608695,0.023183107425777578,0.9028571428571428,2.9786539149684548
segment,KarciFANN,104,5,0.023587287151612273,0.9186335403726708,0.02332218184780932,0.9228571428571428,3.128673189562617
segment,KarciFANN,104,6,0.019417523328865344,0.922360248447205,0.02057772689975384,0.9228571428571428,4.074585431212808
segment,KarciFANN,104,7,0.03561264827437889,0.8708074534161491,0.03861970815117234,0.8342857142857143,3.797945147067584
segment,KarciFANN,104,8,0.026537764297958455,0.8726708074534162,0.02766864535493182,0.88,2.0693522440737318
segment,KarciFANN,104,9,0.026039984593997045,0.8857142857142857,0.025201212803447365,0.9,3.665806525831101
segment,KarciFANN,104,10,0.014773985339133721,0.9329192546583851,0.01592532671136222,0.9342857142857143,19.96694204607682
segment,KarciFANN,104,11,0.01998557614346238,0.937888198757764,0.02331022527620695,0.9228571428571428,5.661708942077745
segment,KarciFANN,104,12,0.015826322161651463,0.9298136645962732,0.01856141999515271,0.9228571428571428,10.424246176981836
segment,KarciFANN,104,13,0.013646229413066204,0.9440993788819876,0.015405245646726053,0.9428571428571428,2.0710898696867504
segment,KarciFANN,104,14,0.01608595736578955,0.9267080745341615,0.016632400731740403,0.9285714285714286,2.2497711955141395
segment,KarciFANN,104,15,0.012707635545039744,0.9484472049689441,0.0155488526338176,0.9428571428571428,7.68987505112845
segment,KarciFANN,104,16,0.010807602727551645,0.9540372670807453,0.012964413100679422,0.9457142857142857,2.7404132364577722
segment,KarciFANN,104,17,0.010781719622325043,0.9527950310559006,0.013361013235280224,0.9428571428571428,9.498988842109405
segment,KarciFANN,104,18,0.010673575484838963,0.9546583850931677,0.014090785767169222,0.9428571428571428,13.886825466051155
segment,KarciFANN,104,19,0.009691121699387913,0.9552795031055901,0.013075138625191662,0.9428571428571428,16.74710607355194
segment,KarciFANN,104,20,0.03923230312049702,0.867080745341615,0.04255070401252166,0.8571428571428571,2.3023624835348593
segment,KarciFANN,104,21,0.013513762203081231,0.9366459627329192,0.013345134875090354,0.94,5.492114124319367
segment,KarciFANN,104,22,0.013972327874036735,0.9347826086956522,0.015170055155911197,0.9285714285714286,7.380128147474159
segment,KarciFANN,104,23,0.013685432309752554,0.94472049689441,0.014998629358173195,0.9457142857142857,4.023167565898086
segment,KarciFANN,104,24,0.012792595700374752,0.9397515527950311,0.013426577487207055,0.9371428571428572,7.869600597092682
segment,KarciFANN,104,25,0.007800075035022106,0.9670807453416149,0.00983118724361124,0.9571428571428572,10.404349021517865
segment,KarciFANN,104,26,0.00856930801737377,0.962111801242236,0.01063014152890004,0.9542857142857143,2.809285895393381
segment,KarciFANN,104,27,0.008522957172345056,0.9627329192546584,0.010633275570740114,0.9571428571428572,2.3929095863814154
segment,KarciFANN,104,28,0.016617386881995714,0.9316770186335404,0.016328857619913657,0.9342857142857143,4.628457027471688
segment,KarciFANN,104,29,0.007668739005181734,0.9677018633540373,0.009406802931510158,0.9685714285714285,5.98960544607649
segment,KarciFANN,104,30,0.007388392380836275,0.9670807453416149,0.00930017819510437,0.9628571428571429,28.110324518971662
segment,KarciFANN,104,31,0.029034595089521952,0.8813664596273292,0.02875887969825451,0.8828571428571429,3.377633010974401
segment,KarciFANN,104,32,0.00812030233403723,0.9714285714285714,0.010653692729481102,0.9542857142857143,2.198032707283904
segment,KarciFANN,104,33,0.0127769671245032,0.9434782608695652,0.01258132235336604,0.9542857142857143,4.924206796106188
segment,KarciFANN,104,34,0.011170110270426824,0.9484472049689441,0.011432572101272503,0.9514285714285714,1.9641569808247992
segment,KarciFANN,104,35,0.028114240096542835,0.8906832298136645,0.02782989320213193,0.8971428571428571,5.362250780113193
segment,KarciFANN,104,36,0.008232325394792855,0.9614906832298137,0.009732920082879992,0.9571428571428572,21.521445636204714
segment,KarciFANN,104,37,0.011825955743553614,0.9422360248447205,0.014036116693111722,0.9457142857142857,2.4531000645920162
segment,KarciFANN,104,38,0.006805459191833274,0.9652173913043478,0.008979223878921569,0.96,3.0970530708595168
segment,KarciFANN,104,39,0.009149710373434605,0.9571428571428572,0.010122489234672865,0.96,15.392045267217517
segment,KarciFANN,104,40,0.011188797788401034,0.9509316770186336,0.011437630070034593,0.96,8.45036328821276
segment,KarciFANN,104,41,0.006845857473314746,0.9714285714285714,0.010141889127006793,0.9628571428571429,3.0137552578482207
segment,KarciFANN,104,42,0.01225327363508184,0.94472049689441,0.014186082483278907,0.9457142857142857,6.222900629406763
segment,KarciFANN,104,43,0.005589666696730418,0.9732919254658385,0.00875682537691122,0.9657142857142857,27.79482900416801
segment,KarciFANN,104,44,0.009853200155647293,0.9559006211180124,0.01237760464596453,0.9514285714285714,12.042410338158877
segment,KarciFANN,104,45,0.005358817458466935,0.9726708074534162,0.008247494578129172,0.9657142857142857,14.828717639944195
segment,KarciFANN,104,46,0.00528596723442382,0.9726708074534162,0.008296215141633858,0.9685714285714285,29.952160573398313
segment,KarciFANN,104,47,0.009034889220457937,0.9658385093167702,0.01259764933038289,0.9514285714285714,3.810263655656076
segment,KarciFANN,104,48,0.005729131063273074,0.9726708074534162,0.008674002397533867,0.96,51.69060740449984
segment,KarciFANN,104,49,0.012256758313952586,0.9472049689440993,0.011818786260059564,0.9514285714285714,5.751086030670449
segment,KarciFANN,104,50,0.007264981668609743,0.9639751552795031,0.009851918574935697,0.9628571428571429,9.474543700604803
segment,KarciFANN,104,51,0.006312902076447495,0.9695652173913043,0.009354128172380722,0.9657142857142857,59.1003098723606
segment,KarciFANN,104,52,0.0052782770424697045,0.9770186335403727,0.009012518422959708,0.9657142857142857,28.16986094668786
segment,KarciFANN,104,53,0.004903423776606914,0.9770186335403727,0.0084120325401799,0.9628571428571429,16.824968893975626
segment,KarciFANN,104,54,0.006442188443287319,0.9670807453416149,0.009979479476020639,0.9628571428571429,28.819669177428135
segment,KarciFANN,104,55,0.0056782457840322915,0.9720496894409938,0.009188014688800835,0.9657142857142857,21.15057152124019
segment,KarciFANN,104,56,0.004844483136042019,0.9782608695652174,0.008523249822470335,0.9657142857142857,60.31655917352492
segment,KarciFANN,104,57,0.01546697777398052,0.9360248447204969,0.015279227624090388,0.9371428571428572,3.990103430434702
segment,KarciFANN,104,58,0.0061746003190691545,0.970807453416149,0.009856521086455884,0.9628571428571429,3.1597763014241327
segment,KarciFANN,104,59,0.00789126113047995,0.9701863354037267,0.010593818376931219,0.96,4.393326901977218
segment,KarciFANN,104,60,0.0057190356606281025,0.9732919254658385,0.008990821027319549,0.9542857142857143,17.3462595420463
segment,KarciFANN,104,61,0.005941752755108411,0.9683229813664597,0.009578329173062087,0.9628571428571429,2.8215170736390704
segment,KarciFANN,104,62,0.004953416543409543,0.9782608695652174,0.008475453894364632,0.96,9.47388869171426
segment,KarciFANN,104,63,0.004464008417596373,0.9788819875776398,0.007906915274872141,0.9657142857142857,3.3687607054286786
segment,KarciFANN,104,64,0.004444781599941458,0.9770186335403727,0.007522924295843763,0.9657142857142857,75.34431856954184
segment,KarciFANN,104,65,0.004483597056393852,0.977639751552795,0.00784495293063975,0.9657142857142857,67.70173402088625
segment,KarciFANN,104,66,0.007114355696139817,0.9745341614906833,0.011253116088741225,0.9457142857142857,6.972548685056843
segment,KarciFANN,104,67,0.0074289107608152515,0.9608695652173913,0.011289702248372224,0.9485714285714286,46.844700544084475
segment,KarciFANN,104,68,0.005083523944779864,0.9788819875776398,0.009113160754528837,0.9542857142857143,10.623420704848028
segment,KarciFANN,104,69,0.004928577968858331,0.9770186335403727,0.009067563670876152,0.9571428571428572,10.255337075312141
segment,KarciFANN,104,70,0.006354685785745269,0.9658385093167702,0.009706429616073453,0.9571428571428572,28.60774256207483
segment,KarciFANN,104,71,0.005988090096774554,0.9732919254658385,0.008618537447439494,0.9571428571428572,11.842488160491431
segment,KarciFANN,104,72,0.003792796206992519,0.9838509316770186,0.007173691413299055,0.9657142857142857,12.02207505925562
segment,KarciFANN,104,73,0.0043263259041132806,0.9788819875776398,0.007944109376491381,0.9657142857142857,23.385676553282995
segment,KarciFANN,104,74,0.004549524371649374,0.9795031055900622,0.0078038997810806685,0.9628571428571429,35.80545416399188
segment,KarciFANN,104,75,0.004705266558963519,0.9795031055900622,0.008657071795340683,0.9628571428571429,62.29862533587122
segment,KarciFANN,104,76,0.004010458221318167,0.9807453416149068,0.007559161577823134,0.9657142857142857,82.80368097709568
segment,KarciFANN,104,77,0.0050408610733943685,0.977639751552795,0.00829438823485869,0.9628571428571429,59.596653674022626
segment,KarciFANN,104,78,0.014279841126119991,0.9422360248447205,0.013240280264166848,0.94,3.3988903126560523
segment,KarciFANN,104,79,0.011234019980498056,0.9546583850931677,0.010603790881805268,0.9628571428571429,6.436763571077101
segment,KarciFANN,104,80,0.006567945622289718,0.9732919254658385,0.010164218871588481,0.9571428571428572,4.930850763243668
segment,KarciFANN,104,81,0.005218524503290204,0.977639751552795,0.007771063994500496,0.9657142857142857,11.229601920488452
segment,KarciFANN,104,82,0.0034618548540411892,0.9881987577639751,0.006984131813738102,0.9685714285714285,17.804342584028735
segment,KarciFANN,104,83,0.0035796832500839103,0.984472049689441,0.006826849577412794,0.9714285714285714,23.94236471292297
segment,KarciFANN,104,84,0.0034844717882144445,0.9838509316770186,0.005726071252503935,0.98,12.322952034351767
segment,KarciFANN,104,85,0.0051838761593526565,0.9807453416149068,0.007265332604599818,0.9742857142857143,7.677244348976143
segment,KarciFANN,104,86,0.0036087386718992504,0.9832298136645963,0.006507040710776369,0.9714285714285714,42.40055984523638
segment,KarciFANN,104,87,0.0035573681523416918,0.9838509316770186,0.005893530585932173,0.9771428571428571,24.81095767528762
segment,KarciFANN,104,88,0.005409926328061607,0.9770186335403727,0.006747224768942508,0.9742857142857143,16.00897723959573
segment,KarciFANN,104,89,0.0029829089323526667,0.9875776397515528,0.006631985919330335,0.9714285714285714,15.041809374207446
segment,KarciFANN,104,90,0.008968986085214285,0.9602484472049689,0.012150623030682038,0.9485714285714286,9.1026512342377
segment,KarciFANN,104,91,0.007587536345028592,0.9639751552795031,0.010150282466451261,0.9457142857142857,3.540978486815198
segment,KarciFANN,104,92,0.0032120865898743302,0.9850931677018634,0.006083712335237684,0.9685714285714285,14.38554602127334
segment,KarciFANN,104,93,0.0027123744805281538,0.9881987577639751,0.0050832103396755085,0.9771428571428571,12.128447594945813
segment,KarciFANN,104,94,0.0035672690513467243,0.9838509316770186,0.006252752791662138,0.9742857142857143,3.6007457008860584
segment,KarciFANN,104,95,0.009733175187413939,0.9608695652173913,0.009451323510460855,0.9628571428571429,3.2292620866492854
segment,KarciFANN,104,96,0.003639163039366429,0.9850931677018634,0.00798910679352702,0.9628571428571429,16.96714104197412
segment,KarciFANN,104,97,0.007915415667042382,0.9652173913043478,0.008432955544332644,0.9714285714285714,5.002306146906227
segment,KarciFANN,104,98,0.0037103433311098796,0.9826086956521739,0.007057835888951613,0.9628571428571429,15.327499377205067
segment,KarciFANN,104,99,0.0032978500894516784,0.9850931677018634,0.006602914272478364,0.9742857142857143,3.545892441887561
segment,KarciFANN,104,100,0.002896707891072491,0.9881987577639751,0.006438741186674799,0.9742857142857143,52.192586675093054
segment,KarciFANN,104,101,0.007374397457819483,0.9652173913043478,0.010271810674172073,0.9542857142857143,2.8290478380687323
segment,KarciFANN,104,102,0.011186065920711289,0.9503105590062112,0.012767075049768168,0.9514285714285714,5.2522788046959406
segment,KarciFANN,104,103,0.004366898604065958,0.9801242236024845,0.00783618111060648,0.96,67.7744173881482
segment,KarciFANN,104,104,0.0035657290403959957,0.9894409937888199,0.008134325351464132,0.9714285714285714,3.606225912448581
segment,KarciFANN,104,105,0.0031197219030191137,0.9850931677018634,0.006261355904353301,0.9685714285714285,3.5612186074916496
segment,KarciFANN,104,106,0.0033121883223932885,0.9875776397515528,0.0067124031486748195,0.9771428571428571,49.48806077994283
segment,KarciFANN,104,107,0.0026588771543315376,0.9881987577639751,0.005800191761467161,0.9714285714285714,28.671857460094888
segment,KarciFANN,104,108,0.00854707984764967,0.9639751552795031,0.012709219951271946,0.9485714285714286,4.87491649957931
segment,KarciFANN,104,109,0.004029917318709534,0.9807453416149068,0.008210938165861143,0.9657142857142857,41.773463066822345
segment,KarciFANN,104,110,0.0057541491677479475,0.9819875776397515,0.010140761063507982,0.9828571428571429,6.566099147306322
segment,KarciFANN,104,111,0.003511137699846308,0.984472049689441,0.00721965573707646,0.9657142857142857,50.656847450755194
segment,KarciFANN,104,112,0.0031433784323498075,0.9888198757763975,0.00630826749922479,0.9771428571428571,11.424068855121826
segment,KarciFANN,104,113,0.0032490592110434352,0.9857142857142858,0.006472984401172791,0.9742857142857143,31.013763306571605
segment,KarciFANN,104,114,0.002557198002417025,0.9888198757763975,0.0061650722265339086,0.9685714285714285,41.55291302134378
segment,KarciFANN,104,115,0.003003075911510039,0.9881987577639751,0.006280834606154379,0.9771428571428571,19.24362359093746
segment,KarciFANN,104,116,0.002356985333717293,0.9900621118012423,0.005705028738730323,0.9714285714285714,27.481307881489172
segment,KarciFANN,104,117,0.0032559711231847227,0.986335403726708,0.006907721046872616,0.9771428571428571,25.288542913217917
segment,KarciFANN,104,118,0.0027561724871603683,0.9888198757763975,0.006413003421205646,0.9714285714285714,29.557576325293187
segment,KarciFANN,104,119,0.002698369985280039,0.9894409937888199,0.005504590942453394,0.9742857142857143,54.84700268690459
segment,KarciFANN,104,120,0.0032259596147030797,0.986335403726708,0.007119615217856881,0.96,149.6740528232467
segment,KarciFANN,104,121,0.0038274327686494227,0.9850931677018634,0.007573566046103146,0.9657142857142857,2.975650110994974
segment,KarciFANN,104,122,0.0027899262640852774,0.9894409937888199,0.005511599000120112,0.9771428571428571,26.805482089553752
segment,KarciFANN,104,123,0.004317678960230101,0.9807453416149068,0.007607678568198639,0.9714285714285714,10.657250479601538
segment,KarciFANN,104,124,0.0025038233097605406,0.9894409937888199,0.0059869970406629435,0.9742857142857143,19.31057628615216
segment,KarciFANN,104,125,0.002281636426614642,0.9894409937888199,0.00581399168109559,0.9714285714285714,38.19224518463674
segment,KarciFANN,104,126,0.003695018105899188,0.9850931677018634,0.007049000200797047,0.9771428571428571,12.489116617965418
segment,KarciFANN,104,127,0.0025824565770079366,0.9894409937888199,0.005017583824823775,0.9828571428571429,71.16120357485491
segment,KarciFANN,104,128,0.002011440066816035,0.9906832298136646,0.0058468946237664595,0.9685714285714285,22.445816864400715
segment,KarciFANN,104,129,0.0028273112370277606,0.9869565217391304,0.007005289409182899,0.9685714285714285,57.29284761248224
segment,KarciFANN,104,130,0.0031173797655388758,0.9857142857142858,0.006782481402579382,0.9657142857142857,132.7498215638448
segment,KarciFANN,104,131,0.0026959356975996217,0.9881987577639751,0.006072500725178048,0.9771428571428571,23.938494915644625
segment,KarciFANN,104,132,0.003526321355325463,0.984472049689441,0.006954240965245861,0.9714285714285714,93.91441629505498
segment,KarciFANN,104,133,0.0041156735735610964,0.9813664596273292,0.00801973646641123,0.9657142857142857,9.782410689760592
segment,KarciFANN,104,134,0.002877120380023437,0.9875776397515528,0.007534505833612246,0.9657142857142857,3.3919813345786474
segment,KarciFANN,104,135,0.0020452930052099927,0.9925465838509316,0.006812623137332485,0.9685714285714285,18.12874821831563
segment,KarciFANN,104,136,0.009578115183169587,0.9683229813664597,0.013419152252919618,0.9542857142857143,6.027958198005682
segment,KarciFANN,104,137,0.0021718957843608914,0.9900621118012423,0.006753860134514805,0.9714285714285714,72.71312790871839
segment,KarciFANN,104,138,0.004020128643883831,0.9795031055900622,0.008330515792027801,0.9657142857142857,2.836699681746505
segment,KarciFANN,104,139,0.007025622555579478,0.9726708074534162,0.013461402446885496,0.9428571428571428,9.00647300068579
segment,KarciFANN,104,140,0.0026511926164473464,0.9888198757763975,0.0064128724503859065,0.9771428571428571,28.276793931667193
segment,KarciFANN,104,141,0.0030283512855761776,0.9881987577639751,0.006781812142687816,0.9714285714285714,13.642880597653667
segment,KarciFANN,104,142,0.014474577389410902,0.9204968944099379,0.017543813081482017,0.9114285714285715,4.193522807176838
segment,KarciFANN,104,143,0.0039347752009041915,0.9826086956521739,0.007009928264499232,0.9742857142857143,23.35934235942044
segment,KarciFANN,104,144,0.002493234780132344,0.9888198757763975,0.006121043160511223,0.9657142857142857,49.92010467854208
segment,KarciFANN,104,145,0.005007261149821867,0.9795031055900622,0.00911971408009078,0.9628571428571429,3.0206168661421815
segment,KarciFANN,104,146,0.0027821801685728085,0.9869565217391304,0.006546804759574726,0.9714285714285714,25.471266685844746
segment,KarciFANN,104,147,0.007307835873504175,0.9720496894409938,0.009469137367266888,0.9628571428571429,2.8449475694225366
segment,KarciFANN,104,148,0.0048322554083968065,0.9807453416149068,0.0070896060869669,0.9685714285714285,5.809798483330661
segment,KarciFANN,104,149,0.0037425617499039256,0.984472049689441,0.006907544153092619,0.9628571428571429,2.862721783666888
segment,KarciFANN,104,150,0.007296908436574251,0.9695652173913043,0.011140153976181642,0.9571428571428572,3.608172209968698
segment,KarciFANN,104,151,0.005925688410608577,0.9782608695652174,0.01048084096487754,0.9571428571428572,7.635782131784624
segment,KarciFANN,104,152,0.002547603795893536,0.9888198757763975,0.0074925853361424224,0.9685714285714285,20.087874333619123
segment,KarciFANN,104,153,0.0025356022165417638,0.9875776397515528,0.00664507890402516,0.9771428571428571,41.45073045968447
segment,KarciFANN,104,154,0.002220965749334199,0.9888198757763975,0.006382389599384293,0.9771428571428571,44.96991897342948
segment,KarciFANN,104,155,0.005697250433656949,0.9770186335403727,0.008114041530197387,0.9714285714285714,7.1108218043074745
segment,KarciFANN,104,156,0.0026003843191241926,0.9888198757763975,0.007815398813558137,0.9628571428571429,31.323093646708575
segment,KarciFANN,104,157,0.0025022252091209682,0.991304347826087,0.006693568042753194,0.9742857142857143,87.8043945109101
segment,KarciFANN,104,158,0.001900212214644623,0.991304347826087,0.006313234940235748,0.9714285714285714,43.46230539377964
segment,KarciFANN,104,159,0.001836941407329103,0.993167701863354,0.006403229961908434,0.9657142857142857,208.37859545227755
segment,KarciFANN,104,160,0.0027311688359951103,0.9881987577639751,0.006539984202494297,0.9742857142857143,107.58177684812621
segment,KarciFANN,104,161,0.0019476394483598292,0.991304347826087,0.006530422056770186,0.9742857142857143,79.9669138178751
segment,KarciFANN,104,162,0.00326550182554298,0.9857142857142858,0.006917494137758582,0.9714285714285714,12.674810675157453
segment,KarciFANN,104,163,0.001719115161064133,0.9906832298136646,0.006539013037178544,0.9714285714285714,82.80353739709933
segment,KarciFANN,104,164,0.0023865759035781504,0.9900621118012423,0.0069983327769473375,0.9714285714285714,26.989024626619255
segment,KarciFANN,104,165,0.002316563293181134,0.9894409937888199,0.007005072313499285,0.9657142857142857,22.415182950518542
segment,KarciFANN,104,166,0.0034646884758292393,0.9857142857142858,0.007536170060420317,0.9685714285714285,37.88854659299597
segment,KarciFANN,104,167,0.0019617063601109156,0.9900621118012423,0.0063082416349535,0.9685714285714285,78.20178407907565
segment,KarciFANN,104,168,0.0030666170580813403,0.9881987577639751,0.008287603195386357,0.9628571428571429,11.745206491008895
segment,KarciFANN,104,169,0.0017714188773491157,0.9925465838509316,0.006608213014382721,0.9714285714285714,40.13259641536277
segment,KarciFANN,104,170,0.002351474821586233,0.991304347826087,0.006545763008882147,0.9742857142857143,2.8917355738532806
segment,KarciFANN,104,171,0.0020313678348545558,0.9919254658385093,0.006826130783085555,0.9714285714285714,111.40476039795733
segment,KarciFANN,104,172,0.0027713468042662834,0.9900621118012423,0.0065408076801380475,0.9742857142857143,12.366782398571695
segment,KarciFANN,104,173,0.0019564108591902138,0.991304347826087,0.006765969032242032,0.9742857142857143,97.46056224009158
segment,KarciFANN,104,174,0.0025188762934203047,0.9900621118012423,0.00752844846935498,0.9714285714285714,27.02953592235819
segment,KarciFANN,104,175,0.0017971894690626108,0.9919254658385093,0.0069789364441656745,0.9714285714285714,34.81925275264892
segment,KarciFANN,104,176,0.0017236069373876206,0.9919254658385093,0.006536442061370309,0.9714285714285714,3.7809744109922345
segment,KarciFANN,104,177,0.0077107039053033516,0.9701863354037267,0.009854924868986118,0.96,7.911176796171165
segment,KarciFANN,104,178,0.006285880679756533,0.9770186335403727,0.008509487917335136,0.9657142857142857,14.331135139529254
segment,KarciFANN,104,179,0.0018770610031964426,0.991304347826087,0.0066495664001002324,0.9742857142857143,3.8349058293014586
segment,KarciFANN,104,180,0.007529727736332313,0.970807453416149,0.010987954043350404,0.9542857142857143,6.98756137366816
segment,KarciFANN,104,181,0.006817813770405904,0.9732919254658385,0.007658579269630789,0.9714285714285714,12.319691780813455
segment,KarciFANN,104,182,0.009388542447504615,0.962111801242236,0.012752785511806693,0.9428571428571428,3.3286376786449594
segment,KarciFANN,104,183,0.001997874760401629,0.9919254658385093,0.006460082341485632,0.9714285714285714,49.291580987957815
segment,KarciFANN,104,184,0.0016228581574522195,0.9919254658385093,0.005961737832332824,0.9685714285714285,193.50273365864564
segment,KarciFANN,104,185,0.0017935628731054055,0.991304347826087,0.007048325514042614,0.9657142857142857,440.9057980615878
segment,KarciFANN,104,186,0.0021471659881383918,0.9900621118012423,0.00673422225283746,0.9714285714285714,2.9243687474094555
segment,KarciFANN,104,187,0.0026911227124438064,0.9875776397515528,0.008188139058107958,0.9685714285714285,3.1653532558064166
segment,KarciFANN,104,188,0.0034389198403185456,0.9832298136645963,0.0078073370975082,0.9657142857142857,86.4457448946178
segment,KarciFANN,104,189,0.0017596322480015318,0.9925465838509316,0.0065200148723379755,0.9714285714285714,65.94669237089009
segment,KarciFANN,104,190,0.0016718642492212362,0.9906832298136646,0.006650709308479244,0.9657142857142857,241.04800757782013
segment,KarciFANN,104,191,0.002239911531454946,0.9906832298136646,0.006961674375364519,0.9742857142857143,61.15412736231357
segment,KarciFANN,104,192,0.004096621296070154,0.9832298136645963,0.008033340085895551,0.9657142857142857,13.771488386275724
segment,KarciFANN,104,193,0.004774947191786711,0.9807453416149068,0.008353656417619695,0.96,66.88550945548693
segment,KarciFANN,104,194,0.002700702964871798,0.9875776397515528,0.008588860776900546,0.96,83.29127314569217
segment,KarciFANN,104,195,0.009200975964015723,0.962111801242236,0.012990263173629286,0.9485714285714286,5.991784702990023
segment,KarciFANN,104,196,0.0020221695152905774,0.9906832298136646,0.007973814951127646,0.9657142857142857,51.72999072902667
segment,KarciFANN,104,197,0.0017972107094393766,0.9906832298136646,0.007231369880719957,0.9714285714285714,38.33492528754269
segment,KarciFANN,104,198,0.0027890421417695378,0.986335403726708,0.006916898110357586,0.9685714285714285,98.07158960876262
segment,KarciFANN,104,199,0.0030416060708546235,0.9857142857142858,0.007506816272919521,0.9714285714285714,19.655429122886662
segment,KarciFANN,104,200,0.0023596538554998955,0.9900621118012423,0.006799189174602686,0.9714285714285714,30.668154990361586
segment,KarciFANN,104,201,0.004909331976712102,0.977639751552795,0.009807501608882531,0.9485714285714286,79.421531008395
segment,KarciFANN,104,202,0.0031171912793456747,0.984472049689441,0.00783171964047228,0.9657142857142857,47.66236700219483
segment,KarciFANN,104,203,0.002056664894207572,0.991304347826087,0.005497277172526813,0.9771428571428571,168.3943881499757
segment,KarciFANN,104,204,0.001813239827382806,0.9919254658385093,0.005572034171438484,0.9742857142857143,40.62156885413798
segment,KarciFANN,104,205,0.002555186264487659,0.9875776397515528,0.006898568066374585,0.9714285714285714,52.846489602910914
segment,KarciFANN,104,206,0.0020650722887357083,0.991304347826087,0.006614448600383997,0.9742857142857143,33.84159836755024
segment,KarciFANN,104,207,0.0028430603859569926,0.9875776397515528,0.008631229732486497,0.9628571428571429,93.78765841795895
segment,KarciFANN,104,208,0.0048990359428676584,0.9770186335403727,0.009947699600044543,0.9571428571428572,406.8664293640879
segment,KarciFANN,104,209,0.0029649155185558183,0.9875776397515528,0.007301132234258498,0.9685714285714285,215.88993606932513
segment,KarciFANN,104,210,0.015469608040194384,0.9416149068322981,0.01676136914169382,0.9342857142857143,3.8598730568791195
segment,KarciFANN,104,211,0.003877661075183502,0.9819875776397515,0.00838586174249243,0.9657142857142857,62.27283183890312
segment,KarciFANN,104,212,0.0018406449041674041,0.9900621118012423,0.006323117045174345,0.9771428571428571,61.16589191922489
segment,KarciFANN,104,213,0.0028353380343707,0.9875776397515528,0.0077291044142490575,0.9657142857142857,18.45954058275747
segment,KarciFANN,104,214,0.0022807558939874125,0.9894409937888199,0.006281746833277329,0.9742857142857143,37.57389996604057
segment,KarciFANN,104,215,0.0028175625807653317,0.9850931677018634,0.006749129933992375,0.9714285714285714,88.9436489795416
segment,KarciFANN,104,216,0.006799084946854349,0.9726708074534162,0.010399728813158293,0.96,5.102606865098274
segment,KarciFANN,104,217,0.0027012237957219284,0.9881987577639751,0.007864451081845102,0.9685714285714285,71.06558246294317
segment,KarciFANN,104,218,0.002096948694025229,0.9894409937888199,0.00639466753749328,0.98,208.48101263385612
segment,KarciFANN,104,219,0.0017047101922572656,0.991304347826087,0.00638375275436399,0.9685714285714285,32.484271526736684
segment,KarciFANN,104,220,0.0018025786039253028,0.9906832298136646,0.0065695619762179865,0.9685714285714285,30.172038896537817
segment,KarciFANN,104,221,0.0028049210466046396,0.9869565217391304,0.006352978937012702,0.9714285714285714,12.90346236783354
segment,KarciFANN,104,222,0.0028558851757392485,0.9869565217391304,0.006950319481083014,0.9742857142857143,195.4391996448847
segment,KarciFANN,104,223,0.0020370798171671653,0.9900621118012423,0.006228376194310335,0.9714285714285714,93.8143788821521
segment,KarciFANN,104,224,0.0027712611078869404,0.9888198757763975,0.006928452767446475,0.9714285714285714,81.93698420430343
segment,KarciFANN,104,225,0.0019153173523551081,0.9919254658385093,0.0074267770801034645,0.9685714285714285,340.886821650451
segment,KarciFANN,104,226,0.0015983215992230978,0.9919254658385093,0.006329185003589029,0.9714285714285714,52.389275943956655
segment,KarciFANN,104,227,0.001989490630728359,0.9900621118012423,0.005857376688391881,0.9771428571428571,16.88356221355649
segment,KarciFANN,104,228,0.0016035235274866396,0.993167701863354,0.005752275849857719,0.98,70.33422645413783
segment,KarciFANN,104,229,0.0015658060362950632,0.9919254658385093,0.005902580680374912,0.9742857142857143,96.65216169434832
segment,KarciFANN,104,230,0.002520382625952173,0.9894409937888199,0.0065542204424945925,0.9742857142857143,159.206371138486
segment,KarciFANN,104,231,0.0015998881831825577,0.9937888198757764,0.005607349441619209,0.9828571428571429,238.4108676734397
segment,KarciFANN,104,232,0.0016511620453150406,0.993167701863354,0.005555876772476624,0.9828571428571429,43.93793211444223
segment,KarciFANN,104,233,0.001987406479631489,0.9919254658385093,0.00736022032107363,0.9714285714285714,77.68993927283806
segment,KarciFANN,104,234,0.0016548329322118105,0.9925465838509316,0.006288708575488439,0.9771428571428571,23.504785428442954
segment,KarciFANN,104,235,0.003975422080231841,0.9857142857142858,0.010059627422871335,0.96,9.396029415110114
segment,KarciFANN,104,236,0.0021155319559591425,0.9906832298136646,0.007042417821769824,0.9742857142857143,7.463119098927237
segment,KarciFANN,104,237,0.0018556279824142167,0.9906832298136646,0.006424365824516713,0.98,33.206993384181295
segment,KarciFANN,104,238,0.004115777618670827,0.9813664596273292,0.009287024205930871,0.9628571428571429,19.0835555200869
segment,KarciFANN,104,239,0.004167826018906587,0.9807453416149068,0.008270275615515039,0.9771428571428571,285.33144536062133
segment,KarciFANN,104,240,0.0022299589441388285,0.9906832298136646,0.006914296059698541,0.9742857142857143,3.255546500520992
segment,KarciFANN,104,241,0.008618346265121998,0.9658385093167702,0.010920345532162505,0.9628571428571429,4.554147567265302
segment,KarciFANN,104,242,0.002018586037799437,0.991304347826087,0.006657693772108639,0.98,59.248136415359035
segment,KarciFANN,104,243,0.00180659217512139,0.9919254658385093,0.006447521098211898,0.9742857142857143,3.948002974596373
segment,KarciFANN,104,244,0.001952936467676024,0.9906832298136646,0.00646201083042033,0.98,3.0248243262703833
segment,KarciFANN,104,245,0.0015851867941482005,0.993167701863354,0.005792342801850515,0.9828571428571429,229.52429815941477
segment,KarciFANN,104,246,0.0033779682035238873,0.9826086956521739,0.008468193499914362,0.9571428571428572,172.4668416257362
segment,KarciFANN,104,247,0.0014285658308783337,0.9937888198757764,0.00680280116774719,0.9685714285714285,36.06307845151108
segment,KarciFANN,104,248,0.0022189443034452594,0.9900621118012423,0.007353611947693109,0.9685714285714285,257.34970735425486
segment,KarciFANN,104,249,0.0017176138987165337,0.9900621118012423,0.006498586426641433,0.9742857142857143,36.20307975548546
segment,KarciFANN,104,250,0.002446429292117607,0.9906832298136646,0.006984851986672288,0.9771428571428571,68.30504534632868
segment,KarciFANN,104,251,0.01073601528471377,0.9596273291925466,0.01029857891839322,0.9657142857142857,4.815416422681682
segment,KarciFANN,104,252,0.003410968543929852,0.9869565217391304,0.007625114095267095,0.9714285714285714,163.92340413176285
segment,KarciFANN,104,253,0.0022940350628661075,0.9888198757763975,0.007503910196336087,0.9657142857142857,125.73655282054163
segment,KarciFANN,104,254,0.0030070369916227893,0.9869565217391304,0.0066441646281414826,0.9742857142857143,75.21508833794356
segment,KarciFANN,104,255,0.0023326767749633436,0.9900621118012423,0.0071092879563293635,0.9657142857142857,283.6248055819998
segment,KarciFANN,104,256,0.005162946884332024,0.9782608695652174,0.010221022557456579,0.9628571428571429,3.4905326661555844
segment,KarciFANN,104,257,0.0021131622138456734,0.9906832298136646,0.0067293132440618825,0.9714285714285714,18.16359668938824
segment,KarciFANN,104,258,0.0019983283846956154,0.9919254658385093,0.007363212946482975,0.9771428571428571,197.5296459769042
segment,KarciFANN,104,259,0.0017591422782325453,0.9925465838509316,0.006857983402687609,0.9742857142857143,72.29152446041743
segment,KarciFANN,104,260,0.00214304115807098,0.9906832298136646,0.006177885898753058,0.9742857142857143,132.45169936721828
segment,KarciFANN,104,261,0.002682920211904778,0.9881987577639751,0.0063981327964498305,0.9771428571428571,3.0378681907267007
segment,KarciFANN,104,262,0.002054426660252232,0.991304347826087,0.0057655128790015196,0.98,154.3914421028867
segment,KarciFANN,104,263,0.0026407219109616437,0.9881987577639751,0.006460661825243157,0.9771428571428571,117.48125807886443
segment,KarciFANN,104,264,0.00366723695075568,0.984472049689441,0.008311813444137681,0.9657142857142857,14.186525539102709
segment,KarciFANN,104,265,0.002559549362497922,0.9888198757763975,0.007785706730817809,0.9742857142857143,25.1070528755584
segment,KarciFANN,104,266,0.002133998848272604,0.991304347826087,0.00605104262044175,0.9742857142857143,335.8044992946476
segment,KarciFANN,104,267,0.001485004867853671,0.9937888198757764,0.005710992854967097,0.98,188.01175004285085
segment,KarciFANN,104,268,0.001826422819414447,0.9919254658385093,0.005760584531596238,0.9771428571428571,3.989287018770024
segment,KarciFANN,104,269,0.0020022124316831907,0.9919254658385093,0.00568217564573706,0.98,43.99702420374315
segment,KarciFANN,104,270,0.0017780326291682437,0.993167701863354,0.005719517975071998,0.9771428571428571,24.307511874912993
segment,KarciFANN,104,271,0.0014602151521816344,0.9944099378881988,0.005818015035733789,0.98,489.18174872088974
segment,KarciFANN,104,272,0.0014883511237840496,0.9937888198757764,0.0054384963183349575,0.98,270.80137469926433
segment,KarciFANN,104,273,0.006702335727081462,0.9720496894409938,0.010092341533252018,0.9628571428571429,274.96130698167184
segment,KarciFANN,104,274,0.0017533502572713053,0.9919254658385093,0.007296324433968026,0.9685714285714285,238.07949867502515
segment,KarciFANN,104,275,0.0017366919005894926,0.993167701863354,0.0056714623292377165,0.9742857142857143,19.995644336683537
segment,KarciFANN,104,276,0.0019398359034139198,0.9894409937888199,0.00720252964420684,0.9742857142857143,61.31785067671501
segment,KarciFANN,104,277,0.0018974362825804913,0.9919254658385093,0.005567950730391737,0.98,382.4478322001433
segment,KarciFANN,104,278,0.002442380334718665,0.9900621118012423,0.0058472721648894985,0.98,47.77853526343882
segment,KarciFANN,104,279,0.0025654249901498113,0.9888198757763975,0.006703163118836653,0.9714285714285714,268.77757573270935
segment,KarciFANN,104,280,0.007764042258019876,0.9670807453416149,0.010547942144640315,0.9657142857142857,4.044903110314393
segment,KarciFANN,104,281,0.0015337353710202187,0.993167701863354,0.005206138103342794,0.9828571428571429,3.8845903058323117
segment,KarciFANN,104,282,0.0016434774528006216,0.9919254658385093,0.005202722333945434,0.9828571428571429,3.0545263522551416
segment,KarciFANN,104,283,0.0021146719213392066,0.991304347826087,0.005629502920860704,0.98,3.061642823630878
segment,KarciFANN,104,284,0.0016346635848389138,0.9925465838509316,0.006451298200772305,0.9771428571428571,64.03829049012285
segment,KarciFANN,104,285,0.001619401095755303,0.993167701863354,0.005653595652464774,0.98,196.96778919936995
segment,KarciFANN,104,286,0.001639851246071937,0.9925465838509316,0.0050606967891064225,0.9828571428571429,94.45274619556271
segment,KarciFANN,104,287,0.0015388511450708721,0.9925465838509316,0.005712649996192436,0.9828571428571429,311.36913198059864
segment,KarciFANN,104,288,0.0016154320438157782,0.9919254658385093,0.006283823857928936,0.9714285714285714,247.12274800920795
segment,KarciFANN,104,289,0.0018317226905557459,0.9894409937888199,0.005857141171665709,0.9742857142857143,42.11217952987737
segment,KarciFANN,104,290,0.0018245090268528947,0.9906832298136646,0.006088517676487775,0.9742857142857143,70.93459934024743
segment,KarciFANN,104,291,0.001819060948662105,0.991304347826087,0.005923071935751617,0.9828571428571429,82.66868973777326
segment,KarciFANN,104,292,0.001934863490486372,0.993167701863354,0.006449753622335246,0.9771428571428571,284.8207465800022
segment,KarciFANN,104,293,0.002023893070431105,0.9906832298136646,0.007228945534703688,0.9742857142857143,426.1015528203531
segment,KarciFANN,104,294,0.0015033102163906932,0.9937888198757764,0.006197013794529951,0.9771428571428571,239.43335252491522
segment,KarciFANN,104,295,0.0018828600445345968,0.9906832298136646,0.005472178156379224,0.98,54.13195844536682
segment,KarciFANN,104,296,0.0014109789359608867,0.993167701863354,0.006910667379223392,0.9742857142857143,16.99072860354093
segment,KarciFANN,104,297,0.002562521951914282,0.9894409937888199,0.006737698637394235,0.9771428571428571,22.333708967036266
segment,KarciFANN,104,298,0.0015107253382933461,0.9937888198757764,0.00622479702912927,0.9828571428571429,103.51471432727129
segment,KarciFANN,104,299,0.002337111022093856,0.9888198757763975,0.006597905411514394,0.9771428571428571,115.00914147717825
segment,KarciFANN,104,300,0.002841811400737536,0.986335403726708,0.00784135359418146,0.9714285714285714,238.74870275264627
segment,KarciFANN,104,301,0.00172475849044539,0.991304347826087,0.007092409083288694,0.9771428571428571,647.0385786761251
segment,KarciFANN,104,302,0.0015070223280911187,0.993167701863354,0.006921287684524568,0.9771428571428571,57.331986402120435
segment,KarciFANN,104,303,0.0023941137477939928,0.9894409937888199,0.008169335593582603,0.9742857142857143,134.75653170118696
segment,KarciFANN,104,304,0.0017135777754029174,0.9919254658385093,0.006416428043988545,0.98,24.338953821204495
segment,KarciFANN,104,305,0.0021001234595607707,0.991304347826087,0.006862549137974687,0.9771428571428571,123.61871403144973
segment,KarciFANN,104,306,0.0018845432024375483,0.9919254658385093,0.006638221911361271,0.98,313.09337726292034
segment,KarciFANN,104,307,0.002148702516824796,0.9894409937888199,0.0072290684429308265,0.9771428571428571,67.74931339000808
segment,KarciFANN,104,308,0.001788142355821447,0.9919254658385093,0.006786594738413335,0.9828571428571429,55.504793909991335
segment,KarciFANN,104,309,0.002251575431001885,0.9881987577639751,0.006558231743647007,0.9742857142857143,358.4981851089665
segment,KarciFANN,104,310,0.0017984147605020037,0.993167701863354,0.0070302977065348805,0.98,3.0949133177595147
segment,KarciFANN,104,311,0.002360591465071561,0.9881987577639751,0.008821602926713176,0.9714285714285714,31.635424488071052
segment,KarciFANN,104,312,0.0012158346822354687,0.993167701863354,0.0063073809964116585,0.9771428571428571,88.58250921098293
segment,KarciFANN,104,313,0.0013255651787712581,0.993167701863354,0.006465985478586717,0.98,425.73083474166725
segment,KarciFANN,104,314,0.0039550517169983715,0.9850931677018634,0.007733159968383951,0.9714285714285714,9.83219507640698
segment,KarciFANN,104,315,0.0026756840178095652,0.9894409937888199,0.007668508934435486,0.9771428571428571,602.620223657753
segment,KarciFANN,104,316,0.001788444696423625,0.991304347826087,0.008208890657226216,0.9714285714285714,1215.1646938293227
segment,KarciFANN,104,317,0.0015323851145698853,0.9919254658385093,0.008236287805299499,0.9685714285714285,133.5384444656903
segment,KarciFANN,104,318,0.002310182362512977,0.9894409937888199,0.006908726667043867,0.9771428571428571,45.915895980122826
segment,KarciFANN,104,319,0.0018079723487637919,0.991304347826087,0.0074829126789540045,0.9742857142857143,165.59637948327182
segment,KarciFANN,104,320,0.0013753001297121096,0.9937888198757764,0.007547108702617502,0.9714285714285714,254.97773822783068
segment,KarciFANN,104,321,0.0013872262213562047,0.9937888198757764,0.007061528922927812,0.9714285714285714,524.8875638804928
segment,KarciFANN,104,322,0.0024043189252698984,0.9881987577639751,0.008592143410264465,0.9657142857142857,19.432306478864753
segment,KarciFANN,104,323,0.002264008474628657,0.9906832298136646,0.007260123290675284,0.9714285714285714,447.54447786094687
segment,KarciFANN,104,324,0.001524813671425172,0.993167701863354,0.0073316488939522365,0.9742857142857143,16.347097558575555
segment,KarciFANN,104,325,0.010605964808769588,0.9596273291925466,0.01664260415271277,0.9342857142857143,4.54540753536303
segment,KarciFANN,104,326,0.0014866897541010921,0.9925465838509316,0.00629893082134006,0.9714285714285714,275.158922908245
segment,KarciFANN,104,327,0.002645362612235795,0.9906832298136646,0.008745439461926591,0.9714285714285714,8.231193021752356
segment,KarciFANN,104,328,0.00208997285591036,0.9906832298136646,0.006199538940706122,0.9742857142857143,120.96545238186074
segment,KarciFANN,104,329,0.0022011242556747297,0.9894409937888199,0.007235816373896494,0.9714285714285714,212.21210877896618
segment,KarciFANN,104,330,0.0021512439689377995,0.9906832298136646,0.0073984799791446286,0.9714285714285714,10.770639405976738
segment,KarciFANN,104,331,0.0031178313642830214,0.986335403726708,0.006812065905552514,0.9742857142857143,115.12640971521171
segment,KarciFANN,104,332,0.0034224396107889465,0.9857142857142858,0.006926612670419719,0.9742857142857143,227.70954659343982
segment,KarciFANN,104,333,0.0032827417884763155,0.9850931677018634,0.00622910279067499,0.9771428571428571,100.26948313225157
segment,KarciFANN,104,334,0.0030295287968644348,0.9869565217391304,0.005914604727982478,0.9742857142857143,41.75533081565363
segment,KarciFANN,104,335,0.004042088572988721,0.9826086956521739,0.007509846559032076,0.9714285714285714,81.78289631959683
segment,KarciFANN,104,336,0.0021133236248430166,0.9906832298136646,0.006257107990232121,0.98,368.59604450526
segment,KarciFANN,104,337,0.001957650213133119,0.9919254658385093,0.007230123806268587,0.9714285714285714,30.861917612738004
segment,KarciFANN,104,338,0.0025941370557912933,0.9894409937888199,0.006896836692285754,0.9742857142857143,299.00935307361993
segment,KarciFANN,104,339,0.001497564192077095,0.9919254658385093,0.00633046971258058,0.9771428571428571,226.85320747274778
segment,KarciFANN,104,340,0.0017259384483826726,0.9919254658385093,0.006847133297211217,0.9685714285714285,125.21879194192972
segment,KarciFANN,104,341,0.0014818961920014934,0.993167701863354,0.0063719196440906786,0.9714285714285714,441.8567761278667
segment,KarciFANN,104,342,0.0017540863930520481,0.991304347826087,0.006032846705151401,0.9771428571428571,104.98090862400858
segment,KarciFANN,104,343,0.0018492411547971917,0.9906832298136646,0.0071524779339559655,0.9714285714285714,34.36910179864715
segment,KarciFANN,104,344,0.0022445309104839155,0.9875776397515528,0.007120484513884216,0.9714285714285714,212.69032704300048
segment,KarciFANN,104,345,0.0014784256912627515,0.993167701863354,0.006202393376352213,0.9714285714285714,29.41795127366891
segment,KarciFANN,104,346,0.0022503777873659233,0.9894409937888199,0.007392442042277261,0.9714285714285714,660.972843683099
segment,KarciFANN,104,347,0.007159215029593819,0.9726708074534162,0.010351078034257222,0.96,7.215073968537358
segment,KarciFANN,104,348,0.0018873599481468483,0.991304347826087,0.008188767604192963,0.9628571428571429,169.91769715151688
segment,KarciFANN,104,349,0.0031207605491170584,0.9869565217391304,0.008088584898119361,0.9714285714285714,15.878925099359737
segment,KarciFANN,104,350,0.0033688286611227043,0.9869565217391304,0.010292222352948681,0.9657142857142857,5.955188709404672
segment,KarciFANN,105,1,0.07792613795632035,0.5540372670807453,0.07763650365361724,0.5371428571428571,1.2498906215798227
segment,KarciFANN,105,2,0.05102320879891008,0.808695652173913,0.05118908786845432,0.8171428571428572,1.4619652229398965
segment,KarciFANN,105,3,0.05347917901222103,0.8503105590062112,0.0546634570569326,0.8285714285714286,2.2044789811645846
segment,KarciFANN,105,4,0.032328835059111785,0.8838509316770187,0.034347468742676614,0.8742857142857143,2.7038011221180964
segment,KarciFANN,105,5,0.027761047209424062,0.8677018633540373,0.029670815724572894,0.8657142857142858,1.8073177897732682
segment,KarciFANN,105,6,0.020088745114602017,0.922360248447205,0.021074506356925392,0.9142857142857143,2.6831730554283393
segment,KarciFANN,105,7,0.019438152350979853,0.9198757763975155,0.021269416483933986,0.9114285714285715,2.557663389323345
segment,KarciFANN,105,8,0.016403970508061652,0.9316770186335404,0.017569075543062012,0.9228571428571428,8.820684708581508
segment,KarciFANN,105,9,0.017229626352712586,0.9341614906832298,0.018295255118054722,0.9171428571428571,2.529770597313815
segment,KarciFANN,105,10,0.014159480041990502,0.9472049689440993,0.015706635035734252,0.94,8.034459680661216
segment,KarciFANN,105,11,0.013724441213385258,0.9391304347826087,0.015280925867103832,0.9371428571428572,4.575853511201794
segment,KarciFANN,105,12,0.016246737588544145,0.9285714285714286,0.017346026446191893,0.9171428571428571,4.966018154669009
segment,KarciFANN,105,13,0.017658336443896208,0.9434782608695652,0.01908619117630587,0.9228571428571428,4.083973224856261
segment,KarciFANN,105,14,0.020235326551297148,0.9409937888198758,0.023189381013576045,0.9342857142857143,3.774248746794571
segment,KarciFANN,105,15,0.012197864765731618,0.9484472049689441,0.014521322605338593,0.9342857142857143,2.1703296891779873
segment,KarciFANN,105,16,0.01410169381919665,0.9409937888198758,0.01614859869823982,0.94,3.000372361433132
segment,KarciFANN,105,17,0.010483003402857946,0.9608695652173913,0.013178065501276297,0.94,2.740381152384497
segment,KarciFANN,105,18,0.034481666786582724,0.8795031055900621,0.0357063666140052,0.8742857142857143,3.6212845359508594
segment,KarciFANN,105,19,0.01220323088445069,0.9484472049689441,0.014836727020553091,0.9428571428571428,15.845855760955775
segment,KarciFANN,105,20,0.020218681000607613,0.924223602484472,0.019889410288877654,0.9428571428571428,4.998900787581541
segment,KarciFANN,105,21,0.014073172343596351,0.9527950310559006,0.01613069365923636,0.9428571428571428,2.4049607714716816
segment,KarciFANN,105,22,0.012712059308863322,0.9440993788819876,0.013876101120621024,0.94,1.8639240862135578
segment,KarciFANN,105,23,0.012134785781050742,0.9484472049689441,0.013230487589385538,0.9457142857142857,9.165470121982308
segment,KarciFANN,105,24,0.037691914907883116,0.868944099378882,0.03666647063826328,0.8657142857142858,4.484886467288008
segment,KarciFANN,105,25,0.010756772392976677,0.953416149068323,0.012840829579879053,0.9542857142857143,6.7685180683806285
segment,KarciFANN,105,26,0.007487495297827794,0.9658385093167702,0.010057016979472665,0.9571428571428572,12.251783884607669
segment,KarciFANN,105,27,0.019120686692634784,0.9279503105590062,0.020644832169121802,0.9314285714285714,2.9413692554451565
segment,KarciFANN,105,28,0.008334768747594555,0.9596273291925466,0.010232540740985938,0.9571428571428572,20.56505753001025
segment,KarciFANN,105,29,0.00678683625523826,0.9726708074534162,0.009725541514321853,0.9542857142857143,28.913606925895813
segment,KarciFANN,105,30,0.00696628982366074,0.968944099378882,0.0091781040930456,0.9571428571428572,34.777236758323085
segment,KarciFANN,105,31,0.007227818516952077,0.9701863354037267,0.009325395388869348,0.9571428571428572,14.553793025196496
segment,KarciFANN,105,32,0.00825568894818499,0.9633540372670808,0.008821900491547654,0.9657142857142857,15.73798793978627
segment,KarciFANN,105,33,0.00968428068022515,0.9559006211180124,0.012912875480917022,0.9485714285714286,2.649090843516935
segment,KarciFANN,105,34,0.016001036477685214,0.929192546583851,0.01728304954307507,0.9285714285714286,3.218981833153638
segment,KarciFANN,105,35,0.007068265237237771,0.9683229813664597,0.010264861124903797,0.9514285714285714,15.378387732795348
segment,KarciFANN,105,36,0.01278487398059378,0.9571428571428572,0.014808862996971412,0.9514285714285714,4.8008300622460665
segment,KarciFANN,105,37,0.007276134256029985,0.9664596273291925,0.008693079507922894,0.9657142857142857,15.351278846546935
segment,KarciFANN,105,38,0.007355245586584849,0.9720496894409938,0.010232588757241694,0.9628571428571429,8.553631973474088
segment,KarciFANN,105,39,0.013111252596353186,0.9385093167701863,0.014265996026521718,0.9342857142857143,2.3602995107177
segment,KarciFANN,105,40,0.01333127878571861,0.9422360248447205,0.015069811408014857,0.9371428571428572,6.50906765689406
segment,KarciFANN,105,41,0.009128571055070802,0.9565217391304348,0.011339342386696056,0.9514285714285714,31.209169137890832
segment,KarciFANN,105,42,0.006052827184374677,0.9726708074534162,0.008039397657964667,0.9657142857142857,30.083402924672708
segment,KarciFANN,105,43,0.0059185814235365565,0.9739130434782609,0.008107167525305221,0.9685714285714285,13.059514765324717
segment,KarciFANN,105,44,0.0055863740146067905,0.9732919254658385,0.007840309850503371,0.9685714285714285,44.84717126219479
segment,KarciFANN,105,45,0.018676166708731425,0.924223602484472,0.01738319430130561,0.9142857142857143,3.339438667101095
segment,KarciFANN,105,46,0.007416975390590552,0.970807453416149,0.008799260921639766,0.96,2.813835415784675
segment,KarciFANN,105,47,0.007225334727794616,0.9757763975155279,0.008677431484384086,0.9571428571428572,2.453755753291102
segment,KarciFANN,105,48,0.005100159711884779,0.9770186335403727,0.00810714659302135,0.96,25.84381681180702
segment,KarciFANN,105,49,0.010078534856453257,0.9670807453416149,0.01359959355995944,0.9571428571428572,9.987303484425242
segment,KarciFANN,105,50,0.007215188228759863,0.9745341614906833,0.011202612770983257,0.9628571428571429,3.826467277081144
segment,KarciFANN,105,51,0.0056428122752009875,0.9739130434782609,0.00959990406641967,0.9514285714285714,9.712678440295806
segment,KarciFANN,105,52,0.008370531740513477,0.9683229813664597,0.009243707981813409,0.96,2.721618917569839
segment,KarciFANN,105,53,0.007655491826357856,0.968944099378882,0.008420007437950943,0.9714285714285714,2.3237124230805914
segment,KarciFANN,105,54,0.004666418096230287,0.9788819875776398,0.007309863295669073,0.9657142857142857,3.036574640598631
segment,KarciFANN,105,55,0.00915868558561862,0.9633540372670808,0.010923610802657392,0.9571428571428572,6.143149610837317
segment,KarciFANN,105,56,0.00561728362408174,0.9745341614906833,0.008884621461730767,0.9514285714285714,9.147054295761261
segment,KarciFANN,105,57,0.006006002822861593,0.9739130434782609,0.007405713020398129,0.9657142857142857,44.519133338454026
segment,KarciFANN,105,58,0.004560898238265827,0.977639751552795,0.006381111345486424,0.9657142857142857,14.723602024736882
segment,KarciFANN,105,59,0.012191536259802389,0.9472049689440993,0.012841543908190875,0.94,2.936851715962992
segment,KarciFANN,105,60,0.00478969004548996,0.9795031055900622,0.006874717271389655,0.9685714285714285,17.630424258811324
segment,KarciFANN,105,61,0.006659815361275046,0.968944099378882,0.007489358851205481,0.9714285714285714,3.1886981731208093
segment,KarciFANN,105,62,0.004187031052994042,0.9795031055900622,0.0059936597407306775,0.9685714285714285,57.39948455525667
segment,KarciFANN,105,63,0.004426743799720863,0.9795031055900622,0.007194362432554632,0.9742857142857143,27.581618348292455
segment,KarciFANN,105,64,0.006042453062391125,0.9732919254658385,0.007503084115292685,0.96,34.42484546479274
segment,KarciFANN,105,65,0.004167210819170595,0.9795031055900622,0.006222676334309313,0.9685714285714285,11.799364455406014
segment,KarciFANN,105,66,0.004121495477153856,0.9832298136645963,0.006361900138818405,0.9771428571428571,2.626005955218744
segment,KarciFANN,105,67,0.006191291435041336,0.9720496894409938,0.007563835917577434,0.9657142857142857,1.9008284680387433
segment,KarciFANN,105,68,0.00394551212675403,0.9795031055900622,0.005824319824203481,0.9742857142857143,29.33658265750813
segment,KarciFANN,105,69,0.00406598045882611,0.9782608695652174,0.006376950987246076,0.9714285714285714,20.263783267243667
segment,KarciFANN,105,70,0.013012517946062837,0.9434782608695652,0.013797541906439522,0.9428571428571428,3.06245307908745
segment,KarciFANN,105,71,0.004817601428720812,0.9788819875776398,0.006669493271794296,0.9685714285714285,37.801081378420676
segment,KarciFANN,105,72,0.010634688921646486,0.9577639751552796,0.012137557323221108,0.9542857142857143,6.519098619658769
segment,KarciFANN,105,73,0.009215784021080349,0.9645962732919254,0.010598211157627272,0.96,8.180447292282624
segment,KarciFANN,105,74,0.007477584344013323,0.968944099378882,0.008275117186145963,0.9657142857142857,9.333336152792016
segment,KarciFANN,105,75,0.010140980892096127,0.9683229813664597,0.012971893819628958,0.9514285714285714,3.5231068519367716
segment,KarciFANN,105,76,0.0037850124904848905,0.9813664596273292,0.006057117757061633,0.9742857142857143,3.3065163832442304
segment,KarciFANN,105,77,0.003838158417922896,0.9795031055900622,0.0060795067203152945,0.9685714285714285,56.11834050648436
segment,KarciFANN,105,78,0.014066119417546992,0.9385093167701863,0.01491462205322242,0.94,6.751795357791754
segment,KarciFANN,105,79,0.00386079732423394,0.9813664596273292,0.006595828772590565,0.9771428571428571,18.969592175156073
segment,KarciFANN,105,80,0.012860733240924058,0.9478260869565217,0.013052253501705628,0.9514285714285714,4.819317213780728
segment,KarciFANN,105,81,0.008193929054738926,0.9645962732919254,0.008558637030351014,0.96,3.0454717079349614
segment,KarciFANN,105,82,0.018490357868193863,0.9267080745341615,0.016886426276000968,0.9314285714285714,6.344336160412301
segment,KarciFANN,105,83,0.005478162602717027,0.9751552795031055,0.007781699540953309,0.9657142857142857,13.93030421735524
segment,KarciFANN,105,84,0.005476090279604833,0.9782608695652174,0.009206662572185787,0.9628571428571429,11.063536730156734
segment,KarciFANN,105,85,0.0036245552420646173,0.9838509316770186,0.006902025191270762,0.9657142857142857,15.230995872576448
segment,KarciFANN,105,86,0.004499385740494436,0.9782608695652174,0.006748921544629787,0.9685714285714285,2.1046315210972355
segment,KarciFANN,105,87,0.005098913156871177,0.9782608695652174,0.0075718621723921626,0.9657142857142857,39.319948321409676
segment,KarciFANN,105,88,0.004393976749089716,0.9788819875776398,0.005937639287466353,0.9714285714285714,38.50013359037079
segment,KarciFANN,105,89,0.005363859878714861,0.9751552795031055,0.007803469178141253,0.9657142857142857,27.177996215277396
segment,KarciFANN,105,90,0.006070749597076989,0.9726708074534162,0.0077807064300758405,0.9714285714285714,24.951924656192457
segment,KarciFANN,105,91,0.004057515256574579,0.9795031055900622,0.00574986388472504,0.9771428571428571,3.278375051341198
segment,KarciFANN,105,92,0.003951429584957558,0.9819875776397515,0.006187430330359698,0.9742857142857143,38.61166022488232
segment,KarciFANN,105,93,0.0042308217653277734,0.9813664596273292,0.006596061828935108,0.9714285714285714,2.611611266027219
segment,KarciFANN,105,94,0.003915241356243331,0.9795031055900622,0.006043153627621389,0.9771428571428571,3.292868489778422
segment,KarciFANN,105,95,0.007057222173408663,0.9701863354037267,0.008673712365615423,0.9685714285714285,3.536280856451103
segment,KarciFANN,105,96,0.0034779418161354813,0.9826086956521739,0.005698030395232844,0.9771428571428571,50.94142408133328
segment,KarciFANN,105,97,0.0034703324125302465,0.9832298136645963,0.0050540737252367605,0.9771428571428571,59.00234097558614
segment,KarciFANN,105,98,0.0039034118563637693,0.9819875776397515,0.0065166870809485085,0.9742857142857143,66.6755508213762
segment,KarciFANN,105,99,0.010161763413870834,0.9602484472049689,0.009006044978353122,0.9714285714285714,3.3178220514639913
segment,KarciFANN,105,100,0.0036517906215394014,0.9826086956521739,0.006335378313559261,0.9742857142857143,83.32773830186882
segment,KarciFANN,105,101,0.007335542640983673,0.9714285714285714,0.009746733769203127,0.9628571428571429,7.740576041417259
segment,KarciFANN,105,102,0.0032523587542894333,0.9850931677018634,0.005678867509207246,0.9771428571428571,62.24288686687635
segment,KarciFANN,105,103,0.01443334876451782,0.9409937888198758,0.01403167761447336,0.9428571428571428,7.461929578541071
segment,KarciFANN,105,104,0.00504795817794697,0.9813664596273292,0.006527219032319319,0.9742857142857143,15.956311699952474
segment,KarciFANN,105,105,0.010548905399137807,0.9577639751552796,0.011453161858697065,0.9514285714285714,4.733188390037519
segment,KarciFANN,105,106,0.003598549330702031,0.9819875776397515,0.005930090242950482,0.9742857142857143,101.39930758165652
segment,KarciFANN,105,107,0.0029943349097708476,0.9857142857142858,0.0054448017557718375,0.9742857142857143,54.52859228520736
segment,KarciFANN,105,108,0.002980987655214782,0.9850931677018634,0.005643975215219227,0.9771428571428571,35.985689109117935
segment,KarciFANN,105,109,0.004675797146459253,0.9801242236024845,0.006224293833366048,0.9742857142857143,14.081256025425267
segment,KarciFANN,105,110,0.00716503139504167,0.977639751552795,0.008768246434957095,0.96,3.1435393591399
segment,KarciFANN,105,111,0.0037939353880357602,0.984472049689441,0.006436955600286374,0.9714285714285714,26.645573417780607
segment,KarciFANN,105,112,0.003089147459776927,0.986335403726708,0.005872530002473158,0.9714285714285714,32.50397177659535
segment,KarciFANN,105,113,0.0030591894428525154,0.986335403726708,0.005472675811357893,0.9771428571428571,35.323460590132974
segment,KarciFANN,105,114,0.005099618655599401,0.9838509316770186,0.006856466537738354,0.9685714285714285,7.301386207166035
segment,KarciFANN,105,115,0.0031185524376641785,0.986335403726708,0.006100075799948987,0.9828571428571429,38.743790253289504
segment,KarciFANN,105,116,0.003334177555604446,0.9838509316770186,0.006102716472190808,0.9685714285714285,2.667960451390697
segment,KarciFANN,105,117,0.0035584509342804875,0.984472049689441,0.005891545858377094,0.9714285714285714,34.7329530007129
segment,KarciFANN,105,118,0.0028880876344451667,0.9869565217391304,0.004907043777617915,0.98,25.24388995614873
segment,KarciFANN,105,119,0.0025618362132616406,0.9881987577639751,0.005558448835067643,0.9685714285714285,49.47261694932074
segment,KarciFANN,105,120,0.0030220472644003843,0.9850931677018634,0.006134849037110373,0.9685714285714285,106.04938863526057
segment,KarciFANN,105,121,0.005796976660893019,0.9751552795031055,0.007976664051076285,0.9628571428571429,12.904481839501013
segment,KarciFANN,105,122,0.012267711303441207,0.9540372670807453,0.012066327618454786,0.9542857142857143,4.454445862225232
segment,KarciFANN,105,123,0.0032424999679132264,0.9857142857142858,0.005678828981231888,0.98,3.299496809001056
segment,KarciFANN,105,124,0.002990925578664823,0.9857142857142858,0.005083449628824618,0.9742857142857143,2.6761374491846754
segment,KarciFANN,105,125,0.0025754368643829636,0.9875776397515528,0.0053097525919014255,0.9742857142857143,92.67136120508981
segment,KarciFANN,105,126,0.005173363202401762,0.9788819875776398,0.008167829105244327,0.9628571428571429,58.241923362554125
segment,KarciFANN,105,127,0.003934424513470971,0.9813664596273292,0.006454157691468615,0.9742857142857143,1.7752002078929088
segment,KarciFANN,105,128,0.002865646296445366,0.9857142857142858,0.00596075129673989,0.9714285714285714,51.027974908717006
segment,KarciFANN,105,129,0.0025932699233417573,0.9875776397515528,0.005074501626299333,0.98,38.56042266700651
segment,KarciFANN,105,130,0.0026720274320572285,0.9875776397515528,0.0058130551025937175,0.9714285714285714,161.97815429300988
segment,KarciFANN,105,131,0.003436761360690437,0.9850931677018634,0.006991732504615349,0.9714285714285714,2.7680735259291054
segment,KarciFANN,105,132,0.002544096256820714,0.9888198757763975,0.005393624032974176,0.9771428571428571,47.26440202300783
segment,KarciFANN,105,133,0.0037568615574063813,0.9838509316770186,0.0072300381981199105,0.9714285714285714,40.98542722804975
segment,KarciFANN,105,134,0.006508108968195785,0.9732919254658385,0.007138458399010522,0.9714285714285714,4.312013088440648
segment,KarciFANN,105,135,0.0031182774834990416,0.9857142857142858,0.005680316655492184,0.9714285714285714,22.6392106864486
segment,KarciFANN,105,136,0.0033412977376888766,0.9850931677018634,0.005604074114841969,0.9771428571428571,103.19629723660599
segment,KarciFANN,105,137,0.006379524562627123,0.9720496894409938,0.00944629133873472,0.96,2.708413908847013
segment,KarciFANN,105,138,0.006335866504563522,0.9745341614906833,0.00896808691828074,0.96,6.6127482494204255
segment,KarciFANN,105,139,0.0024557452726918345,0.9875776397515528,0.005129400448127412,0.9714285714285714,109.92630937820884
segment,KarciFANN,105,140,0.0032320491409056954,0.9857142857142858,0.005762894291465379,0.9771428571428571,22.223449782269736
segment,KarciFANN,105,141,0.0028293050483632525,0.9869565217391304,0.005001944397431513,0.9771428571428571,29.869427682206698
segment,KarciFANN,105,142,0.011312564018264285,0.9546583850931677,0.012410046864833497,0.9514285714285714,4.532513708419037
segment,KarciFANN,105,143,0.003110542466255484,0.9881987577639751,0.005547669190859985,0.9742857142857143,10.959692978680009
segment,KarciFANN,105,144,0.021558929372886337,0.9360248447204969,0.022213538078677264,0.9342857142857143,3.5200286891303563
segment,KarciFANN,105,145,0.003226011769665248,0.9857142857142858,0.005305933346295453,0.9771428571428571,21.038504344893806
segment,KarciFANN,105,146,0.0037181998972844067,0.984472049689441,0.006371706110425077,0.9771428571428571,73.3712320416687
segment,KarciFANN,105,147,0.003000767284168515,0.986335403726708,0.005300558953218896,0.98,22.66111347101634
segment,KarciFANN,105,148,0.0026774183717558162,0.9869565217391304,0.004847581968601697,0.9771428571428571,81.72194090733207
segment,KarciFANN,105,149,0.0026252635922053725,0.9869565217391304,0.0045947946737507316,0.9771428571428571,35.72596663255676
segment,KarciFANN,105,150,0.002972189924781741,0.9869565217391304,0.005267745322220083,0.9771428571428571,90.04754444321942
segment,KarciFANN,105,151,0.0025514016368485123,0.9875776397515528,0.00420593750588468,0.9828571428571429,67.32227054912677
segment,KarciFANN,105,152,0.006374384454223954,0.9763975155279503,0.0087080797109789,0.9571428571428572,6.953558328541495
segment,KarciFANN,105,153,0.0028062919752874613,0.986335403726708,0.0054836935577869655,0.98,156.9005335482028
segment,KarciFANN,105,154,0.00254959742742692,0.9875776397515528,0.005194721545787706,0.9828571428571429,127.27956041345885
segment,KarciFANN,105,155,0.00321624267063911,0.986335403726708,0.005859689438886884,0.9771428571428571,27.090937091519336
segment,KarciFANN,105,156,0.0028165581260312473,0.986335403726708,0.005368518011651336,0.9771428571428571,181.42824037027898
segment,KarciFANN,105,157,0.007944223312314296,0.9658385093167702,0.009590360437807094,0.9685714285714285,6.194223194818223
segment,KarciFANN,105,158,0.003112621982870721,0.9850931677018634,0.0061756322389357665,0.9771428571428571,3.4292595928866456
segment,KarciFANN,105,159,0.003971175095459943,0.9819875776397515,0.006565447613443294,0.9685714285714285,26.080769970289325
segment,KarciFANN,105,160,0.005790235189813777,0.9726708074534162,0.008756881360684577,0.96,26.412451856605717
segment,KarciFANN,105,161,0.002966750740092853,0.986335403726708,0.00538124740401244,0.9742857142857143,42.463093830818806
segment,KarciFANN,105,162,0.002764657932415785,0.9875776397515528,0.0050672034378180355,0.98,38.28723453546035
segment,KarciFANN,105,163,0.00287956191249914,0.9881987577639751,0.004746652721291378,0.9828571428571429,69.58147941290507
segment,KarciFANN,105,164,0.0026711376802113274,0.9857142857142858,0.004697906143783911,0.98,99.49640660907396
segment,KarciFANN,105,165,0.007294664180517203,0.9720496894409938,0.007996630809533873,0.9685714285714285,3.964169419078145
segment,KarciFANN,105,166,0.0025504436053152947,0.9888198757763975,0.004963185350355131,0.9771428571428571,58.59315341530529
segment,KarciFANN,105,167,0.0032299394240407147,0.9857142857142858,0.005219857458099188,0.9771428571428571,21.708223864787357
segment,KarciFANN,105,168,0.002767421073669225,0.9881987577639751,0.004971979694649943,0.98,18.001978476455662
segment,KarciFANN,105,169,0.0024964793628381955,0.9888198757763975,0.004865189057244334,0.98,92.89099705547078
segment,KarciFANN,105,170,0.003351892631283757,0.9850931677018634,0.006930438275326801,0.9771428571428571,12.54407337531815
segment,KarciFANN,105,171,0.0030304828202184497,0.9869565217391304,0.0042573187801734315,0.98,12.827649625734983
segment,KarciFANN,105,172,0.0033646097187943792,0.9869565217391304,0.005220470753197398,0.98,25.2991344504167
segment,KarciFANN,105,173,0.0035341369144470565,0.9850931677018634,0.006150767366241618,0.9742857142857143,152.1043778737407
segment,KarciFANN,105,174,0.004558272579477081,0.9782608695652174,0.006588307804163967,0.9685714285714285,2.7929296961634966
segment,KarciFANN,105,175,0.0023531915460124125,0.9900621118012423,0.004511841921056029,0.9828571428571429,29.96205621649288
segment,KarciFANN,105,176,0.002322944532643415,0.9894409937888199,0.004474185659203197,0.9828571428571429,23.258516600496556
segment,KarciFANN,105,177,0.005316664124895181,0.977639751552795,0.0073083189034928,0.9685714285714285,5.717234505951229
segment,KarciFANN,105,178,0.0025690272101985038,0.9888198757763975,0.005217274033990053,0.9857142857142858,12.482678744007796
segment,KarciFANN,105,179,0.0024061689488721204,0.9894409937888199,0.00465849596573483,0.98,22.547141939314745
segment,KarciFANN,105,180,0.002905902717730357,0.9869565217391304,0.00554040422280982,0.9771428571428571,32.94624236138708
segment,KarciFANN,105,181,0.0028614580094586894,0.9869565217391304,0.005329019874592914,0.98,42.554296777965114
segment,KarciFANN,105,182,0.007745800286337374,0.9677018633540373,0.009990359418545687,0.9628571428571429,5.238724245433577
segment,KarciFANN,105,183,0.003069688102027911,0.9869565217391304,0.006101102493000785,0.9771428571428571,154.71916269819368
segment,KarciFANN,105,184,0.003308421409020976,0.984472049689441,0.005952710901460672,0.9742857142857143,97.6799606230506
segment,KarciFANN,105,185,0.00784823243544878,0.9695652173913043,0.0061142035964478125,0.9714285714285714,3.86536682048041
segment,KarciFANN,105,186,0.002453702621319005,0.9881987577639751,0.004578860222502129,0.9771428571428571,22.407799052247967
segment,KarciFANN,105,187,0.0026624654668295383,0.9894409937888199,0.004909975363164784,0.9771428571428571,18.50023856073525
segment,KarciFANN,105,188,0.002890322890187154,0.9888198757763975,0.005361217105498088,0.9742857142857143,14.043456482806803
segment,KarciFANN,105,189,0.0024755591626237257,0.9888198757763975,0.005287961705494256,0.9742857142857143,55.68333357344248
segment,KarciFANN,105,190,0.0019413654951575094,0.9925465838509316,0.004841456981478289,0.9828571428571429,120.278223365221
segment,KarciFANN,105,191,0.01854571209459424,0.9341614906832298,0.01679878045298111,0.94,3.7011297439788087
segment,KarciFANN,105,192,0.0025636983784241394,0.9888198757763975,0.006220392542925966,0.9771428571428571,111.21756572008628
segment,KarciFANN,105,193,0.002471418988635573,0.991304347826087,0.005621501982181856,0.9771428571428571,25.439539685457557
segment,KarciFANN,105,194,0.002760489692415865,0.991304347826087,0.004697559544447566,0.98,5.966457954044465
segment,KarciFANN,105,195,0.002008867330224635,0.991304347826087,0.00520684469202379,0.98,91.2439939923276
segment,KarciFANN,105,196,0.0020098638299463666,0.9906832298136646,0.005282513568481741,0.9771428571428571,92.91880562598362
segment,KarciFANN,105,197,0.006172037970649124,0.9757763975155279,0.008095792299188219,0.9714285714285714,5.309596254348945
segment,KarciFANN,105,198,0.0027576786739212677,0.9894409937888199,0.005475589398111802,0.9771428571428571,207.47835599353095
segment,KarciFANN,105,199,0.002064348320099738,0.9900621118012423,0.005269784992509726,0.9828571428571429,26.449632560036626
segment,KarciFANN,105,200,0.0025368951318762217,0.9888198757763975,0.005237027734372793,0.98,16.59602581626097
segment,KarciFANN,105,201,0.002955995740166155,0.9894409937888199,0.005346430274528959,0.98,12.728633468676279
segment,KarciFANN,105,202,0.005705521370199513,0.9770186335403727,0.006902958411107728,0.9771428571428571,10.604156022798117
segment,KarciFANN,105,203,0.0023409382294812637,0.991304347826087,0.005233494467540287,0.9857142857142858,32.81218769299188
segment,KarciFANN,105,204,0.004166337847939445,0.9838509316770186,0.007077313271865334,0.9742857142857143,12.144021241936997
segment,KarciFANN,105,205,0.0023175397022781362,0.9900621118012423,0.005204144552291895,0.9857142857142858,137.71027738005438
segment,KarciFANN,105,206,0.0026459543579448993,0.9881987577639751,0.005433345256811481,0.9771428571428571,57.345449708977995
segment,KarciFANN,105,207,0.004451576741754953,0.9869565217391304,0.006048835733124443,0.9771428571428571,5.09823426142507
segment,KarciFANN,105,208,0.0025615005281129123,0.9894409937888199,0.005034536399697389,0.9828571428571429,2.8476972037596484
segment,KarciFANN,105,209,0.004542729226087173,0.9807453416149068,0.007468132325544471,0.9685714285714285,537.7032334526357
segment,KarciFANN,105,210,0.001883094394921651,0.9919254658385093,0.004740623310669402,0.9828571428571429,22.552010397425743
segment,KarciFANN,105,211,0.0034671284133856793,0.9869565217391304,0.005786848616823522,0.9771428571428571,96.03567475643538
segment,KarciFANN,105,212,0.0026665048801434686,0.9900621118012423,0.005102128795583094,0.9828571428571429,84.67679348436478
segment,KarciFANN,105,213,0.0018272638416156623,0.991304347826087,0.0047691738024080565,0.98,158.14053298760888
segment,KarciFANN,105,214,0.001716192154169302,0.9925465838509316,0.0048516216963528595,0.9828571428571429,69.45040175102935
segment,KarciFANN,105,215,0.003497400812750721,0.9888198757763975,0.0054060335496716894,0.9857142857142858,2.67856272101463
segment,KarciFANN,105,216,0.0017298719205923975,0.9925465838509316,0.004771929641348375,0.98,332.8945047174256
segment,KarciFANN,105,217,0.0021710945902282614,0.9906832298136646,0.005289405397682151,0.98,251.80628403541795
segment,KarciFANN,105,218,0.0016527320785009257,0.993167701863354,0.0052456789293898855,0.9771428571428571,59.75380754081118
segment,KarciFANN,105,219,0.0017046716699483913,0.9937888198757764,0.004887714279506888,0.9857142857142858,131.92835797859814
segment,KarciFANN,105,220,0.0024382662303558786,0.9900621118012423,0.00604026147307263,0.9771428571428571,58.701920209079155
segment,KarciFANN,105,221,0.005824281770328956,0.9788819875776398,0.008359658973665512,0.9685714285714285,3.2045537257301686
segment,KarciFANN,105,222,0.003947626265308935,0.9857142857142858,0.005535060036617624,0.98,7.408773527621087
segment,KarciFANN,105,223,0.002900584957018785,0.9888198757763975,0.00485687553573942,0.9828571428571429,2.8669700949257044
segment,KarciFANN,105,224,0.003666878699312783,0.984472049689441,0.006143951216497346,0.9742857142857143,21.736808508949387
segment,KarciFANN,105,225,0.002920308563183046,0.9869565217391304,0.0053795807360928465,0.9771428571428571,457.2011074892519
segment,KarciFANN,105,226,0.0022615707215652217,0.991304347826087,0.006345089837755565,0.9771428571428571,11.690084577300674
segment,KarciFANN,105,227,0.001974895987097636,0.991304347826087,0.005531517074380412,0.98,86.57459866978768
segment,KarciFANN,105,228,0.001687874754424166,0.9919254658385093,0.004920243085259442,0.9828571428571429,54.31006838822474
segment,KarciFANN,105,229,0.002272602862285036,0.9906832298136646,0.005433471601866804,0.98,30.40638384701501
segment,KarciFANN,105,230,0.002668004191686294,0.9888198757763975,0.00620717948770521,0.9771428571428571,3.208542474357813
segment,KarciFANN,105,231,0.0017731686303825447,0.9937888198757764,0.0046436163320343555,0.9857142857142858,105.55498462148293
segment,KarciFANN,105,232,0.0017515316834712852,0.9925465838509316,0.004548751503507007,0.9828571428571429,161.8499460855331
segment,KarciFANN,105,233,0.002472785270748151,0.9900621118012423,0.005932320055262531,0.9857142857142858,101.80809636513665
segment,KarciFANN,105,234,0.0017424688856892945,0.993167701863354,0.0051325530149264114,0.9828571428571429,115.50325341847962
segment,KarciFANN,105,235,0.0022100044892554844,0.9919254658385093,0.005249242560920613,0.9857142857142858,16.06900938165647
segment,KarciFANN,105,236,0.014661265143654739,0.9428571428571428,0.013318119858594593,0.9514285714285714,8.849716100885304
segment,KarciFANN,105,237,0.0017422013896404708,0.9919254658385093,0.0051427740196989934,0.9857142857142858,80.4299990203708
segment,KarciFANN,105,238,0.002252412659059945,0.9906832298136646,0.005394228940207748,0.9828571428571429,61.31581706932698
segment,KarciFANN,105,239,0.0023721873364965975,0.9894409937888199,0.005695337362270299,0.9828571428571429,287.19942032287094
segment,KarciFANN,105,240,0.0025174319676082376,0.9881987577639751,0.004763913715098969,0.9857142857142858,18.40367511600303
segment,KarciFANN,105,241,0.004857169136744197,0.9838509316770186,0.005640290309667957,0.98,5.115993042260858
segment,KarciFANN,105,242,0.002224552917220375,0.9925465838509316,0.0048530226796701225,0.9885714285714285,3.13339967047898
segment,KarciFANN,105,243,0.00445320942193917,0.986335403726708,0.007379076202486734,0.9828571428571429,14.609402987576404
segment,KarciFANN,105,244,0.0029252161466697822,0.9888198757763975,0.00588081610911285,0.9771428571428571,15.18068333253675
segment,KarciFANN,105,245,0.0016731329573094846,0.9925465838509316,0.004720994521854434,0.9828571428571429,141.676188387111
segment,KarciFANN,105,246,0.001569297908984508,0.993167701863354,0.0044935537437355046,0.9828571428571429,68.5154470749059
segment,KarciFANN,105,247,0.0014613942698873314,0.9937888198757764,0.004874325149053477,0.9828571428571429,40.09458339131426
segment,KarciFANN,105,248,0.014207985799224956,0.9453416149068323,0.016368025472370224,0.9428571428571428,4.1177314737462565
segment,KarciFANN,105,249,0.0037228180726006353,0.9832298136645963,0.00801639445522117,0.9657142857142857,19.625402833428726
segment,KarciFANN,105,250,0.0017306023149812175,0.993167701863354,0.005757359502160982,0.9771428571428571,35.360372517557714
segment,KarciFANN,105,251,0.0032897596785844596,0.9937888198757764,0.006663012973853189,0.9771428571428571,14.052494436513543
segment,KarciFANN,105,252,0.0014733009822027172,0.9937888198757764,0.005432488954756681,0.9771428571428571,279.9206306838384
segment,KarciFANN,105,253,0.0017261544623791948,0.9906832298136646,0.0055065082781443,0.9714285714285714,377.29600415806004
segment,KarciFANN,105,254,0.0017259648425287228,0.9919254658385093,0.005533855058508291,0.9742857142857143,114.75645569876
segment,KarciFANN,105,255,0.0013586715579011477,0.993167701863354,0.005433449372659921,0.9742857142857143,85.7487172538166
segment,KarciFANN,105,256,0.0013694998072680147,0.9937888198757764,0.0057134712858946425,0.9714285714285714,100.14609221549611
segment,KarciFANN,105,257,0.0016341406291784171,0.9925465838509316,0.005393198349127668,0.9771428571428571,30.806454550449402
segment,KarciFANN,105,258,0.0013222717619854377,0.9937888198757764,0.005182540047816952,0.9771428571428571,126.28088057478908
segment,KarciFANN,105,259,0.002574240178733776,0.9894409937888199,0.0062280563531649895,0.9742857142857143,319.1159380984412
segment,KarciFANN,105,260,0.001355751463775183,0.993167701863354,0.005745352860047662,0.9714285714285714,159.09910358992101
segment,KarciFANN,105,261,0.0013356137089877874,0.9937888198757764,0.005175378658481511,0.9771428571428571,46.60112791355554
segment,KarciFANN,105,262,0.0017409754751067062,0.9925465838509316,0.005790301745513824,0.9771428571428571,11.688421791265627
segment,KarciFANN,105,263,0.0028360276231351915,0.9869565217391304,0.007121431425335259,0.9657142857142857,36.540387267753026
segment,KarciFANN,105,264,0.0016570948953761968,0.991304347826087,0.0057351909487371065,0.9771428571428571,101.83010027703102
segment,KarciFANN,105,265,0.0025535810683309356,0.9894409937888199,0.006156762110680284,0.9771428571428571,3.81459733147461
segment,KarciFANN,105,266,0.0016296981398601685,0.993167701863354,0.005214977431314141,0.9828571428571429,117.48061492667675
segment,KarciFANN,105,267,0.0014870588169353344,0.9925465838509316,0.0054128827632896346,0.9771428571428571,106.38156688957845
segment,KarciFANN,105,268,0.0013528238671909247,0.9937888198757764,0.00465747786150134,0.9828571428571429,1135.3176532290684
segment,KarciFANN,105,269,0.001496082950313105,0.9937888198757764,0.005322887835485723,0.98,61.25372756392206
segment,KarciFANN,105,270,0.001498112264216803,0.9937888198757764,0.004895013168941376,0.9828571428571429,131.84446846387178
segment,KarciFANN,105,271,0.0017972288543010102,0.991304347826087,0.004986836648714807,0.98,32.26849905888648
segment,KarciFANN,105,272,0.0014980295464464566,0.9925465838509316,0.005298301820849665,0.9771428571428571,93.46431029984258
segment,KarciFANN,105,273,0.0018055466255295749,0.993167701863354,0.004747924360330733,0.9857142857142858,34.6109003998587
segment,KarciFANN,105,274,0.005999844849693877,0.9745341614906833,0.0069986025957325376,0.9742857142857143,4.088764618716665
segment,KarciFANN,105,275,0.0022099420027990187,0.9900621118012423,0.004385956777507081,0.9828571428571429,65.35039708420558
segment,KarciFANN,105,276,0.001776331115523152,0.991304347826087,0.005012200304799851,0.98,104.58604871081647
segment,KarciFANN,105,277,0.0015395564707588727,0.9925465838509316,0.004539281095050006,0.98,71.89168127631685
segment,KarciFANN,105,278,0.0015228694180335805,0.993167701863354,0.0045389561644929854,0.9857142857142858,318.1923825311435
segment,KarciFANN,105,279,0.0016204698285048108,0.9925465838509316,0.004765245862282615,0.9828571428571429,358.933343521974
segment,KarciFANN,105,280,0.002238167695093069,0.9906832298136646,0.005751610848063676,0.9771428571428571,97.18971604172395
segment,KarciFANN,105,281,0.0019240641863466385,0.991304347826087,0.00547070724197799,0.98,479.7355769056464
segment,KarciFANN,105,282,0.004712294473975244,0.9770186335403727,0.006162203957758508,0.9742857142857143,3.3707107008353354
segment,KarciFANN,105,283,0.001648740574750458,0.991304347826087,0.005053715446197653,0.9828571428571429,3.8855149976920336
segment,KarciFANN,105,284,0.002097554895076763,0.9900621118012423,0.005664122619634031,0.98,30.485274604284484
segment,KarciFANN,105,285,0.001476609365899862,0.9944099378881988,0.005064403040168717,0.98,120.33371117153473
segment,KarciFANN,105,286,0.0014362523393280794,0.9925465838509316,0.004876841630133992,0.9828571428571429,108.9789779632097
segment,KarciFANN,105,287,0.0012501010119922483,0.9937888198757764,0.005266510197885073,0.98,228.1983219469377
segment,KarciFANN,105,288,0.001454853753827888,0.993167701863354,0.004765958553977948,0.9828571428571429,383.21810399158045
segment,KarciFANN,105,289,0.0018822917205755698,0.9919254658385093,0.006212602314277389,0.9742857142857143,79.4948764437206
segment,KarciFANN,105,290,0.002461278326080082,0.9881987577639751,0.006648009214887622,0.9714285714285714,97.19825364959283
segment,KarciFANN,105,291,0.0015366766672860923,0.993167701863354,0.00468734456315978,0.9828571428571429,32.44359392569563
segment,KarciFANN,105,292,0.0013411062327895234,0.9937888198757764,0.004656253605272514,0.9828571428571429,192.4384522761408
segment,KarciFANN,105,293,0.0012988721942282211,0.9937888198757764,0.004839183975472008,0.98,267.7621114824383
segment,KarciFANN,105,294,0.002647435934132585,0.9894409937888199,0.006454770697555506,0.9771428571428571,191.4619776793843
segment,KarciFANN,105,295,0.0018906862342721552,0.9906832298136646,0.005622512543549353,0.98,164.32492088682622
segment,KarciFANN,105,296,0.0021627823544876144,0.991304347826087,0.006055782153975014,0.9742857142857143,401.1454089787561
segment,KarciFANN,105,297,0.001376884559402357,0.993167701863354,0.004968621952516807,0.9828571428571429,639.1012982307511
segment,KarciFANN,105,298,0.0012235702164015403,0.9937888198757764,0.0049999094924393795,0.9828571428571429,50.40218281580909
segment,KarciFANN,105,299,0.0017479837859887201,0.9919254658385093,0.005432688820625691,0.98,100.22124777949416
segment,KarciFANN,105,300,0.001338642550260085,0.9937888198757764,0.005018314236009197,0.9828571428571429,76.26989616054708
segment,KarciFANN,105,301,0.0014389672261870543,0.9937888198757764,0.005068639834471964,0.9828571428571429,34.796285333924914
segment,KarciFANN,105,302,0.0017567641933327847,0.991304347826087,0.005376740568855997,0.98,132.62764354755862
segment,KarciFANN,105,303,0.0027924499319927965,0.9894409937888199,0.006716772201410763,0.9714285714285714,27.502971355293386
segment,KarciFANN,105,304,0.001814964279280373,0.9919254658385093,0.005322767224487125,0.9742857142857143,283.1329389763586
segment,KarciFANN,105,305,0.0012857593357607287,0.993167701863354,0.005340502222527242,0.9771428571428571,152.3984480805083
segment,KarciFANN,105,306,0.002027164933117697,0.9919254658385093,0.006121498285390805,0.9742857142857143,99.4879900343668
segment,KarciFANN,105,307,0.0020639662350934113,0.991304347826087,0.006066770300035091,0.9714285714285714,505.054496199401
segment,KarciFANN,105,308,0.0013578705029955705,0.9925465838509316,0.005230883255822646,0.98,443.88625920504734
segment,KarciFANN,105,309,0.0019037454590755585,0.993167701863354,0.005645617782195514,0.98,3.936964749321396
segment,KarciFANN,105,310,0.0016373870710198381,0.993167701863354,0.006114267650834293,0.9742857142857143,63.678688057013545
segment,KarciFANN,105,311,0.0023320799313546296,0.9900621118012423,0.006424971572008769,0.9714285714285714,60.03218405984483
segment,KarciFANN,105,312,0.0017768637839221627,0.9900621118012423,0.0059559886788853435,0.9742857142857143,44.98607426671914
segment,KarciFANN,105,313,0.001960207514792398,0.9919254658385093,0.005793927335489463,0.9771428571428571,15.194600945117823
segment,KarciFANN,105,314,0.001474875538674097,0.9925465838509316,0.005379567886399585,0.98,3.9428765981724485
segment,KarciFANN,105,315,0.0015081186287963107,0.9937888198757764,0.005543784441536673,0.9771428571428571,177.19499856168062
segment,KarciFANN,105,316,0.0013977460687462722,0.9937888198757764,0.005366415929283442,0.9771428571428571,274.15430368080047
segment,KarciFANN,105,317,0.0013074346987356458,0.9937888198757764,0.005229545430525039,0.9771428571428571,166.40369193276842
segment,KarciFANN,105,318,0.0017413598991956186,0.991304347826087,0.005945192962162418,0.9714285714285714,58.504490956263524
segment,KarciFANN,105,319,0.0015855078970302048,0.9906832298136646,0.005958608471672023,0.98,454.3172141019121
segment,KarciFANN,105,320,0.0014105225484026315,0.993167701863354,0.00621950078832006,0.9714285714285714,226.99286992453975
segment,KarciFANN,105,321,0.0013184931512441919,0.9937888198757764,0.005574848059013346,0.98,32.41988526310596
segment,KarciFANN,105,322,0.002394714239386928,0.9900621118012423,0.006961305301953725,0.9714285714285714,40.5652312042378
segment,KarciFANN,105,323,0.00756722750082565,0.9701863354037267,0.011792648903893217,0.9514285714285714,9.018355165905357
segment,KarciFANN,105,324,0.0012403876962659582,0.9937888198757764,0.005606731899100217,0.9742857142857143,618.3267913075272
segment,KarciFANN,105,325,0.001980564095999704,0.9906832298136646,0.0054980437585114145,0.98,175.9174191819932
segment,KarciFANN,105,326,0.0030948428841587675,0.9869565217391304,0.006825633664808893,0.9742857142857143,13.716900386121148
segment,KarciFANN,105,327,0.0012955217720532505,0.9937888198757764,0.005471889169107843,0.9771428571428571,329.50626565215896
segment,KarciFANN,105,328,0.001262374183939818,0.9937888198757764,0.0052882837661441095,0.9828571428571429,543.9397461657409
segment,KarciFANN,105,329,0.0014541021632434449,0.9919254658385093,0.005138108291409696,0.98,76.25948298236851
segment,KarciFANN,105,330,0.0015186669365168325,0.9925465838509316,0.00547655101375285,0.98,126.31606004789697
segment,KarciFANN,105,331,0.0012478106001872894,0.9937888198757764,0.00515214952766725,0.98,72.76909406033647
segment,KarciFANN,105,332,0.002315209165869113,0.9894409937888199,0.006714190175635505,0.9771428571428571,4.036152064899538
segment,KarciFANN,105,333,0.0036758274410895867,0.984472049689441,0.007746736066361982,0.9657142857142857,5.358342180532633
segment,KarciFANN,105,334,0.003710155729603269,0.9850931677018634,0.007536823441392232,0.9714285714285714,34.12240655278342
segment,KarciFANN,105,335,0.001407192384965273,0.9937888198757764,0.005435033383408778,0.98,40.46797787008287
segment,KarciFANN,105,336,0.0019874321265343302,0.991304347826087,0.0061686558379171474,0.9771428571428571,604.8687487189511
segment,KarciFANN,105,337,0.001999910005359826,0.9906832298136646,0.005847063134484878,0.9742857142857143,124.82692930326091
segment,KarciFANN,105,338,0.0013059332683252713,0.9937888198757764,0.005935924063590249,0.9742857142857143,3.015646768947141
segment,KarciFANN,105,339,0.007221579986121026,0.9726708074534162,0.009680375317196404,0.9628571428571429,3.8121803154212652
segment,KarciFANN,105,340,0.0013839843705686602,0.9937888198757764,0.005446393270021185,0.98,157.72676767972183
segment,KarciFANN,105,341,0.00200727432208257,0.991304347826087,0.006463475571167738,0.9714285714285714,380.2188437827883
segment,KarciFANN,105,342,0.0012617648500752572,0.9937888198757764,0.005585614612823448,0.9771428571428571,103.1227179998779
segment,KarciFANN,105,343,0.0012337171407503093,0.9937888198757764,0.005697953746866833,0.9742857142857143,158.07668150615982
segment,KarciFANN,105,344,0.0015088636537516282,0.9925465838509316,0.005226493354859231,0.9771428571428571,27.65295206731632
segment,KarciFANN,105,345,0.001619044277785451,0.9925465838509316,0.005639284659220231,0.9742857142857143,65.48620609724946
segment,KarciFANN,105,346,0.001969894103540925,0.991304347826087,0.005863320078668968,0.9771428571428571,32.91828823539682
segment,KarciFANN,105,347,0.001619199123294881,0.993167701863354,0.005124668462335649,0.9857142857142858,130.69022513471205
segment,KarciFANN,105,348,0.001431208894084932,0.9937888198757764,0.005303336786118951,0.98,66.51318339707912
segment,KarciFANN,105,349,0.0016146893154548073,0.991304347826087,0.005772236173861323,0.98,66.43561828434653
segment,KarciFANN,105,350,0.0012497603213687924,0.9937888198757764,0.005198918470004515,0.9828571428571429,96.18294732256551
segment,KarciFANN,106,1,0.08157161543586527,0.6080745341614907,0.08089065346671527,0.5857142857142857,1.2599495477454232
segment,KarciFANN,106,2,0.04352878038295303,0.8403726708074534,0.04313363157911676,0.8457142857142858,1.9581832951721923
segment,KarciFANN,106,3,0.03671373610941963,0.8397515527950311,0.03669886491977941,0.8485714285714285,2.9257722961775703
segment,KarciFANN,106,4,0.024478712767680454,0.8993788819875776,0.0255448264243453,0.9,5.152876543796784
segment,KarciFANN,106,5,0.0184166688422845,0.9248447204968944,0.019224109374537012,0.9114285714285715,2.4608446626488165
segment,KarciFANN,106,6,0.01791772497454946,0.9229813664596274,0.018967367905664317,0.9142857142857143,2.035605214870672
segment,KarciFANN,106,7,0.0246056922516662,0.9204968944099379,0.02598483623244442,0.9085714285714286,2.2280071140098663
segment,KarciFANN,106,8,0.023102141070606538,0.9049689440993789,0.02402710049121818,0.9085714285714286,3.061518426693402
segment,KarciFANN,106,9,0.024712320136137486,0.9285714285714286,0.02791279408368752,0.9085714285714286,3.5964601233055413
segment,KarciFANN,106,10,0.02867930166498286,0.8677018633540373,0.03170918257189493,0.8485714285714285,2.9962658551076506
segment,KarciFANN,106,11,0.018046681681286203,0.9273291925465839,0.01949277312209479,0.9171428571428571,4.058881823009849
segment,KarciFANN,106,12,0.01780414540528093,0.9285714285714286,0.02076395874293065,0.9314285714285714,3.705542929493503
segment,KarciFANN,106,13,0.013261505732752506,0.9484472049689441,0.014599816956553364,0.9371428571428572,2.2448967424101127
segment,KarciFANN,106,14,0.014226903846249233,0.9465838509316771,0.015426104108805792,0.9371428571428572,2.288410261753598
segment,KarciFANN,106,15,0.014276563892038047,0.9391304347826087,0.017307323930402362,0.9285714285714286,18.785062487791773
segment,KarciFANN,106,16,0.02273413815224865,0.893167701863354,0.024658986437563823,0.8885714285714286,2.9001302607484867
segment,KarciFANN,106,17,0.016887247311413084,0.9260869565217391,0.018046629342134007,0.9257142857142857,1.9231842619281265
segment,KarciFANN,106,18,0.013032015707173862,0.9391304347826087,0.014179549225616721,0.9371428571428572,2.2056568306298847
segment,KarciFANN,106,19,0.01804803546468794,0.9248447204968944,0.018057021299519943,0.9371428571428572,1.901706991250777
segment,KarciFANN,106,20,0.012595260288520127,0.9409937888198758,0.015340290864706048,0.9257142857142857,1.948634072572532
segment,KarciFANN,106,21,0.012151957621333604,0.9459627329192547,0.013422560712213781,0.9342857142857143,2.171742036644796
segment,KarciFANN,106,22,0.011934190175325755,0.9527950310559006,0.015532781629487714,0.9342857142857143,5.2089053541819865
segment,KarciFANN,106,23,0.010179512094146094,0.9527950310559006,0.012160829595936538,0.9428571428571428,8.99517790752044
segment,KarciFANN,106,24,0.011860029039335914,0.9527950310559006,0.01426133109293902,0.9314285714285714,5.453569086872809
segment,KarciFANN,106,25,0.010959864845440419,0.9478260869565217,0.012413647376778256,0.94,2.2376498718028888
segment,KarciFANN,106,26,0.01312878553393546,0.9372670807453416,0.013927846917711893,0.9285714285714286,8.348055269999268
segment,KarciFANN,106,27,0.013966694524785826,0.9366459627329192,0.017393787441374004,0.9285714285714286,10.56394185285421
segment,KarciFANN,106,28,0.012272504024835545,0.9385093167701863,0.015337346100039749,0.9257142857142857,2.5705368127578283
segment,KarciFANN,106,29,0.010471444561625047,0.9540372670807453,0.014203313221522853,0.9342857142857143,17.04718504645824
segment,KarciFANN,106,30,0.025049112582764925,0.8944099378881988,0.026583803999904503,0.8914285714285715,3.0548155439853506
segment,KarciFANN,106,31,0.008506184195589232,0.9565217391304348,0.011932242765249453,0.9371428571428572,24.664081248034442
segment,KarciFANN,106,32,0.015441521599521673,0.9279503105590062,0.014784083543963173,0.9314285714285714,3.385891482724173
segment,KarciFANN,106,33,0.00944391638399854,0.9552795031055901,0.011936514208592808,0.9428571428571428,2.0779881488615857
segment,KarciFANN,106,34,0.008704940604635468,0.9546583850931677,0.012116210887128049,0.94,2.2712553895121053
segment,KarciFANN,106,35,0.01374213515916245,0.9298136645962732,0.0172814831553192,0.9114285714285715,9.913920104266127
segment,KarciFANN,106,36,0.010012296537675849,0.9509316770186336,0.011909277210413911,0.94,13.251202381076768
segment,KarciFANN,106,37,0.008470379502579664,0.9565217391304348,0.011373600770185417,0.9371428571428572,2.783432781049279
segment,KarciFANN,106,38,0.00841417794435271,0.9577639751552796,0.01133731555364648,0.9428571428571428,12.404012803664848
segment,KarciFANN,106,39,0.015759110488626406,0.929192546583851,0.018971618369217666,0.9171428571428571,6.000129879087711
segment,KarciFANN,106,40,0.008293441864465572,0.9559006211180124,0.010381120160378052,0.9457142857142857,27.69336294413276
segment,KarciFANN,106,41,0.03020141516985051,0.9031055900621118,0.03138450126032455,0.9028571428571428,3.866581071463821
segment,KarciFANN,106,42,0.008169238347324222,0.9577639751552796,0.011212929641085901,0.9428571428571428,31.991802720044014
segment,KarciFANN,106,43,0.008830032208524826,0.9509316770186336,0.011514440531090282,0.9342857142857143,22.602188098642515
segment,KarciFANN,106,44,0.007783817073122183,0.9614906832298137,0.011288073533297556,0.9428571428571428,10.120074444968294
segment,KarciFANN,106,45,0.011784004949325506,0.9428571428571428,0.014650628051997319,0.9342857142857143,12.706454036295638
segment,KarciFANN,106,46,0.009174716016762561,0.9571428571428572,0.011487227394479558,0.9457142857142857,11.371535794423009
segment,KarciFANN,106,47,0.00976395306702498,0.9521739130434783,0.012912803653645217,0.9428571428571428,2.875351158059283
segment,KarciFANN,106,48,0.009020921322096899,0.9540372670807453,0.01174350322225664,0.94,21.7922190843731
segment,KarciFANN,106,49,0.007400255244501721,0.9614906832298137,0.010531830330023018,0.94,3.049543274990224
segment,KarciFANN,106,50,0.010725749326982621,0.9453416149068323,0.013444496869843071,0.9342857142857143,25.36149934316551
segment,KarciFANN,106,51,0.008634185373654749,0.9559006211180124,0.010970085307393223,0.9457142857142857,2.3752264978117745
segment,KarciFANN,106,52,0.008610979193196904,0.9571428571428572,0.01130551017464674,0.94,16.227021130069677
segment,KarciFANN,106,53,0.008814896665891444,0.9527950310559006,0.01050032081307279,0.9457142857142857,46.34035219765073
segment,KarciFANN,106,54,0.007182989775689945,0.9614906832298137,0.010101758126417172,0.9428571428571428,3.0181669241050892
segment,KarciFANN,106,55,0.020768119262143187,0.9124223602484473,0.022727084119733575,0.9114285714285715,3.824812101718631
segment,KarciFANN,106,56,0.02895842412053801,0.8913043478260869,0.028887186435901265,0.8914285714285715,4.6017890518275895
segment,KarciFANN,106,57,0.008156223075001487,0.9571428571428572,0.011093308799896786,0.9428571428571428,2.891373784301136
segment,KarciFANN,106,58,0.013686161346931566,0.9335403726708075,0.01323948944645347,0.9371428571428572,2.7466912033165167
segment,KarciFANN,106,59,0.012540186004603552,0.9416149068322981,0.014526079130814483,0.9314285714285714,31.629207162222222
segment,KarciFANN,106,60,0.007539458378870732,0.9602484472049689,0.01050584045459034,0.9485714285714286,18.585771267639156
segment,KarciFANN,106,61,0.024580560802148117,0.901863354037267,0.02455922425922971,0.9057142857142857,3.248031154941341
segment,KarciFANN,106,62,0.007366068827161041,0.9590062111801242,0.010425430393519638,0.9428571428571428,25.18887312205043
segment,KarciFANN,106,63,0.00710252176210428,0.9608695652173913,0.010143010617724726,0.9457142857142857,24.52094579029405
segment,KarciFANN,106,64,0.007039295791808689,0.9627329192546584,0.01021075320681909,0.9457142857142857,3.209384211518722
segment,KarciFANN,106,65,0.0070696720891006305,0.9602484472049689,0.0098424205624695,0.9457142857142857,14.966090762340441
segment,KarciFANN,106,66,0.010487184799085905,0.9490683229813665,0.011184520046309899,0.9485714285714286,10.922586090339323
segment,KarciFANN,106,67,0.007907466766106168,0.9571428571428572,0.009743159274491233,0.9485714285714286,16.010340986368618
segment,KarciFANN,106,68,0.007798162894018975,0.9583850931677018,0.010960588102689987,0.9428571428571428,3.162489556724263
segment,KarciFANN,106,69,0.0075771923549366425,0.9577639751552796,0.01046390571519166,0.9485714285714286,19.24548045222877
segment,KarciFANN,106,70,0.0074053492599286085,0.9596273291925466,0.01095037591150538,0.9457142857142857,20.56893344821054
segment,KarciFANN,106,71,0.007086999455588524,0.9627329192546584,0.010266701678263757,0.9428571428571428,53.6344495089135
segment,KarciFANN,106,72,0.0067083899329530095,0.9614906832298137,0.00994466631564104,0.9428571428571428,15.660959433084843
segment,KarciFANN,106,73,0.006940295958500315,0.9614906832298137,0.010063267157120852,0.9457142857142857,20.873064162994503
segment,KarciFANN,106,74,0.006647984831117863,0.9627329192546584,0.009943063042280209,0.9485714285714286,24.869034007367596
segment,KarciFANN,106,75,0.007233784660610224,0.9602484472049689,0.010485458632055312,0.9485714285714286,57.33687040690537
segment,KarciFANN,106,76,0.006669032259792448,0.962111801242236,0.009465866266936594,0.9485714285714286,16.194450514106833
segment,KarciFANN,106,77,0.006606369126042969,0.962111801242236,0.009856794150308396,0.9428571428571428,35.5879648361688
segment,KarciFANN,106,78,0.006553783087243075,0.962111801242236,0.009757094547100678,0.9457142857142857,39.73681746545457
segment,KarciFANN,106,79,0.007678108846080633,0.9583850931677018,0.011193927155066952,0.94,23.545673894113303
segment,KarciFANN,106,80,0.006845080545288321,0.9608695652173913,0.009971783141675574,0.9485714285714286,27.637978942464283
segment,KarciFANN,106,81,0.006774491706069927,0.9614906832298137,0.009699680970641436,0.9485714285714286,16.091007160556956
segment,KarciFANN,106,82,0.006979046206958096,0.962111801242236,0.00978435626876721,0.9457142857142857,38.346826008779146
segment,KarciFANN,106,83,0.008423535002496764,0.9552795031055901,0.011471335488749798,0.9428571428571428,8.895489420283702
segment,KarciFANN,106,84,0.006824453357662131,0.9633540372670808,0.010017047129608362,0.9457142857142857,38.166825122684635
segment,KarciFANN,106,85,0.006808613498195247,0.9633540372670808,0.009482748618853091,0.9485714285714286,18.09817802326641
segment,KarciFANN,106,86,0.019181982583691696,0.9142857142857143,0.019807785858884788,0.9114285714285715,5.264369293878879
segment,KarciFANN,106,87,0.019254588716519683,0.9180124223602485,0.022543345822949104,0.9028571428571428,4.026082163309644
segment,KarciFANN,106,88,0.007123284393132821,0.962111801242236,0.012254112977818896,0.94,2.5617052585217976
segment,KarciFANN,106,89,0.010129211851548086,0.9503105590062112,0.014426873435457597,0.9342857142857143,6.949510791716935
segment,KarciFANN,106,90,0.006727938644307392,0.9633540372670808,0.010813744699867466,0.9457142857142857,12.404038905478997
segment,KarciFANN,106,91,0.021450386888320426,0.9142857142857143,0.022323071659681674,0.9085714285714286,4.2853113871456445
segment,KarciFANN,106,92,0.00950729227917842,0.9571428571428572,0.012954503237896622,0.9457142857142857,4.399622895745552
segment,KarciFANN,106,93,0.0067505215591718145,0.962111801242236,0.0105750260288583,0.9514285714285714,32.103276580458775
segment,KarciFANN,106,94,0.007461520601050793,0.962111801242236,0.0116806786591159,0.9485714285714286,23.798672300227068
segment,KarciFANN,106,95,0.0076855134811147875,0.9571428571428572,0.010792628747811358,0.9485714285714286,74.87978917741893
segment,KarciFANN,106,96,0.02295888026768167,0.9267080745341615,0.02621797818468848,0.92,5.805722293503182
segment,KarciFANN,106,97,0.013254774879526681,0.9391304347826087,0.016894649491640715,0.9285714285714286,10.468585805302087
segment,KarciFANN,106,98,0.006555033570973857,0.9633540372670808,0.010452818584270425,0.9485714285714286,3.2958365091681423
segment,KarciFANN,106,99,0.006217092240187058,0.9639751552795031,0.010167908873313895,0.9457142857142857,3.2938056840569265
segment,KarciFANN,106,100,0.008332455870130203,0.9577639751552796,0.011203827896361082,0.9514285714285714,2.310648050256275
segment,KarciFANN,106,101,0.007918390423407765,0.9602484472049689,0.011697054267249684,0.9428571428571428,10.928019409238244
segment,KarciFANN,106,102,0.01293232854720098,0.937888198757764,0.014182964559140119,0.9428571428571428,2.177007578469756
segment,KarciFANN,106,103,0.007016703827564704,0.9645962732919254,0.01078502302256492,0.9485714285714286,9.934384282389988
segment,KarciFANN,106,104,0.00991179407634316,0.9490683229813665,0.013008788426932875,0.94,3.1751640417419162
segment,KarciFANN,106,105,0.006498932357000691,0.9627329192546584,0.010089810030362986,0.9542857142857143,3.313240567620604
segment,KarciFANN,106,106,0.00841643601958893,0.9590062111801242,0.013097734107293004,0.9428571428571428,13.167575651158534
segment,KarciFANN,106,107,0.014595184783657254,0.953416149068323,0.016526165328794924,0.9485714285714286,7.528920526182322
segment,KarciFANN,106,108,0.0071346315032011194,0.962111801242236,0.011545950710370031,0.9485714285714286,195.7539844647669
segment,KarciFANN,106,109,0.01284935887151852,0.937888198757764,0.016318364862967172,0.9257142857142857,7.947345645781079
segment,KarciFANN,106,110,0.007084434649011615,0.9596273291925466,0.01057679643987857,0.9542857142857143,20.43858200162241
segment,KarciFANN,106,111,0.007375476583042721,0.9602484472049689,0.011482998205038264,0.9457142857142857,26.45824086821978
segment,KarciFANN,106,112,0.010012507622399646,0.9472049689440993,0.013338921938991496,0.9428571428571428,24.56602668587607
segment,KarciFANN,106,113,0.0061204713650712915,0.9633540372670808,0.010135120619139432,0.9457142857142857,3.301418439627914
segment,KarciFANN,106,114,0.006621863316653383,0.9633540372670808,0.011009766597732394,0.9485714285714286,17.55148159075299
segment,KarciFANN,106,115,0.006309657017413784,0.9645962732919254,0.0105839788000501,0.9485714285714286,3.337629744069393
segment,KarciFANN,106,116,0.01216720298543054,0.9434782608695652,0.012664184363684841,0.9485714285714286,5.452550684487635
segment,KarciFANN,106,117,0.006432735942611367,0.9639751552795031,0.010067921976532359,0.9542857142857143,3.359501291202132
segment,KarciFANN,106,118,0.006602829620087824,0.9633540372670808,0.01102566265830262,0.9485714285714286,94.81238902729372
segment,KarciFANN,106,119,0.006014369373167137,0.9639751552795031,0.00985484848693969,0.9514285714285714,3.342920822736479
segment,KarciFANN,106,120,0.005990544814949923,0.9645962732919254,0.0101072784764403,0.9571428571428572,26.19853666263582
segment,KarciFANN,106,121,0.006113836896850446,0.9639751552795031,0.009982624723557501,0.9542857142857143,181.34172176150128
segment,KarciFANN,106,122,0.006363504466278357,0.9639751552795031,0.010686731822492836,0.9571428571428572,3.3726372248093823
segment,KarciFANN,106,123,0.006126965974503597,0.9633540372670808,0.01024323385704946,0.9514285714285714,3.366378165367338
segment,KarciFANN,106,124,0.006040436237578722,0.9639751552795031,0.009795884885161853,0.9542857142857143,38.94381444520871
segment,KarciFANN,106,125,0.012613570341966977,0.9434782608695652,0.015426425710506907,0.9342857142857143,8.594902564650516
segment,KarciFANN,106,126,0.00668228099930909,0.9633540372670808,0.010784825165737187,0.9514285714285714,136.74937053129548
segment,KarciFANN,106,127,0.005957175189047661,0.9633540372670808,0.010107885617140048,0.9485714285714286,45.392178866473905
segment,KarciFANN,106,128,0.005999540596469426,0.9645962732919254,0.00995012145930386,0.9571428571428572,3.3851713534579058
segment,KarciFANN,106,129,0.0066986246978447544,0.9633540372670808,0.010982579444969533,0.9542857142857143,3.2391433724618737
segment,KarciFANN,106,130,0.020224461115573,0.906832298136646,0.02150519295045336,0.8971428571428571,6.7008215496504935
segment,KarciFANN,106,131,0.009283220028457684,0.9490683229813665,0.012136877068073213,0.9457142857142857,3.4411486405113507
segment,KarciFANN,106,132,0.005950702210681517,0.9645962732919254,0.009583929510136235,0.9542857142857143,148.21821192916914
segment,KarciFANN,106,133,0.01209429776712998,0.9416149068322981,0.012789591860806585,0.9457142857142857,77.92661251188495
segment,KarciFANN,106,134,0.027551288995359437,0.8993788819875776,0.02818788777556018,0.9,4.840597483711945
segment,KarciFANN,106,135,0.006696124474710297,0.9633540372670808,0.010347173598597588,0.9514285714285714,34.66744248246183
segment,KarciFANN,106,136,0.0065207040937051855,0.9633540372670808,0.011380827163041441,0.9485714285714286,3.3834747981760422
segment,KarciFANN,106,137,0.006889186186525721,0.9627329192546584,0.011228108148356493,0.9485714285714286,11.248434261511845
segment,KarciFANN,106,138,0.006056374108854377,0.9670807453416149,0.010295506974822148,0.9485714285714286,89.75879942580303
segment,KarciFANN,106,139,0.01993418240627613,0.9192546583850931,0.02011966722643025,0.9171428571428571,6.955217616457167
segment,KarciFANN,106,140,0.011365144314464934,0.9434782608695652,0.014764841695323537,0.94,3.142215748397292
segment,KarciFANN,106,141,0.007454748935125875,0.9590062111801242,0.011504823428709555,0.9485714285714286,3.447655141406416
segment,KarciFANN,106,142,0.006011647059906076,0.9645962732919254,0.009953851061356458,0.9542857142857143,27.051078618017858
segment,KarciFANN,106,143,0.006155463510493539,0.9645962732919254,0.010626143405943568,0.9514285714285714,46.83773612903126
segment,KarciFANN,106,144,0.0061643831785026795,0.9633540372670808,0.009858352742379107,0.9514285714285714,40.409070566994494
segment,KarciFANN,106,145,0.009308339490432275,0.9490683229813665,0.011511829664420745,0.9485714285714286,103.33589942699324
segment,KarciFANN,106,146,0.005832720025322363,0.9658385093167702,0.009808959789467,0.9571428571428572,64.07849815277287
segment,KarciFANN,106,147,0.006008259325181869,0.9639751552795031,0.010676975941064164,0.9514285714285714,33.389698637585035
segment,KarciFANN,106,148,0.005863353541149967,0.9658385093167702,0.009809796922908443,0.9571428571428572,3.3455010146205066
segment,KarciFANN,106,149,0.010214544809393902,0.953416149068323,0.013506508221998309,0.9457142857142857,3.072389116688479
segment,KarciFANN,106,150,0.0074402988904006,0.962111801242236,0.010612438645420916,0.9514285714285714,37.86361731133275
segment,KarciFANN,106,151,0.009308948023255282,0.9496894409937888,0.012267946031331108,0.9457142857142857,10.860628215583102
segment,KarciFANN,106,152,0.0059729263138015975,0.9639751552795031,0.010184188196744683,0.9514285714285714,28.779114572400676
segment,KarciFANN,106,153,0.00606647420763972,0.9652173913043478,0.010314250179022268,0.9542857142857143,34.26117862708756
segment,KarciFANN,106,154,0.006000874938471303,0.9639751552795031,0.010233133244806847,0.9514285714285714,92.80391293663969
segment,KarciFANN,106,155,0.005794942690005981,0.9645962732919254,0.010025597722330838,0.9542857142857143,3.421939687087252
segment,KarciFANN,106,156,0.006270939546062787,0.9639751552795031,0.010084116071212075,0.9542857142857143,3.4351928328942196
segment,KarciFANN,106,157,0.005738652991955223,0.9670807453416149,0.009822161328171129,0.9542857142857143,3.4356103225219643
segment,KarciFANN,106,158,0.006329136505255631,0.9633540372670808,0.01085625516084471,0.9514285714285714,3.417625988702277
segment,KarciFANN,106,159,0.005863965711596454,0.9652173913043478,0.010214823974104052,0.9514285714285714,43.15920411922669
segment,KarciFANN,106,160,0.008431095854031076,0.9596273291925466,0.012314875260127015,0.9514285714285714,10.859120362987182
segment,KarciFANN,106,161,0.015052618672859626,0.9273291925465839,0.017145341085138623,0.9371428571428572,5.700271906224578
segment,KarciFANN,106,162,0.006360533412247175,0.9645962732919254,0.01075566977645616,0.9514285714285714,58.92548914303041
segment,KarciFANN,106,163,0.007222383438254068,0.9596273291925466,0.010736495463315563,0.9514285714285714,417.156881724255
segment,KarciFANN,106,164,0.00598813778399924,0.9645962732919254,0.010736442549013526,0.9514285714285714,11.894799199780238
segment,KarciFANN,106,165,0.008146773089455434,0.9577639751552796,0.010142755855901289,0.9571428571428572,12.102476572439928
segment,KarciFANN,106,166,0.005893276281270729,0.9645962732919254,0.01031355514801187,0.9514285714285714,39.242891087575664
segment,KarciFANN,106,167,0.006191903106968172,0.9645962732919254,0.010232139514181596,0.9542857142857143,141.7562120828347
segment,KarciFANN,106,168,0.007143037208346125,0.962111801242236,0.01128849874242649,0.9485714285714286,2.836381138542707
segment,KarciFANN,106,169,0.005958188756958368,0.9677018633540373,0.009841651899784256,0.9571428571428572,134.97695993634696
segment,KarciFANN,106,170,0.006415082030880521,0.9639751552795031,0.011173747362655816,0.9485714285714286,42.33266807812803
segment,KarciFANN,106,171,0.005696881384312797,0.9658385093167702,0.010037728366253468,0.9514285714285714,105.07078148552392
segment,KarciFANN,106,172,0.006514102362137359,0.9639751552795031,0.011013319077842079,0.9514285714285714,86.37265588104248
segment,KarciFANN,106,173,0.005880618215824591,0.9652173913043478,0.01025137489148402,0.9514285714285714,181.62015844447217
segment,KarciFANN,106,174,0.006134357415909034,0.9627329192546584,0.01062834583564682,0.9542857142857143,25.920776425558298
segment,KarciFANN,106,175,0.005769340351840906,0.9652173913043478,0.010153091338478413,0.9514285714285714,26.348850081664047
segment,KarciFANN,106,176,0.006414667680134524,0.9639751552795031,0.011104595570487992,0.9514285714285714,73.96655358450458
segment,KarciFANN,106,177,0.005918090404874602,0.9652173913043478,0.010033587572642291,0.9514285714285714,24.74210708023917
segment,KarciFANN,106,178,0.005593244336819379,0.9670807453416149,0.00997827008420482,0.9514285714285714,24.890993188122145
segment,KarciFANN,106,179,0.005987788224203311,0.9639751552795031,0.010622031292228159,0.9514285714285714,3.448052416586758
segment,KarciFANN,106,180,0.006512409592748533,0.9627329192546584,0.01095634143350634,0.9542857142857143,62.87699572604966
segment,KarciFANN,106,181,0.005697773169668448,0.9664596273291925,0.009729103423526652,0.96,65.06515684827919
segment,KarciFANN,106,182,0.005718396598457353,0.9658385093167702,0.010117914402840577,0.9542857142857143,41.166853678659095
segment,KarciFANN,106,183,0.012061387875594099,0.9496894409937888,0.015208594676988766,0.9457142857142857,10.260240524397126
segment,KarciFANN,106,184,0.005692284142622455,0.9664596273291925,0.010280849407558508,0.9514285714285714,129.14569242704334
segment,KarciFANN,106,185,0.006480577374872262,0.9633540372670808,0.010400043343474805,0.9571428571428572,83.70702088531611
segment,KarciFANN,106,186,0.006186809310381431,0.9639751552795031,0.010237864842455558,0.9514285714285714,2.652756430312583
segment,KarciFANN,106,187,0.006510525390990453,0.9627329192546584,0.009991203370569083,0.9571428571428572,2.6809027713337876
segment,KarciFANN,106,188,0.009931703313536967,0.9459627329192547,0.012590371380719306,0.94,3.0210780943100746
segment,KarciFANN,106,189,0.006158462858939265,0.9639751552795031,0.010596303804631559,0.9514285714285714,106.20958637540481
segment,KarciFANN,106,190,0.005732646208085984,0.9670807453416149,0.010464579922465276,0.9542857142857143,31.743982226688114
segment,KarciFANN,106,191,0.013014696849506888,0.9577639751552796,0.015348234168901227,0.9485714285714286,5.321584347313666
segment,KarciFANN,106,192,0.005705224967537856,0.9658385093167702,0.010279455912210163,0.9514285714285714,30.897032347019138
segment,KarciFANN,106,193,0.005610551296817963,0.9670807453416149,0.009777387285599534,0.9542857142857143,48.03687906609058
segment,KarciFANN,106,194,0.014749900077966758,0.937888198757764,0.01613544339300158,0.9371428571428572,3.650809876316751
segment,KarciFANN,106,195,0.005703248975576792,0.9658385093167702,0.009747951186013102,0.9542857142857143,3.5290178764959084
segment,KarciFANN,106,196,0.0056015681669703546,0.9658385093167702,0.010192074803624308,0.9542857142857143,3.4869213194113917
segment,KarciFANN,106,197,0.005531534416571338,0.9664596273291925,0.010358292306594876,0.9514285714285714,3.5215666069708327
segment,KarciFANN,106,198,0.006035394609277508,0.9645962732919254,0.010323460879153574,0.9571428571428572,10.717716026740492
segment,KarciFANN,106,199,0.005771859575879397,0.9658385093167702,0.009528947971609072,0.9571428571428572,3.4950111780694586
segment,KarciFANN,106,200,0.005650631286261086,0.9670807453416149,0.00952913831681544,0.9628571428571429,3.524411113121225
segment,KarciFANN,106,201,0.0056026974883658185,0.9670807453416149,0.009834926664107959,0.9571428571428572,47.00176958456529
segment,KarciFANN,106,202,0.009447667444602285,0.9521739130434783,0.012426554631359167,0.9485714285714286,8.216750652566637
segment,KarciFANN,106,203,0.005771090911060144,0.9645962732919254,0.010779414199356515,0.9485714285714286,105.95269947940037
segment,KarciFANN,106,204,0.005789299411175829,0.9645962732919254,0.010237480534850947,0.9514285714285714,64.97840386727447
segment,KarciFANN,106,205,0.005492301828794339,0.9670807453416149,0.010150109089210314,0.9542857142857143,52.827912282650246
segment,KarciFANN,106,206,0.006612979432344792,0.9664596273291925,0.01030686234802813,0.9542857142857143,3.0479580050322617
segment,KarciFANN,106,207,0.0058061877027222875,0.9670807453416149,0.009855129787854905,0.9571428571428572,59.89473563030072
segment,KarciFANN,106,208,0.005524441767161122,0.9664596273291925,0.010424371358331894,0.9514285714285714,3.552548669396182
segment,KarciFANN,106,209,0.005684243958592654,0.9658385093167702,0.010221838644111386,0.9485714285714286,63.77137226362631
segment,KarciFANN,106,210,0.01979705412458227,0.9192546583850931,0.022018745100029144,0.92,5.50383537725519
segment,KarciFANN,106,211,0.0062753143843951595,0.9645962732919254,0.010090911661123463,0.9571428571428572,20.312050419555437
segment,KarciFANN,106,212,0.00562491096118959,0.9664596273291925,0.010577545146863982,0.9514285714285714,89.14296087806008
segment,KarciFANN,106,213,0.006784143055335769,0.9590062111801242,0.011463475694461014,0.9485714285714286,2.4354422632997195
segment,KarciFANN,106,214,0.005444328159351075,0.9677018633540373,0.010233063434866355,0.9514285714285714,249.42353548902176
segment,KarciFANN,106,215,0.014431430306275769,0.931055900621118,0.015972778684482252,0.94,3.340522292249526
segment,KarciFANN,106,216,0.006739581571389177,0.9633540372670808,0.011463239265147735,0.9485714285714286,98.70641895604903
segment,KarciFANN,106,217,0.0061221715378591045,0.9645962732919254,0.010015096360481961,0.9571428571428572,26.632914349412417
segment,KarciFANN,106,218,0.005810952923431985,0.9652173913043478,0.010062518739503128,0.9571428571428572,31.80108837026394
segment,KarciFANN,106,219,0.005723027341169254,0.9645962732919254,0.01009159173494329,0.9542857142857143,107.57723692169365
segment,KarciFANN,106,220,0.006470240853955476,0.9633540372670808,0.010276073060442679,0.9571428571428572,70.19916292700746
segment,KarciFANN,106,221,0.005640991168194464,0.9664596273291925,0.010424478490304067,0.9514285714285714,82.36859738390889
segment,KarciFANN,106,222,0.00807152437491456,0.9559006211180124,0.010504718966862234,0.9571428571428572,3.599493090276542
segment,KarciFANN,106,223,0.005568365055373004,0.9658385093167702,0.010311896727512817,0.9485714285714286,169.25287064147346
segment,KarciFANN,106,224,0.00556999834281711,0.9658385093167702,0.01028840313764039,0.9542857142857143,136.93937236006738
segment,KarciFANN,106,225,0.005683196908013368,0.9658385093167702,0.010487573801457678,0.9514285714285714,21.771869923001876
segment,KarciFANN,106,226,0.009086545473384711,0.9633540372670808,0.013727721050892747,0.9542857142857143,13.237791163155613
segment,KarciFANN,106,227,0.005554450924314858,0.9664596273291925,0.010274136627553172,0.9514285714285714,61.52191201062535
segment,KarciFANN,106,228,0.006946523722594184,0.962111801242236,0.010360206355269594,0.9571428571428572,121.57583766019587
segment,KarciFANN,106,229,0.005543411741983233,0.9677018633540373,0.010163063066407676,0.9542857142857143,174.8268651560779
segment,KarciFANN,106,230,0.005718822848658591,0.9645962732919254,0.010475908656582064,0.9514285714285714,18.98144611162176
segment,KarciFANN,106,231,0.005589684926414589,0.9670807453416149,0.00982727024471564,0.9542857142857143,267.012348142671
segment,KarciFANN,106,232,0.01185728643100925,0.94472049689441,0.011360226778357884,0.9542857142857143,4.22018921555305
segment,KarciFANN,106,233,0.006692446296604077,0.9652173913043478,0.010584746384888582,0.9514285714285714,16.79773701415319
segment,KarciFANN,106,234,0.006016561225945413,0.9639751552795031,0.00984863856159451,0.9571428571428572,97.43160437825274
segment,KarciFANN,106,235,0.009105581052293902,0.9496894409937888,0.011069300163871065,0.9514285714285714,469.99998985212864
segment,KarciFANN,106,236,0.005767331318372841,0.9670807453416149,0.010199518054222619,0.9542857142857143,17.728333205182846
segment,KarciFANN,106,237,0.0056867407735762005,0.9670807453416149,0.009814689079936689,0.9571428571428572,3.614758842805146
segment,KarciFANN,106,238,0.005523916437766335,0.9664596273291925,0.010253394895520733,0.9542857142857143,119.33922258716996
segment,KarciFANN,106,239,0.005713953028817815,0.9677018633540373,0.010161891295087013,0.9571428571428572,25.745557812193592
segment,KarciFANN,106,240,0.0057336688138581535,0.9664596273291925,0.009635541135648532,0.9571428571428572,3.6039707968825447
segment,KarciFANN,106,241,0.005490317368920493,0.9677018633540373,0.010131629917421704,0.9571428571428572,83.0885672367957
segment,KarciFANN,106,242,0.005579121490046054,0.9670807453416149,0.010375997183811386,0.9542857142857143,168.1590515809623
segment,KarciFANN,106,243,0.005536409440991539,0.9677018633540373,0.010721295386028009,0.9542857142857143,188.01576802318758
segment,KarciFANN,106,244,0.005490807467981379,0.9670807453416149,0.00994465260031265,0.9514285714285714,3.6052937552180917
segment,KarciFANN,106,245,0.00566437087492653,0.9639751552795031,0.010490361081086882,0.9514285714285714,29.59326905125507
segment,KarciFANN,106,246,0.005705531967756236,0.9658385093167702,0.010502096030779009,0.9542857142857143,58.90854572418185
segment,KarciFANN,106,247,0.006085652079839182,0.9639751552795031,0.010525037891596343,0.9514285714285714,81.49091045650327
segment,KarciFANN,106,248,0.005486674958922435,0.9670807453416149,0.009691783383877947,0.9571428571428572,39.90695640741895
segment,KarciFANN,106,249,0.005382730139938352,0.9677018633540373,0.0104463665376648,0.9485714285714286,3.621840086962932
segment,KarciFANN,106,250,0.005457818211413332,0.9677018633540373,0.009917340165266346,0.9571428571428572,41.68389122041722
segment,KarciFANN,106,251,0.005558419274498933,0.9670807453416149,0.010609793630411658,0.9485714285714286,58.01429752198817
segment,KarciFANN,106,252,0.005344426837155687,0.9670807453416149,0.0100557342753245,0.9542857142857143,96.96575993045754
segment,KarciFANN,106,253,0.005979586938184873,0.9670807453416149,0.010154402380595548,0.9571428571428572,3.340879345406945
segment,KarciFANN,106,254,0.00573935351121002,0.9652173913043478,0.01054881376889012,0.9514285714285714,24.477251209106054
segment,KarciFANN,106,255,0.005687390705647768,0.9652173913043478,0.009857182738377048,0.9542857142857143,303.67308432117426
segment,KarciFANN,106,256,0.005850494601789576,0.9639751552795031,0.010626716540345195,0.9457142857142857,3.640426007517846
segment,KarciFANN,106,257,0.005871300206883717,0.9633540372670808,0.010425177871215599,0.9542857142857143,3.5895641309664583
segment,KarciFANN,106,258,0.00541010288273283,0.9670807453416149,0.010182714194697112,0.9485714285714286,3.609735816947278
segment,KarciFANN,106,259,0.005693374916575749,0.9645962732919254,0.010081817500090441,0.96,2.766379940075499
segment,KarciFANN,106,260,0.005458415505903049,0.9670807453416149,0.010117450315729005,0.9514285714285714,54.62893510182663
segment,KarciFANN,106,261,0.006695606531634931,0.9645962732919254,0.01138367754449848,0.9485714285714286,2.9992420841712475
segment,KarciFANN,106,262,0.005551139256207181,0.9652173913043478,0.009979485743354163,0.9542857142857143,46.09906826996551
segment,KarciFANN,106,263,0.0062556272944381906,0.9608695652173913,0.011023961704791132,0.9485714285714286,3.6417207751411826
segment,KarciFANN,106,264,0.005559391729604976,0.9670807453416149,0.009922307424151035,0.9542857142857143,39.22422550195724
segment,KarciFANN,106,265,0.006192110824456552,0.9627329192546584,0.01098560778585316,0.9457142857142857,3.6438867617491346
segment,KarciFANN,106,266,0.005593117172033168,0.9670807453416149,0.00990929009705242,0.9571428571428572,76.69751619009307
segment,KarciFANN,106,267,0.005402175193826932,0.9677018633540373,0.009993989587809133,0.9514285714285714,3.6338203952947956
segment,KarciFANN,106,268,0.005515918288609787,0.9670807453416149,0.0098840619760866,0.9542857142857143,2.6989346137197385
segment,KarciFANN,106,269,0.005444152010128306,0.9677018633540373,0.009840346377389687,0.9571428571428572,3.6343979106149917
segment,KarciFANN,106,270,0.005346141433746536,0.9677018633540373,0.009856368534829404,0.9542857142857143,20.79558279025752
segment,KarciFANN,106,271,0.005382530878995975,0.9670807453416149,0.009787641681162721,0.9542857142857143,55.09030896790186
segment,KarciFANN,106,272,0.005438120491930098,0.9677018633540373,0.009918074609971246,0.9542857142857143,48.429798950224125
segment,KarciFANN,106,273,0.005671624336625382,0.9664596273291925,0.010621277243229442,0.9485714285714286,2.3404822199620936
segment,KarciFANN,106,274,0.005524096739280845,0.9670807453416149,0.010278670235515578,0.9514285714285714,3.570014646004052
segment,KarciFANN,106,275,0.005382841950148834,0.9677018633540373,0.009929615942670422,0.9514285714285714,169.0680568619838
segment,KarciFANN,106,276,0.0053466330959859795,0.9677018633540373,0.01025970637860354,0.9542857142857143,35.52421690414615
segment,KarciFANN,106,277,0.011745229405663523,0.9440993788819876,0.014662851473144023,0.9428571428571428,7.263347786294519
segment,KarciFANN,106,278,0.006155209289990055,0.9670807453416149,0.010649627786324674,0.9542857142857143,4.061582228094871
segment,KarciFANN,106,279,0.005515630982867658,0.9664596273291925,0.010016797821997388,0.9514285714285714,101.89933810562806
segment,KarciFANN,106,280,0.005497969793020339,0.9658385093167702,0.010295822333857426,0.9514285714285714,3.653667368096468
segment,KarciFANN,106,281,0.005314568461005969,0.9670807453416149,0.00955924307561425,0.9571428571428572,408.02095421265665
segment,KarciFANN,106,282,0.005399959188226183,0.9658385093167702,0.010174803303881033,0.9514285714285714,55.40136434481014
segment,KarciFANN,106,283,0.006499432440220392,0.9639751552795031,0.011286816367133327,0.9542857142857143,17.609834487485717
segment,KarciFANN,106,284,0.005761682381906391,0.9664596273291925,0.010631856578284592,0.9514285714285714,156.93040508288883
segment,KarciFANN,106,285,0.0075894004824292325,0.9583850931677018,0.01148755757822663,0.9485714285714286,13.69381707669981
segment,KarciFANN,106,286,0.005387619257365265,0.9677018633540373,0.009402080850703895,0.9628571428571429,18.889713062157497
segment,KarciFANN,106,287,0.005271296896139737,0.9683229813664597,0.009456811691941265,0.96,33.75714866646809
segment,KarciFANN,106,288,0.007219550478796488,0.9571428571428572,0.011477316486118326,0.9485714285714286,122.18987253184885
segment,KarciFANN,106,289,0.005318493720090553,0.9683229813664597,0.010067867588463807,0.9571428571428572,24.2100782074363
segment,KarciFANN,106,290,0.0060580346449679275,0.9652173913043478,0.010944853831041771,0.9514285714285714,107.25115079528238
segment,KarciFANN,106,291,0.005324401178339874,0.968944099378882,0.009531437560435571,0.9571428571428572,33.77859891257018
segment,KarciFANN,106,292,0.005285614601393599,0.968944099378882,0.009645688417048884,0.9514285714285714,3.6873774747230774
segment,KarciFANN,106,293,0.0054158682207397215,0.968944099378882,0.009618448906259907,0.96,139.70481785656358
segment,KarciFANN,106,294,0.006575375997349535,0.9639751552795031,0.010148075483498829,0.9571428571428572,3.538778044460061
segment,KarciFANN,106,295,0.005663530982115111,0.9695652173913043,0.009391408015961365,0.96,3.696732328302936
segment,KarciFANN,106,296,0.005530959051993902,0.968944099378882,0.010194566748948088,0.9542857142857143,139.48187313928557
segment,KarciFANN,106,297,0.0053244390014739575,0.9701863354037267,0.009231213685094193,0.96,3.6922490371780543
segment,KarciFANN,106,298,0.005896806089570599,0.9677018633540373,0.010441670315192416,0.9514285714285714,17.881758631884548
segment,KarciFANN,106,299,0.00512412764196514,0.9701863354037267,0.009856414014008287,0.9514285714285714,56.41623811920861
segment,KarciFANN,106,300,0.005052928947904211,0.9714285714285714,0.009202788856641728,0.9628571428571429,31.320155713018742
segment,KarciFANN,106,301,0.004828345884754265,0.9714285714285714,0.009025124195604672,0.9571428571428572,65.61509388600373
segment,KarciFANN,106,302,0.004995490834949406,0.9701863354037267,0.009211619219827955,0.9542857142857143,35.85217516201631
segment,KarciFANN,106,303,0.005799826219790311,0.9670807453416149,0.01059761512882329,0.9542857142857143,49.56519405551608
segment,KarciFANN,106,304,0.0049232219013913905,0.9714285714285714,0.008996503065071661,0.96,61.675829905008044
segment,KarciFANN,106,305,0.004806598730842836,0.970807453416149,0.008702117428313736,0.9628571428571429,67.13204943271815
segment,KarciFANN,106,306,0.0048204356463597015,0.9720496894409938,0.0095790887107819,0.9514285714285714,3.718349244631459
segment,KarciFANN,106,307,0.006209860549964289,0.9652173913043478,0.009742514321303365,0.96,20.927614961420538
segment,KarciFANN,106,308,0.004767628098085466,0.970807453416149,0.008810007764040983,0.9571428571428572,130.63109438922928
segment,KarciFANN,106,309,0.004641324409030931,0.9714285714285714,0.009620277836375918,0.9514285714285714,33.59730240669541
segment,KarciFANN,106,310,0.005000253142208269,0.9701863354037267,0.009399805321816383,0.96,194.24838803628873
segment,KarciFANN,106,311,0.004661081551926764,0.9720496894409938,0.008837229110643973,0.9571428571428572,42.546764330879675
segment,KarciFANN,106,312,0.008034253855794574,0.9559006211180124,0.011384762727155513,0.9514285714285714,9.34111441073757
segment,KarciFANN,106,313,0.005103959993806738,0.9701863354037267,0.009691038335535022,0.9571428571428572,3.722104508823224
segment,KarciFANN,106,314,0.005413043278404155,0.9664596273291925,0.010946513453455523,0.9485714285714286,95.86940730983817
segment,KarciFANN,106,315,0.008277438766610514,0.962111801242236,0.010877604046455984,0.9485714285714286,6.118555924502478
segment,KarciFANN,106,316,0.005529989615345543,0.9683229813664597,0.009108075448510255,0.9628571428571429,42.26257330415389
segment,KarciFANN,106,317,0.0076660341587794865,0.9577639751552796,0.00977620487061742,0.9571428571428572,20.65723730963692
segment,KarciFANN,106,318,0.0046671487852777355,0.9714285714285714,0.009081441410925751,0.9571428571428572,285.4845024217015
segment,KarciFANN,106,319,0.004633535291761694,0.9720496894409938,0.009836576182295623,0.9542857142857143,3.7339599693922527
segment,KarciFANN,106,320,0.004620441434855508,0.970807453416149,0.009755004009596157,0.9514285714285714,66.99896317355473
segment,KarciFANN,106,321,0.004599892927061009,0.9720496894409938,0.008994370340884046,0.96,235.1134159608039
segment,KarciFANN,106,322,0.004620017146149254,0.9720496894409938,0.009163433461278837,0.9542857142857143,252.25251022001694
segment,KarciFANN,106,323,0.004624173368262587,0.9726708074534162,0.009565184267284643,0.9571428571428572,36.29184622128745
segment,KarciFANN,106,324,0.004648695912268364,0.9714285714285714,0.009301499156697436,0.9571428571428572,38.20899545002015
segment,KarciFANN,106,325,0.004610254912101708,0.9726708074534162,0.009717169787200806,0.9514285714285714,61.13826953954419
segment,KarciFANN,106,326,0.005187969337975444,0.968944099378882,0.010955620945081549,0.9514285714285714,66.7957321946952
segment,KarciFANN,106,327,0.0045848584836936344,0.9714285714285714,0.009533241490039179,0.9514285714285714,126.740067304661
segment,KarciFANN,106,328,0.0047869329136461,0.9701863354037267,0.01053519656739897,0.9514285714285714,3.761150585810366
segment,KarciFANN,106,329,0.004871559293450296,0.9701863354037267,0.010559849979364443,0.9514285714285714,2.845432031938556
segment,KarciFANN,106,330,0.004488043228341595,0.9714285714285714,0.009745223004261694,0.9571428571428572,67.46469942807194
segment,KarciFANN,106,331,0.004463420577015859,0.9714285714285714,0.009831781610646741,0.9542857142857143,2.83741910406509
segment,KarciFANN,106,332,0.0045538005420139365,0.9720496894409938,0.009094369962762751,0.9542857142857143,56.04319049625144
segment,KarciFANN,106,333,0.004554106866460325,0.9726708074534162,0.009503679611403323,0.9542857142857143,166.35300455589777
segment,KarciFANN,106,334,0.004897347528566639,0.9720496894409938,0.009474067162809298,0.9542857142857143,19.454615087591783
segment,KarciFANN,106,335,0.004617993136942491,0.9720496894409938,0.009221428970958928,0.96,3.754661509540621
segment,KarciFANN,106,336,0.005760336051293574,0.9695652173913043,0.010655131049698355,0.9485714285714286,15.372690005062678
segment,KarciFANN,106,337,0.004562992047083479,0.9720496894409938,0.009621441218336533,0.9542857142857143,392.5157540118857
segment,KarciFANN,106,338,0.004467530148216286,0.9720496894409938,0.009078614710267064,0.9542857142857143,3.737446012260832
segment,KarciFANN,106,339,0.004450517799733968,0.9720496894409938,0.00920968824613159,0.9571428571428572,433.72066412025566
segment,KarciFANN,106,340,0.00465634161655473,0.970807453416149,0.009966182648079832,0.9542857142857143,136.55070911409794
segment,KarciFANN,106,341,0.004470103983214036,0.9720496894409938,0.009693481333287545,0.9571428571428572,46.784848531446656
segment,KarciFANN,106,342,0.004611754060027908,0.9720496894409938,0.008386511831748862,0.9628571428571429,118.84996709145297
segment,KarciFANN,106,343,0.004548533030433773,0.9714285714285714,0.00881187881445432,0.9542857142857143,2.8531195052961715
segment,KarciFANN,106,344,0.004898115436307238,0.9714285714285714,0.009165141219819982,0.96,19.298619954526327
segment,KarciFANN,106,345,0.004869183877443466,0.970807453416149,0.009979791056826547,0.9514285714285714,439.8864009203676
segment,KarciFANN,106,346,0.004519412010050133,0.970807453416149,0.0094005331359577,0.9514285714285714,3.7716448515889027
segment,KarciFANN,106,347,0.004540893869867637,0.9720496894409938,0.00887501841070809,0.9571428571428572,29.642586089881448
segment,KarciFANN,106,348,0.0044921145095716,0.9714285714285714,0.008674805169829308,0.96,45.38304086901898
segment,KarciFANN,106,349,0.004585646973107698,0.9720496894409938,0.008630427439617751,0.9571428571428572,62.85935814246978
segment,KarciFANN,106,350,0.004416084879612564,0.9726708074534162,0.009202319942345836,0.9571428571428572,68.1796186361713
segment,KarciFANN,107,1,0.07556508040913973,0.6559006211180124,0.07452249994557837,0.6657142857142857,1.295869497347042
segment,KarciFANN,107,2,0.039004758256130694,0.8894409937888199,0.038416907464863356,0.9,1.352799994608035
segment,KarciFANN,107,3,0.04876617539006854,0.7447204968944099,0.04816003297387725,0.7514285714285714,2.924904190377822
segment,KarciFANN,107,4,0.02236951149679586,0.9198757763975155,0.02334026915572297,0.9228571428571428,2.0264666665344766
segment,KarciFANN,107,5,0.02220129642697971,0.9105590062111801,0.02334144295139256,0.9085714285714286,4.3471720203556705
segment,KarciFANN,107,6,0.017884961269411512,0.9248447204968944,0.018601686768636966,0.9142857142857143,7.989232181516154
segment,KarciFANN,107,7,0.02715112233722065,0.8720496894409938,0.027912577171280067,0.8771428571428571,4.376833065231484
segment,KarciFANN,107,8,0.019136070829155694,0.924223602484472,0.02162090925655763,0.9171428571428571,2.925491133849172
segment,KarciFANN,107,9,0.014453623622727013,0.9403726708074535,0.016183115361718917,0.9257142857142857,14.034307872474596
segment,KarciFANN,107,10,0.014366387214582846,0.9360248447204969,0.015565516025431237,0.9257142857142857,9.770593506765607
segment,KarciFANN,107,11,0.018424857200536077,0.9236024844720497,0.018934505803668292,0.9228571428571428,1.7221372389004563
segment,KarciFANN,107,12,0.016348657862667277,0.9279503105590062,0.016885528884491106,0.9285714285714286,3.6198875691778287
segment,KarciFANN,107,13,0.02410840542323043,0.9,0.0262706095251373,0.8914285714285715,5.1967952071411725
segment,KarciFANN,107,14,0.011582605633937865,0.9490683229813665,0.013196495091086618,0.9428571428571428,9.2623323896766
segment,KarciFANN,107,15,0.013367860604952292,0.9484472049689441,0.015256213737142225,0.9371428571428572,2.315142441332476
segment,KarciFANN,107,16,0.0107307501851511,0.9521739130434783,0.012913806132485066,0.9428571428571428,11.454869736480928
segment,KarciFANN,107,17,0.013247205600110142,0.94472049689441,0.015020948276246834,0.9342857142857143,10.697217975593079
segment,KarciFANN,107,18,0.022612382440896597,0.9136645962732919,0.021214338572575944,0.9228571428571428,2.3251764905004575
segment,KarciFANN,107,19,0.020179489380498156,0.9366459627329192,0.024350978163379906,0.9171428571428571,7.21455919836203
segment,KarciFANN,107,20,0.010423960472211433,0.9559006211180124,0.013003214834608418,0.9342857142857143,12.34519431904625
segment,KarciFANN,107,21,0.022024467619062994,0.9099378881987578,0.023420239058609384,0.9114285714285715,6.129816139681597
segment,KarciFANN,107,22,0.014704611157190173,0.9354037267080745,0.01773223617821217,0.92,5.713329788488085
segment,KarciFANN,107,23,0.009366386758749588,0.9596273291925466,0.012590709581921636,0.94,2.1335007801516235
segment,KarciFANN,107,24,0.011279986851067802,0.9478260869565217,0.014006328471640754,0.9428571428571428,6.731788083307342
segment,KarciFANN,107,25,0.008643064070515516,0.9670807453416149,0.011509361230556405,0.9457142857142857,2.4764819577816484
segment,KarciFANN,107,26,0.007548037240368002,0.968944099378882,0.010784596677086406,0.9485714285714286,15.266424049464367
segment,KarciFANN,107,27,0.010706776287738874,0.9521739130434783,0.012802574999544505,0.9371428571428572,8.395405045859741
segment,KarciFANN,107,28,0.00980392722595353,0.962111801242236,0.012226587134152483,0.9485714285714286,15.32574642432104
segment,KarciFANN,107,29,0.012209831841349795,0.9416149068322981,0.015573220629581913,0.94,8.460520275886598
segment,KarciFANN,107,30,0.011010863371014276,0.9509316770186336,0.015273877661589311,0.9342857142857143,2.37114021665764
segment,KarciFANN,107,31,0.007655280406649783,0.9664596273291925,0.010937776728210901,0.9542857142857143,16.35557017951851
segment,KarciFANN,107,32,0.011538630913218259,0.9515527950310559,0.013622803264935047,0.9371428571428572,2.349908616336565
segment,KarciFANN,107,33,0.008321152062196845,0.9602484472049689,0.009890663137268966,0.9542857142857143,21.221780909642536
segment,KarciFANN,107,34,0.010870273910757709,0.9515527950310559,0.012475877342685656,0.9514285714285714,7.607646160614492
segment,KarciFANN,107,35,0.012846678274194888,0.9633540372670808,0.016728751075535633,0.9457142857142857,4.998444325229893
segment,KarciFANN,107,36,0.0075115521359753745,0.9645962732919254,0.010443659962327457,0.9457142857142857,21.16657868310007
segment,KarciFANN,107,37,0.006533345386747134,0.9695652173913043,0.009249162512636534,0.9571428571428572,22.905097114681936
segment,KarciFANN,107,38,0.006585243106078071,0.9726708074534162,0.009496565504129985,0.9514285714285714,15.357727538723648
segment,KarciFANN,107,39,0.007713406499189823,0.9639751552795031,0.011317259372575127,0.9514285714285714,11.577281039748069
segment,KarciFANN,107,40,0.011387612602981921,0.9565217391304348,0.013240697722940896,0.9457142857142857,8.473706313815871
segment,KarciFANN,107,41,0.011787322430630845,0.9509316770186336,0.012041995437936742,0.9514285714285714,8.096136957591497
segment,KarciFANN,107,42,0.012405694063346807,0.9484472049689441,0.012697392779208758,0.9428571428571428,6.136574562992761
segment,KarciFANN,107,43,0.007222588525716173,0.9652173913043478,0.009438787171899523,0.9571428571428572,3.0065208467584554
segment,KarciFANN,107,44,0.005552480219268133,0.9751552795031055,0.009137815834646765,0.9571428571428572,28.08720685141954
segment,KarciFANN,107,45,0.005730977993698578,0.9732919254658385,0.008487536021335583,0.96,3.0905577807757036
segment,KarciFANN,107,46,0.007871593611779136,0.9683229813664597,0.010298514375304768,0.9542857142857143,2.837000019505589
segment,KarciFANN,107,47,0.008083187230278422,0.9677018633540373,0.009900882092045229,0.9628571428571429,33.13864373165795
segment,KarciFANN,107,48,0.01361458235697945,0.9453416149068323,0.012561008447752492,0.9457142857142857,3.140197361354953
segment,KarciFANN,107,49,0.0130258279436567,0.9434782608695652,0.015614741152916068,0.9314285714285714,2.821453892084829
segment,KarciFANN,107,50,0.005485226356414792,0.9745341614906833,0.009164429102111283,0.9571428571428572,26.83515387229469
segment,KarciFANN,107,51,0.01311978643803311,0.9397515527950311,0.01613647941682685,0.9371428571428572,3.7621821316816986
segment,KarciFANN,107,52,0.005300519455789073,0.9751552795031055,0.00896099428546909,0.9571428571428572,37.33888365419105
segment,KarciFANN,107,53,0.005071881423254192,0.9763975155279503,0.008651390824829843,0.9571428571428572,78.3853704070676
segment,KarciFANN,107,54,0.009423488702895168,0.9559006211180124,0.012184379108164396,0.9514285714285714,5.97390307109232
segment,KarciFANN,107,55,0.006101390543165209,0.970807453416149,0.00927248518329565,0.9571428571428572,42.59676215964769
segment,KarciFANN,107,56,0.005984789282924013,0.9739130434782609,0.008969263837273287,0.9542857142857143,13.240534313485123
segment,KarciFANN,107,57,0.007657447542763704,0.9645962732919254,0.009760266647764802,0.9542857142857143,29.45082775012908
segment,KarciFANN,107,58,0.013682524758688669,0.9459627329192547,0.013735731958783642,0.9485714285714286,2.4857765061548496
segment,KarciFANN,107,59,0.00773419357826396,0.9652173913043478,0.00967282255361043,0.9628571428571429,7.540135135458836
segment,KarciFANN,107,60,0.007398756707292262,0.9683229813664597,0.009698195110059461,0.9657142857142857,10.55399215944695
segment,KarciFANN,107,61,0.008151746800459356,0.9577639751552796,0.011083502449681495,0.9514285714285714,18.507460432152993
segment,KarciFANN,107,62,0.004628097508710427,0.9788819875776398,0.008453584287225598,0.9571428571428572,17.034995283154906
segment,KarciFANN,107,63,0.005251630741732767,0.977639751552795,0.009186424917839772,0.96,10.399446406467518
segment,KarciFANN,107,64,0.0076889354185097954,0.9633540372670808,0.01111536113273121,0.9571428571428572,10.951662055874307
segment,KarciFANN,107,65,0.006689387279692621,0.9658385093167702,0.011251695008448567,0.9542857142857143,8.404608263000164
segment,KarciFANN,107,66,0.006419188967869927,0.977639751552795,0.010237775193209023,0.96,7.438342041166073
segment,KarciFANN,107,67,0.004119420680352236,0.9807453416149068,0.00790369873425056,0.9628571428571429,28.281841762300036
segment,KarciFANN,107,68,0.012903813214007033,0.94472049689441,0.016383405797043015,0.9314285714285714,5.290407220400471
segment,KarciFANN,107,69,0.0057149021476279125,0.9720496894409938,0.009531370959857694,0.9542857142857143,18.402505059717935
segment,KarciFANN,107,70,0.004169029074342914,0.9770186335403727,0.007739322086356555,0.9628571428571429,28.207036714109705
segment,KarciFANN,107,71,0.0045966885866108465,0.9807453416149068,0.008581911414031857,0.9571428571428572,21.001818140114203
segment,KarciFANN,107,72,0.005320758496077149,0.977639751552795,0.00805181432531255,0.9657142857142857,13.01707315201236
segment,KarciFANN,107,73,0.007041722291129918,0.9714285714285714,0.01098418494520248,0.9542857142857143,7.7298360870100185
segment,KarciFANN,107,74,0.005640806681290707,0.9770186335403727,0.009956684377790107,0.9514285714285714,11.005619222672488
segment,KarciFANN,107,75,0.004476765172847951,0.9788819875776398,0.007285814543183298,0.9657142857142857,3.294516096406689
segment,KarciFANN,107,76,0.007585904091018697,0.9701863354037267,0.010332489253659271,0.9542857142857143,3.0207595146621142
segment,KarciFANN,107,77,0.006421318743122448,0.970807453416149,0.008309533485143994,0.9628571428571429,48.06406772951814
segment,KarciFANN,107,78,0.00458568297242781,0.9795031055900622,0.008459519324998757,0.9628571428571429,70.5350325760745
segment,KarciFANN,107,79,0.005174269137489822,0.9751552795031055,0.00831249147014718,0.9657142857142857,46.89715583876415
segment,KarciFANN,107,80,0.014482338251620153,0.9416149068322981,0.015167415044411856,0.9428571428571428,7.299362835451676
segment,KarciFANN,107,81,0.0038344664552041347,0.9807453416149068,0.00752415213984425,0.9714285714285714,30.887566104867023
segment,KarciFANN,107,82,0.005810643645997075,0.9726708074534162,0.00794424385225743,0.9657142857142857,9.960563556771703
segment,KarciFANN,107,83,0.004369282484751475,0.9782608695652174,0.008421249432247275,0.9657142857142857,27.48082758789511
segment,KarciFANN,107,84,0.004745603533205475,0.9770186335403727,0.008134812906315955,0.96,11.030990080073662
segment,KarciFANN,107,85,0.003902414689132283,0.9801242236024845,0.006975094211666447,0.9657142857142857,19.098102348494223
segment,KarciFANN,107,86,0.004103638506234363,0.9795031055900622,0.007346682797057962,0.9685714285714285,50.033362534019176
segment,KarciFANN,107,87,0.004261169472181379,0.9788819875776398,0.007764444431574377,0.9657142857142857,25.89663659120336
segment,KarciFANN,107,88,0.003917690815184526,0.9807453416149068,0.007482964251314252,0.9657142857142857,2.5491124737514625
segment,KarciFANN,107,89,0.007525915124263635,0.9652173913043478,0.007688497180511562,0.9657142857142857,4.292721745152685
segment,KarciFANN,107,90,0.014267458471529357,0.9434782608695652,0.015296517010543373,0.9428571428571428,4.883231912490471
segment,KarciFANN,107,91,0.005130053114952996,0.9763975155279503,0.008570053611424475,0.9657142857142857,15.055052639423163
segment,KarciFANN,107,92,0.005152121005859511,0.9757763975155279,0.008325624880332191,0.9628571428571429,13.407192942033085
segment,KarciFANN,107,93,0.0035578906530956277,0.9807453416149068,0.007573569902580242,0.9628571428571429,48.12939478142573
segment,KarciFANN,107,94,0.0038240572836167478,0.9813664596273292,0.007899849281284562,0.9657142857142857,29.87504670205325
segment,KarciFANN,107,95,0.003785404978677244,0.9826086956521739,0.008414394654204717,0.9571428571428572,2.615211376588493
segment,KarciFANN,107,96,0.013295505523716486,0.9434782608695652,0.015891240716097398,0.9342857142857143,2.6203628453044687
segment,KarciFANN,107,97,0.003923689031790311,0.9801242236024845,0.007663164516726826,0.9657142857142857,31.103436534320185
segment,KarciFANN,107,98,0.0038185960517807746,0.9807453416149068,0.008121481978726737,0.96,31.286758537586635
segment,KarciFANN,107,99,0.003909933283478172,0.9801242236024845,0.0074952261555161675,0.9657142857142857,15.169983198268008
segment,KarciFANN,107,100,0.0034739391883089315,0.9819875776397515,0.006864910220505633,0.9657142857142857,35.255881001518276
segment,KarciFANN,107,101,0.0073685553228512776,0.9664596273291925,0.011142926701176085,0.9514285714285714,7.917917309004301
segment,KarciFANN,107,102,0.0034100349093617024,0.9813664596273292,0.007101028834878566,0.9657142857142857,40.70131204778671
segment,KarciFANN,107,103,0.011355681202629545,0.9527950310559006,0.012108154329204052,0.9514285714285714,5.265928141206505
segment,KarciFANN,107,104,0.0035144631795236505,0.9813664596273292,0.0075081683126928585,0.9657142857142857,23.075523406115188
segment,KarciFANN,107,105,0.0035432515713510766,0.9801242236024845,0.0077482075025406775,0.9571428571428572,25.666553124608704
segment,KarciFANN,107,106,0.00467886257104478,0.9770186335403727,0.0089760219586953,0.9571428571428572,3.3875010950059954
segment,KarciFANN,107,107,0.0031550658292340784,0.9838509316770186,0.007559700241206988,0.96,24.679173128718922
segment,KarciFANN,107,108,0.004896750234769407,0.9763975155279503,0.009249384335541911,0.9514285714285714,44.649007591188415
segment,KarciFANN,107,109,0.012290402507703259,0.9478260869565217,0.014846558591359119,0.9314285714285714,6.1695404216691285
segment,KarciFANN,107,110,0.003719366268323224,0.9801242236024845,0.007885975515339634,0.9657142857142857,3.415728922206754
segment,KarciFANN,107,111,0.004419168431708021,0.9763975155279503,0.007488657174389965,0.9685714285714285,10.563970688986451
segment,KarciFANN,107,112,0.003110320184514528,0.9838509316770186,0.007219359798715256,0.9657142857142857,39.08827717617528
segment,KarciFANN,107,113,0.003907292332391941,0.9819875776397515,0.008006605487159426,0.9657142857142857,36.92421270852289
segment,KarciFANN,107,114,0.003379292148055481,0.9813664596273292,0.008080398909220039,0.9657142857142857,36.50915601941141
segment,KarciFANN,107,115,0.0031564482733714995,0.9832298136645963,0.007682029547909689,0.9628571428571429,43.447244608648624
segment,KarciFANN,107,116,0.003031096821360768,0.9838509316770186,0.007420236683832807,0.9628571428571429,35.404487852889574
segment,KarciFANN,107,117,0.0036711843601361168,0.9795031055900622,0.007979532491779904,0.9628571428571429,26.781137413809212
segment,KarciFANN,107,118,0.004059870757831805,0.9788819875776398,0.00859283463078094,0.9628571428571429,36.78089682620172
segment,KarciFANN,107,119,0.0031120502173171863,0.9832298136645963,0.00713638267468337,0.9657142857142857,187.8071837173202
segment,KarciFANN,107,120,0.0033095029857351434,0.9838509316770186,0.007957311520969075,0.9628571428571429,37.65746508918685
segment,KarciFANN,107,121,0.005220312797477733,0.9795031055900622,0.008254072399546456,0.9657142857142857,7.171938005950169
segment,KarciFANN,107,122,0.003190845185837787,0.984472049689441,0.007832577911943889,0.9628571428571429,44.054700444916065
segment,KarciFANN,107,123,0.0031847063112800758,0.9832298136645963,0.007760720639884309,0.9657142857142857,87.90951034144025
segment,KarciFANN,107,124,0.0036374483355057917,0.9826086956521739,0.007991607561889793,0.9657142857142857,72.53369334287244
segment,KarciFANN,107,125,0.01306656887749076,0.9453416149068323,0.014697102943140606,0.9342857142857143,5.1314508372724195
segment,KarciFANN,107,126,0.006046468810313155,0.968944099378882,0.010200785346479037,0.9571428571428572,37.43558356133214
segment,KarciFANN,107,127,0.0032428942836279268,0.9832298136645963,0.006851646351439768,0.9714285714285714,57.954772699850245
segment,KarciFANN,107,128,0.004987536208244088,0.9751552795031055,0.0077780123113994765,0.9685714285714285,100.85688507930443
segment,KarciFANN,107,129,0.0032430055988569395,0.9838509316770186,0.0066720009254545125,0.9628571428571429,69.65829068539682
segment,KarciFANN,107,130,0.0030281433132098297,0.9850931677018634,0.007619790278726619,0.9657142857142857,102.07387802255658
segment,KarciFANN,107,131,0.004671584990398187,0.9757763975155279,0.008599765007973242,0.9571428571428572,24.842719364731494
segment,KarciFANN,107,132,0.0030545824346715476,0.984472049689441,0.007528912791646991,0.9685714285714285,54.27201220153028
segment,KarciFANN,107,133,0.0030835582335748376,0.984472049689441,0.007628898484435217,0.9657142857142857,95.76818557713774
segment,KarciFANN,107,134,0.0032231450813278526,0.9838509316770186,0.00798013940948272,0.9628571428571429,51.861562789993926
segment,KarciFANN,107,135,0.003211000817428211,0.9832298136645963,0.007664687344673179,0.9657142857142857,55.19867037013587
segment,KarciFANN,107,136,0.0033689292821436232,0.9826086956521739,0.008222680953931987,0.9628571428571429,33.33305903817796
segment,KarciFANN,107,137,0.015709664928153587,0.9354037267080745,0.01772762506161339,0.9285714285714286,3.361337054001224
segment,KarciFANN,107,138,0.010580093653072265,0.9552795031055901,0.009289443665400842,0.9657142857142857,3.879141616971618
segment,KarciFANN,107,139,0.00514864459811595,0.977639751552795,0.009413559372714151,0.96,2.1456628788190404
segment,KarciFANN,107,140,0.0032340095423110103,0.984472049689441,0.007609419836155461,0.9685714285714285,75.14872348378992
segment,KarciFANN,107,141,0.0043675929333059586,0.9770186335403727,0.00848540113072526,0.9628571428571429,133.11887958635037
segment,KarciFANN,107,142,0.01614525298670219,0.924223602484472,0.01675290938942118,0.9171428571428571,5.478347808599339
segment,KarciFANN,107,143,0.0044856968382121845,0.9770186335403727,0.008575625073532869,0.96,63.465081638895285
segment,KarciFANN,107,144,0.0033805810963940318,0.9813664596273292,0.008210385756658344,0.9628571428571429,14.80746471373117
segment,KarciFANN,107,145,0.003772699480008993,0.9813664596273292,0.0087640765634904,0.96,3.3299656243736098
segment,KarciFANN,107,146,0.0031424203944691374,0.9838509316770186,0.007292934951242633,0.9657142857142857,21.20717532909751
segment,KarciFANN,107,147,0.00648134027802347,0.9677018633540373,0.010293798375527368,0.9571428571428572,2.857486009140579
segment,KarciFANN,107,148,0.0030026889824547286,0.984472049689441,0.007251057253225349,0.9657142857142857,30.33607681301063
segment,KarciFANN,107,149,0.0034663549953619496,0.9813664596273292,0.007394131130403342,0.9628571428571429,18.330751312223867
segment,KarciFANN,107,150,0.0047677342378836165,0.9757763975155279,0.0088175799858958,0.9685714285714285,16.77000802170507
segment,KarciFANN,107,151,0.0030531808799131193,0.9826086956521739,0.00726583231353491,0.9657142857142857,47.74190238844782
segment,KarciFANN,107,152,0.003177999745238659,0.9826086956521739,0.0068020683393709164,0.9714285714285714,160.4767536239683
segment,KarciFANN,107,153,0.0033873478777837365,0.9819875776397515,0.00784391377474978,0.9628571428571429,102.93631302704604
segment,KarciFANN,107,154,0.0032397510061073277,0.9832298136645963,0.006676801454794904,0.9714285714285714,54.08355843861527
segment,KarciFANN,107,155,0.0028719242950531955,0.9838509316770186,0.007068456402097832,0.9628571428571429,100.9710685490094
segment,KarciFANN,107,156,0.003480258041065498,0.9813664596273292,0.007509695866003923,0.9657142857142857,24.834374505297365
segment,KarciFANN,107,157,0.0036089607981335202,0.9826086956521739,0.008462018846524928,0.9628571428571429,36.57956762424776
segment,KarciFANN,107,158,0.0031954110370680136,0.984472049689441,0.007351704046160154,0.9714285714285714,16.01410545538001
segment,KarciFANN,107,159,0.0028488979279117175,0.9850931677018634,0.007165782517803134,0.9685714285714285,79.10088677991638
segment,KarciFANN,107,160,0.0031501994800272417,0.9826086956521739,0.007272272698371588,0.9685714285714285,39.40046881197588
segment,KarciFANN,107,161,0.011328167943187023,0.9546583850931677,0.013529422371066028,0.9485714285714286,4.407044793367664
segment,KarciFANN,107,162,0.0048230670785554455,0.9770186335403727,0.00801133970977506,0.9657142857142857,12.211381049702819
segment,KarciFANN,107,163,0.003128877758463162,0.9832298136645963,0.007178978051282001,0.9714285714285714,193.787944682612
segment,KarciFANN,107,164,0.004526745138697863,0.977639751552795,0.008176832929056096,0.9657142857142857,37.12690850156441
segment,KarciFANN,107,165,0.0033381141361575836,0.9819875776397515,0.007560636208446953,0.9685714285714285,71.63278057052243
segment,KarciFANN,107,166,0.003066275975674799,0.9850931677018634,0.007148680534778353,0.9685714285714285,74.9206264957863
segment,KarciFANN,107,167,0.0029572279711228187,0.984472049689441,0.0073797570514743446,0.9657142857142857,118.08570194663118
segment,KarciFANN,107,168,0.0029141733846839678,0.9850931677018634,0.007556917959181141,0.9657142857142857,74.17947381280364
segment,KarciFANN,107,169,0.002851727116384786,0.9832298136645963,0.007190782552900012,0.9657142857142857,3.578080589680664
segment,KarciFANN,107,170,0.003238095109525436,0.9807453416149068,0.007874245843449963,0.9628571428571429,3.5890130460963907
segment,KarciFANN,107,171,0.0029355320503457747,0.984472049689441,0.0072748291710864,0.9714285714285714,3.5925100012320184
segment,KarciFANN,107,172,0.0033443128499014126,0.9819875776397515,0.007449729267268638,0.9714285714285714,45.06808165401648
segment,KarciFANN,107,173,0.004473389418165642,0.9795031055900622,0.007374896216593265,0.9657142857142857,10.622040595067057
segment,KarciFANN,107,174,0.003006479433128621,0.984472049689441,0.007384313965508038,0.9657142857142857,59.98647414685907
segment,KarciFANN,107,175,0.0035657532996383914,0.9819875776397515,0.0071981414177580165,0.9742857142857143,15.820087218624522
segment,KarciFANN,107,176,0.007820481063616394,0.962111801242236,0.011101986627495442,0.96,35.9447646182024
segment,KarciFANN,107,177,0.0032993518640713946,0.9819875776397515,0.007833187960483353,0.9657142857142857,56.37996237677335
segment,KarciFANN,107,178,0.0028333498690249516,0.9857142857142858,0.0067097538408845666,0.9714285714285714,102.71871208130152
segment,KarciFANN,107,179,0.003223625038978098,0.9819875776397515,0.006780101388033265,0.9714285714285714,62.60446258767768
segment,KarciFANN,107,180,0.0027165507908387095,0.9850931677018634,0.007406779652408339,0.9628571428571429,97.33264750189151
segment,KarciFANN,107,181,0.0028280481324229447,0.9850931677018634,0.006910337401177664,0.9742857142857143,74.40427366339456
segment,KarciFANN,107,182,0.008136814498875575,0.9664596273291925,0.009056101190246281,0.96,7.699663193278409
segment,KarciFANN,107,183,0.01134902255558272,0.9565217391304348,0.011554997784004846,0.9542857142857143,5.429375044116701
segment,KarciFANN,107,184,0.003568037270965822,0.9801242236024845,0.007764769449585313,0.9657142857142857,26.8466605747995
segment,KarciFANN,107,185,0.0030040480362678074,0.9838509316770186,0.007806568385695405,0.9657142857142857,33.409180073646624
segment,KarciFANN,107,186,0.003249501180020184,0.9826086956521739,0.007649486342745256,0.9628571428571429,58.814031613726726
segment,KarciFANN,107,187,0.002996922448571603,0.9819875776397515,0.0076596055480900194,0.9685714285714285,64.64522262053359
segment,KarciFANN,107,188,0.004453708496748402,0.9770186335403727,0.008816124307397071,0.9628571428571429,15.941538853617129
segment,KarciFANN,107,189,0.004173200716545619,0.9770186335403727,0.008384945063978001,0.9628571428571429,27.763081147682758
segment,KarciFANN,107,190,0.005917680437058435,0.970807453416149,0.009357315001704763,0.96,5.20071392281472
segment,KarciFANN,107,191,0.0029394708175246105,0.9857142857142858,0.007090452115944117,0.9685714285714285,45.51554040781834
segment,KarciFANN,107,192,0.003290992031967962,0.9819875776397515,0.008038827715358443,0.9685714285714285,53.94804534480466
segment,KarciFANN,107,193,0.0027854784108457386,0.9857142857142858,0.0068539923361125195,0.9714285714285714,32.37535337573695
segment,KarciFANN,107,194,0.002640733995507911,0.9857142857142858,0.006944390694689119,0.9714285714285714,745.6303297144898
segment,KarciFANN,107,195,0.003994558286399191,0.9795031055900622,0.009239209360446497,0.9685714285714285,19.095476386710054
segment,KarciFANN,107,196,0.0026979079117945308,0.9850931677018634,0.006862962990760442,0.9685714285714285,152.0372992644114
segment,KarciFANN,107,197,0.002816307193667991,0.9857142857142858,0.007232248251755998,0.9714285714285714,24.659987758744535
segment,KarciFANN,107,198,0.0029363617647276486,0.9819875776397515,0.007654132588397456,0.9657142857142857,251.60700413195443
segment,KarciFANN,107,199,0.0028751270135168056,0.984472049689441,0.00774922847800091,0.9685714285714285,61.22459670327668
segment,KarciFANN,107,200,0.002736998293286277,0.9850931677018634,0.008106964245155028,0.9628571428571429,3.660202454362834
segment,KarciFANN,107,201,0.003832544869605741,0.9801242236024845,0.009701378762284095,0.96,3.638534730324944
segment,KarciFANN,107,202,0.0026807587249511214,0.9857142857142858,0.007393378303576224,0.9714285714285714,2.8191526317393887
segment,KarciFANN,107,203,0.0051423904353359974,0.9745341614906833,0.010740902109731602,0.9514285714285714,96.61717293969427
segment,KarciFANN,107,204,0.0031571741611280913,0.9813664596273292,0.008368992875744278,0.9628571428571429,58.920542924810555
segment,KarciFANN,107,205,0.0027186857180669485,0.9850931677018634,0.007293063005564843,0.9685714285714285,125.26928806612594
segment,KarciFANN,107,206,0.009806780310264093,0.9571428571428572,0.012877270078634762,0.9542857142857143,2.590933470065872
segment,KarciFANN,107,207,0.00429679365716598,0.9782608695652174,0.007996474502554063,0.9657142857142857,55.044940765228105
segment,KarciFANN,107,208,0.0042041397134907,0.9788819875776398,0.007880645536474573,0.9657142857142857,154.43710403852324
segment,KarciFANN,107,209,0.003242190872449382,0.9826086956521739,0.007296174396355369,0.9714285714285714,121.22589216575237
segment,KarciFANN,107,210,0.0029737589984307647,0.9832298136645963,0.0070528909223286475,0.9685714285714285,103.23545043252085
segment,KarciFANN,107,211,0.003738854157917592,0.9819875776397515,0.008110227038706765,0.9657142857142857,138.1091092102643
segment,KarciFANN,107,212,0.002768955431737109,0.9857142857142858,0.0071526749307384415,0.9685714285714285,21.701894974384473
segment,KarciFANN,107,213,0.002634710960471702,0.9850931677018634,0.007307763291230145,0.9685714285714285,17.95970171981556
segment,KarciFANN,107,214,0.0030660085797143137,0.9838509316770186,0.008178251950261822,0.96,62.252167487371466
segment,KarciFANN,107,215,0.0030350189694044374,0.9838509316770186,0.008704167098939935,0.96,240.0241668454218
segment,KarciFANN,107,216,0.0030385877816574702,0.9832298136645963,0.007927583961812189,0.9628571428571429,67.9762883973342
segment,KarciFANN,107,217,0.0027406812942226307,0.9838509316770186,0.00791513429970333,0.9657142857142857,41.18146944954155
segment,KarciFANN,107,218,0.00291845445106643,0.9832298136645963,0.006467981657080953,0.9742857142857143,67.6468235855949
segment,KarciFANN,107,219,0.002840089808051033,0.984472049689441,0.006656419744144386,0.9714285714285714,211.2571916730807
segment,KarciFANN,107,220,0.0026091503163610803,0.984472049689441,0.007243446388241242,0.9657142857142857,108.13660233586141
segment,KarciFANN,107,221,0.0032213415711527097,0.9838509316770186,0.006827705941533675,0.9685714285714285,115.09576585737233
segment,KarciFANN,107,222,0.003785286548577067,0.9807453416149068,0.008222419426307527,0.9657142857142857,16.488541538365563
segment,KarciFANN,107,223,0.0025860603304713363,0.9850931677018634,0.006676896863796317,0.9714285714285714,3.025770528160601
segment,KarciFANN,107,224,0.0028526868801796368,0.9857142857142858,0.006820645442880616,0.9714285714285714,33.38382204849118
segment,KarciFANN,107,225,0.002997937083173845,0.984472049689441,0.00648779191350922,0.9714285714285714,34.149310048772804
segment,KarciFANN,107,226,0.002712514118446178,0.9850931677018634,0.006630919990792926,0.9742857142857143,22.49268038189013
segment,KarciFANN,107,227,0.00589172784754149,0.9720496894409938,0.007071335079541828,0.9714285714285714,3.9611715509881518
segment,KarciFANN,107,228,0.002797567226764488,0.9850931677018634,0.0069586985114438,0.9714285714285714,27.76102595032283
segment,KarciFANN,107,229,0.002716890001364866,0.984472049689441,0.0068944798726632405,0.9714285714285714,461.83018115866224
segment,KarciFANN,107,230,0.002600662820985013,0.9857142857142858,0.0070292605670644066,0.9714285714285714,125.5427433049003
segment,KarciFANN,107,231,0.013307378542970889,0.9459627329192547,0.015769574528164746,0.9371428571428572,3.4827320627996396
segment,KarciFANN,107,232,0.0033309374396443135,0.9826086956521739,0.007706897913664979,0.9714285714285714,3.65651439173282
segment,KarciFANN,107,233,0.0029227228519272336,0.9832298136645963,0.007419096872566606,0.9657142857142857,131.78554681456686
segment,KarciFANN,107,234,0.0035758894337520595,0.9801242236024845,0.007541377148772373,0.9657142857142857,2.846768360907141
segment,KarciFANN,107,235,0.003395493249946747,0.9813664596273292,0.007559265497888013,0.9657142857142857,147.58756413380974
segment,KarciFANN,107,236,0.0025832865315548047,0.9850931677018634,0.006446555196960469,0.9771428571428571,74.42850638209705
segment,KarciFANN,107,237,0.0026691638344861386,0.984472049689441,0.007327799585155051,0.96,189.63814371928743
segment,KarciFANN,107,238,0.00341661332085982,0.9807453416149068,0.007699289136879764,0.9685714285714285,101.4572038986698
segment,KarciFANN,107,239,0.003124847703609991,0.9826086956521739,0.007509344285496596,0.9714285714285714,3.7420974568399963
segment,KarciFANN,107,240,0.006349681435652186,0.970807453416149,0.010859349874642842,0.9542857142857143,4.6253472774292375
segment,KarciFANN,107,241,0.0028318620444701707,0.9857142857142858,0.0068033677648766675,0.9742857142857143,102.33247177415785
segment,KarciFANN,107,242,0.0032272744367850418,0.9832298136645963,0.007190182013052693,0.9685714285714285,22.08149399070609
segment,KarciFANN,107,243,0.008588273602045346,0.962111801242236,0.011624508257976045,0.9542857142857143,4.4492484911292935
segment,KarciFANN,107,244,0.0027965610700808577,0.9832298136645963,0.007343962538627297,0.9657142857142857,123.67067780691269
segment,KarciFANN,107,245,0.0028830755348002637,0.9857142857142858,0.00710159556225307,0.9742857142857143,66.0123788495796
segment,KarciFANN,107,246,0.003713067680197557,0.9819875776397515,0.008096915776383074,0.9657142857142857,147.0017237713551
segment,KarciFANN,107,247,0.0027158031680742144,0.984472049689441,0.00674291135338871,0.9657142857142857,545.3044196737372
segment,KarciFANN,107,248,0.004906102010357624,0.9782608695652174,0.006798140371259699,0.9742857142857143,7.621038115586675
segment,KarciFANN,107,249,0.002660352831724971,0.9857142857142858,0.006629022792837142,0.9714285714285714,292.13562338126906
segment,KarciFANN,107,250,0.002745556157157868,0.9838509316770186,0.007204039609825927,0.9685714285714285,156.07852091353902
segment,KarciFANN,107,251,0.004897048806620567,0.9788819875776398,0.010082932899237864,0.9571428571428572,3.323050910321644
segment,KarciFANN,107,252,0.0028358348951699366,0.984472049689441,0.0069025627038836745,0.9742857142857143,2.8628343002306815
segment,KarciFANN,107,253,0.003164045690930614,0.9813664596273292,0.00772031278543007,0.9685714285714285,27.952359423169217
segment,KarciFANN,107,254,0.0032329763403406214,0.984472049689441,0.0070025268915797564,0.9742857142857143,59.59915692834463
segment,KarciFANN,107,255,0.0024751609709787923,0.986335403726708,0.0064694253517275195,0.9771428571428571,61.821417359052994
segment,KarciFANN,107,256,0.003383939091882194,0.9819875776397515,0.007358543377802936,0.9714285714285714,7.0988749254988415
segment,KarciFANN,107,257,0.0032893671678240425,0.9832298136645963,0.007833698603810734,0.9628571428571429,21.596894868823078
segment,KarciFANN,107,258,0.003168838205504337,0.9819875776397515,0.007425516308330234,0.9714285714285714,301.51963763021485
segment,KarciFANN,107,259,0.006668612785514194,0.968944099378882,0.007961770409270624,0.9685714285714285,11.696786509316668
segment,KarciFANN,107,260,0.00233835912214618,0.9857142857142858,0.007857952371175134,0.96,3.0047808544655226
segment,KarciFANN,107,261,0.0025803921884037387,0.9857142857142858,0.006661475341261037,0.9714285714285714,330.8893757815187
segment,KarciFANN,107,262,0.002672605111013547,0.9857142857142858,0.006992216308260371,0.9742857142857143,46.56123375748833
segment,KarciFANN,107,263,0.002456928918675745,0.9857142857142858,0.006925758980930906,0.9714285714285714,38.878429603221946
segment,KarciFANN,107,264,0.0025228620790757523,0.9850931677018634,0.0067530394008244315,0.9771428571428571,51.170945884013975
segment,KarciFANN,107,265,0.0031382063328880033,0.9826086956521739,0.008365626288897287,0.96,392.1275141911508
segment,KarciFANN,107,266,0.008604246481238172,0.9614906832298137,0.010997676761592995,0.9514285714285714,4.918322909905313
segment,KarciFANN,107,267,0.0076142700570487575,0.9652173913043478,0.00949014331542905,0.9628571428571429,11.01805569340358
segment,KarciFANN,107,268,0.0032566927410113463,0.9819875776397515,0.0077349464990298916,0.96,3.819181829064702
segment,KarciFANN,107,269,0.0027723101080698647,0.9838509316770186,0.007548619510616003,0.9628571428571429,25.384021699659296
segment,KarciFANN,107,270,0.002623045076827475,0.9857142857142858,0.006553920131347999,0.9714285714285714,28.355351075529484
segment,KarciFANN,107,271,0.0025680305882203156,0.986335403726708,0.007036527814010614,0.9742857142857143,128.61818393347383
segment,KarciFANN,107,272,0.0023870323910370477,0.986335403726708,0.00690569937730815,0.9714285714285714,2.8740688942076686
segment,KarciFANN,107,273,0.0025670394044764906,0.984472049689441,0.0062982715155525575,0.9771428571428571,15.81034716433452
segment,KarciFANN,107,274,0.0033099267639307693,0.9826086956521739,0.00741089742355451,0.9742857142857143,104.6216059187473
segment,KarciFANN,107,275,0.002855937723387994,0.9826086956521739,0.007842105548735942,0.9657142857142857,253.4295238265002
segment,KarciFANN,107,276,0.004408429293305095,0.9826086956521739,0.007075321005465503,0.9714285714285714,5.911620950168395
segment,KarciFANN,107,277,0.0024005723843250194,0.9857142857142858,0.006533489332502012,0.9714285714285714,56.83343093646352
segment,KarciFANN,107,278,0.007604829638667377,0.9670807453416149,0.011325207011653949,0.9542857142857143,5.2110094597118755
segment,KarciFANN,107,279,0.0036533992728122306,0.9807453416149068,0.008057175315090046,0.9657142857142857,65.28795972627931
segment,KarciFANN,107,280,0.00421117992571496,0.9807453416149068,0.008600876564919556,0.9714285714285714,5.116254364594116
segment,KarciFANN,107,281,0.0026080975794861186,0.986335403726708,0.006968372677654147,0.9742857142857143,142.56940400023754
segment,KarciFANN,107,282,0.002446546548272035,0.9869565217391304,0.0071119982436161884,0.9742857142857143,3.816980276658229
segment,KarciFANN,107,283,0.00270845942337047,0.9850931677018634,0.007498910176698985,0.9714285714285714,22.134036012861912
segment,KarciFANN,107,284,0.002429880848391853,0.986335403726708,0.006820461846023797,0.9771428571428571,95.17069802696128
segment,KarciFANN,107,285,0.0024146334366362122,0.986335403726708,0.007012007634983136,0.9742857142857143,80.36011615380296
segment,KarciFANN,107,286,0.002357269557515993,0.9857142857142858,0.006572055890381511,0.9742857142857143,27.726584574040864
segment,KarciFANN,107,287,0.002344274251150802,0.9857142857142858,0.0063909408131221255,0.9742857142857143,93.76522968753157
segment,KarciFANN,107,288,0.0028511856201890342,0.986335403726708,0.007836915165754573,0.9714285714285714,3.244672840541697
segment,KarciFANN,107,289,0.002888247506756691,0.986335403726708,0.00787966568878903,0.9657142857142857,221.34611295248735
segment,KarciFANN,107,290,0.003314499435711193,0.9826086956521739,0.007575165428936222,0.9685714285714285,15.953762625089535
segment,KarciFANN,107,291,0.004248466241139971,0.9782608695652174,0.008494713618216727,0.9714285714285714,76.74593480734575
segment,KarciFANN,107,292,0.0028164234982654053,0.9832298136645963,0.007901956234604315,0.9657142857142857,57.099760332083974
segment,KarciFANN,107,293,0.0024370176707715274,0.9869565217391304,0.0071363826262069935,0.9714285714285714,159.51427189658423
segment,KarciFANN,107,294,0.002184749074338074,0.9869565217391304,0.007006993505218865,0.9685714285714285,3.800263793602602
segment,KarciFANN,107,295,0.0047716635915423045,0.9745341614906833,0.008344919042840246,0.9657142857142857,11.632630547283119
segment,KarciFANN,107,296,0.002532080360414423,0.9850931677018634,0.006695690360363688,0.9742857142857143,253.8470368204881
segment,KarciFANN,107,297,0.00238395969136908,0.9857142857142858,0.006131288943958675,0.9771428571428571,117.13021865762931
segment,KarciFANN,107,298,0.0023078506441965413,0.986335403726708,0.00661344105476075,0.9742857142857143,133.15855676731115
segment,KarciFANN,107,299,0.004260073609847032,0.9788819875776398,0.010093592796822239,0.96,3.8360687179742357
segment,KarciFANN,107,300,0.002468557768061816,0.9857142857142858,0.006666293607424075,0.9742857142857143,45.66215228307555
segment,KarciFANN,107,301,0.0033916554035828303,0.9832298136645963,0.00931249482369362,0.9657142857142857,8.129211840942368
segment,KarciFANN,107,302,0.004390759944561695,0.9813664596273292,0.009821404503008767,0.96,3.559286227446959
segment,KarciFANN,107,303,0.0023196492393886513,0.9857142857142858,0.008457255580447121,0.9628571428571429,14.7553538217797
segment,KarciFANN,107,304,0.002201454966970763,0.9869565217391304,0.008159512730208915,0.9628571428571429,36.455961095593295
segment,KarciFANN,107,305,0.002300361395319564,0.9869565217391304,0.008046391452963332,0.9657142857142857,30.626864349295467
segment,KarciFANN,107,306,0.0028652160515334345,0.9838509316770186,0.00824077274246251,0.9657142857142857,2.9147708444869043
segment,KarciFANN,107,307,0.0026742865379216483,0.9850931677018634,0.007607060823537283,0.9742857142857143,3.7225043081563927
segment,KarciFANN,107,308,0.0027743035307893726,0.9838509316770186,0.008779174364773466,0.9571428571428572,380.9088223734597
segment,KarciFANN,107,309,0.002417470967533714,0.9857142857142858,0.007703043262961771,0.9685714285714285,46.34635255039296
segment,KarciFANN,107,310,0.0025837928412745705,0.984472049689441,0.007934857866616291,0.9628571428571429,142.45194338868248
segment,KarciFANN,107,311,0.003578084432195519,0.9807453416149068,0.009473828782750875,0.96,22.135919096309948
segment,KarciFANN,107,312,0.0024158900958731974,0.9857142857142858,0.007348265167644919,0.9685714285714285,3.8253844299870683
segment,KarciFANN,107,313,0.002191405997656483,0.9869565217391304,0.007170816639249376,0.9714285714285714,330.08158973785015
segment,KarciFANN,107,314,0.002380673185020744,0.9857142857142858,0.007049774443831525,0.9714285714285714,420.9292132483699
segment,KarciFANN,107,315,0.0025015807476487756,0.9850931677018634,0.007593790620306934,0.9714285714285714,37.18500305216259
segment,KarciFANN,107,316,0.0024133204630452615,0.9850931677018634,0.007917600340109911,0.9685714285714285,230.92487547716573
segment,KarciFANN,107,317,0.0022860515470032603,0.986335403726708,0.007083778030611369,0.9742857142857143,582.7862602421943
segment,KarciFANN,107,318,0.0026635023382604135,0.9850931677018634,0.007266663084305644,0.9685714285714285,413.56090270724525
segment,KarciFANN,107,319,0.002331606441724235,0.9850931677018634,0.007437793294109873,0.9714285714285714,3.836392082802596
segment,KarciFANN,107,320,0.0027204963773760746,0.9838509316770186,0.007165785682839963,0.9771428571428571,144.96315209025937
segment,KarciFANN,107,321,0.0021979658772487607,0.9869565217391304,0.006794834102763019,0.9685714285714285,47.81639337957857
segment,KarciFANN,107,322,0.0023481073830457283,0.9869565217391304,0.00663155158433076,0.9714285714285714,28.548821137015985
segment,KarciFANN,107,323,0.002074372224020063,0.9869565217391304,0.007199471111319232,0.9628571428571429,217.7510978376041
segment,KarciFANN,107,324,0.0021302627288679985,0.9869565217391304,0.006450331327289324,0.9714285714285714,212.28231509479974
segment,KarciFANN,107,325,0.002115538797996821,0.9875776397515528,0.007028638862989559,0.9714285714285714,26.330895316513516
segment,KarciFANN,107,326,0.0025881354576684583,0.9857142857142858,0.007749938167666094,0.9685714285714285,155.73977482747844
segment,KarciFANN,107,327,0.002187710463425103,0.9875776397515528,0.007527244107429622,0.9657142857142857,149.35882870266784
segment,KarciFANN,107,328,0.002972025807258277,0.984472049689441,0.007256282145162416,0.9742857142857143,14.250191731531142
segment,KarciFANN,107,329,0.0023003315032948763,0.9857142857142858,0.007090209034399681,0.9714285714285714,248.45765183333427
segment,KarciFANN,107,330,0.002208615301712931,0.986335403726708,0.006603388315461068,0.9742857142857143,136.576077712784
segment,KarciFANN,107,331,0.002733440256001171,0.9838509316770186,0.007137680315707078,0.9742857142857143,419.6335946869098
segment,KarciFANN,107,332,0.0025087198841209513,0.9850931677018634,0.0073691946657132934,0.9685714285714285,80.88817097897078
segment,KarciFANN,107,333,0.002393905608008001,0.9850931677018634,0.0075717569626666086,0.9714285714285714,323.49890696169297
segment,KarciFANN,107,334,0.0021773302652750093,0.9857142857142858,0.006820501496650696,0.9742857142857143,105.61415332713543
segment,KarciFANN,107,335,0.0027142083046614376,0.9832298136645963,0.007012938075037367,0.9714285714285714,3.8484014422726673
segment,KarciFANN,107,336,0.002320608890722117,0.9857142857142858,0.006480130011065745,0.9771428571428571,262.0232007372049
segment,KarciFANN,107,337,0.00225628792433606,0.986335403726708,0.006563503902852843,0.9771428571428571,395.07117398187955
segment,KarciFANN,107,338,0.002000885299746991,0.9875776397515528,0.006792151452203437,0.9771428571428571,487.3473102750232
segment,KarciFANN,107,339,0.0021909094809547925,0.986335403726708,0.006997161702358872,0.9742857142857143,130.92820463483335
segment,KarciFANN,107,340,0.002110537337668754,0.986335403726708,0.00651770200095678,0.9742857142857143,515.2731974508189
segment,KarciFANN,107,341,0.002766895316986418,0.984472049689441,0.008317679358058922,0.9771428571428571,212.3384486540711
segment,KarciFANN,107,342,0.0031541259868181977,0.9813664596273292,0.008242090468836142,0.96,124.1847610907546
segment,KarciFANN,107,343,0.002523139009989472,0.9857142857142858,0.007424095209440975,0.9742857142857143,152.14389100161267
segment,KarciFANN,107,344,0.002144440802282919,0.986335403726708,0.00709378000055046,0.9714285714285714,113.53022763748034
segment,KarciFANN,107,345,0.004468669787894168,0.977639751552795,0.008912402178350163,0.9628571428571429,21.10418865767171
segment,KarciFANN,107,346,0.0021205734091710657,0.9869565217391304,0.007255815883715165,0.9714285714285714,42.81410398361519
segment,KarciFANN,107,347,0.002619994074367616,0.9850931677018634,0.006825809629637636,0.9771428571428571,343.92256969943537
segment,KarciFANN,107,348,0.0024754188780697225,0.984472049689441,0.006244954092590221,0.9771428571428571,48.005275909339666
segment,KarciFANN,107,349,0.003064242931415866,0.9826086956521739,0.007129795247222591,0.9742857142857143,3.872663247881905
segment,KarciFANN,107,350,0.0024083530765856673,0.986335403726708,0.006773465563152184,0.9714285714285714,60.53191130437924
segment,KarciFANN,108,1,0.07752994563956025,0.5881987577639751,0.07755983616835695,0.5942857142857143,1.1141254998519652
segment,KarciFANN,108,2,0.05817976174541207,0.7062111801242236,0.05743890553246367,0.7142857142857143,1.2857022251773242
segment,KarciFANN,108,3,0.05874068290214707,0.7049689440993789,0.05635445438938955,0.7142857142857143,1.846267732090633
segment,KarciFANN,108,4,0.03530973976197436,0.8770186335403727,0.03771307502003651,0.8485714285714285,1.2556514947077222
segment,KarciFANN,108,5,0.033681388182441076,0.8490683229813665,0.03408199601993206,0.8314285714285714,3.047641772566841
segment,KarciFANN,108,6,0.01834704620979512,0.9273291925465839,0.019192912225799802,0.9114285714285715,9.1763254076968
segment,KarciFANN,108,7,0.01613042645687797,0.9391304347826087,0.01744036697970684,0.9314285714285714,1.660227843331834
segment,KarciFANN,108,8,0.016248886844011393,0.9322981366459627,0.017568997740205403,0.9171428571428571,6.012117322374455
segment,KarciFANN,108,9,0.017015464341903545,0.937888198757764,0.01844268078539703,0.9257142857142857,6.64748219453916
segment,KarciFANN,108,10,0.014355222817113501,0.9360248447204969,0.01587243667991886,0.9285714285714286,2.7176658174880406
segment,KarciFANN,108,11,0.030873748920205654,0.8782608695652174,0.03332958093066337,0.8657142857142858,2.7632266391626277
segment,KarciFANN,108,12,0.014850625981340574,0.9372670807453416,0.016943551009871338,0.92,12.58529740094334
segment,KarciFANN,108,13,0.017065561174387126,0.9229813664596274,0.01786725238532181,0.9228571428571428,2.3752870888504685
segment,KarciFANN,108,14,0.015258230701256327,0.9341614906832298,0.016347467857261357,0.9285714285714286,3.8620797717129736
segment,KarciFANN,108,15,0.01770073143084604,0.922360248447205,0.018235693709052966,0.9314285714285714,1.8377302262127466
segment,KarciFANN,108,16,0.017200992506106336,0.9204968944099379,0.019340619945757666,0.9114285714285715,2.09161723174571
segment,KarciFANN,108,17,0.016848146451861914,0.9236024844720497,0.017374852052136045,0.9257142857142857,2.6254133836731417
segment,KarciFANN,108,18,0.011543280041565553,0.9490683229813665,0.013408391637885006,0.9342857142857143,3.08656367178939
segment,KarciFANN,108,19,0.010311888649939153,0.9565217391304348,0.013226643378314262,0.94,10.404727198466272
segment,KarciFANN,108,20,0.015470975542008922,0.9316770186335404,0.0167292618960992,0.9285714285714286,3.7183319826533006
segment,KarciFANN,108,21,0.011312982591585958,0.9559006211180124,0.014055656945366984,0.9371428571428572,4.1419393820561465
segment,KarciFANN,108,22,0.011484101095348502,0.9478260869565217,0.015590861362095752,0.9371428571428572,8.979748177648585
segment,KarciFANN,108,23,0.022135752459905896,0.9,0.026651370542516508,0.88,3.4055731377158485
segment,KarciFANN,108,24,0.010624405848049068,0.9515527950310559,0.013099545309664529,0.9514285714285714,2.7905103427154097
segment,KarciFANN,108,25,0.0121501224686484,0.9490683229813665,0.014293975275677806,0.9342857142857143,3.527040666908197
segment,KarciFANN,108,26,0.012977148841189915,0.9354037267080745,0.01567163753277261,0.92,2.004266663753799
segment,KarciFANN,108,27,0.009706565658837502,0.953416149068323,0.012770574642918338,0.94,41.97389208423375
segment,KarciFANN,108,28,0.008313129259688627,0.9602484472049689,0.011910930679212797,0.9485714285714286,13.612009386000974
segment,KarciFANN,108,29,0.008793398610421842,0.9602484472049689,0.012407085864064258,0.9428571428571428,20.382557247039546
segment,KarciFANN,108,30,0.00792881654069695,0.9633540372670808,0.01118800976466075,0.9514285714285714,12.239694244321427
segment,KarciFANN,108,31,0.009720212239771972,0.9540372670807453,0.012010996647695322,0.9514285714285714,5.537160335641074
segment,KarciFANN,108,32,0.008409424079693936,0.9583850931677018,0.010963145650049102,0.9485714285714286,3.0168315397763386
segment,KarciFANN,108,33,0.007148092215795477,0.9670807453416149,0.010685853967120823,0.9485714285714286,33.04804957875331
segment,KarciFANN,108,34,0.00816448459303205,0.9583850931677018,0.010692412253806688,0.9542857142857143,23.62419254457968
segment,KarciFANN,108,35,0.007204777446815041,0.9664596273291925,0.010763413480983563,0.9514285714285714,23.485094790562336
segment,KarciFANN,108,36,0.01074655543317726,0.9577639751552796,0.014381375637026723,0.9457142857142857,6.502609930083986
segment,KarciFANN,108,37,0.008658135829455856,0.9565217391304348,0.012718286345951197,0.9485714285714286,6.540095012852682
segment,KarciFANN,108,38,0.010368647542545588,0.9496894409937888,0.012511189747582337,0.9542857142857143,7.494899030535288
segment,KarciFANN,108,39,0.006354811010155599,0.9677018633540373,0.009752878370707594,0.9457142857142857,3.0674100216815
segment,KarciFANN,108,40,0.012888028547342653,0.9347826086956522,0.015769203314385548,0.9285714285714286,41.99918694119535
segment,KarciFANN,108,41,0.008993196173665537,0.9540372670807453,0.012039595893555067,0.9485714285714286,14.890132681211785
segment,KarciFANN,108,42,0.006418683516204941,0.968944099378882,0.009583791229847769,0.9457142857142857,19.056516308094846
segment,KarciFANN,108,43,0.008140220539778776,0.9614906832298137,0.010992393279539181,0.9571428571428572,10.014122836812662
segment,KarciFANN,108,44,0.01023099170661451,0.9527950310559006,0.013007423304474314,0.9457142857142857,4.425505016830767
segment,KarciFANN,108,45,0.01832017156294907,0.9285714285714286,0.021432027994871625,0.9085714285714286,3.8961720561459994
segment,KarciFANN,108,46,0.007258250505367725,0.9658385093167702,0.010293325341299678,0.9657142857142857,10.871424835395814
segment,KarciFANN,108,47,0.011494390436418898,0.9559006211180124,0.013036735645178972,0.9485714285714286,6.0780340220378
segment,KarciFANN,108,48,0.010323601837112015,0.9571428571428572,0.011387279598005166,0.9542857142857143,2.899247158555211
segment,KarciFANN,108,49,0.007082171402001888,0.9639751552795031,0.009804757975875843,0.9657142857142857,3.122010533406186
segment,KarciFANN,108,50,0.006625055209038217,0.9652173913043478,0.00998742709746125,0.96,3.1003700996010948
segment,KarciFANN,108,51,0.006061781534081812,0.9695652173913043,0.01004593012412552,0.9542857142857143,14.290391990088883
segment,KarciFANN,108,52,0.0059700533533681545,0.968944099378882,0.009468832274259067,0.9514285714285714,3.115697387643683
segment,KarciFANN,108,53,0.009736533666990564,0.9683229813664597,0.015219209105577343,0.94,5.447193120574209
segment,KarciFANN,108,54,0.0069773107293370435,0.9701863354037267,0.011221419932249463,0.9514285714285714,2.6167541456074046
segment,KarciFANN,108,55,0.005780482642391939,0.9714285714285714,0.009391993623922958,0.9514285714285714,42.544087773873976
segment,KarciFANN,108,56,0.005628926647287072,0.970807453416149,0.009842220752220467,0.9571428571428572,3.1716081724316507
segment,KarciFANN,108,57,0.006454163400493999,0.968944099378882,0.010384271382867797,0.9542857142857143,3.1347088899788904
segment,KarciFANN,108,58,0.00623178395439711,0.9677018633540373,0.010217881137902705,0.9571428571428572,20.42937954356323
segment,KarciFANN,108,59,0.00615011478135251,0.970807453416149,0.010098830734979601,0.96,24.62799161568927
segment,KarciFANN,108,60,0.007073188013027747,0.9627329192546584,0.010488557677730504,0.9514285714285714,35.656562776838584
segment,KarciFANN,108,61,0.005814984846670509,0.9714285714285714,0.009956234697839524,0.9542857142857143,19.039712449864826
segment,KarciFANN,108,62,0.0067896802661579206,0.9714285714285714,0.01132190393314513,0.9514285714285714,3.0286713558474307
segment,KarciFANN,108,63,0.006730184079068915,0.9658385093167702,0.010629757170402505,0.9514285714285714,9.17859163359021
segment,KarciFANN,108,64,0.016976520485321306,0.9298136645962732,0.017852717845042946,0.9314285714285714,3.878468913721463
segment,KarciFANN,108,65,0.006874049683150585,0.9670807453416149,0.010368084007293181,0.96,3.2169951634416383
segment,KarciFANN,108,66,0.0055020702937339785,0.9714285714285714,0.009552821167557443,0.9571428571428572,16.562221167635986
segment,KarciFANN,108,67,0.006556885285954011,0.968944099378882,0.009627737461191074,0.96,3.0775443357800225
segment,KarciFANN,108,68,0.008467472521401608,0.9608695652173913,0.010232001782188234,0.96,15.87749267553669
segment,KarciFANN,108,69,0.00827885031771865,0.9571428571428572,0.011571478323266044,0.9514285714285714,45.91066616515316
segment,KarciFANN,108,70,0.01299500515345015,0.9440993788819876,0.013180192866128008,0.9485714285714286,8.378616312086198
segment,KarciFANN,108,71,0.006836170811019206,0.9658385093167702,0.009729633408884655,0.9657142857142857,16.436841505240945
segment,KarciFANN,108,72,0.01362478185532863,0.9403726708074535,0.015874070688731843,0.9285714285714286,5.960082889804356
segment,KarciFANN,108,73,0.008948715799088633,0.9571428571428572,0.011803141007378984,0.9542857142857143,2.3794587133823994
segment,KarciFANN,108,74,0.005445261430685962,0.9726708074534162,0.009436432622412914,0.9514285714285714,61.764942669589736
segment,KarciFANN,108,75,0.0077094009194174865,0.970807453416149,0.011980432306208185,0.9485714285714286,6.221381349132898
segment,KarciFANN,108,76,0.007071568917072574,0.9658385093167702,0.010658710179579693,0.9571428571428572,2.3362408602611864
segment,KarciFANN,108,77,0.00605619103878812,0.9714285714285714,0.009332468466761848,0.9657142857142857,3.22716067762074
segment,KarciFANN,108,78,0.007280760327396845,0.9639751552795031,0.010052664290886063,0.9514285714285714,3.0636233354095492
segment,KarciFANN,108,79,0.011435264628969061,0.9509316770186336,0.011869163818267612,0.9514285714285714,3.8818976228313833
segment,KarciFANN,108,80,0.005909006500732929,0.9745341614906833,0.00968247803098778,0.9657142857142857,17.345237180891008
segment,KarciFANN,108,81,0.009840596893261716,0.968944099378882,0.013525326258496104,0.9542857142857143,2.9803139318760583
segment,KarciFANN,108,82,0.006076441651066984,0.9763975155279503,0.009646305841805218,0.96,10.981719684313708
segment,KarciFANN,108,83,0.005037051761793539,0.9739130434782609,0.009634448956642457,0.96,3.0943285488003442
segment,KarciFANN,108,84,0.00548414130135647,0.9714285714285714,0.009800733789352267,0.9542857142857143,17.82545440239305
segment,KarciFANN,108,85,0.014670347321106331,0.9366459627329192,0.016686022025360566,0.9371428571428572,2.7978255038533884
segment,KarciFANN,108,86,0.004875663994314247,0.977639751552795,0.009115503228677595,0.9657142857142857,15.95298179951385
segment,KarciFANN,108,87,0.005353165407465234,0.9770186335403727,0.009170359137690154,0.9657142857142857,3.183795993874805
segment,KarciFANN,108,88,0.006265901261591407,0.9726708074534162,0.010538896971542651,0.9542857142857143,2.4385847880490994
segment,KarciFANN,108,89,0.005701085059083346,0.9732919254658385,0.00986088087121318,0.9542857142857143,17.987462867981492
segment,KarciFANN,108,90,0.004954706651044386,0.9763975155279503,0.009071290741492252,0.9657142857142857,3.327027920760611
segment,KarciFANN,108,91,0.004604962524622864,0.9770186335403727,0.009258077129104508,0.96,74.9939966170691
segment,KarciFANN,108,92,0.0055001989870969,0.9739130434782609,0.00988969022924494,0.9657142857142857,44.50885478314222
segment,KarciFANN,108,93,0.009192031474232844,0.9596273291925466,0.01084064745570078,0.9514285714285714,6.917374932389692
segment,KarciFANN,108,94,0.0043216863512588796,0.9788819875776398,0.009383739540087428,0.96,22.072987310336448
segment,KarciFANN,108,95,0.004716970965343338,0.977639751552795,0.008562551994223469,0.9657142857142857,3.2678009976512157
segment,KarciFANN,108,96,0.005831912555817406,0.9751552795031055,0.009557447879515514,0.9628571428571429,14.363927924299013
segment,KarciFANN,108,97,0.004442844787161195,0.977639751552795,0.008949746803707675,0.9657142857142857,14.069300969445393
segment,KarciFANN,108,98,0.004891483847036626,0.977639751552795,0.008079383373541162,0.9657142857142857,19.878729259107907
segment,KarciFANN,108,99,0.004814284095109562,0.9782608695652174,0.00876235083836006,0.9628571428571429,41.39519151446707
segment,KarciFANN,108,100,0.004031291765572168,0.9801242236024845,0.008237589163647134,0.9657142857142857,18.93697055028072
segment,KarciFANN,108,101,0.004819989537573718,0.9795031055900622,0.008834484085967455,0.96,19.40264914166634
segment,KarciFANN,108,102,0.006517899391216013,0.9726708074534162,0.009364101539428281,0.9714285714285714,3.1152662779374642
segment,KarciFANN,108,103,0.004192454713519976,0.9795031055900622,0.008153495999868142,0.9714285714285714,28.99290708818848
segment,KarciFANN,108,104,0.003944505970990077,0.9795031055900622,0.008281644342251624,0.9657142857142857,34.907687620248325
segment,KarciFANN,108,105,0.004900775146090178,0.9782608695652174,0.009076485743147629,0.9685714285714285,12.788396322442326
segment,KarciFANN,108,106,0.003992037818330248,0.9807453416149068,0.008017809931742293,0.9628571428571429,40.29604963553308
segment,KarciFANN,108,107,0.010734556532080396,0.9577639751552796,0.011675361859145472,0.96,6.413643052263945
segment,KarciFANN,108,108,0.004757433600310372,0.9801242236024845,0.007965352082973767,0.9685714285714285,3.268400421425092
segment,KarciFANN,108,109,0.004853195282285637,0.9751552795031055,0.009202363663722747,0.9542857142857143,31.540142305979092
segment,KarciFANN,108,110,0.003707424464124177,0.9801242236024845,0.0076873892207045425,0.9685714285714285,3.387784246942525
segment,KarciFANN,108,111,0.0037034063708194687,0.9801242236024845,0.007866302747373072,0.9657142857142857,32.137872084047295
segment,KarciFANN,108,112,0.003639007216392806,0.9801242236024845,0.007366829246224987,0.9685714285714285,44.33210042261541
segment,KarciFANN,108,113,0.003978628936722333,0.9795031055900622,0.007407176671694398,0.9685714285714285,46.91469428409936
segment,KarciFANN,108,114,0.006558832824979934,0.9726708074534162,0.009403831296832268,0.9542857142857143,6.802043583604874
segment,KarciFANN,108,115,0.003906379771340784,0.9807453416149068,0.0074305243022047595,0.9657142857142857,125.57089557452363
segment,KarciFANN,108,116,0.013869884422284437,0.9397515527950311,0.016014892105577296,0.94,2.409897806371255
segment,KarciFANN,108,117,0.003645174920348047,0.9813664596273292,0.007643093521896624,0.9714285714285714,29.78739931689104
segment,KarciFANN,108,118,0.003738637936134166,0.9807453416149068,0.007706086041804325,0.9742857142857143,63.78890293466589
segment,KarciFANN,108,119,0.0036170541208267095,0.9801242236024845,0.007700296293170776,0.9628571428571429,212.2125485475021
segment,KarciFANN,108,120,0.003766114495452621,0.9807453416149068,0.007212213276340633,0.9714285714285714,25.626837257903983
segment,KarciFANN,108,121,0.004584614469257005,0.9788819875776398,0.008203955318713296,0.96,16.47870856273618
segment,KarciFANN,108,122,0.004582840396929591,0.9757763975155279,0.007226006080227416,0.9742857142857143,77.61262462678485
segment,KarciFANN,108,123,0.008246276537004056,0.9583850931677018,0.011321852264059516,0.9571428571428572,6.197496332282496
segment,KarciFANN,108,124,0.0037419883578484617,0.9807453416149068,0.007503020245412882,0.9714285714285714,67.7354688092014
segment,KarciFANN,108,125,0.0047289584270024,0.977639751552795,0.007521427172398257,0.9657142857142857,14.367803774928513
segment,KarciFANN,108,126,0.003724902825486666,0.9807453416149068,0.007484966179615177,0.9628571428571429,128.78310398600004
segment,KarciFANN,108,127,0.004088510987338558,0.9813664596273292,0.007313770689513473,0.9742857142857143,2.136132473142211
segment,KarciFANN,108,128,0.009290441030684165,0.9565217391304348,0.01213557189450851,0.96,8.894315618555154
segment,KarciFANN,108,129,0.0035957117931881204,0.9819875776397515,0.007427098024569841,0.9628571428571429,24.996986487904717
segment,KarciFANN,108,130,0.003427332196555081,0.9838509316770186,0.007222336063452057,0.9714285714285714,38.84701128177932
segment,KarciFANN,108,131,0.003500986331755187,0.9813664596273292,0.007372606755285726,0.9714285714285714,3.470130135432005
segment,KarciFANN,108,132,0.006723597951302184,0.9720496894409938,0.00820582537765707,0.9628571428571429,3.796072545439355
segment,KarciFANN,108,133,0.0035080170997412027,0.9850931677018634,0.00754675894470038,0.9742857142857143,21.266264403056432
segment,KarciFANN,108,134,0.011277944784909361,0.9565217391304348,0.012788283314886158,0.9485714285714286,4.604049882653935
segment,KarciFANN,108,135,0.003388038170734978,0.9832298136645963,0.006855949251683786,0.9714285714285714,28.093075523054008
segment,KarciFANN,108,136,0.0036388729693121896,0.9807453416149068,0.007977552798628067,0.9742857142857143,110.01528048537394
segment,KarciFANN,108,137,0.0033636229032740156,0.9826086956521739,0.007327302973555397,0.9685714285714285,19.21447391450606
segment,KarciFANN,108,138,0.003558764326996939,0.9813664596273292,0.008218662745022006,0.9628571428571429,3.464970634950592
segment,KarciFANN,108,139,0.0035252508585724915,0.9850931677018634,0.006964371190291089,0.9714285714285714,17.33968979207169
segment,KarciFANN,108,140,0.004331253968846586,0.9819875776397515,0.008530400889002419,0.9657142857142857,8.012423736724447
segment,KarciFANN,108,141,0.003445875252638168,0.9826086956521739,0.006857456238530378,0.9685714285714285,14.712674376225504
segment,KarciFANN,108,142,0.003676424471820953,0.9826086956521739,0.008187191518124077,0.96,157.14779781937904
segment,KarciFANN,108,143,0.007019169650828209,0.9664596273291925,0.009631770343383273,0.9628571428571429,3.1387912245218934
segment,KarciFANN,108,144,0.003627468122912394,0.9819875776397515,0.007304942765779345,0.9628571428571429,21.67824428979073
segment,KarciFANN,108,145,0.003243573732697723,0.9838509316770186,0.007132006318874116,0.9714285714285714,64.0306656627468
segment,KarciFANN,108,146,0.00353652940625421,0.9826086956521739,0.006166865742800121,0.9714285714285714,2.979823169130631
segment,KarciFANN,108,147,0.0035136927534368304,0.9826086956521739,0.006651993417917783,0.9714285714285714,26.324325453638426
segment,KarciFANN,108,148,0.003163164175936157,0.9850931677018634,0.006795376012540619,0.9685714285714285,36.98041820502752
segment,KarciFANN,108,149,0.006985553197059074,0.9683229813664597,0.010403574336169652,0.9685714285714285,32.07135359805697
segment,KarciFANN,108,150,0.005109318507879512,0.9745341614906833,0.0072264404728005814,0.9714285714285714,14.902325142928989
segment,KarciFANN,108,151,0.003695667692801628,0.9801242236024845,0.008298448212726241,0.9685714285714285,2.5639008344147687
segment,KarciFANN,108,152,0.0033205355971234803,0.9838509316770186,0.006847743762547698,0.9714285714285714,33.307949411788506
segment,KarciFANN,108,153,0.0038018221948309607,0.9819875776397515,0.006821044535490861,0.9714285714285714,198.98625590646986
segment,KarciFANN,108,154,0.006235950241578354,0.9683229813664597,0.0067832512787364165,0.9714285714285714,53.854406139155394
segment,KarciFANN,108,155,0.0032093482950106824,0.9832298136645963,0.0063246719307393645,0.9714285714285714,2.6510747745496106
segment,KarciFANN,108,156,0.003426412380700126,0.9832298136645963,0.006674156004691037,0.9714285714285714,15.301845153084765
segment,KarciFANN,108,157,0.008587729405091287,0.9614906832298137,0.011797120315861144,0.9542857142857143,8.354944640635223
segment,KarciFANN,108,158,0.0034076647585129273,0.9826086956521739,0.0065489648360245924,0.9771428571428571,3.563937922313536
segment,KarciFANN,108,159,0.0031361874177006335,0.984472049689441,0.007123245385185367,0.9742857142857143,68.10030075408926
segment,KarciFANN,108,160,0.007348187029455534,0.9732919254658385,0.009891473511978069,0.9628571428571429,5.204033876678079
segment,KarciFANN,108,161,0.0033151033766317343,0.9819875776397515,0.0063384249991456166,0.9714285714285714,101.23468742096264
segment,KarciFANN,108,162,0.0030991238352176026,0.9832298136645963,0.006331224315084978,0.9714285714285714,42.3012227500921
segment,KarciFANN,108,163,0.0027282711668637602,0.9869565217391304,0.006509057190927611,0.9742857142857143,2.785171118138625
segment,KarciFANN,108,164,0.00299475609154325,0.9838509316770186,0.006247512211625026,0.9714285714285714,69.69279708527232
segment,KarciFANN,108,165,0.0033822279619892997,0.9819875776397515,0.007277243974660141,0.9742857142857143,138.2073429670808
segment,KarciFANN,108,166,0.003389199566726837,0.9826086956521739,0.007536627246133598,0.9714285714285714,338.5056441152332
segment,KarciFANN,108,167,0.002896522744020352,0.9838509316770186,0.006385145090860224,0.9714285714285714,40.4022712363127
segment,KarciFANN,108,168,0.0027994665846009827,0.9850931677018634,0.006396679410037319,0.9714285714285714,175.73227932267446
segment,KarciFANN,108,169,0.0029173395472272025,0.9850931677018634,0.006207360765397275,0.9685714285714285,41.47172731814102
segment,KarciFANN,108,170,0.00388322552921031,0.9826086956521739,0.006159187651295637,0.9685714285714285,98.24210479361405
segment,KarciFANN,108,171,0.00782739351803957,0.9645962732919254,0.010181715345050364,0.96,7.72848358558602
segment,KarciFANN,108,172,0.0030999507356922465,0.9838509316770186,0.0065562932338053825,0.9742857142857143,13.825146854644265
segment,KarciFANN,108,173,0.0032880484932980786,0.9850931677018634,0.006773822872100772,0.9685714285714285,83.2772450107586
segment,KarciFANN,108,174,0.01566805604513143,0.9397515527950311,0.01589719339170609,0.9514285714285714,4.9011657743228305
segment,KarciFANN,108,175,0.004586673270166191,0.9819875776397515,0.007032345240923026,0.9714285714285714,7.073263655161804
segment,KarciFANN,108,176,0.0031386781586055777,0.9850931677018634,0.007102096658623648,0.9742857142857143,24.630849858275962
segment,KarciFANN,108,177,0.0029107129078274376,0.9838509316770186,0.007175582712199068,0.9714285714285714,182.27525451019568
segment,KarciFANN,108,178,0.005563302558578647,0.9726708074534162,0.006847651280947737,0.9657142857142857,9.622489992032675
segment,KarciFANN,108,179,0.0070601142752423456,0.9652173913043478,0.01043167759671012,0.9628571428571429,198.08083242264894
segment,KarciFANN,108,180,0.0074957141682847304,0.9645962732919254,0.010878250438951798,0.9628571428571429,2.9995910542091146
segment,KarciFANN,108,181,0.0026531954348869707,0.9857142857142858,0.006066859309788296,0.98,24.80684084450485
segment,KarciFANN,108,182,0.0028423644452515054,0.9838509316770186,0.006104672026946484,0.9742857142857143,116.32764806730299
segment,KarciFANN,108,183,0.0032851702692659156,0.9826086956521739,0.00630563864613008,0.9771428571428571,3.6165175631215307
segment,KarciFANN,108,184,0.0031885364671097862,0.984472049689441,0.006145751928348352,0.9771428571428571,82.81837489603726
segment,KarciFANN,108,185,0.002863560025779632,0.984472049689441,0.0065110440588432295,0.9771428571428571,3.544720803378129
segment,KarciFANN,108,186,0.002721720988535536,0.9850931677018634,0.0059753358764584544,0.9771428571428571,254.39598194593992
segment,KarciFANN,108,187,0.002642400729141506,0.9857142857142858,0.006387321237468416,0.9771428571428571,33.87052851841708
segment,KarciFANN,108,188,0.004241878676220665,0.9807453416149068,0.007670315586231845,0.9771428571428571,60.4881863294165
segment,KarciFANN,108,189,0.0040956378339940605,0.9795031055900622,0.007689625664425106,0.9657142857142857,57.09831991350178
segment,KarciFANN,108,190,0.00288957009028333,0.984472049689441,0.0069867408141468966,0.9657142857142857,26.9718208953608
segment,KarciFANN,108,191,0.0029052654713871942,0.9838509316770186,0.0063597553540384495,0.9742857142857143,38.544666086564646
segment,KarciFANN,108,192,0.0030596939147560244,0.9819875776397515,0.007371314102371406,0.9714285714285714,21.157322924891673
segment,KarciFANN,108,193,0.0035764157601082024,0.9813664596273292,0.00819610601135375,0.9742857142857143,19.15833980896377
segment,KarciFANN,108,194,0.0027677017854139904,0.984472049689441,0.006944520818644428,0.9685714285714285,3.650254737523466
segment,KarciFANN,108,195,0.004893980689717827,0.9763975155279503,0.007808218136117542,0.9657142857142857,204.27743464868595
segment,KarciFANN,108,196,0.0028828089622444254,0.984472049689441,0.006268293965471408,0.9771428571428571,103.25205484961828
segment,KarciFANN,108,197,0.004593634152541319,0.9813664596273292,0.007405683881783052,0.9685714285714285,7.441885927080984
segment,KarciFANN,108,198,0.002762083699415925,0.9857142857142858,0.005867098092701779,0.9771428571428571,108.54939623799693
segment,KarciFANN,108,199,0.002710683729852514,0.9850931677018634,0.0060724989245390425,0.9771428571428571,24.297234628352797
segment,KarciFANN,108,200,0.0031679835597051113,0.9850931677018634,0.006278842882603562,0.9771428571428571,12.87613775142863
segment,KarciFANN,108,201,0.002909601535227654,0.986335403726708,0.005934410060635536,0.9742857142857143,62.14826930795663
segment,KarciFANN,108,202,0.0027874800631242274,0.984472049689441,0.005729188408057748,0.9771428571428571,176.1974435776086
segment,KarciFANN,108,203,0.002622438490941066,0.9850931677018634,0.006016339359393217,0.98,31.739749670701663
segment,KarciFANN,108,204,0.004321659576734113,0.9788819875776398,0.007950031899566867,0.9685714285714285,55.554592423610856
segment,KarciFANN,108,205,0.0028283303083633535,0.984472049689441,0.006331701137483537,0.9742857142857143,30.961203279676308
segment,KarciFANN,108,206,0.002775975585606885,0.9850931677018634,0.006617776478584661,0.9742857142857143,106.23625063818909
segment,KarciFANN,108,207,0.0032631710853510366,0.9832298136645963,0.00687760846050724,0.9714285714285714,18.511850616097924
segment,KarciFANN,108,208,0.0028248883716233066,0.984472049689441,0.00624199672555618,0.9742857142857143,133.2600739244027
segment,KarciFANN,108,209,0.0030074009679063427,0.9850931677018634,0.006620421319193875,0.9742857142857143,142.04208973197493
segment,KarciFANN,108,210,0.0030460769214029322,0.9838509316770186,0.007185950554133241,0.9714285714285714,251.75340331198905
segment,KarciFANN,108,211,0.003347227770152341,0.9832298136645963,0.006604146314090192,0.9771428571428571,29.864546624216754
segment,KarciFANN,108,212,0.0031297710538158445,0.9838509316770186,0.007440062630335052,0.9714285714285714,88.29798463061732
segment,KarciFANN,108,213,0.01165035441330868,0.953416149068323,0.012259652624134934,0.9542857142857143,5.9248027749049985
segment,KarciFANN,108,214,0.0032004431729976755,0.984472049689441,0.006780761087417375,0.9742857142857143,242.52227717671502
segment,KarciFANN,108,215,0.0035695787590637896,0.9813664596273292,0.006841059168321166,0.9742857142857143,3.7500556682102895
segment,KarciFANN,108,216,0.0027657031250402212,0.9850931677018634,0.0062254914841100234,0.9742857142857143,148.29335159021406
segment,KarciFANN,108,217,0.0028060466672915722,0.9850931677018634,0.006231957541603717,0.9771428571428571,79.68533566218883
segment,KarciFANN,108,218,0.002426318085759529,0.9850931677018634,0.005959867709814091,0.9771428571428571,141.98382559390302
segment,KarciFANN,108,219,0.002750909157999575,0.984472049689441,0.006079322633884086,0.9771428571428571,140.60785744264365
segment,KarciFANN,108,220,0.002902727717400736,0.984472049689441,0.006468193901053199,0.9742857142857143,135.9476294043998
segment,KarciFANN,108,221,0.0026454166969310912,0.9850931677018634,0.005835529294850618,0.9742857142857143,101.69092480592445
segment,KarciFANN,108,222,0.0028543082309496477,0.984472049689441,0.0060873585560468945,0.9742857142857143,29.445657716876678
segment,KarciFANN,108,223,0.0031188571109139833,0.9838509316770186,0.006130096612414229,0.9742857142857143,3.755648956043175
segment,KarciFANN,108,224,0.0024620114922623846,0.9857142857142858,0.006087188026892003,0.98,241.30348378594687
segment,KarciFANN,108,225,0.005608821502231612,0.9701863354037267,0.008796603678142329,0.9657142857142857,3.341719394884341
segment,KarciFANN,108,226,0.0026903337204729036,0.9857142857142858,0.006160023708602857,0.9742857142857143,218.6771944233404
segment,KarciFANN,108,227,0.00237216247988512,0.9857142857142858,0.005870650475865302,0.9771428571428571,97.46304572483942
segment,KarciFANN,108,228,0.0025769534564515245,0.9850931677018634,0.0060425829446504,0.9771428571428571,3.7097891988824987
segment,KarciFANN,108,229,0.00595019353428163,0.9739130434782609,0.007719706689167177,0.9714285714285714,3.566272895592266
segment,KarciFANN,108,230,0.009221908944414867,0.9571428571428572,0.012154759145679145,0.9514285714285714,4.43703932646491
segment,KarciFANN,108,231,0.0027270713193566437,0.9857142857142858,0.00702296492496965,0.9742857142857143,3.7336350137138834
segment,KarciFANN,108,232,0.00271384340472304,0.9857142857142858,0.006297315970885153,0.9714285714285714,68.04239833679357
segment,KarciFANN,108,233,0.0026390305492802694,0.986335403726708,0.006526013030197184,0.9828571428571429,287.3973064453095
segment,KarciFANN,108,234,0.0038804292859371224,0.9826086956521739,0.007396450472531381,0.9742857142857143,79.14073481915092
segment,KarciFANN,108,235,0.002605470676261597,0.984472049689441,0.006330836456216346,0.9742857142857143,135.22931378466072
segment,KarciFANN,108,236,0.0025731350448206765,0.9857142857142858,0.006109123679895895,0.98,135.42240195445032
segment,KarciFANN,108,237,0.0022604553542822387,0.9857142857142858,0.0060519189276137956,0.9742857142857143,35.6819842087194
segment,KarciFANN,108,238,0.002428825119454734,0.9857142857142858,0.005925177639456907,0.98,3.7513077449257373
segment,KarciFANN,108,239,0.0028578069922235464,0.9850931677018634,0.006701270453415664,0.9742857142857143,8.795363337288578
segment,KarciFANN,108,240,0.0031241187967061494,0.9832298136645963,0.007013926892380314,0.9714285714285714,16.45037047082176
segment,KarciFANN,108,241,0.0023503571895951004,0.9857142857142858,0.006055186826320634,0.9742857142857143,36.117334903763535
segment,KarciFANN,108,242,0.002480103116659074,0.9857142857142858,0.0063907589092220786,0.98,3.7726569961949243
segment,KarciFANN,108,243,0.0029152369144445313,0.9850931677018634,0.006629769117070945,0.9714285714285714,139.4653895771423
segment,KarciFANN,108,244,0.0026598874039057735,0.9857142857142858,0.005952363339559212,0.9771428571428571,478.75377847258017
segment,KarciFANN,108,245,0.004706303175352574,0.977639751552795,0.006958340163806889,0.9714285714285714,9.009065261705404
segment,KarciFANN,108,246,0.002652698981507801,0.9857142857142858,0.006409055501121079,0.9771428571428571,306.423389998187
segment,KarciFANN,108,247,0.0034864307690421273,0.9832298136645963,0.007145189876434062,0.9685714285714285,11.275444725109763
segment,KarciFANN,108,248,0.0031462210150298756,0.9838509316770186,0.00668924515567432,0.9714285714285714,198.52680095491058
segment,KarciFANN,108,249,0.004291956525214484,0.9757763975155279,0.008020865472501136,0.9657142857142857,47.26843605765819
segment,KarciFANN,108,250,0.0027180057488708515,0.984472049689441,0.00588031374185169,0.9742857142857143,170.93078139857414
segment,KarciFANN,108,251,0.002897913100995333,0.9838509316770186,0.00608332743466298,0.9714285714285714,188.9568044995808
segment,KarciFANN,108,252,0.002263534004999796,0.986335403726708,0.006075200415696741,0.9771428571428571,105.3886691374927
segment,KarciFANN,108,253,0.015539984244492783,0.9397515527950311,0.015123924306833951,0.9514285714285714,4.8372726015318
segment,KarciFANN,108,254,0.002572354742561809,0.9850931677018634,0.006458736326492655,0.9742857142857143,27.517895632638254
segment,KarciFANN,108,255,0.0025591306590894416,0.984472049689441,0.005622163331974076,0.9828571428571429,25.755763917189856
segment,KarciFANN,108,256,0.0028373303907976164,0.984472049689441,0.006850285059138834,0.98,47.947933443283056
segment,KarciFANN,108,257,0.002393254571523445,0.9869565217391304,0.006140345577282152,0.9771428571428571,62.9218930411813
segment,KarciFANN,108,258,0.006036897744644963,0.9720496894409938,0.00696823779323315,0.9714285714285714,10.141190393457029
segment,KarciFANN,108,259,0.002352466442170161,0.9869565217391304,0.00593589641424224,0.9771428571428571,3.828730400456219
segment,KarciFANN,108,260,0.0029561690494015157,0.9850931677018634,0.006234386626675266,0.9714285714285714,105.84521443395568
segment,KarciFANN,108,261,0.0023150615282177245,0.986335403726708,0.006239753622752814,0.9742857142857143,83.17329971009232
segment,KarciFANN,108,262,0.0024441794306993927,0.9857142857142858,0.006078258926708675,0.9742857142857143,86.37685757466947
segment,KarciFANN,108,263,0.002240054002092819,0.9869565217391304,0.0059781194325199865,0.9742857142857143,118.70213147824039
segment,KarciFANN,108,264,0.008309719186884649,0.9614906832298137,0.010674322950862002,0.9571428571428572,8.872589241655943
segment,KarciFANN,108,265,0.002599229383476746,0.9857142857142858,0.006506561816668432,0.9771428571428571,49.68644265040701
segment,KarciFANN,108,266,0.002468665286006171,0.9857142857142858,0.006207818644780162,0.9771428571428571,64.02079466786516
segment,KarciFANN,108,267,0.0024722243391339044,0.9857142857142858,0.006521576609832622,0.9771428571428571,85.60836096934135
segment,KarciFANN,108,268,0.002768457886149425,0.9850931677018634,0.006254362724681843,0.9771428571428571,387.0585330984553
segment,KarciFANN,108,269,0.002694181832279959,0.9838509316770186,0.006231279303992093,0.9685714285714285,21.654381318461443
segment,KarciFANN,108,270,0.013715830223140097,0.9465838509316771,0.015295609241712497,0.9457142857142857,2.718214182663127
segment,KarciFANN,108,271,0.0030446902723758463,0.9826086956521739,0.007335322565991181,0.9685714285714285,69.40099027806882
segment,KarciFANN,108,272,0.002496925224043418,0.9869565217391304,0.007135505013506173,0.9742857142857143,246.1794277160237
segment,KarciFANN,108,273,0.0035390192708310815,0.9832298136645963,0.007531722945415564,0.9742857142857143,290.1203499235767
segment,KarciFANN,108,274,0.0022523935078606542,0.9869565217391304,0.006576703379564762,0.9771428571428571,35.12884914104672
segment,KarciFANN,108,275,0.0035813203136739655,0.9807453416149068,0.007559748667356784,0.9771428571428571,29.170367970877905
segment,KarciFANN,108,276,0.0026895570679426727,0.9857142857142858,0.0073193549692040834,0.9685714285714285,44.19864118642118
segment,KarciFANN,108,277,0.0025805124601457285,0.986335403726708,0.005960637277553956,0.9771428571428571,180.85641462936272
segment,KarciFANN,108,278,0.006522509249638391,0.9720496894409938,0.006409569475237433,0.9714285714285714,4.977018848885165
segment,KarciFANN,108,279,0.0026745647949202086,0.9857142857142858,0.006210028016594173,0.9742857142857143,152.02575329548858
segment,KarciFANN,108,280,0.002288445776938923,0.9869565217391304,0.006212606043125264,0.9742857142857143,117.67170450960258
segment,KarciFANN,108,281,0.002470089889354418,0.986335403726708,0.006424804880035228,0.9742857142857143,100.11697421399784
segment,KarciFANN,108,282,0.007742561929752717,0.9652173913043478,0.011111892880745797,0.96,10.18548072466559
segment,KarciFANN,108,283,0.003118517448752264,0.9857142857142858,0.006727201769272591,0.9771428571428571,3.89428758065568
segment,KarciFANN,108,284,0.0032350484776134288,0.9838509316770186,0.00689097275253964,0.9771428571428571,3.99042307580725
segment,KarciFANN,108,285,0.0028287714093876435,0.984472049689441,0.00561483221134785,0.9771428571428571,3.9164094510086827
segment,KarciFANN,108,286,0.002714536375977254,0.9850931677018634,0.005837902808429699,0.9771428571428571,143.12304461895997
segment,KarciFANN,108,287,0.002443808750752681,0.9875776397515528,0.006538588054858648,0.98,106.73574372486479
segment,KarciFANN,108,288,0.002532051351425438,0.9857142857142858,0.006862337987547006,0.9742857142857143,3.893437631307805
segment,KarciFANN,108,289,0.002737489804442635,0.9838509316770186,0.005624250177511959,0.9771428571428571,116.54034925682907
segment,KarciFANN,108,290,0.0023654967313330223,0.986335403726708,0.005777806409639179,0.98,88.65131492164602
segment,KarciFANN,108,291,0.0025446619572007333,0.9857142857142858,0.005894395593222396,0.9742857142857143,99.94272746377364
segment,KarciFANN,108,292,0.0024709381263255266,0.9857142857142858,0.005862874106922133,0.9828571428571429,81.74286193890622
segment,KarciFANN,108,293,0.0022594090177455134,0.986335403726708,0.006014990958009157,0.9742857142857143,131.80531572441902
segment,KarciFANN,108,294,0.00511238885775791,0.9819875776397515,0.0073785105085396475,0.9657142857142857,5.8189912470086105
segment,KarciFANN,108,295,0.0024021091462714367,0.9857142857142858,0.006312067216616649,0.9771428571428571,26.52535600924317
segment,KarciFANN,108,296,0.007590328518883547,0.9658385093167702,0.007306434601082149,0.9742857142857143,5.2370052402806175
segment,KarciFANN,108,297,0.002830020710553196,0.9857142857142858,0.006191734293671259,0.9742857142857143,3.9307265133493208
segment,KarciFANN,108,298,0.0023843991764266673,0.9857142857142858,0.0057820552924801,0.9828571428571429,109.03745263470915
segment,KarciFANN,108,299,0.006631147938744565,0.970807453416149,0.010037972515442365,0.9685714285714285,9.602321044604425
segment,KarciFANN,108,300,0.0031516642986730214,0.984472049689441,0.006084225084876043,0.9828571428571429,16.564986305200296
segment,KarciFANN,108,301,0.003106014000670718,0.9838509316770186,0.0059920799292334116,0.98,107.19232610797233
segment,KarciFANN,108,302,0.0033443404939377387,0.9838509316770186,0.007201971019227767,0.9742857142857143,230.87044096901047
segment,KarciFANN,108,303,0.0022126033570936906,0.986335403726708,0.005694505770845793,0.9828571428571429,22.793977412495142
segment,KarciFANN,108,304,0.002511003871807933,0.9875776397515528,0.006275901721153257,0.9771428571428571,126.31268777828345
segment,KarciFANN,108,305,0.002420196108527384,0.9850931677018634,0.005598807645768199,0.98,39.01093661316884
segment,KarciFANN,108,306,0.0022590949792982862,0.9869565217391304,0.005759747299224252,0.9771428571428571,35.14814728677826
segment,KarciFANN,108,307,0.002314146639056469,0.9857142857142858,0.005283452197632112,0.9771428571428571,185.57399237349648
segment,KarciFANN,108,308,0.0024831274267239915,0.986335403726708,0.005743954803179751,0.9771428571428571,33.05879853276931
segment,KarciFANN,108,309,0.004573883765180801,0.9757763975155279,0.008227110851079416,0.9685714285714285,78.76814656276389
segment,KarciFANN,108,310,0.005394376617869639,0.9714285714285714,0.006855770753297195,0.9742857142857143,5.8439518015146135
segment,KarciFANN,108,311,0.0027997034986605995,0.984472049689441,0.007393300034388246,0.9714285714285714,122.38430219002748
segment,KarciFANN,108,312,0.0025301676803586447,0.9875776397515528,0.006551415640239059,0.9771428571428571,50.13233431836724
segment,KarciFANN,108,313,0.002569295898291113,0.9850931677018634,0.006710839670197222,0.9771428571428571,18.772553712248115
segment,KarciFANN,108,314,0.0024501230336254546,0.9869565217391304,0.006530197847058077,0.9771428571428571,29.261755980741103
segment,KarciFANN,108,315,0.0028899926518773825,0.984472049689441,0.00701482409312338,0.9742857142857143,14.743382156533581
segment,KarciFANN,108,316,0.0029685109216057853,0.9838509316770186,0.00579738131221828,0.98,677.8089518865121
segment,KarciFANN,108,317,0.002510505659304663,0.9869565217391304,0.005963827209432391,0.9857142857142858,516.5408302860877
segment,KarciFANN,108,318,0.002146973801960344,0.9875776397515528,0.005632662416000448,0.9828571428571429,67.22661718264705
segment,KarciFANN,108,319,0.00233539897525013,0.986335403726708,0.00631552319842531,0.9828571428571429,33.75059803799557
segment,KarciFANN,108,320,0.006570480325554189,0.9732919254658385,0.009440948654082805,0.9628571428571429,5.314711485091014
segment,KarciFANN,108,321,0.0033274236746825576,0.9838509316770186,0.008049685087397803,0.9742857142857143,373.6524683980885
segment,KarciFANN,108,322,0.002493730348532553,0.9857142857142858,0.006592083121580096,0.9742857142857143,319.17288050998127
segment,KarciFANN,108,323,0.010260040455954422,0.953416149068323,0.011797319853078001,0.9457142857142857,7.70268631830769
segment,KarciFANN,108,324,0.002844850653907645,0.984472049689441,0.0072039799403042695,0.9771428571428571,48.527882049241676
segment,KarciFANN,108,325,0.0023606205774113305,0.9857142857142858,0.006458922100356599,0.98,139.20805263840415
segment,KarciFANN,108,326,0.003075743216866588,0.9857142857142858,0.006784347510883632,0.9771428571428571,37.91571546824529
segment,KarciFANN,108,327,0.002166773402272813,0.986335403726708,0.006029110624710071,0.9771428571428571,276.4149995319189
segment,KarciFANN,108,328,0.0022819723702543425,0.9869565217391304,0.0060926706384047576,0.9771428571428571,147.69472609317523
segment,KarciFANN,108,329,0.0024501128245375072,0.986335403726708,0.006772274639863778,0.9742857142857143,72.83657521625845
segment,KarciFANN,108,330,0.0046906480781646635,0.9788819875776398,0.007025859987951226,0.9714285714285714,6.528395052116138
segment,KarciFANN,108,331,0.008792957719981167,0.9608695652173913,0.008560183085507518,0.9657142857142857,6.0329689008673295
segment,KarciFANN,108,332,0.0025030537384956386,0.986335403726708,0.0061009030492269415,0.9742857142857143,127.42115523153547
segment,KarciFANN,108,333,0.0025633366118322106,0.9857142857142858,0.006203705327599883,0.9742857142857143,27.54083678260339
segment,KarciFANN,108,334,0.003339356698509421,0.9838509316770186,0.00605711447218197,0.98,90.44184981035765
segment,KarciFANN,108,335,0.0022609795412695576,0.986335403726708,0.00599328911931225,0.9771428571428571,97.78481428978968
segment,KarciFANN,108,336,0.0024668548327922064,0.9857142857142858,0.006237749156261727,0.9742857142857143,461.0004796799929
segment,KarciFANN,108,337,0.002325024224757688,0.9869565217391304,0.006249967387408199,0.98,12.75067149291682
segment,KarciFANN,108,338,0.002284708138816769,0.9869565217391304,0.0060706113297578366,0.98,3.975395787238009
segment,KarciFANN,108,339,0.0024057172053723016,0.9857142857142858,0.006121408814537337,0.9771428571428571,63.678707543493005
segment,KarciFANN,108,340,0.0022375155911228163,0.986335403726708,0.006322977516722355,0.9771428571428571,3.949453290847055
segment,KarciFANN,108,341,0.0025888752118522432,0.986335403726708,0.006357250406370391,0.9714285714285714,17.286814264834923
segment,KarciFANN,108,342,0.002216760935562118,0.9869565217391304,0.005940105312462512,0.9771428571428571,77.09815685125012
segment,KarciFANN,108,343,0.0023589246758043618,0.9869565217391304,0.006233357889809902,0.9828571428571429,231.57780115408178
segment,KarciFANN,108,344,0.0026693235771544067,0.9850931677018634,0.006152881458997703,0.9714285714285714,11.345226308249359
segment,KarciFANN,108,345,0.0035889183135943046,0.9807453416149068,0.006986630176112111,0.9714285714285714,345.1486687638637
segment,KarciFANN,108,346,0.002718447254117042,0.9857142857142858,0.0058980117633743254,0.9828571428571429,12.943851466612516
segment,KarciFANN,108,347,0.0021307230116453086,0.9869565217391304,0.005662976622633062,0.98,2.6180531704538526
segment,KarciFANN,108,348,0.0020949652861033475,0.9875776397515528,0.005729582909674934,0.9828571428571429,120.22492077876562
segment,KarciFANN,108,349,0.0022833513715806875,0.9857142857142858,0.006186084180162344,0.9742857142857143,67.38688809308012
segment,KarciFANN,108,350,0.0023377138258014276,0.9850931677018634,0.006016076729383071,0.9742857142857143,94.50392748541752
segment,KarciFANN,109,1,0.06759147902410327,0.5813664596273292,0.06692505956344773,0.5914285714285714,1.199768037185445
segment,KarciFANN,109,2,0.06521212681697926,0.7161490683229814,0.06471490151022859,0.72,2.043890551102393
segment,KarciFANN,109,3,0.028337067535001998,0.8906832298136645,0.02789267338802166,0.9085714285714286,2.132675992115663
segment,KarciFANN,109,4,0.022800766088131995,0.9037267080745341,0.023823874553209563,0.9057142857142857,2.8788700587877942
segment,KarciFANN,109,5,0.02048188505698188,0.9118012422360249,0.021023659044149788,0.9142857142857143,5.689256007916681
segment,KarciFANN,109,6,0.019957327766933184,0.9142857142857143,0.020464372346516827,0.9142857142857143,2.2741378784001163
segment,KarciFANN,109,7,0.020866633312825275,0.9142857142857143,0.022196117988165433,0.9057142857142857,1.6324892190484426
segment,KarciFANN,109,8,0.020172596673286317,0.915527950310559,0.021454029981182628,0.9171428571428571,2.286135325353539
segment,KarciFANN,109,9,0.024728737377659748,0.8894409937888199,0.026641329109145864,0.8714285714285714,2.467173709339134
segment,KarciFANN,109,10,0.01544146169580085,0.9260869565217391,0.01645512348999277,0.9142857142857143,3.805977637766306
segment,KarciFANN,109,11,0.01942477869494159,0.9267080745341615,0.022192258963144793,0.9257142857142857,2.651868987474481
segment,KarciFANN,109,12,0.022962303142855925,0.9031055900621118,0.02226962748535403,0.9114285714285715,3.9796579915411456
segment,KarciFANN,109,13,0.014745011516235435,0.9428571428571428,0.01734931459450718,0.9371428571428572,7.135990634901512
segment,KarciFANN,109,14,0.02093222598228694,0.9180124223602485,0.021691610858895042,0.92,2.0394911707997854
segment,KarciFANN,109,15,0.01261397110900424,0.9484472049689441,0.013739390068512998,0.9428571428571428,8.964620622955438
segment,KarciFANN,109,16,0.018041766971365975,0.9211180124223602,0.01803716782150131,0.9257142857142857,3.9186224879994067
segment,KarciFANN,109,17,0.01739775332403311,0.9260869565217391,0.01640849402996436,0.94,8.224463147429713
segment,KarciFANN,109,18,0.016413354909131667,0.9385093167701863,0.019492733972942062,0.9342857142857143,7.40693443555613
segment,KarciFANN,109,19,0.014747201480244894,0.9385093167701863,0.01577816768966748,0.9314285714285714,5.2398592947037255
segment,KarciFANN,109,20,0.016134814325083357,0.9329192546583851,0.015041216622626905,0.9457142857142857,5.891953941273547
segment,KarciFANN,109,21,0.01761964663132881,0.9192546583850931,0.019421388186579007,0.9028571428571428,9.451156862717776
segment,KarciFANN,109,22,0.01575317720261111,0.9347826086956522,0.016256381510887152,0.9342857142857143,1.7649615080185117
segment,KarciFANN,109,23,0.01100869130739317,0.9552795031055901,0.01253430302270328,0.9428571428571428,6.450457014672
segment,KarciFANN,109,24,0.012520162956135112,0.9440993788819876,0.013227571744331307,0.9342857142857143,5.291192086974549
segment,KarciFANN,109,25,0.009920661085841302,0.9515527950310559,0.011896595025781016,0.9457142857142857,20.271855760517365
segment,KarciFANN,109,26,0.011468769658339081,0.9546583850931677,0.013447726551785088,0.9542857142857143,7.7557804860346025
segment,KarciFANN,109,27,0.011962336485835572,0.9596273291925466,0.015151096979801229,0.9428571428571428,3.9614728093097513
segment,KarciFANN,109,28,0.00850093112960554,0.9633540372670808,0.010684084784406358,0.9514285714285714,13.788036492474824
segment,KarciFANN,109,29,0.008766862281090982,0.9596273291925466,0.010753867126733261,0.94,11.560213025271803
segment,KarciFANN,109,30,0.008847270745074904,0.9602484472049689,0.01115254006861305,0.9514285714285714,2.9429972286522155
segment,KarciFANN,109,31,0.026069218786741285,0.8993788819875776,0.027112921461236037,0.9085714285714286,2.927610636463519
segment,KarciFANN,109,32,0.01059691637858993,0.9515527950310559,0.012656833619124256,0.9457142857142857,2.9251978398017573
segment,KarciFANN,109,33,0.009526844624006377,0.9559006211180124,0.014004476388975284,0.94,7.225070220047333
segment,KarciFANN,109,34,0.009759207285123764,0.9565217391304348,0.012446059421397017,0.9485714285714286,15.118410288524439
segment,KarciFANN,109,35,0.009717108471624422,0.9571428571428572,0.013468388393778223,0.9428571428571428,59.03949016089338
segment,KarciFANN,109,36,0.011457380465959597,0.9521739130434783,0.011938390899526844,0.9457142857142857,2.824847713113885
segment,KarciFANN,109,37,0.014219298943320071,0.9341614906832298,0.016787566238366403,0.9257142857142857,15.255236759167714
segment,KarciFANN,109,38,0.01674785321871406,0.924223602484472,0.02067630829339514,0.9085714285714286,6.98467120274688
segment,KarciFANN,109,39,0.007459004423768398,0.9645962732919254,0.010453102630522813,0.9485714285714286,8.749971394611162
segment,KarciFANN,109,40,0.01891983607142009,0.924223602484472,0.017969213286138742,0.9257142857142857,2.3415279706999974
segment,KarciFANN,109,41,0.006653487740421014,0.9677018633540373,0.008577298296341934,0.9628571428571429,3.0328442681362024
segment,KarciFANN,109,42,0.009045276945650408,0.9639751552795031,0.012075740963725426,0.9514285714285714,3.67944570062075
segment,KarciFANN,109,43,0.006556324412104089,0.9664596273291925,0.008690454212375404,0.9657142857142857,3.025450883016386
segment,KarciFANN,109,44,0.00935980914131921,0.9602484472049689,0.01114778112499015,0.9514285714285714,1.8934691461645738
segment,KarciFANN,109,45,0.0071985059679095745,0.9658385093167702,0.00932160998116331,0.9542857142857143,18.654764534987294
segment,KarciFANN,109,46,0.01363215229820278,0.937888198757764,0.015806952665066445,0.9285714285714286,4.709956417941377
segment,KarciFANN,109,47,0.006732484534953858,0.9714285714285714,0.009533946726934356,0.9571428571428572,2.8296868473673356
segment,KarciFANN,109,48,0.0058482885387272365,0.9726708074534162,0.008284558166349897,0.96,11.86355723612907
segment,KarciFANN,109,49,0.006113431113916209,0.9714285714285714,0.008136612427699056,0.9685714285714285,23.141005252632503
segment,KarciFANN,109,50,0.01140603720134636,0.9509316770186336,0.011082139946767856,0.9542857142857143,3.0733736888617065
segment,KarciFANN,109,51,0.013744401739775152,0.9391304347826087,0.012851732321618724,0.9371428571428572,3.946523059401398
segment,KarciFANN,109,52,0.005927164438415946,0.9701863354037267,0.00840274785816183,0.9657142857142857,23.2135946678539
segment,KarciFANN,109,53,0.013347397775070881,0.9397515527950311,0.013080394673153396,0.9371428571428572,5.291910490701895
segment,KarciFANN,109,54,0.007068871851538752,0.9658385093167702,0.010998446911779827,0.9485714285714286,41.674166028780995
segment,KarciFANN,109,55,0.006065907572881617,0.9726708074534162,0.008488081827845162,0.96,16.35533919040359
segment,KarciFANN,109,56,0.005604774438649387,0.9739130434782609,0.007974911777838534,0.9628571428571429,32.939140098979706
segment,KarciFANN,109,57,0.0067659485389748196,0.970807453416149,0.009197846090333184,0.9628571428571429,12.614139818676346
segment,KarciFANN,109,58,0.005454223087647339,0.970807453416149,0.007413038825056143,0.9657142857142857,70.17176573850467
segment,KarciFANN,109,59,0.016042220730056993,0.9304347826086956,0.016205140580215938,0.9228571428571428,4.056181397582854
segment,KarciFANN,109,60,0.006799252762518281,0.9677018633540373,0.009526529899594642,0.9514285714285714,15.111089977724395
segment,KarciFANN,109,61,0.005305845288220948,0.9714285714285714,0.007605550403142455,0.9714285714285714,15.00703920983007
segment,KarciFANN,109,62,0.005452327067032806,0.9726708074534162,0.007678072238642653,0.9628571428571429,14.076576327642652
segment,KarciFANN,109,63,0.007515422611742541,0.9645962732919254,0.00842910414308182,0.9628571428571429,20.206306163380265
segment,KarciFANN,109,64,0.006274409542656365,0.9714285714285714,0.007923731322901187,0.9628571428571429,3.0644159112467007
segment,KarciFANN,109,65,0.004946921236713367,0.9726708074534162,0.006861678977742592,0.9685714285714285,25.96261601801903
segment,KarciFANN,109,66,0.005174300007890119,0.9739130434782609,0.007736031632881135,0.9628571428571429,3.173790818018408
segment,KarciFANN,109,67,0.005330143236457,0.9726708074534162,0.008048561722866623,0.96,39.23580519762527
segment,KarciFANN,109,68,0.005447579436398186,0.9714285714285714,0.007862751513816857,0.9628571428571429,77.36088927450176
segment,KarciFANN,109,69,0.0048138731001709815,0.9751552795031055,0.007341406678486943,0.9657142857142857,44.02875486746147
segment,KarciFANN,109,70,0.005163413664891031,0.9732919254658385,0.007467363688604281,0.9657142857142857,2.4432887171101205
segment,KarciFANN,109,71,0.0069524419418895205,0.9664596273291925,0.009977412410850994,0.9542857142857143,2.092907918393973
segment,KarciFANN,109,72,0.00530745867354304,0.9732919254658385,0.007487786452373185,0.9657142857142857,28.187480398674733
segment,KarciFANN,109,73,0.005601002574980308,0.9695652173913043,0.007688763905410812,0.9628571428571429,51.29990439703682
segment,KarciFANN,109,74,0.007203633172915433,0.9633540372670808,0.008960620125813593,0.9571428571428572,2.4990926331723275
segment,KarciFANN,109,75,0.009946241301388721,0.9565217391304348,0.009212911406185431,0.9571428571428572,5.977077069627629
segment,KarciFANN,109,76,0.0057899096604994565,0.9714285714285714,0.009323666332579476,0.9485714285714286,62.84645018864037
segment,KarciFANN,109,77,0.004922716295982641,0.9739130434782609,0.00684455323256199,0.9714285714285714,15.045319963981687
segment,KarciFANN,109,78,0.007568456302126523,0.9608695652173913,0.008991822374554764,0.9628571428571429,16.372259043797293
segment,KarciFANN,109,79,0.005270762605354925,0.9732919254658385,0.007636299191868127,0.96,14.209191972624136
segment,KarciFANN,109,80,0.0071461516641813565,0.9633540372670808,0.01014446169225008,0.9542857142857143,60.136522331986306
segment,KarciFANN,109,81,0.00983639145483778,0.9664596273291925,0.010862229650822619,0.96,6.711617004947883
segment,KarciFANN,109,82,0.004715350335303911,0.9739130434782609,0.0071776970853416906,0.9657142857142857,23.354244219844727
segment,KarciFANN,109,83,0.0067232340909011735,0.9670807453416149,0.009542041626856701,0.9571428571428572,55.813851837966936
segment,KarciFANN,109,84,0.005042609256735241,0.9739130434782609,0.007335077356160158,0.9628571428571429,2.429502140061183
segment,KarciFANN,109,85,0.006574942855483435,0.9677018633540373,0.007403792307587674,0.9628571428571429,8.433838011504951
segment,KarciFANN,109,86,0.00788955922480695,0.9627329192546584,0.010074993253854187,0.9514285714285714,3.1610604258529778
segment,KarciFANN,109,87,0.006973313164345333,0.9677018633540373,0.009978907665636349,0.9457142857142857,12.65758033656781
segment,KarciFANN,109,88,0.004833136770104116,0.9739130434782609,0.007305977558820393,0.9657142857142857,23.34727437208009
segment,KarciFANN,109,89,0.0048317282759780394,0.9745341614906833,0.008034724947107942,0.9571428571428572,50.38775819808021
segment,KarciFANN,109,90,0.0068336385458743695,0.9639751552795031,0.009902298950807933,0.9485714285714286,14.757634177807406
segment,KarciFANN,109,91,0.004715124666986794,0.9739130434782609,0.007129481024238086,0.9657142857142857,38.67071365821516
segment,KarciFANN,109,92,0.004643022490440932,0.9751552795031055,0.007448671225505497,0.9571428571428572,44.45892300901873
segment,KarciFANN,109,93,0.004680776468520139,0.9745341614906833,0.007051074053167911,0.96,60.665355677171405
segment,KarciFANN,109,94,0.004464939944459223,0.9757763975155279,0.006545412374788023,0.9685714285714285,2.4189672364818593
segment,KarciFANN,109,95,0.00454114843156499,0.9757763975155279,0.006590813369784181,0.9714285714285714,37.076940467220226
segment,KarciFANN,109,96,0.004746399055120794,0.9751552795031055,0.006868639583760049,0.9657142857142857,75.78506275858481
segment,KarciFANN,109,97,0.004399592110965108,0.9751552795031055,0.0062820708076613795,0.9685714285714285,23.637745048014374
segment,KarciFANN,109,98,0.004559001459769789,0.9745341614906833,0.006526459085345603,0.9714285714285714,61.996486899995055
segment,KarciFANN,109,99,0.01463611564660084,0.9347826086956522,0.016244757748600933,0.9371428571428572,2.785092664982552
segment,KarciFANN,109,100,0.013108984702811738,0.9428571428571428,0.014601647295384114,0.9457142857142857,4.599769947696559
segment,KarciFANN,109,101,0.004901804246682888,0.9732919254658385,0.007261857891913973,0.9628571428571429,18.306064128593288
segment,KarciFANN,109,102,0.004883976162252697,0.9732919254658385,0.007283701208228195,0.9685714285714285,3.297735298836111
segment,KarciFANN,109,103,0.010290223933186701,0.9509316770186336,0.012299778359749982,0.9485714285714286,9.077880733524808
segment,KarciFANN,109,104,0.0062036288049539135,0.9677018633540373,0.009638180803004617,0.9542857142857143,57.294408504618495
segment,KarciFANN,109,105,0.00538038734090998,0.9751552795031055,0.00902828123545866,0.9542857142857143,14.589289130092718
segment,KarciFANN,109,106,0.005717103261368736,0.9695652173913043,0.007126619360275408,0.9685714285714285,64.99315935815063
segment,KarciFANN,109,107,0.004267569111907118,0.9763975155279503,0.006543208656726081,0.9714285714285714,3.3494474082308874
segment,KarciFANN,109,108,0.004762203876274967,0.9751552795031055,0.007292059916910736,0.9628571428571429,147.74563361363306
segment,KarciFANN,109,109,0.004102792831110894,0.9788819875776398,0.006644075769753431,0.9685714285714285,27.206592389500187
segment,KarciFANN,109,110,0.005309968388254634,0.9745341614906833,0.008303100317988747,0.9657142857142857,12.914112224572142
segment,KarciFANN,109,111,0.005227764925578342,0.9726708074534162,0.007156413238722676,0.9628571428571429,22.382029152264398
segment,KarciFANN,109,112,0.010538541600142587,0.9527950310559006,0.012430943174455466,0.9485714285714286,69.49437294842555
segment,KarciFANN,109,113,0.004243039365339668,0.9782608695652174,0.006898009913420488,0.9685714285714285,23.233620426806493
segment,KarciFANN,109,114,0.004953803792476785,0.9739130434782609,0.007440033627946949,0.9685714285714285,3.3694280478493344
segment,KarciFANN,109,115,0.012744743908530073,0.9465838509316771,0.014375817700452438,0.9457142857142857,9.160954595815765
segment,KarciFANN,109,116,0.004268407669895019,0.9782608695652174,0.006605876427062235,0.9742857142857143,49.667452073863146
segment,KarciFANN,109,117,0.004699455234479771,0.9770186335403727,0.007235662172851879,0.9685714285714285,93.11043858769688
segment,KarciFANN,109,118,0.004073181610351583,0.9763975155279503,0.006488470476761472,0.9742857142857143,3.3692042701948575
segment,KarciFANN,109,119,0.004846489795972603,0.9732919254658385,0.008093996196190417,0.9628571428571429,27.693270343308324
segment,KarciFANN,109,120,0.004885441641133256,0.9751552795031055,0.008107183643262893,0.9657142857142857,148.27332999176105
segment,KarciFANN,109,121,0.005384092177001711,0.970807453416149,0.008210798321544205,0.9657142857142857,3.3971941508628714
segment,KarciFANN,109,122,0.004149270713557029,0.977639751552795,0.007187054141186977,0.9685714285714285,25.596807200436615
segment,KarciFANN,109,123,0.004128798827271426,0.9782608695652174,0.0071142669268052195,0.9685714285714285,2.5842380378358363
segment,KarciFANN,109,124,0.0045282791037204945,0.9751552795031055,0.007832154846139236,0.9685714285714285,3.403627975235749
segment,KarciFANN,109,125,0.0041054483570487415,0.9795031055900622,0.00748942833612316,0.9657142857142857,82.28743086272173
segment,KarciFANN,109,126,0.004057797625393361,0.9782608695652174,0.00690317129684805,0.9685714285714285,3.4142020218143996
segment,KarciFANN,109,127,0.004974140158019477,0.9745341614906833,0.008234846270375963,0.96,3.4099875049639037
segment,KarciFANN,109,128,0.00410955030899141,0.9770186335403727,0.0071917067441968725,0.9685714285714285,238.41317138062394
segment,KarciFANN,109,129,0.004185729916291994,0.9757763975155279,0.00680255541714605,0.9657142857142857,44.24193233962111
segment,KarciFANN,109,130,0.010054471903304383,0.9540372670807453,0.010823562935101907,0.9514285714285714,2.8292825246459827
segment,KarciFANN,109,131,0.004972569463808291,0.9720496894409938,0.007918536687462995,0.9628571428571429,18.125249242901237
segment,KarciFANN,109,132,0.003948193229752874,0.9782608695652174,0.007265415324282942,0.9657142857142857,62.615896941819415
segment,KarciFANN,109,133,0.004100621648757801,0.9788819875776398,0.007195100100207596,0.9685714285714285,2.6690216573153425
segment,KarciFANN,109,134,0.003929110229392634,0.9795031055900622,0.007633474367021864,0.9657142857142857,47.69219291565803
segment,KarciFANN,109,135,0.004076638345008739,0.9770186335403727,0.007440856932225305,0.96,18.11409502981698
segment,KarciFANN,109,136,0.0093973245153085,0.9614906832298137,0.00958706540175675,0.96,4.147529862735368
segment,KarciFANN,109,137,0.0038236504522707214,0.9788819875776398,0.007189801895967232,0.9685714285714285,19.144950820172763
segment,KarciFANN,109,138,0.009834201131270254,0.9521739130434783,0.011249756739488297,0.9542857142857143,3.544072725739998
segment,KarciFANN,109,139,0.00391862081995854,0.9788819875776398,0.00759446519171155,0.9657142857142857,47.776433760401204
segment,KarciFANN,109,140,0.0041455724710630385,0.977639751552795,0.007362562458912622,0.9685714285714285,35.61192429757789
segment,KarciFANN,109,141,0.0046204306749758565,0.9763975155279503,0.007921264606925146,0.9657142857142857,21.317122160678696
segment,KarciFANN,109,142,0.004881096346381931,0.9763975155279503,0.008571124337051204,0.9628571428571429,10.918253130594357
segment,KarciFANN,109,143,0.00415219590897955,0.9751552795031055,0.008148544698362722,0.9628571428571429,14.412050153763191
segment,KarciFANN,109,144,0.00580350694725182,0.9732919254658385,0.00947473056763424,0.9571428571428572,2.871995753829946
segment,KarciFANN,109,145,0.004195542174464319,0.9795031055900622,0.008205122220902476,0.96,26.764143472364324
segment,KarciFANN,109,146,0.0042740076651791555,0.9757763975155279,0.007976517058993106,0.96,3.4557617743988303
segment,KarciFANN,109,147,0.004045141943087449,0.9770186335403727,0.007727994362712956,0.9628571428571429,3.3946529220189374
segment,KarciFANN,109,148,0.008116929020561351,0.9652173913043478,0.011108705902299343,0.9514285714285714,5.673333281770577
segment,KarciFANN,109,149,0.004037505050490495,0.9782608695652174,0.007927112119739035,0.9628571428571429,3.444610943963052
segment,KarciFANN,109,150,0.004024404987266261,0.977639751552795,0.00752913377377745,0.9628571428571429,3.4532452047701194
segment,KarciFANN,109,151,0.0039013678371371857,0.9795031055900622,0.007411530060106242,0.9628571428571429,3.254978282914983
segment,KarciFANN,109,152,0.00353209680650414,0.9795031055900622,0.007151723400050536,0.9628571428571429,74.31219391234116
segment,KarciFANN,109,153,0.004409307125590974,0.9770186335403727,0.007958133532211706,0.9628571428571429,60.66635777993889
segment,KarciFANN,109,154,0.004043561579225035,0.977639751552795,0.00818842837773557,0.96,51.1355275808376
segment,KarciFANN,109,155,0.004153267939173363,0.977639751552795,0.00745112142183344,0.9628571428571429,60.48002981142257
segment,KarciFANN,109,156,0.0037887898886715997,0.9782608695652174,0.007253210944673987,0.96,50.93452530913927
segment,KarciFANN,109,157,0.007608923866259578,0.9633540372670808,0.011366225964662913,0.9457142857142857,2.3344433632701755
segment,KarciFANN,109,158,0.006421551475610042,0.9677018633540373,0.010097708381399373,0.9571428571428572,3.9396630033131252
segment,KarciFANN,109,159,0.004686257822817081,0.9751552795031055,0.00771576988062045,0.9685714285714285,13.461079781374343
segment,KarciFANN,109,160,0.004015615969584118,0.977639751552795,0.00787573656793129,0.9628571428571429,103.75496793172518
segment,KarciFANN,109,161,0.0035133126999669843,0.9795031055900622,0.0069738847365521895,0.9685714285714285,47.9932192613806
segment,KarciFANN,109,162,0.003496564794244938,0.9807453416149068,0.0070944949714959364,0.9628571428571429,48.367050027228764
segment,KarciFANN,109,163,0.006560872436680468,0.9645962732919254,0.00956831260792148,0.9542857142857143,29.883435778526408
segment,KarciFANN,109,164,0.0037825178992465587,0.977639751552795,0.007101560179363684,0.9628571428571429,2.6310978327778636
segment,KarciFANN,109,165,0.0035305220796285563,0.9795031055900622,0.007263435564227693,0.9628571428571429,54.783455054126776
segment,KarciFANN,109,166,0.0036897729753621227,0.9788819875776398,0.007635134277317624,0.9628571428571429,3.5027133692170453
segment,KarciFANN,109,167,0.004145798721587213,0.9763975155279503,0.007896675664327373,0.96,91.08057781309657
segment,KarciFANN,109,168,0.012089568770210272,0.9496894409937888,0.014548243149751387,0.94,4.719427799218653
segment,KarciFANN,109,169,0.0036078755983593664,0.9782608695652174,0.00806384740061371,0.96,33.79229368931846
segment,KarciFANN,109,170,0.00359088403357399,0.9788819875776398,0.0070759264082998555,0.9628571428571429,64.68055461386113
segment,KarciFANN,109,171,0.0052707902947233855,0.9732919254658385,0.008711014081106177,0.9571428571428572,12.82477701813653
segment,KarciFANN,109,172,0.003642478729344786,0.9788819875776398,0.007531093779588789,0.9628571428571429,63.930479589498354
segment,KarciFANN,109,173,0.0034707461763592118,0.9801242236024845,0.007127858825166135,0.9628571428571429,26.78009675412521
segment,KarciFANN,109,174,0.0037939696809512076,0.9801242236024845,0.007279208246534993,0.9685714285714285,3.4468542731139213
segment,KarciFANN,109,175,0.0038069160128769717,0.9782608695652174,0.007411796468343177,0.9628571428571429,2.8963767428460696
segment,KarciFANN,109,176,0.004502673963024953,0.9757763975155279,0.008147422729915102,0.9628571428571429,91.63069567274614
segment,KarciFANN,109,177,0.011997941802365112,0.9440993788819876,0.013594650627891733,0.9428571428571428,3.687503903623196
segment,KarciFANN,109,178,0.0036973273268999093,0.9795031055900622,0.007498676148258367,0.9628571428571429,3.487075796225673
segment,KarciFANN,109,179,0.003777756195554165,0.9782608695652174,0.00791014912767606,0.96,17.88557248451219
segment,KarciFANN,109,180,0.003426666683846364,0.9807453416149068,0.007223327479886607,0.9628571428571429,70.05950884567204
segment,KarciFANN,109,181,0.0033642181026285493,0.9801242236024845,0.007398752422754949,0.9628571428571429,87.0635904676736
segment,KarciFANN,109,182,0.0039636334935172,0.9782608695652174,0.00808982567258355,0.9628571428571429,53.61884990711247
segment,KarciFANN,109,183,0.004486883402379127,0.9751552795031055,0.00825433738053713,0.96,12.315114240630468
segment,KarciFANN,109,184,0.007193598152881626,0.9670807453416149,0.009940841486098155,0.9542857142857143,2.9150264800570267
segment,KarciFANN,109,185,0.0040430776982107505,0.9770186335403727,0.007878421481012133,0.9657142857142857,88.01300416642673
segment,KarciFANN,109,186,0.009347115261101043,0.9583850931677018,0.011084436776900908,0.9514285714285714,4.210913594331776
segment,KarciFANN,109,187,0.004292221984206668,0.9763975155279503,0.009275001478836645,0.9542857142857143,42.76387118934587
segment,KarciFANN,109,188,0.004996353333467854,0.9720496894409938,0.009198887501096174,0.9542857142857143,40.42334168344928
segment,KarciFANN,109,189,0.004732866286701634,0.9763975155279503,0.009064855395483608,0.9514285714285714,235.85302263297163
segment,KarciFANN,109,190,0.005814004031650785,0.968944099378882,0.009788804771733385,0.9485714285714286,13.557534164560838
segment,KarciFANN,109,191,0.0049800905377472,0.9763975155279503,0.008909163829056177,0.96,3.3615312676719875
segment,KarciFANN,109,192,0.004014333452198469,0.9782608695652174,0.008368171314823997,0.9571428571428572,26.31040364691961
segment,KarciFANN,109,193,0.004960179789128844,0.9745341614906833,0.009364701210939476,0.9571428571428572,3.416960458927251
segment,KarciFANN,109,194,0.0062403164914959525,0.968944099378882,0.00999382499256526,0.96,25.597380645701726
segment,KarciFANN,109,195,0.003878980564445021,0.9782608695652174,0.008629477915711224,0.96,131.2388332281999
segment,KarciFANN,109,196,0.0035985760805323902,0.9788819875776398,0.008400493764442827,0.96,74.03465965257517
segment,KarciFANN,109,197,0.005593510540622665,0.9714285714285714,0.010017687034567638,0.96,3.5264558529721612
segment,KarciFANN,109,198,0.0037056723542895614,0.9770186335403727,0.008131875697449716,0.96,112.46793592693838
segment,KarciFANN,109,199,0.003482399277270509,0.9795031055900622,0.00815517773906069,0.96,48.22333358228876
segment,KarciFANN,109,200,0.003912733048910005,0.9788819875776398,0.008588534930029168,0.96,14.084201181081811
segment,KarciFANN,109,201,0.004541173449010215,0.9763975155279503,0.008572960170987706,0.9628571428571429,2.9426620658726153
segment,KarciFANN,109,202,0.004013775334996562,0.9782608695652174,0.00863594510242747,0.96,185.0400076390513
segment,KarciFANN,109,203,0.0037020346089532458,0.9782608695652174,0.008063469381319495,0.96,58.53871847268269
segment,KarciFANN,109,204,0.004660230294629223,0.9739130434782609,0.008963857344849805,0.96,33.921651148703916
segment,KarciFANN,109,205,0.003447627195460094,0.9807453416149068,0.008219080260878382,0.96,89.6756649660604
segment,KarciFANN,109,206,0.003448939137967032,0.9795031055900622,0.007721978101654198,0.9628571428571429,74.59837837791603
segment,KarciFANN,109,207,0.009192306555259152,0.9596273291925466,0.011759012043395075,0.9542857142857143,11.799097851181008
segment,KarciFANN,109,208,0.005116427800681992,0.9720496894409938,0.009582052872965423,0.9571428571428572,231.26514100900613
segment,KarciFANN,109,209,0.003534558300432572,0.9807453416149068,0.00834175048574551,0.9628571428571429,40.966007873710375
segment,KarciFANN,109,210,0.0050719413766403725,0.9732919254658385,0.00931272473998239,0.9542857142857143,27.26240481361007
segment,KarciFANN,109,211,0.017989262944885957,0.9273291925465839,0.018402983384614876,0.9285714285714286,6.541989926065265
segment,KarciFANN,109,212,0.015270262817244461,0.937888198757764,0.016040620508015458,0.9371428571428572,6.0260892825183205
segment,KarciFANN,109,213,0.012191787855941097,0.9465838509316771,0.013107448466243503,0.9485714285714286,4.49377620025821
segment,KarciFANN,109,214,0.004347077736996463,0.9763975155279503,0.00804557300638176,0.96,647.6824470761471
segment,KarciFANN,109,215,0.013194762941796341,0.9428571428571428,0.014362505381535735,0.9428571428571428,7.16443962759495
segment,KarciFANN,109,216,0.00361664264686319,0.9782608695652174,0.008186755528872257,0.96,86.55705353003796
segment,KarciFANN,109,217,0.015846428118953593,0.9391304347826087,0.01650599726043179,0.9371428571428572,4.924983256872844
segment,KarciFANN,109,218,0.0035439420431918026,0.9795031055900622,0.007608607573205087,0.9628571428571429,39.36872983494495
segment,KarciFANN,109,219,0.004037992757395406,0.977639751552795,0.008074661649654605,0.9571428571428572,19.052015755895
segment,KarciFANN,109,220,0.00342245775744022,0.9795031055900622,0.007062785099459528,0.9685714285714285,62.82034503298545
segment,KarciFANN,109,221,0.0034911148461425545,0.9813664596273292,0.00765765158990962,0.9628571428571429,83.51856175232835
segment,KarciFANN,109,222,0.0055098801197764665,0.970807453416149,0.009517323767638561,0.96,8.592522249218343
segment,KarciFANN,109,223,0.0037935400082041177,0.977639751552795,0.007981445626684057,0.9571428571428572,353.8539408487141
segment,KarciFANN,109,224,0.010507175114096925,0.9515527950310559,0.012987920868506067,0.9457142857142857,10.165825703218553
segment,KarciFANN,109,225,0.0037200041600111925,0.9788819875776398,0.00771308613308882,0.9571428571428572,22.346155207877864
segment,KarciFANN,109,226,0.0037759832815422037,0.9795031055900622,0.0072666200204528535,0.96,161.31250201897615
segment,KarciFANN,109,227,0.004399904386800345,0.9745341614906833,0.007822403506947873,0.9628571428571429,36.817182087614505
segment,KarciFANN,109,228,0.004143279441861421,0.9770186335403727,0.00812075984814531,0.9628571428571429,107.29325308106448
segment,KarciFANN,109,229,0.0048715517157531954,0.9745341614906833,0.009005603674137918,0.9514285714285714,342.3330354022288
segment,KarciFANN,109,230,0.0038242608501800578,0.9770186335403727,0.007257497207948755,0.9657142857142857,39.053416579721855
segment,KarciFANN,109,231,0.0036900522670921744,0.9788819875776398,0.007656680084183885,0.9657142857142857,49.203847164708776
segment,KarciFANN,109,232,0.0034964721505349643,0.9807453416149068,0.0075886733287631606,0.9628571428571429,213.45937929927763
segment,KarciFANN,109,233,0.004035869574799612,0.9770186335403727,0.007469182032484834,0.96,131.42426334500033
segment,KarciFANN,109,234,0.004991170972081583,0.9782608695652174,0.008552929138906987,0.9628571428571429,11.05141029878746
segment,KarciFANN,109,235,0.003302381484480283,0.9807453416149068,0.007263665286484812,0.9628571428571429,2.792251531278562
segment,KarciFANN,109,236,0.0033282740853056107,0.9813664596273292,0.0076568798615400824,0.9628571428571429,3.706095824488864
segment,KarciFANN,109,237,0.003427099843566563,0.9795031055900622,0.007774821589627666,0.9628571428571429,155.98165703806794
segment,KarciFANN,109,238,0.0034294263740523175,0.9795031055900622,0.007783724362671107,0.9657142857142857,3.694958088698682
segment,KarciFANN,109,239,0.0035949951494082854,0.9795031055900622,0.0077225824541115465,0.96,28.965096458023226
segment,KarciFANN,109,240,0.004089568653086531,0.9788819875776398,0.008134498200195508,0.9628571428571429,18.686457963267245
segment,KarciFANN,109,241,0.0034860680448883267,0.9801242236024845,0.008070768035187293,0.96,39.65019096559685
segment,KarciFANN,109,242,0.004394732355313005,0.9763975155279503,0.009229011129796018,0.9628571428571429,3.7286171071457224
segment,KarciFANN,109,243,0.005618286223141708,0.9701863354037267,0.010100000575681483,0.9542857142857143,497.8491374304256
segment,KarciFANN,109,244,0.003244732709404963,0.9813664596273292,0.008584556603134315,0.9628571428571429,104.58067162401191
segment,KarciFANN,109,245,0.005837185810922559,0.9695652173913043,0.009645825474054721,0.9514285714285714,2.9226240087296147
segment,KarciFANN,109,246,0.0034826325934784047,0.9795031055900622,0.008862909222836394,0.9571428571428572,3.7245805820727558
segment,KarciFANN,109,247,0.004200313756897262,0.977639751552795,0.009206462702194695,0.9628571428571429,10.650320959854307
segment,KarciFANN,109,248,0.0037807196599058688,0.9788819875776398,0.009017385393356555,0.9571428571428572,37.00515428080331
segment,KarciFANN,109,249,0.0033439029300868727,0.9807453416149068,0.008449362091624075,0.96,51.53990800069769
segment,KarciFANN,109,250,0.0035434500345174276,0.9801242236024845,0.008311039461346554,0.96,148.8268866792365
segment,KarciFANN,109,251,0.004955378730102052,0.9757763975155279,0.010092244377740905,0.9485714285714286,12.164842517225162
segment,KarciFANN,109,252,0.005823989588887467,0.9701863354037267,0.01127087444767716,0.9485714285714286,137.9245615877301
segment,KarciFANN,109,253,0.0034211271614252208,0.9801242236024845,0.008436598215352788,0.96,344.9826918192371
segment,KarciFANN,109,254,0.0034652021204890685,0.9801242236024845,0.008557981326012883,0.9628571428571429,100.99147805859782
segment,KarciFANN,109,255,0.004868846370953158,0.9763975155279503,0.009840712128449784,0.9542857142857143,13.525744390577394
segment,KarciFANN,109,256,0.0037295517530572943,0.9782608695652174,0.00925965321113223,0.9514285714285714,70.77890114597035
segment,KarciFANN,109,257,0.0040503418673802465,0.9782608695652174,0.008531049004990524,0.96,95.77075017668635
segment,KarciFANN,109,258,0.0034249444822949723,0.9801242236024845,0.008350256487403649,0.96,18.82968090142144
segment,KarciFANN,109,259,0.0032514448068679566,0.9801242236024845,0.008104134143489159,0.9628571428571429,44.633694752249326
segment,KarciFANN,109,260,0.003434420921032298,0.9801242236024845,0.008428060132392294,0.96,197.85029523624027
segment,KarciFANN,109,261,0.0032915671685972347,0.9801242236024845,0.008658413068490007,0.96,119.56547709634415
segment,KarciFANN,109,262,0.003483954047686178,0.9807453416149068,0.008867083374536157,0.96,226.32386738159983
segment,KarciFANN,109,263,0.0032575862627542214,0.9813664596273292,0.008321631695529378,0.9628571428571429,102.30009133728278
segment,KarciFANN,109,264,0.004144949304202892,0.9770186335403727,0.009090869902793402,0.96,186.82859744232672
segment,KarciFANN,109,265,0.006257372939488457,0.9683229813664597,0.010339515137873794,0.9514285714285714,2.9084116249045557
segment,KarciFANN,109,266,0.0035964989255510144,0.9801242236024845,0.007950501676209655,0.96,15.239544311504439
segment,KarciFANN,109,267,0.0035342616861168234,0.9801242236024845,0.008783670160908651,0.9571428571428572,40.0162261550182
segment,KarciFANN,109,268,0.003467585680566812,0.9807453416149068,0.008756558103539286,0.96,27.462094336915385
segment,KarciFANN,109,269,0.010992512987061805,0.9521739130434783,0.013826886680467684,0.9428571428571428,8.936248275250342
segment,KarciFANN,109,270,0.004828814020736141,0.9745341614906833,0.010225025621571324,0.9542857142857143,135.5358025796231
segment,KarciFANN,109,271,0.0038317351504201375,0.9763975155279503,0.008472107216111609,0.9571428571428572,87.59492785413357
segment,KarciFANN,109,272,0.0037904200725483277,0.9788819875776398,0.008852681927564837,0.96,159.3618323968044
segment,KarciFANN,109,273,0.0033970878711718105,0.9807453416149068,0.008700554327456056,0.96,37.019248059585266
segment,KarciFANN,109,274,0.004124362030425407,0.9763975155279503,0.010122851217405741,0.9542857142857143,51.478016082984595
segment,KarciFANN,109,275,0.003418724972793715,0.9788819875776398,0.008837809474063058,0.9514285714285714,59.56398224764837
segment,KarciFANN,109,276,0.003235917543473851,0.9813664596273292,0.008290181587579333,0.9628571428571429,379.13805098202965
segment,KarciFANN,109,277,0.0032822165734688095,0.9807453416149068,0.008264532402302262,0.96,84.24668883241665
segment,KarciFANN,109,278,0.004249246090318727,0.9751552795031055,0.0098918235272034,0.9542857142857143,52.68528429400672
segment,KarciFANN,109,279,0.0032692003529246265,0.9807453416149068,0.008531926716712166,0.96,30.505087587328433
segment,KarciFANN,109,280,0.0031934824378882544,0.9819875776397515,0.008215582392258456,0.9628571428571429,42.19989991900696
segment,KarciFANN,109,281,0.003501225761796553,0.9782608695652174,0.008958982898605602,0.96,57.49734685974134
segment,KarciFANN,109,282,0.0033153036239810495,0.9801242236024845,0.008481364680722144,0.9571428571428572,25.400708097151565
segment,KarciFANN,109,283,0.0033241375976738818,0.9813664596273292,0.008390833485885225,0.96,61.35388005241253
segment,KarciFANN,109,284,0.0032370370397099787,0.9807453416149068,0.008208574953609169,0.9628571428571429,3.7685070017241626
segment,KarciFANN,109,285,0.0033713139845236587,0.9801242236024845,0.008361880454880148,0.9628571428571429,47.412580712385356
segment,KarciFANN,109,286,0.003222097139112315,0.9807453416149068,0.008307338844859645,0.9628571428571429,2.8678823475847026
segment,KarciFANN,109,287,0.015812695927376132,0.9329192546583851,0.01685420458650154,0.9314285714285714,3.6784740111445107
segment,KarciFANN,109,288,0.0042764411194903,0.9770186335403727,0.00966221137460591,0.9542857142857143,71.01153752635574
segment,KarciFANN,109,289,0.004242671024132385,0.9770186335403727,0.009593905863960523,0.9571428571428572,3.867284488536027
segment,KarciFANN,109,290,0.004141728783286828,0.977639751552795,0.009325436339950127,0.9542857142857143,166.02365280964256
segment,KarciFANN,109,291,0.004034867446879664,0.977639751552795,0.010113870162184454,0.9485714285714286,3.703552989167141
segment,KarciFANN,109,292,0.00405569998766357,0.9782608695652174,0.009777953379834146,0.9542857142857143,36.44924700723937
segment,KarciFANN,109,293,0.004305990297722573,0.9763975155279503,0.009554521023109944,0.9571428571428572,32.102145000882075
segment,KarciFANN,109,294,0.004482907331744352,0.9757763975155279,0.009904929732556389,0.9542857142857143,3.8513561054957797
segment,KarciFANN,109,295,0.005075055379609806,0.9751552795031055,0.009744419313601796,0.9542857142857143,3.881502890699301
segment,KarciFANN,109,296,0.003909978117547479,0.9795031055900622,0.009817657977114778,0.9542857142857143,47.39809846992956
segment,KarciFANN,109,297,0.00513531209101744,0.9739130434782609,0.010838517055939466,0.9514285714285714,187.30785418494358
segment,KarciFANN,109,298,0.0042840825141012276,0.9770186335403727,0.00957912676780936,0.9571428571428572,393.1255940185973
segment,KarciFANN,109,299,0.0039806631788871965,0.9795031055900622,0.009119573328788029,0.9628571428571429,73.00417172902759
segment,KarciFANN,109,300,0.0039145385291742855,0.9795031055900622,0.00936794406850144,0.96,3.8655994895933534
segment,KarciFANN,109,301,0.004026921734013984,0.977639751552795,0.009581252640807263,0.9571428571428572,3.8861406337253106
segment,KarciFANN,109,302,0.0069170179615859854,0.9683229813664597,0.011488147762098368,0.9514285714285714,6.322056134831855
segment,KarciFANN,109,303,0.004529404569396206,0.9782608695652174,0.010300305272534007,0.9542857142857143,287.6791571957048
segment,KarciFANN,109,304,0.004302776858097546,0.9788819875776398,0.009074772914520596,0.96,79.11115186820683
segment,KarciFANN,109,305,0.004163201620069296,0.9788819875776398,0.00945272857960796,0.9542857142857143,66.47224895606935
segment,KarciFANN,109,306,0.0041315067101464886,0.9770186335403727,0.008761505593231104,0.9628571428571429,26.661998250863434
segment,KarciFANN,109,307,0.00392042852212458,0.977639751552795,0.00890049365422882,0.9571428571428572,231.4253177134398
segment,KarciFANN,109,308,0.013765003120728102,0.9459627329192547,0.014387053034888554,0.9428571428571428,5.428739921246502
segment,KarciFANN,109,309,0.005398349530678748,0.9677018633540373,0.009955132017530236,0.9542857142857143,3.1897426489093523
segment,KarciFANN,109,310,0.0039043162165518577,0.977639751552795,0.009226710608499302,0.9571428571428572,3.896582101085144
segment,KarciFANN,109,311,0.004161264874932777,0.9795031055900622,0.009757101398425285,0.9571428571428572,56.94184263029667
segment,KarciFANN,109,312,0.004012306022040796,0.9770186335403727,0.009026693146097478,0.96,76.06064249617022
segment,KarciFANN,109,313,0.004432257003083084,0.9770186335403727,0.009478264435165428,0.9571428571428572,146.66302840493447
segment,KarciFANN,109,314,0.0038520672823737197,0.9782608695652174,0.00944117135090668,0.9571428571428572,163.86109306087494
segment,KarciFANN,109,315,0.0036918060407992053,0.977639751552795,0.00934128094460264,0.9542857142857143,55.006462211588435
segment,KarciFANN,109,316,0.003697341433007136,0.9782608695652174,0.009349033383959125,0.9542857142857143,3.8937794305892424
segment,KarciFANN,109,317,0.014198363965129704,0.9434782608695652,0.01583728185139117,0.9314285714285714,4.849898005716212
segment,KarciFANN,109,318,0.004693692426072489,0.9745341614906833,0.009582073318053306,0.96,170.62417473481935
segment,KarciFANN,109,319,0.004094991676287627,0.9770186335403727,0.009319057736192442,0.96,51.75689879700899
segment,KarciFANN,109,320,0.0046727155280936235,0.9739130434782609,0.010132984714570994,0.9514285714285714,2.7660447291407046
segment,KarciFANN,109,321,0.005095137039200981,0.9714285714285714,0.009894636958631457,0.9542857142857143,53.81391346172555
segment,KarciFANN,109,322,0.004012515993504676,0.9782608695652174,0.008777232833820103,0.96,39.15055822067541
segment,KarciFANN,109,323,0.0038320748380464816,0.9795031055900622,0.008986674500166329,0.96,632.2012887337969
segment,KarciFANN,109,324,0.004693061071447876,0.9745341614906833,0.00949349517690392,0.9571428571428572,99.6223045119051
segment,KarciFANN,109,325,0.003776534235185266,0.9788819875776398,0.008913050128637058,0.9571428571428572,200.6207178007061
segment,KarciFANN,109,326,0.0037738291173545634,0.9782608695652174,0.008916271835644942,0.96,3.9031874969090175
segment,KarciFANN,109,327,0.004451934728430905,0.9770186335403727,0.009598483395160196,0.9542857142857143,63.06140817695572
segment,KarciFANN,109,328,0.0037204742989815306,0.9782608695652174,0.008917594946094511,0.96,168.47065634894173
segment,KarciFANN,109,329,0.0036893243715589758,0.977639751552795,0.009271646309130625,0.9571428571428572,27.488854686538954
segment,KarciFANN,109,330,0.003506171206632792,0.9788819875776398,0.008976703242252148,0.96,35.05896971357688
segment,KarciFANN,109,331,0.003912320662711934,0.977639751552795,0.009580167999789361,0.9542857142857143,3.0627241947493715
segment,KarciFANN,109,332,0.003700357901889708,0.9788819875776398,0.00869641556939317,0.96,3.895202097258862
segment,KarciFANN,109,333,0.003831021234167496,0.9788819875776398,0.00878100557294853,0.96,135.20131243768412
segment,KarciFANN,109,334,0.004663060211563682,0.9788819875776398,0.009314159221345524,0.96,17.69506059565014
segment,KarciFANN,109,335,0.004809230457042246,0.9714285714285714,0.00948094117133546,0.9514285714285714,113.52819740587975
segment,KarciFANN,109,336,0.0035946179934538696,0.977639751552795,0.008378475523204093,0.96,237.05531265466226
segment,KarciFANN,109,337,0.003664713199660902,0.9782608695652174,0.008524878208024268,0.96,129.07984846234297
segment,KarciFANN,109,338,0.003572660170607637,0.9782608695652174,0.008552819094919175,0.9571428571428572,76.91883646710944
segment,KarciFANN,109,339,0.003577026195862817,0.9782608695652174,0.008721946779616668,0.96,110.41259702990462
segment,KarciFANN,109,340,0.003640209089845154,0.9788819875776398,0.009055523292122834,0.9571428571428572,218.11147246759325
segment,KarciFANN,109,341,0.0035507991445260486,0.9782608695652174,0.009276605160073005,0.9542857142857143,35.903278176983804
segment,KarciFANN,109,342,0.004196720661664898,0.977639751552795,0.00994665193033094,0.9485714285714286,13.80063148311529
segment,KarciFANN,109,343,0.003668822717914792,0.9788819875776398,0.008658086525458382,0.96,112.70614618253694
segment,KarciFANN,109,344,0.003773964305925646,0.9770186335403727,0.009533625711383827,0.9542857142857143,287.7791491010975
segment,KarciFANN,109,345,0.0035098255415407426,0.9788819875776398,0.008439355472262459,0.9628571428571429,47.04709074680256
segment,KarciFANN,109,346,0.003371144706494956,0.9795031055900622,0.00821248390997008,0.9657142857142857,82.85060396056718
segment,KarciFANN,109,347,0.0033888707085942115,0.9795031055900622,0.008460393392893145,0.96,71.96243357210811
segment,KarciFANN,109,348,0.003464481447734638,0.9788819875776398,0.008422255319736345,0.96,216.13095314181177
segment,KarciFANN,109,349,0.004449949822737116,0.9757763975155279,0.009436003623972464,0.9571428571428572,17.003868982386916
segment,KarciFANN,109,350,0.003567049682521173,0.9788819875776398,0.00806340755043164,0.9628571428571429,2.9811093524946193
segment,KarciFANN,110,1,0.13226030338123282,0.5596273291925465,0.13161531004445676,0.5657142857142857,1.4070535131560689
segment,KarciFANN,110,2,0.058683061860703115,0.7,0.05659154563352368,0.7028571428571428,1.4257452236234696
segment,KarciFANN,110,3,0.041243356274923586,0.8708074534161491,0.0398555636553482,0.8914285714285715,1.4212327278931995
segment,KarciFANN,110,4,0.040948759754843925,0.8006211180124223,0.038812919494164315,0.8142857142857143,2.0083356083161954
segment,KarciFANN,110,5,0.03731938983329955,0.8142857142857143,0.03736752938433482,0.8285714285714286,1.6571767632474343
segment,KarciFANN,110,6,0.02852023625206192,0.884472049689441,0.028427842131181807,0.8914285714285715,3.305379006065975
segment,KarciFANN,110,7,0.02370792777706201,0.9124223602484473,0.025153319670196673,0.9114285714285715,2.5178513343263083
segment,KarciFANN,110,8,0.026413757555764125,0.9260869565217391,0.02852737269855079,0.9228571428571428,2.7601000256889066
segment,KarciFANN,110,9,0.01607378505315866,0.9391304347826087,0.018004387529447465,0.9342857142857143,2.2485418010520464
segment,KarciFANN,110,10,0.0228209013055719,0.9031055900621118,0.0254414930128013,0.8685714285714285,2.063387522535483
segment,KarciFANN,110,11,0.017519965188404187,0.9322981366459627,0.019086909677700454,0.92,3.549552552703377
segment,KarciFANN,110,12,0.014570091852178361,0.94472049689441,0.017002689633996655,0.9371428571428572,2.540118144085065
segment,KarciFANN,110,13,0.016203906633621194,0.931055900621118,0.017720046367405994,0.9142857142857143,5.221478054603516
segment,KarciFANN,110,14,0.01799753015014919,0.9142857142857143,0.020954328801535485,0.9028571428571428,2.6473469836877785
segment,KarciFANN,110,15,0.014674119130373139,0.9372670807453416,0.017988344269638332,0.9228571428571428,2.3587011000895233
segment,KarciFANN,110,16,0.01488922302391022,0.9260869565217391,0.015816137260624308,0.9257142857142857,2.1228212785573044
segment,KarciFANN,110,17,0.013969859384919807,0.9366459627329192,0.015620394455277409,0.9342857142857143,2.330050619606844
segment,KarciFANN,110,18,0.01773640177009143,0.924223602484472,0.018790258295881736,0.92,3.2170431517929083
segment,KarciFANN,110,19,0.013391035296929506,0.937888198757764,0.014890803428392732,0.9285714285714286,9.972338373899701
segment,KarciFANN,110,20,0.011984934970955749,0.9434782608695652,0.014738867511840684,0.9371428571428572,10.46197287814563
segment,KarciFANN,110,21,0.01337654116835372,0.9422360248447205,0.015113311105779811,0.9371428571428572,2.31416250445857
segment,KarciFANN,110,22,0.015567560114770925,0.9385093167701863,0.017337639006014118,0.94,1.5984317479945835
segment,KarciFANN,110,23,0.014716217169086537,0.9503105590062112,0.01889445798391488,0.9342857142857143,2.823841245021694
segment,KarciFANN,110,24,0.012597512051501256,0.9422360248447205,0.015974082004600456,0.9285714285714286,8.408419025871892
segment,KarciFANN,110,25,0.01231552820897163,0.9472049689440993,0.015337879183060555,0.9257142857142857,2.339276072670455
segment,KarciFANN,110,26,0.021242857629674854,0.9198757763975155,0.02463394044868473,0.9171428571428571,3.5756643832373394
segment,KarciFANN,110,27,0.01052149051148745,0.9503105590062112,0.013119735921462594,0.9457142857142857,2.7592617340500922
segment,KarciFANN,110,28,0.009939029020588644,0.9608695652173913,0.014080925503718792,0.9314285714285714,2.1350818062078867
segment,KarciFANN,110,29,0.01532136368134755,0.9391304347826087,0.018983804968621655,0.9171428571428571,3.6348300586204525
segment,KarciFANN,110,30,0.008858686162192916,0.9614906832298137,0.012569476800366183,0.9428571428571428,15.20984433222727
segment,KarciFANN,110,31,0.012414500884398784,0.9546583850931677,0.016240452074487124,0.9314285714285714,4.501913622831182
segment,KarciFANN,110,32,0.00834346931951636,0.9652173913043478,0.012386757640822227,0.9371428571428572,30.506616513221793
segment,KarciFANN,110,33,0.009340878181054658,0.9559006211180124,0.012417315356879786,0.9457142857142857,12.735877533561803
segment,KarciFANN,110,34,0.008230322761782196,0.9627329192546584,0.01177706547868946,0.9457142857142857,10.553185131450524
segment,KarciFANN,110,35,0.020177134017610083,0.9236024844720497,0.022222425936847402,0.9028571428571428,2.6716902935540032
segment,KarciFANN,110,36,0.01083800219999619,0.9546583850931677,0.013820300023887832,0.9485714285714286,10.278687088362746
segment,KarciFANN,110,37,0.009851963695093974,0.9608695652173913,0.012990864750672937,0.9457142857142857,2.7679738723193728
segment,KarciFANN,110,38,0.008879006838107825,0.9590062111801242,0.011634652174372552,0.9542857142857143,39.74632559952023
segment,KarciFANN,110,39,0.0078063740448901546,0.9633540372670808,0.012170874460228666,0.9457142857142857,56.45928636187534
segment,KarciFANN,110,40,0.007440497980050974,0.970807453416149,0.010921041068937471,0.9542857142857143,20.327441934282803
segment,KarciFANN,110,41,0.011730192862447116,0.9472049689440993,0.014690509197343701,0.9342857142857143,7.137250824384115
segment,KarciFANN,110,42,0.007059161053208791,0.9664596273291925,0.010501989716027216,0.9485714285714286,1.7894023403857862
segment,KarciFANN,110,43,0.00802573211033334,0.9608695652173913,0.011598339563238748,0.9542857142857143,37.34273714681811
segment,KarciFANN,110,44,0.01330369176948749,0.9366459627329192,0.015581306997188796,0.9314285714285714,6.620767912343162
segment,KarciFANN,110,45,0.00789817390541839,0.9639751552795031,0.010645080803835848,0.9542857142857143,3.017598212104954
segment,KarciFANN,110,46,0.017154911489163198,0.9204968944099379,0.019721871832774143,0.9114285714285715,3.5024608926626826
segment,KarciFANN,110,47,0.00991922522544953,0.968944099378882,0.012738332700957134,0.9485714285714286,4.884488531961908
segment,KarciFANN,110,48,0.006062007567492783,0.9726708074534162,0.010862499474413102,0.9514285714285714,3.202960966812548
segment,KarciFANN,110,49,0.00862696846115849,0.9627329192546584,0.01322964155038564,0.94,14.008748030953546
segment,KarciFANN,110,50,0.013802782019535009,0.9372670807453416,0.01674003956372332,0.9171428571428571,4.325977628604982
segment,KarciFANN,110,51,0.011000144495816478,0.9490683229813665,0.013249859400986766,0.9457142857142857,6.918360107325055
segment,KarciFANN,110,52,0.006959128278736736,0.9645962732919254,0.010000883427446507,0.9571428571428572,40.13096340971801
segment,KarciFANN,110,53,0.008631652948310916,0.9608695652173913,0.01262994784458193,0.94,2.525787812252426
segment,KarciFANN,110,54,0.005883775752560749,0.9739130434782609,0.011380389773374902,0.9485714285714286,3.2100477506856766
segment,KarciFANN,110,55,0.014894787229968903,0.9360248447204969,0.019192570727459033,0.92,3.7085997594990174
segment,KarciFANN,110,56,0.006570725961393169,0.9677018633540373,0.010408579549093163,0.9542857142857143,3.2988937864377843
segment,KarciFANN,110,57,0.005219336092159384,0.9751552795031055,0.009908688518441122,0.9542857142857143,23.475826322982584
segment,KarciFANN,110,58,0.006466247587037528,0.9701863354037267,0.011191013207825645,0.9485714285714286,18.077125194531696
segment,KarciFANN,110,59,0.013316965967878602,0.9397515527950311,0.01700285447672925,0.9314285714285714,11.624736480658838
segment,KarciFANN,110,60,0.007411426764153826,0.9627329192546584,0.01232181865653995,0.9514285714285714,8.955991812218803
segment,KarciFANN,110,61,0.013259737210189056,0.9360248447204969,0.017025799007689295,0.9257142857142857,2.575611565251777
segment,KarciFANN,110,62,0.008167290775075773,0.9695652173913043,0.011446552964267042,0.9485714285714286,6.832882571598712
segment,KarciFANN,110,63,0.004927043667114511,0.9745341614906833,0.009766611362891241,0.9542857142857143,22.035966825869288
segment,KarciFANN,110,64,0.01077148771123445,0.9503105590062112,0.013749575515987255,0.9342857142857143,2.6171300193096574
segment,KarciFANN,110,65,0.004781385674621895,0.9751552795031055,0.009577817188702811,0.9571428571428572,16.450155926998413
segment,KarciFANN,110,66,0.004965437713395391,0.9739130434782609,0.010197349887578172,0.9485714285714286,3.148668358610656
segment,KarciFANN,110,67,0.016579621055368966,0.9329192546583851,0.018775660105573754,0.9314285714285714,3.4048696885713143
segment,KarciFANN,110,68,0.009555510915382948,0.9565217391304348,0.01385218968388438,0.94,6.079676216379079
segment,KarciFANN,110,69,0.005506143511893586,0.9726708074534162,0.010498812773918198,0.9514285714285714,26.694721505956956
segment,KarciFANN,110,70,0.004707475215359973,0.9763975155279503,0.009643164190285037,0.9571428571428572,68.55131699940067
segment,KarciFANN,110,71,0.006860747806823288,0.9714285714285714,0.01181639333419283,0.9514285714285714,13.96648879576133
segment,KarciFANN,110,72,0.027682771670009678,0.8968944099378882,0.028123808694538312,0.9,3.025643714776175
segment,KarciFANN,110,73,0.0055699207833646664,0.9714285714285714,0.009732596572163906,0.9628571428571429,21.741585228418753
segment,KarciFANN,110,74,0.004764028929179176,0.9757763975155279,0.009664558741490954,0.96,53.54141468015448
segment,KarciFANN,110,75,0.005801565363597667,0.9745341614906833,0.011572918726614518,0.9457142857142857,10.672536648324092
segment,KarciFANN,110,76,0.0044927225681883586,0.977639751552795,0.009499847476928783,0.9628571428571429,30.060970298076203
segment,KarciFANN,110,77,0.010817515870644055,0.9515527950310559,0.014313812732504644,0.9428571428571428,7.0083423148048976
segment,KarciFANN,110,78,0.004847886499843683,0.9739130434782609,0.009319520679514366,0.9628571428571429,112.91149454209896
segment,KarciFANN,110,79,0.0053728698341568345,0.9732919254658385,0.010050195615443727,0.9542857142857143,49.70031182497572
segment,KarciFANN,110,80,0.005812858796461232,0.9695652173913043,0.010053722521206353,0.9542857142857143,2.3390800227903954
segment,KarciFANN,110,81,0.004246129728274223,0.9782608695652174,0.009672826139056553,0.9571428571428572,2.592882524200594
segment,KarciFANN,110,82,0.004331796256523844,0.9770186335403727,0.009784391430822624,0.9542857142857143,59.65828349446386
segment,KarciFANN,110,83,0.011425743955195689,0.9465838509316771,0.014589505182470174,0.9428571428571428,3.968233026584708
segment,KarciFANN,110,84,0.004651703652878363,0.9763975155279503,0.009835968140462968,0.9571428571428572,33.43122883176796
segment,KarciFANN,110,85,0.0056574759246066685,0.9732919254658385,0.010250533503069788,0.9542857142857143,10.842910907106807
segment,KarciFANN,110,86,0.005134012096968673,0.9732919254658385,0.010413572880517781,0.9571428571428572,83.57937772387508
segment,KarciFANN,110,87,0.0073178527805461595,0.9726708074534162,0.011528409001218588,0.9514285714285714,4.381216990132901
segment,KarciFANN,110,88,0.016603607001332267,0.962111801242236,0.022007907988368613,0.9428571428571428,5.929169143252061
segment,KarciFANN,110,89,0.011694981948397451,0.9472049689440993,0.01549462084022701,0.9314285714285714,3.1596844492678846
segment,KarciFANN,110,90,0.004873236974071303,0.9751552795031055,0.010206298880605933,0.9514285714285714,32.64368583279454
segment,KarciFANN,110,91,0.005217874833041986,0.9763975155279503,0.010524699433561472,0.9571428571428572,6.853604889025671
segment,KarciFANN,110,92,0.004277526867195005,0.9788819875776398,0.00890858198351752,0.9657142857142857,35.17193436166094
segment,KarciFANN,110,93,0.006279781264651076,0.9683229813664597,0.009649728528430067,0.96,30.429641504985135
segment,KarciFANN,110,94,0.010063076101474864,0.9509316770186336,0.013821157300966785,0.9457142857142857,3.4605107510947866
segment,KarciFANN,110,95,0.004342130207060506,0.977639751552795,0.009975252839320967,0.9542857142857143,59.95741279188065
segment,KarciFANN,110,96,0.006313593221963638,0.9726708074534162,0.011430208821414295,0.9542857142857143,47.35332733828733
segment,KarciFANN,110,97,0.004693526092573807,0.9745341614906833,0.009591910769793214,0.9628571428571429,23.215560564604772
segment,KarciFANN,110,98,0.0052349487881550956,0.9745341614906833,0.009063471206359008,0.9571428571428572,2.8380794694601685
segment,KarciFANN,110,99,0.004340711631162289,0.977639751552795,0.009046363794724113,0.9571428571428572,17.26305195459342
segment,KarciFANN,110,100,0.005782255130019469,0.9701863354037267,0.009334353371315727,0.9628571428571429,10.124101053780556
segment,KarciFANN,110,101,0.004291319457217266,0.9757763975155279,0.00836562319571218,0.9571428571428572,101.26207743643624
segment,KarciFANN,110,102,0.004311694386751254,0.9751552795031055,0.009128132979916012,0.96,76.69719089059632
segment,KarciFANN,110,103,0.008636885043746285,0.9583850931677018,0.01246620423875887,0.96,12.875077985404985
segment,KarciFANN,110,104,0.004214987124196693,0.9770186335403727,0.00860623458027711,0.96,12.216288824842925
segment,KarciFANN,110,105,0.004457243798763139,0.9770186335403727,0.009292260896545102,0.9571428571428572,9.571466419425107
segment,KarciFANN,110,106,0.0038998947097928977,0.9782608695652174,0.008661602129428592,0.96,45.74714191335017
segment,KarciFANN,110,107,0.004475868301911451,0.9763975155279503,0.009248758613871977,0.9571428571428572,60.97465381501659
segment,KarciFANN,110,108,0.007839875112998895,0.9677018633540373,0.012335630530906937,0.9542857142857143,6.6355383748775605
segment,KarciFANN,110,109,0.004230547540942668,0.9757763975155279,0.009150733907941203,0.9571428571428572,37.87343014451888
segment,KarciFANN,110,110,0.004409945376540987,0.9770186335403727,0.009062294443949728,0.96,14.746954831678279
segment,KarciFANN,110,111,0.00481738258995492,0.9739130434782609,0.009525956989369918,0.9514285714285714,11.299935636157805
segment,KarciFANN,110,112,0.004616255427544245,0.9745341614906833,0.009144187343412739,0.96,107.0265838023639
segment,KarciFANN,110,113,0.004136846007954148,0.9770186335403727,0.008982203965052926,0.9571428571428572,90.34176764242842
segment,KarciFANN,110,114,0.012291390758471027,0.9472049689440993,0.013575541132774614,0.9485714285714286,3.193506825846226
segment,KarciFANN,110,115,0.01753862824910052,0.9229813664596274,0.018659561332165203,0.9228571428571428,4.01017114180843
segment,KarciFANN,110,116,0.003910532661158281,0.9770186335403727,0.008473807714860242,0.9628571428571429,65.77791643270729
segment,KarciFANN,110,117,0.003888859726694403,0.9770186335403727,0.008640234117741757,0.96,36.53396108789086
segment,KarciFANN,110,118,0.0037130035267208985,0.9807453416149068,0.008507316619943249,0.9657142857142857,41.590452968623346
segment,KarciFANN,110,119,0.004213414744523987,0.9763975155279503,0.00894794834587831,0.96,24.04214238962328
segment,KarciFANN,110,120,0.0049861738445959765,0.9751552795031055,0.009968151586398258,0.9571428571428572,12.029380274196374
segment,KarciFANN,110,121,0.005861273929200441,0.970807453416149,0.010706783322321932,0.9514285714285714,3.1041616173405466
segment,KarciFANN,110,122,0.0038883362805730783,0.9782608695652174,0.009520453480538064,0.9542857142857143,12.897342651764548
segment,KarciFANN,110,123,0.006529337064464334,0.9664596273291925,0.01131776588428986,0.9542857142857143,7.079514297490226
segment,KarciFANN,110,124,0.005890211021959153,0.9701863354037267,0.01037304253934208,0.9514285714285714,62.41887530765309
segment,KarciFANN,110,125,0.012278471171365041,0.9453416149068323,0.014219435456201449,0.9371428571428572,4.571966196893151
segment,KarciFANN,110,126,0.003928454164855779,0.9788819875776398,0.008899673110309276,0.9628571428571429,3.519368794054695
segment,KarciFANN,110,127,0.0035500717225706844,0.9788819875776398,0.00869885299261492,0.9542857142857143,114.89086037092558
segment,KarciFANN,110,128,0.005497538653832746,0.9701863354037267,0.009957165968837592,0.9571428571428572,65.67720982395414
segment,KarciFANN,110,129,0.004623141150513735,0.9770186335403727,0.01067692906534361,0.9571428571428572,87.43095316898504
segment,KarciFANN,110,130,0.003661910892781769,0.977639751552795,0.008649277104283214,0.9571428571428572,26.08766276692949
segment,KarciFANN,110,131,0.003572899823582171,0.9801242236024845,0.008152302732051886,0.96,67.54778412270198
segment,KarciFANN,110,132,0.00366621487284033,0.9801242236024845,0.00832516816438573,0.9657142857142857,11.153503574188447
segment,KarciFANN,110,133,0.003538193326386929,0.9795031055900622,0.008253562401083986,0.96,71.22073153556256
segment,KarciFANN,110,134,0.00435554962294751,0.9732919254658385,0.009175090966208615,0.96,22.180860364287472
segment,KarciFANN,110,135,0.00346364204025786,0.9801242236024845,0.007981970832279542,0.9628571428571429,38.527786486993875
segment,KarciFANN,110,136,0.003525735847493593,0.9807453416149068,0.008409136873696762,0.9571428571428572,3.5479559951327615
segment,KarciFANN,110,137,0.00382193108342043,0.9763975155279503,0.008563106029361953,0.96,30.72752873135952
segment,KarciFANN,110,138,0.003915653218709178,0.9801242236024845,0.00844189751683477,0.96,14.411886506943768
segment,KarciFANN,110,139,0.003486966220695208,0.9795031055900622,0.009009212624404087,0.9514285714285714,14.398609638142025
segment,KarciFANN,110,140,0.0037038741139915235,0.9788819875776398,0.008525058122901495,0.96,79.09943281254913
segment,KarciFANN,110,141,0.003664420316864464,0.9782608695652174,0.00904497733251983,0.96,79.84464456725043
segment,KarciFANN,110,142,0.003617702475020756,0.9782608695652174,0.008709839145350517,0.96,195.08470709700222
segment,KarciFANN,110,143,0.00412185735457428,0.9757763975155279,0.009585633988154827,0.9542857142857143,21.270013871977376
segment,KarciFANN,110,144,0.003764472788365074,0.9788819875776398,0.008646298093788586,0.9542857142857143,3.488221345734187
segment,KarciFANN,110,145,0.009836756285938586,0.9571428571428572,0.013138938197484719,0.9457142857142857,6.893393587078497
segment,KarciFANN,110,146,0.003548381611583262,0.9795031055900622,0.008545786393837178,0.96,15.230260469647998
segment,KarciFANN,110,147,0.0035680292843499784,0.9788819875776398,0.008690414052014669,0.9571428571428572,3.551885738568253
segment,KarciFANN,110,148,0.0034462152938179525,0.9795031055900622,0.008769121751306405,0.96,3.560191541095181
segment,KarciFANN,110,149,0.004194701823559718,0.9770186335403727,0.009720967256582811,0.9571428571428572,39.949499099337984
segment,KarciFANN,110,150,0.003465708303823598,0.9807453416149068,0.008832529993209314,0.96,79.31324141397688
segment,KarciFANN,110,151,0.011262512794075134,0.9459627329192547,0.015260803957462401,0.94,4.129254618030187
segment,KarciFANN,110,152,0.003354922689057607,0.9795031055900622,0.008863983917541264,0.96,3.5709904176167853
segment,KarciFANN,110,153,0.004317033489990513,0.9757763975155279,0.009259799598736082,0.9628571428571429,33.760313163271626
segment,KarciFANN,110,154,0.0038600739774746736,0.977639751552795,0.008990551166268613,0.9571428571428572,58.89071858836435
segment,KarciFANN,110,155,0.0037634079341511495,0.9813664596273292,0.0084831990009269,0.9685714285714285,61.70419222742005
segment,KarciFANN,110,156,0.00375324384278941,0.9788819875776398,0.009143637759692498,0.9628571428571429,69.86302547727854
segment,KarciFANN,110,157,0.003955512397830564,0.9795031055900622,0.009756691300114998,0.9571428571428572,15.147022778860556
segment,KarciFANN,110,158,0.004139420738716591,0.977639751552795,0.009575568674320564,0.96,118.66222095817824
segment,KarciFANN,110,159,0.003285495252966475,0.9819875776397515,0.008274975923770155,0.9657142857142857,68.57673033410957
segment,KarciFANN,110,160,0.003271543825306305,0.9819875776397515,0.008699403573832466,0.96,21.61902926534162
segment,KarciFANN,110,161,0.005018295133736335,0.9751552795031055,0.009210917386966229,0.9657142857142857,11.820625908554675
segment,KarciFANN,110,162,0.003109428658347694,0.9813664596273292,0.007666468874004809,0.9628571428571429,26.437734560635015
segment,KarciFANN,110,163,0.004118586188752538,0.9782608695652174,0.007933873519606236,0.9685714285714285,28.399566509231985
segment,KarciFANN,110,164,0.0033092081579067273,0.9813664596273292,0.007738365860830368,0.9628571428571429,58.20260422876743
segment,KarciFANN,110,165,0.0037003650699189206,0.9788819875776398,0.00795409031753225,0.9628571428571429,101.39888260976481
segment,KarciFANN,110,166,0.0032993114256921153,0.9826086956521739,0.00766633487243775,0.96,3.587275413715087
segment,KarciFANN,110,167,0.003077816472750411,0.9813664596273292,0.007953908262096286,0.9628571428571429,25.387172713937403
segment,KarciFANN,110,168,0.004816416818244843,0.9745341614906833,0.008139627787701715,0.9657142857142857,10.971022091904532
segment,KarciFANN,110,169,0.005014687373040078,0.9726708074534162,0.007986076683374754,0.9657142857142857,44.728132956916035
segment,KarciFANN,110,170,0.0035539733182048585,0.9819875776397515,0.007433576755877218,0.9742857142857143,3.2216812571180298
segment,KarciFANN,110,171,0.003063366522733687,0.9813664596273292,0.007281275861226778,0.9742857142857143,41.716733010244056
segment,KarciFANN,110,172,0.0042001936818619875,0.9770186335403727,0.007497832105193312,0.9742857142857143,69.25196085946972
segment,KarciFANN,110,173,0.0031162041449561938,0.9813664596273292,0.007560183240668086,0.9657142857142857,27.39385797682327
segment,KarciFANN,110,174,0.0037635441967406014,0.9801242236024845,0.008384068488831104,0.9628571428571429,136.06006765573773
segment,KarciFANN,110,175,0.0037875350180670195,0.9788819875776398,0.007866840716211958,0.9657142857142857,13.579866544264663
segment,KarciFANN,110,176,0.003208934712050242,0.9807453416149068,0.008278286208879259,0.9628571428571429,26.63305501722571
segment,KarciFANN,110,177,0.003289727072166405,0.9813664596273292,0.007483396436241438,0.9657142857142857,126.08924625344152
segment,KarciFANN,110,178,0.0032266695152316765,0.9826086956521739,0.008537238346311031,0.96,47.159596121597446
segment,KarciFANN,110,179,0.0032036866008472724,0.9813664596273292,0.008284130542447964,0.96,41.93627160947735
segment,KarciFANN,110,180,0.0032053504239957175,0.9807453416149068,0.008469595402193171,0.9628571428571429,27.780358311303946
segment,KarciFANN,110,181,0.0033538439791480626,0.9807453416149068,0.0083664582956529,0.9628571428571429,38.37556407388383
segment,KarciFANN,110,182,0.003761502343157318,0.9801242236024845,0.008195171161752791,0.9657142857142857,122.02101864928906
segment,KarciFANN,110,183,0.003368115021246545,0.9819875776397515,0.00776642707694326,0.9685714285714285,3.603859555427809
segment,KarciFANN,110,184,0.003777788277801169,0.9801242236024845,0.007628203992806858,0.9714285714285714,4.146401432627902
segment,KarciFANN,110,185,0.003485038421770036,0.9807453416149068,0.008038716938902776,0.9657142857142857,204.8354796689735
segment,KarciFANN,110,186,0.0030615190627476686,0.9819875776397515,0.008201591125289218,0.9657142857142857,47.7170798234283
segment,KarciFANN,110,187,0.003096586191059899,0.9807453416149068,0.007889463326350722,0.9657142857142857,3.651418580328413
segment,KarciFANN,110,188,0.0030564827681591276,0.9807453416149068,0.008027056294714131,0.9628571428571429,3.554281433373219
segment,KarciFANN,110,189,0.003091684262785455,0.9819875776397515,0.008118617260543345,0.9657142857142857,14.407206372265493
segment,KarciFANN,110,190,0.0032488507580281855,0.9807453416149068,0.008233535260583192,0.9657142857142857,35.75027156039973
segment,KarciFANN,110,191,0.003351629402965318,0.9801242236024845,0.008061531108475493,0.9628571428571429,2.862744149431666
segment,KarciFANN,110,192,0.003285010543913216,0.9813664596273292,0.00808751425469923,0.96,3.5981788354026483
segment,KarciFANN,110,193,0.0030717022122500417,0.9819875776397515,0.007512471749647969,0.9685714285714285,73.18139432176787
segment,KarciFANN,110,194,0.012095260705457269,0.9496894409937888,0.013622742359007999,0.9457142857142857,5.554069083251439
segment,KarciFANN,110,195,0.004749902591179546,0.9757763975155279,0.010034006638158968,0.9571428571428572,5.588609806952158
segment,KarciFANN,110,196,0.006203720850907773,0.9732919254658385,0.010569997679662081,0.9628571428571429,5.933113661603962
segment,KarciFANN,110,197,0.0038794399057200677,0.9788819875776398,0.007274211266605238,0.9685714285714285,94.67855483948165
segment,KarciFANN,110,198,0.003467631272097535,0.9807453416149068,0.007621746335519827,0.9685714285714285,56.85766006059801
segment,KarciFANN,110,199,0.009084591644325608,0.9577639751552796,0.009980707664356001,0.96,8.408313668753962
segment,KarciFANN,110,200,0.003384037526650656,0.9801242236024845,0.007491809570047848,0.9657142857142857,2.8189069184896773
segment,KarciFANN,110,201,0.005377860193318376,0.9714285714285714,0.007009277091363322,0.9714285714285714,20.46936705295212
segment,KarciFANN,110,202,0.0032313107602191375,0.9801242236024845,0.007111669159926849,0.9657142857142857,39.62080624347035
segment,KarciFANN,110,203,0.004269573372819828,0.9782608695652174,0.0072132959466121435,0.9685714285714285,13.959419313009207
segment,KarciFANN,110,204,0.0040496958716622605,0.9770186335403727,0.007370674897364594,0.9685714285714285,101.82277033412076
segment,KarciFANN,110,205,0.003369420923813027,0.9807453416149068,0.007353446822189251,0.9628571428571429,24.97990322298353
segment,KarciFANN,110,206,0.003233137644019553,0.9813664596273292,0.007588218151938022,0.96,76.5737313311347
segment,KarciFANN,110,207,0.003127302738106322,0.9826086956521739,0.007080905627090689,0.9657142857142857,94.69930833382337
segment,KarciFANN,110,208,0.003481849705060262,0.9813664596273292,0.006578630593760089,0.9714285714285714,426.6724396978467
segment,KarciFANN,110,209,0.004155709633446674,0.9788819875776398,0.009167503589211892,0.96,170.93339526006653
segment,KarciFANN,110,210,0.00402584482125102,0.977639751552795,0.009162573294142105,0.9571428571428572,2.5989439000095214
segment,KarciFANN,110,211,0.004631205116152993,0.9782608695652174,0.008459337367901412,0.96,12.376595845115277
segment,KarciFANN,110,212,0.003478627586380287,0.9795031055900622,0.007086075815416817,0.9657142857142857,215.7330502448035
segment,KarciFANN,110,213,0.0030522796030694535,0.9807453416149068,0.007956090598603846,0.9628571428571429,30.904136800872745
segment,KarciFANN,110,214,0.006506715080173242,0.9658385093167702,0.008441930948818675,0.9714285714285714,12.118044417398414
segment,KarciFANN,110,215,0.0067851086948332974,0.968944099378882,0.011271321406997542,0.9485714285714286,8.879913314835663
segment,KarciFANN,110,216,0.003446588556866479,0.9801242236024845,0.007654191951592201,0.9628571428571429,255.57592335356048
segment,KarciFANN,110,217,0.003708600687858245,0.977639751552795,0.00768365341297551,0.9628571428571429,175.5353725597485
segment,KarciFANN,110,218,0.009107264359788689,0.9602484472049689,0.010310544984239287,0.9514285714285714,4.529379125579704
segment,KarciFANN,110,219,0.003120163602144562,0.9807453416149068,0.008379125766397148,0.9628571428571429,95.21750180540614
segment,KarciFANN,110,220,0.0069298273035229094,0.970807453416149,0.010389624843602374,0.9542857142857143,4.184160308785213
segment,KarciFANN,110,221,0.0037602292460834105,0.9788819875776398,0.008634344695912951,0.9571428571428572,3.7707756530121683
segment,KarciFANN,110,222,0.0034892990288028568,0.9801242236024845,0.007056256813556405,0.9628571428571429,14.654029703123648
segment,KarciFANN,110,223,0.0031302018333844903,0.9819875776397515,0.007732281557119879,0.96,81.39375706740256
segment,KarciFANN,110,224,0.003181292128487897,0.9832298136645963,0.006740823574097862,0.9685714285714285,40.276307132508514
segment,KarciFANN,110,225,0.0030616070715106234,0.9826086956521739,0.007300862896438664,0.96,283.7534860093647
segment,KarciFANN,110,226,0.00327024957547026,0.9782608695652174,0.007242360823679902,0.9657142857142857,3.7188486171060258
segment,KarciFANN,110,227,0.0031962800354132914,0.9813664596273292,0.006927803553637648,0.9628571428571429,71.39013484930219
segment,KarciFANN,110,228,0.0029537794878094006,0.9832298136645963,0.0070110731530110115,0.9657142857142857,3.759217238323328
segment,KarciFANN,110,229,0.006835144403734096,0.9652173913043478,0.012046122772209936,0.9514285714285714,6.99910491783002
segment,KarciFANN,110,230,0.003880843864406545,0.9782608695652174,0.008252176219184885,0.9628571428571429,15.701264360825725
segment,KarciFANN,110,231,0.003687676585044427,0.9795031055900622,0.007465762796073464,0.9657142857142857,251.56769047457084
segment,KarciFANN,110,232,0.003280431127393224,0.9801242236024845,0.007312520110225464,0.9685714285714285,3.762247591998724
segment,KarciFANN,110,233,0.0030826680015253183,0.9813664596273292,0.0076753388432644135,0.9685714285714285,46.49484225005877
segment,KarciFANN,110,234,0.0030268146474944782,0.9819875776397515,0.007511671500501721,0.9657142857142857,75.08954923928836
segment,KarciFANN,110,235,0.0033242714668147238,0.9807453416149068,0.007975551632300163,0.9657142857142857,3.7851040708521753
segment,KarciFANN,110,236,0.0029469483986253966,0.9826086956521739,0.007800560629836474,0.9657142857142857,179.98205594915063
segment,KarciFANN,110,237,0.002973252085579674,0.9819875776397515,0.007537651775116953,0.9657142857142857,3.7830812930373923
segment,KarciFANN,110,238,0.0032385096974937365,0.9795031055900622,0.008476054591577804,0.9628571428571429,78.93489791445012
segment,KarciFANN,110,239,0.01938388306063695,0.9267080745341615,0.018010297365826076,0.9314285714285714,3.6900506943940723
segment,KarciFANN,110,240,0.003563028169589031,0.9801242236024845,0.007891051940442786,0.9685714285714285,27.71990285424258
segment,KarciFANN,110,241,0.0030128960510912846,0.9819875776397515,0.007976085756716652,0.96,198.91471520455076
segment,KarciFANN,110,242,0.0033283806054026236,0.9807453416149068,0.007577024999032865,0.9657142857142857,115.25002118584071
segment,KarciFANN,110,243,0.0030924172884662714,0.9813664596273292,0.007890733723044845,0.9657142857142857,60.810767754662514
segment,KarciFANN,110,244,0.0031939401877738678,0.9819875776397515,0.007587232498081408,0.9657142857142857,55.401711515120155
segment,KarciFANN,110,245,0.0030009498992037524,0.9819875776397515,0.007640326849551655,0.9685714285714285,112.52708041111579
segment,KarciFANN,110,246,0.002901530165728272,0.9832298136645963,0.0076558389762608195,0.9685714285714285,216.47535683290485
segment,KarciFANN,110,247,0.007437620133788974,0.9645962732919254,0.009801031554215769,0.96,9.76340245275946
segment,KarciFANN,110,248,0.003141976987907731,0.9813664596273292,0.008348118875730871,0.9628571428571429,3.7307290299016045
segment,KarciFANN,110,249,0.00415755138886056,0.9757763975155279,0.008583913094514692,0.9657142857142857,221.45325153546202
segment,KarciFANN,110,250,0.003540637336199884,0.9788819875776398,0.008511021298812729,0.9685714285714285,2.9097003255600673
segment,KarciFANN,110,251,0.0030209204646957726,0.9813664596273292,0.007986660305870315,0.9685714285714285,106.95498614461263
segment,KarciFANN,110,252,0.0028719712192280264,0.9819875776397515,0.008329966151302944,0.9657142857142857,14.230654768775484
segment,KarciFANN,110,253,0.01714880580972942,0.9354037267080745,0.017317732305082274,0.9371428571428572,3.976031080233551
segment,KarciFANN,110,254,0.004184148191594228,0.9763975155279503,0.00959933206679144,0.9571428571428572,5.167458847947829
segment,KarciFANN,110,255,0.00888619933646718,0.9571428571428572,0.011970324270270456,0.9457142857142857,6.655102654773215
segment,KarciFANN,110,256,0.00349826725122607,0.9801242236024845,0.009399412447403648,0.96,173.94649181151138
segment,KarciFANN,110,257,0.0035099372053827484,0.9801242236024845,0.00791186654146364,0.9657142857142857,355.1994324412457
segment,KarciFANN,110,258,0.0029704148540178124,0.9819875776397515,0.007724026262665665,0.9685714285714285,152.95293378120726
segment,KarciFANN,110,259,0.009288172439887622,0.9602484472049689,0.012553215354584923,0.9514285714285714,7.138040301797049
segment,KarciFANN,110,260,0.0036020311114208343,0.977639751552795,0.009912972260665901,0.9628571428571429,3.0740662939847296
segment,KarciFANN,110,261,0.0032572867099655515,0.9801242236024845,0.008529327167818372,0.9628571428571429,3.003712060353511
segment,KarciFANN,110,262,0.003198543418830113,0.9807453416149068,0.007810278132025237,0.9685714285714285,3.8226153048522233
segment,KarciFANN,110,263,0.003408737949187589,0.9788819875776398,0.009043321238272015,0.9657142857142857,60.43673827729168
segment,KarciFANN,110,264,0.011999233663175774,0.9509316770186336,0.015080500775939991,0.9457142857142857,3.2237342395989264
segment,KarciFANN,110,265,0.003166691202553983,0.9807453416149068,0.007407777037255259,0.9628571428571429,66.7996909393214
segment,KarciFANN,110,266,0.0034948971998112976,0.9795031055900622,0.0073925783055686185,0.9714285714285714,224.03217335771745
segment,KarciFANN,110,267,0.003446107625639281,0.9801242236024845,0.007882273533457444,0.9685714285714285,569.1617151786361
segment,KarciFANN,110,268,0.002895921934174657,0.9826086956521739,0.007385675731160911,0.9714285714285714,84.37349573250592
segment,KarciFANN,110,269,0.008320151580430717,0.962111801242236,0.01278459041055492,0.9457142857142857,3.1724291739808472
segment,KarciFANN,110,270,0.0036502469036427555,0.9788819875776398,0.008226683209089983,0.9685714285714285,3.8496623588695638
segment,KarciFANN,110,271,0.0030327743212666103,0.9826086956521739,0.007977840334921608,0.9685714285714285,3.7139790500850673
segment,KarciFANN,110,272,0.00286764303412272,0.9826086956521739,0.008500274449723464,0.9685714285714285,119.87508731989807
segment,KarciFANN,110,273,0.0032561975079515304,0.9813664596273292,0.008154351067559096,0.9714285714285714,53.54800034507318
segment,KarciFANN,110,274,0.004664578290638982,0.9745341614906833,0.008909262144484011,0.9685714285714285,16.605175906369148
segment,KarciFANN,110,275,0.002805104031371987,0.9819875776397515,0.008377208195436803,0.9657142857142857,2.9006906823257648
segment,KarciFANN,110,276,0.0029478029869564634,0.9826086956521739,0.00834748122228828,0.9685714285714285,51.464083703485464
segment,KarciFANN,110,277,0.0038503315601246097,0.9782608695652174,0.008632975179973804,0.9628571428571429,81.24873965924438
segment,KarciFANN,110,278,0.009162571241223931,0.9608695652173913,0.013526304358167972,0.9457142857142857,3.4301681783093803
segment,KarciFANN,110,279,0.0034018368033917937,0.9788819875776398,0.008809409795526245,0.96,97.96625693941186
segment,KarciFANN,110,280,0.0029078653193748577,0.9832298136645963,0.008092717811091665,0.9714285714285714,22.46783254688399
segment,KarciFANN,110,281,0.0032726245009812825,0.9807453416149068,0.0089512310567007,0.96,75.54700969014213
segment,KarciFANN,110,282,0.00317198564699781,0.9807453416149068,0.010035740982223653,0.9657142857142857,192.1765751200589
segment,KarciFANN,110,283,0.003732214459424397,0.9782608695652174,0.008798855105612484,0.9628571428571429,365.95550758124364
segment,KarciFANN,110,284,0.0031180952849768494,0.9813664596273292,0.007732142768670282,0.9714285714285714,127.38709519939908
segment,KarciFANN,110,285,0.003184803276537544,0.9819875776397515,0.008259696895899619,0.9657142857142857,2.9511420637381294
segment,KarciFANN,110,286,0.0027367547964112426,0.9838509316770186,0.008389374373669373,0.9714285714285714,114.20928411370632
segment,KarciFANN,110,287,0.004001352892906412,0.9795031055900622,0.009299376111459748,0.96,12.32043631551175
segment,KarciFANN,110,288,0.0027386687390401907,0.9826086956521739,0.00803299460057482,0.9714285714285714,552.7398579837976
segment,KarciFANN,110,289,0.002911768829663871,0.9826086956521739,0.009546979167979393,0.96,260.58992812180406
segment,KarciFANN,110,290,0.0030154411297621856,0.9826086956521739,0.008220582173148623,0.9628571428571429,44.11549892741451
segment,KarciFANN,110,291,0.003281293408348786,0.9819875776397515,0.008209404972040042,0.9657142857142857,86.71309295513501
segment,KarciFANN,110,292,0.00277158291976619,0.9838509316770186,0.008235259973983559,0.9657142857142857,106.85731304008814
segment,KarciFANN,110,293,0.0028375395970464106,0.9832298136645963,0.0074977840310006625,0.9685714285714285,43.6067927932484
segment,KarciFANN,110,294,0.002948788516864689,0.9838509316770186,0.008896036368477528,0.9628571428571429,223.0120989630476
segment,KarciFANN,110,295,0.002870856781721262,0.9832298136645963,0.008306222262583986,0.9685714285714285,357.5391208524603
segment,KarciFANN,110,296,0.013458503269167905,0.9509316770186336,0.015999916244181803,0.9371428571428572,5.281745503343553
segment,KarciFANN,110,297,0.0035938046406958535,0.9795031055900622,0.010304723379152137,0.96,28.43107222719536
segment,KarciFANN,110,298,0.0031132546100483566,0.9826086956521739,0.008574900283783412,0.9657142857142857,58.467155971141224
segment,KarciFANN,110,299,0.0027742661677423496,0.9850931677018634,0.008588167330602883,0.9571428571428572,125.45746994939128
segment,KarciFANN,110,300,0.0028864995654390097,0.9807453416149068,0.008678725872097837,0.9628571428571429,46.549127859900075
segment,KarciFANN,110,301,0.0030285024800901653,0.9832298136645963,0.009372907178981697,0.96,3.9011724735909135
segment,KarciFANN,110,302,0.0026857313171270054,0.9826086956521739,0.008870608483944536,0.9657142857142857,301.97811138954523
segment,KarciFANN,110,303,0.0031325838676131423,0.9819875776397515,0.007931228148171704,0.9657142857142857,115.49652816622167
segment,KarciFANN,110,304,0.003075515017386463,0.9819875776397515,0.007618566402183628,0.9685714285714285,67.81005049742531
segment,KarciFANN,110,305,0.002633254967326793,0.9838509316770186,0.007615684114700268,0.9628571428571429,23.061682294856475
segment,KarciFANN,110,306,0.0025900940286891967,0.9838509316770186,0.007643179379226839,0.9657142857142857,311.86629570089065
segment,KarciFANN,110,307,0.0026204027030481466,0.9832298136645963,0.007678648685945465,0.9685714285714285,133.24234823835502
segment,KarciFANN,110,308,0.00287890990916878,0.9832298136645963,0.007778870157735603,0.9714285714285714,63.406328824676365
segment,KarciFANN,110,309,0.002893837169225795,0.9826086956521739,0.008096606550532359,0.9657142857142857,128.96750613947452
segment,KarciFANN,110,310,0.0027286845817478156,0.9832298136645963,0.007849285443369568,0.9714285714285714,3.9114175625480043
segment,KarciFANN,110,311,0.0027819861724103423,0.9819875776397515,0.008476695438131647,0.9628571428571429,30.472972695461994
segment,KarciFANN,110,312,0.0032904777483286395,0.9807453416149068,0.008967343054235494,0.9571428571428572,46.18763182356637
segment,KarciFANN,110,313,0.0027344032779774165,0.9838509316770186,0.0079632842641815,0.9714285714285714,153.75189753714943
segment,KarciFANN,110,314,0.0026989034380002796,0.984472049689441,0.008082916900493294,0.9685714285714285,63.21059776287379
segment,KarciFANN,110,315,0.0034293802193515466,0.9813664596273292,0.008889504807150263,0.9628571428571429,94.31519892805713
segment,KarciFANN,110,316,0.0029295951271089485,0.9819875776397515,0.008164254248415697,0.9657142857142857,270.2385748550775
segment,KarciFANN,110,317,0.002801248096475099,0.9838509316770186,0.008483339384445145,0.9714285714285714,82.74896374301872
segment,KarciFANN,110,318,0.0039012519579952804,0.9782608695652174,0.008836755964984734,0.9628571428571429,139.6840251459091
segment,KarciFANN,110,319,0.0028043330806621146,0.9832298136645963,0.00773585423840821,0.9685714285714285,220.89878405307314
segment,KarciFANN,110,320,0.0027087510937701775,0.984472049689441,0.008161134899788688,0.9685714285714285,88.7283289280209
segment,KarciFANN,110,321,0.0028285296968254096,0.984472049689441,0.007950772743440016,0.9685714285714285,334.6850483566742
segment,KarciFANN,110,322,0.004396447486554891,0.9770186335403727,0.010125990521236994,0.9628571428571429,208.29731967336363
segment,KarciFANN,110,323,0.0029691391592579506,0.9838509316770186,0.008151615094714558,0.9742857142857143,3.9316347861472325
segment,KarciFANN,110,324,0.0027503597715721785,0.984472049689441,0.008054060502934663,0.9685714285714285,28.238322989414254
segment,KarciFANN,110,325,0.002952155534433935,0.9819875776397515,0.008625042267038906,0.9657142857142857,229.464342180392
segment,KarciFANN,110,326,0.0028305877060508773,0.9838509316770186,0.008393704126204946,0.9685714285714285,26.107768998495825
segment,KarciFANN,110,327,0.003976207413131524,0.9788819875776398,0.009066699578250802,0.9657142857142857,18.327486498769748
segment,KarciFANN,110,328,0.0034988906001526213,0.9807453416149068,0.008687359180298332,0.9657142857142857,88.24378419803303
segment,KarciFANN,110,329,0.0026291651138063282,0.984472049689441,0.008778777567898034,0.9657142857142857,70.78132775614779
segment,KarciFANN,110,330,0.0028962609468365795,0.9838509316770186,0.009088591033343502,0.96,19.323379931509578
segment,KarciFANN,110,331,0.00329328745089951,0.9819875776397515,0.008817686739065321,0.9685714285714285,149.40671598720743
segment,KarciFANN,110,332,0.002835724424420381,0.984472049689441,0.008808316057008771,0.9628571428571429,127.50181133977527
segment,KarciFANN,110,333,0.0026739303991048986,0.984472049689441,0.00806773468718232,0.9685714285714285,39.17021368963424
segment,KarciFANN,110,334,0.002927661153406512,0.9832298136645963,0.007953428596396066,0.9714285714285714,376.73589383185697
segment,KarciFANN,110,335,0.0033963849630818553,0.9813664596273292,0.008846246859761044,0.9657142857142857,490.32899488084564
segment,KarciFANN,110,336,0.0039401929210475355,0.9832298136645963,0.009169581780978488,0.9657142857142857,13.293106011270767
segment,KarciFANN,110,337,0.002694305412920336,0.984472049689441,0.008109287671805389,0.9714285714285714,136.59947460711734
segment,KarciFANN,110,338,0.002721993059411911,0.984472049689441,0.00837961085617997,0.9685714285714285,222.13387210710448
segment,KarciFANN,110,339,0.0028723011311494306,0.9826086956521739,0.008110170094566476,0.9714285714285714,3.9669445862837995
segment,KarciFANN,110,340,0.003381928582157706,0.9838509316770186,0.009468784089597407,0.9657142857142857,3.208521106342853
segment,KarciFANN,110,341,0.0027763099007964784,0.9826086956521739,0.008715626549931414,0.9685714285714285,731.0401953822
segment,KarciFANN,110,342,0.0025324631424518767,0.9850931677018634,0.008702393109494054,0.9685714285714285,69.37787170482801
segment,KarciFANN,110,343,0.002732526078048104,0.9832298136645963,0.008275605399123493,0.9685714285714285,204.3133853594528
segment,KarciFANN,110,344,0.002692667788970445,0.9832298136645963,0.008081234257997323,0.9714285714285714,46.94428975565293
segment,KarciFANN,110,345,0.0025479276910763075,0.9838509316770186,0.008266433876794843,0.9685714285714285,76.95497544359365
segment,KarciFANN,110,346,0.0027497537336922356,0.9838509316770186,0.009089101812368817,0.9685714285714285,119.97165426107148
segment,KarciFANN,110,347,0.004201430327803518,0.9795031055900622,0.010673454043312866,0.9542857142857143,16.796792378785376
segment,KarciFANN,110,348,0.002587075565730861,0.984472049689441,0.008586689047282204,0.9657142857142857,438.9505084401966
segment,KarciFANN,110,349,0.002768577326639532,0.9832298136645963,0.008993583665575297,0.9628571428571429,3.11874924512254
segment,KarciFANN,110,350,0.0028347852993840053,0.9832298136645963,0.009240326997971908,0.9628571428571429,140.13610800978236
segment,KarciFANN,111,1,0.0764913005082493,0.5819875776397515,0.07623198013682951,0.5771428571428572,1.156437108961997
segment,KarciFANN,111,2,0.05385726718753246,0.7298136645962733,0.05423612243534577,0.72,1.205323511059338
segment,KarciFANN,111,3,0.039768157404633166,0.8236024844720496,0.04051896884118571,0.8114285714285714,1.9671836984034072
segment,KarciFANN,111,4,0.042550405392150735,0.8322981366459627,0.04202178716477403,0.8257142857142857,2.020778400724793
segment,KarciFANN,111,5,0.01838278713728565,0.9236024844720497,0.01872990274237568,0.92,2.305959871032002
segment,KarciFANN,111,6,0.0308759147617412,0.877639751552795,0.02892709771730309,0.8885714285714286,2.832950878167189
segment,KarciFANN,111,7,0.05342178785001734,0.8428571428571429,0.053316864523775126,0.8285714285714286,1.8541277158056317
segment,KarciFANN,111,8,0.021056044875447454,0.9099378881987578,0.02180713496964084,0.9085714285714286,4.539770981896302
segment,KarciFANN,111,9,0.027097866649275812,0.8993788819875776,0.029089930596545983,0.8685714285714285,4.204706058097704
segment,KarciFANN,111,10,0.020201589908007217,0.9118012422360249,0.020535972579804683,0.9028571428571428,2.4697382842762345
segment,KarciFANN,111,11,0.013011260125364695,0.9490683229813665,0.014134788648346037,0.9371428571428572,7.106969833473062
segment,KarciFANN,111,12,0.012740365785988134,0.9453416149068323,0.013914742447299813,0.9342857142857143,2.383044219514877
segment,KarciFANN,111,13,0.015007111506275463,0.9403726708074535,0.015947865609038023,0.9342857142857143,2.43498360838227
segment,KarciFANN,111,14,0.020157589510355334,0.9149068322981366,0.019541092152369023,0.92,3.894098578767608
segment,KarciFANN,111,15,0.03612054813370839,0.8565217391304348,0.038801147411082586,0.8542857142857143,3.8335901969128896
segment,KarciFANN,111,16,0.022825203251282657,0.906832298136646,0.019925527969457825,0.9171428571428571,2.586565688810236
segment,KarciFANN,111,17,0.012482397544761178,0.9434782608695652,0.01385796592362359,0.9371428571428572,9.999961776303294
segment,KarciFANN,111,18,0.019483556494696627,0.9136645962732919,0.020205551578341533,0.9085714285714286,2.2313387493337986
segment,KarciFANN,111,19,0.014873268833496331,0.9298136645962732,0.014912920703741785,0.9371428571428572,2.319239592844846
segment,KarciFANN,111,20,0.014667173876854896,0.931055900621118,0.014725993004162722,0.9371428571428572,5.45519154479031
segment,KarciFANN,111,21,0.011785418613647404,0.94472049689441,0.013378873858355605,0.94,4.915682163787983
segment,KarciFANN,111,22,0.009150613210829689,0.9565217391304348,0.010497861376789121,0.9457142857142857,8.627381371381498
segment,KarciFANN,111,23,0.008396106737085934,0.9633540372670808,0.010485746269822245,0.9542857142857143,7.1956191097647935
segment,KarciFANN,111,24,0.010126099641662162,0.9546583850931677,0.011180026352551768,0.9542857142857143,12.417579024384999
segment,KarciFANN,111,25,0.007329450675703601,0.970807453416149,0.008945117195938735,0.9571428571428572,14.022653906487033
segment,KarciFANN,111,26,0.010693703674049315,0.9658385093167702,0.011731965954473803,0.9485714285714286,1.926972129712776
segment,KarciFANN,111,27,0.006954517385967682,0.9714285714285714,0.00838826334485886,0.9657142857142857,15.498713064920283
segment,KarciFANN,111,28,0.01325328098907078,0.9484472049689441,0.01367692473869162,0.9485714285714286,8.432895093873583
segment,KarciFANN,111,29,0.0095954279096136,0.9546583850931677,0.011459135837849195,0.9485714285714286,4.863004307089934
segment,KarciFANN,111,30,0.006513604361552754,0.9701863354037267,0.008455684281574423,0.9571428571428572,16.750750357564662
segment,KarciFANN,111,31,0.02628326013902657,0.8987577639751553,0.025679238366415804,0.9,6.719838728447198
segment,KarciFANN,111,32,0.011282097261989685,0.9546583850931677,0.013371428486685993,0.9514285714285714,4.30599328125859
segment,KarciFANN,111,33,0.008075604231352077,0.9627329192546584,0.010838768209168077,0.9457142857142857,10.944469240627946
segment,KarciFANN,111,34,0.006593361728136127,0.9726708074534162,0.009432930301522098,0.9542857142857143,10.93236387433595
segment,KarciFANN,111,35,0.008492977158179283,0.9658385093167702,0.009979653683193658,0.96,2.809454975501702
segment,KarciFANN,111,36,0.007470353096422496,0.9670807453416149,0.009767960162210744,0.9542857142857143,3.0312956698367755
segment,KarciFANN,111,37,0.006008051285532093,0.9732919254658385,0.008047059621803663,0.96,77.9615828775874
segment,KarciFANN,111,38,0.007041721703574513,0.9683229813664597,0.00994565276447829,0.9514285714285714,7.9412221106596625
segment,KarciFANN,111,39,0.007033208792635643,0.9658385093167702,0.009985922407625834,0.9571428571428572,1.9217145100068302
segment,KarciFANN,111,40,0.016623577518034206,0.9397515527950311,0.015827725426372688,0.9457142857142857,2.9329596213979894
segment,KarciFANN,111,41,0.00649418090108598,0.9677018633540373,0.00871785044217574,0.9628571428571429,2.9438064602006975
segment,KarciFANN,111,42,0.014774899840320196,0.937888198757764,0.016473497631399936,0.9285714285714286,8.926192332916953
segment,KarciFANN,111,43,0.005778659383029012,0.9714285714285714,0.00842484512957291,0.9628571428571429,2.2921522833495867
segment,KarciFANN,111,44,0.009410895088552484,0.9559006211180124,0.01125787603116517,0.9514285714285714,8.01342181891439
segment,KarciFANN,111,45,0.014607131545095702,0.9459627329192547,0.019500734746876983,0.9285714285714286,9.386111527263688
segment,KarciFANN,111,46,0.005239498522173482,0.9763975155279503,0.00846382536719705,0.96,49.15093718654508
segment,KarciFANN,111,47,0.007163173620077433,0.968944099378882,0.00931081094293247,0.96,10.165642191938472
segment,KarciFANN,111,48,0.007234085395909717,0.9695652173913043,0.008563747494048552,0.9657142857142857,24.43782932850344
segment,KarciFANN,111,49,0.011877222095621429,0.9465838509316771,0.014006499910649967,0.94,2.244081732021896
segment,KarciFANN,111,50,0.008305121859869863,0.9652173913043478,0.009919884185092787,0.96,8.945970300920463
segment,KarciFANN,111,51,0.0084810141665443,0.9602484472049689,0.010554780531764885,0.96,15.816612042997495
segment,KarciFANN,111,52,0.008600495039009901,0.9602484472049689,0.010387409725632478,0.9542857142857143,6.854787063666591
segment,KarciFANN,111,53,0.009876679219815374,0.9571428571428572,0.010283331342545622,0.9657142857142857,3.7098210169686436
segment,KarciFANN,111,54,0.014409563963903454,0.9385093167701863,0.016019919399944425,0.9228571428571428,2.6272169436907076
segment,KarciFANN,111,55,0.007501287747215914,0.970807453416149,0.009798169935540155,0.9657142857142857,16.94551602245408
segment,KarciFANN,111,56,0.009093974928627459,0.9633540372670808,0.010609775182153107,0.9657142857142857,10.34984531686406
segment,KarciFANN,111,57,0.005191592646558875,0.9763975155279503,0.008444762437983661,0.9657142857142857,11.574237495900817
segment,KarciFANN,111,58,0.004803205711135337,0.9770186335403727,0.008401543452123504,0.96,18.17226909679585
segment,KarciFANN,111,59,0.00818086869229314,0.9732919254658385,0.009050593922504504,0.9657142857142857,3.508469699577094
segment,KarciFANN,111,60,0.0046607146148736735,0.9770186335403727,0.008075459765661304,0.9657142857142857,3.0963843687753068
segment,KarciFANN,111,61,0.01494865397396794,0.9440993788819876,0.018906283643165933,0.9257142857142857,3.148252099613703
segment,KarciFANN,111,62,0.009617630659359359,0.9658385093167702,0.011692339013110153,0.9485714285714286,2.6164932418639886
segment,KarciFANN,111,63,0.005088885571447943,0.9813664596273292,0.008457302516570024,0.9685714285714285,12.549590642294708
segment,KarciFANN,111,64,0.012063874835606224,0.9658385093167702,0.013936414850164091,0.96,4.71135802676163
segment,KarciFANN,111,65,0.00594291211602874,0.9739130434782609,0.00850635145810273,0.9657142857142857,10.4614442319289
segment,KarciFANN,111,66,0.01075710848426862,0.9590062111801242,0.010967008826086328,0.9542857142857143,2.906040078732979
segment,KarciFANN,111,67,0.004934235640760954,0.9788819875776398,0.008070750958510547,0.9685714285714285,8.945613336686758
segment,KarciFANN,111,68,0.014798524201806386,0.9409937888198758,0.016019572930688133,0.94,3.6750849580437523
segment,KarciFANN,111,69,0.004578849536661622,0.9819875776397515,0.00845440398711039,0.9714285714285714,11.540812204659472
segment,KarciFANN,111,70,0.005798113996812376,0.977639751552795,0.00899606117657453,0.9628571428571429,2.5707595720852625
segment,KarciFANN,111,71,0.005889398540857256,0.9745341614906833,0.009170711470618079,0.9628571428571429,3.421722892599363
segment,KarciFANN,111,72,0.01650988154826407,0.9335403726708075,0.017273886924315328,0.9371428571428572,2.899254488262024
segment,KarciFANN,111,73,0.015670543521619923,0.9403726708074535,0.015011302450439985,0.9457142857142857,4.914953180694464
segment,KarciFANN,111,74,0.005818465255512686,0.9751552795031055,0.00996596829673846,0.9514285714285714,3.7419097788931404
segment,KarciFANN,111,75,0.005143026309426152,0.9788819875776398,0.008385965409873086,0.9657142857142857,2.4499018656626372
segment,KarciFANN,111,76,0.004385498678735734,0.9807453416149068,0.0077856876198057175,0.9685714285714285,47.616071033687135
segment,KarciFANN,111,77,0.006765659053864673,0.970807453416149,0.009483594573666964,0.96,53.52295831353061
segment,KarciFANN,111,78,0.005725005043600503,0.9739130434782609,0.009367080083736712,0.9628571428571429,40.021338102634104
segment,KarciFANN,111,79,0.011613842450689596,0.9496894409937888,0.012224497477899271,0.9542857142857143,5.4004870598911845
segment,KarciFANN,111,80,0.018720193550941,0.9254658385093167,0.019241480075873372,0.9285714285714286,4.437001533897712
segment,KarciFANN,111,81,0.00721814972954949,0.970807453416149,0.008809373172435778,0.9628571428571429,33.78948729579088
segment,KarciFANN,111,82,0.005855683044510242,0.9763975155279503,0.00904669020962142,0.9542857142857143,47.34056536209254
segment,KarciFANN,111,83,0.007343680144863132,0.970807453416149,0.008780226978333422,0.9685714285714285,18.346763564863586
segment,KarciFANN,111,84,0.003807346634174972,0.9838509316770186,0.00712280915958627,0.9742857142857143,10.67824745669163
segment,KarciFANN,111,85,0.004497385848698777,0.9807453416149068,0.007966810120327137,0.9685714285714285,34.88886357593337
segment,KarciFANN,111,86,0.003763341208309293,0.984472049689441,0.006946659996420412,0.9685714285714285,38.78981895239165
segment,KarciFANN,111,87,0.01581067381610122,0.9403726708074535,0.01525425197412439,0.9457142857142857,5.936080928985743
segment,KarciFANN,111,88,0.007822790758437325,0.9782608695652174,0.011183324619143375,0.96,4.576287819322722
segment,KarciFANN,111,89,0.00566713663952921,0.9763975155279503,0.00819288493478144,0.9685714285714285,2.4492154933394366
segment,KarciFANN,111,90,0.0040176262205231395,0.9819875776397515,0.008876216319268037,0.96,10.13703440332444
segment,KarciFANN,111,91,0.003649468004672888,0.984472049689441,0.007060229654810101,0.9657142857142857,23.08672149598532
segment,KarciFANN,111,92,0.015495881803726838,0.9354037267080745,0.015438647916688008,0.9371428571428572,3.8081649564859545
segment,KarciFANN,111,93,0.003806066025544521,0.9838509316770186,0.007164181020455385,0.9657142857142857,15.7309801458886
segment,KarciFANN,111,94,0.00341556616019703,0.9838509316770186,0.007274065349548809,0.9714285714285714,58.29787008305208
segment,KarciFANN,111,95,0.0037203035322430104,0.9850931677018634,0.007169630953546524,0.9657142857142857,12.03751166739904
segment,KarciFANN,111,96,0.0033152236471455246,0.984472049689441,0.006778920020443232,0.9714285714285714,61.543034810448695
segment,KarciFANN,111,97,0.003221007071852837,0.9850931677018634,0.006984031825895556,0.9685714285714285,14.351716010305273
segment,KarciFANN,111,98,0.00387785354047553,0.9832298136645963,0.00728690604907492,0.9685714285714285,17.09938426815984
segment,KarciFANN,111,99,0.0036355305196840116,0.9850931677018634,0.006415926415866955,0.9714285714285714,20.523706789937496
segment,KarciFANN,111,100,0.004210368618344561,0.9807453416149068,0.007598831458978758,0.9685714285714285,12.703112152212976
segment,KarciFANN,111,101,0.004469820303081181,0.9832298136645963,0.009210394103268965,0.9685714285714285,28.55859949350029
segment,KarciFANN,111,102,0.004222234308998251,0.9819875776397515,0.00730468183364026,0.9742857142857143,50.01323695796307
segment,KarciFANN,111,103,0.00315286171537844,0.9850931677018634,0.006794239834111983,0.9628571428571429,15.737491854047825
segment,KarciFANN,111,104,0.003385731097258574,0.984472049689441,0.00670138668957512,0.9742857142857143,42.140550645485234
segment,KarciFANN,111,105,0.004047237348393471,0.9801242236024845,0.008073494822251101,0.9685714285714285,59.46460289968433
segment,KarciFANN,111,106,0.004646436949423165,0.9801242236024845,0.006921222949034841,0.9714285714285714,23.709217500843792
segment,KarciFANN,111,107,0.0027882535049480895,0.9875776397515528,0.007095417838359529,0.9742857142857143,47.827294987434705
segment,KarciFANN,111,108,0.005100106103815747,0.9763975155279503,0.008379228043235987,0.9657142857142857,38.378113245934784
segment,KarciFANN,111,109,0.0026530858395564056,0.9894409937888199,0.006894933993074676,0.9714285714285714,11.248443901270646
segment,KarciFANN,111,110,0.0037817556002699817,0.984472049689441,0.006866762978159165,0.9685714285714285,43.15604695770121
segment,KarciFANN,111,111,0.0048654439872837735,0.977639751552795,0.009236259262724639,0.9571428571428572,33.61426896918628
segment,KarciFANN,111,112,0.004162723910646344,0.9838509316770186,0.006599233474917637,0.9742857142857143,2.340080521605587
segment,KarciFANN,111,113,0.004695790429616256,0.9782608695652174,0.007581039083910633,0.9685714285714285,54.07439381188093
segment,KarciFANN,111,114,0.0036466860300989677,0.9832298136645963,0.007042766950356526,0.9714285714285714,50.248092751278264
segment,KarciFANN,111,115,0.0028539861955454576,0.986335403726708,0.006945693227232147,0.9714285714285714,17.92609350373004
segment,KarciFANN,111,116,0.0027162900880534557,0.9869565217391304,0.006872819798851772,0.9714285714285714,96.4378877201886
segment,KarciFANN,111,117,0.0028767851939993424,0.986335403726708,0.006694801118770803,0.9714285714285714,15.610914590340352
segment,KarciFANN,111,118,0.005476179524994529,0.9832298136645963,0.008242755776493317,0.9685714285714285,2.938330216403776
segment,KarciFANN,111,119,0.004178691380042133,0.9857142857142858,0.006900642115601822,0.9742857142857143,7.652539973273137
segment,KarciFANN,111,120,0.003647752968144209,0.9857142857142858,0.007488691362902941,0.9714285714285714,16.293690246670185
segment,KarciFANN,111,121,0.0030394569122104594,0.9869565217391304,0.007167488713206824,0.9685714285714285,106.39168492857816
segment,KarciFANN,111,122,0.006880933087743494,0.9751552795031055,0.008057814782552715,0.9657142857142857,9.621176493767253
segment,KarciFANN,111,123,0.003089055534981552,0.986335403726708,0.007987591734953876,0.9628571428571429,29.26673866693553
segment,KarciFANN,111,124,0.00396336937373481,0.9826086956521739,0.008490661996119576,0.9657142857142857,84.43455284965512
segment,KarciFANN,111,125,0.003396301542685724,0.984472049689441,0.006672677168052112,0.9714285714285714,26.147743316408143
segment,KarciFANN,111,126,0.0026919742560620368,0.9869565217391304,0.006503845939990198,0.9742857142857143,64.68991724722095
segment,KarciFANN,111,127,0.0051940132117056816,0.9782608695652174,0.00760740815057241,0.9685714285714285,2.8840554618717875
segment,KarciFANN,111,128,0.0029414333726400033,0.986335403726708,0.0069896301182182236,0.9685714285714285,3.018014812250671
segment,KarciFANN,111,129,0.003289631742309681,0.9857142857142858,0.006861576318661072,0.9685714285714285,8.244286927304989
segment,KarciFANN,111,130,0.0024578709991938666,0.9881987577639751,0.006062248994965883,0.9714285714285714,44.7508037678443
segment,KarciFANN,111,131,0.003643284157626647,0.984472049689441,0.006878697710299508,0.9742857142857143,43.038804586948004
segment,KarciFANN,111,132,0.0022669515984413066,0.9894409937888199,0.006212589882852978,0.9742857142857143,26.797133811688507
segment,KarciFANN,111,133,0.01698306221120677,0.9254658385093167,0.019462232081224527,0.92,4.45121954713597
segment,KarciFANN,111,134,0.009579550789428414,0.9627329192546584,0.009208429423705318,0.9657142857142857,5.590162593818371
segment,KarciFANN,111,135,0.0041189897713755945,0.9826086956521739,0.0065443934926793955,0.9742857142857143,46.28517913329501
segment,KarciFANN,111,136,0.0030073230961123716,0.9875776397515528,0.007013543034597769,0.9685714285714285,59.06622366414956
segment,KarciFANN,111,137,0.0031791419189127934,0.9857142857142858,0.0075047332369709225,0.9685714285714285,89.20904333046002
segment,KarciFANN,111,138,0.0027088693602669847,0.9894409937888199,0.006885178830832284,0.9685714285714285,82.51829592681972
segment,KarciFANN,111,139,0.0025718179199772442,0.9869565217391304,0.0071596200474581964,0.9657142857142857,198.08944688615267
segment,KarciFANN,111,140,0.002408382314336793,0.9888198757763975,0.006085863859553895,0.9771428571428571,94.0058699022852
segment,KarciFANN,111,141,0.00348719275682326,0.9850931677018634,0.007905569382125905,0.9685714285714285,88.75396142043407
segment,KarciFANN,111,142,0.004186959994150986,0.9850931677018634,0.007927165479301172,0.9685714285714285,7.069501407623477
segment,KarciFANN,111,143,0.0025250315627955975,0.9869565217391304,0.006405474665771604,0.9742857142857143,103.66675259316001
segment,KarciFANN,111,144,0.0026573572470583403,0.9875776397515528,0.006764580837088535,0.9771428571428571,19.044785382504127
segment,KarciFANN,111,145,0.0021836168511282835,0.9900621118012423,0.0060108182367528875,0.9771428571428571,47.32481527272464
segment,KarciFANN,111,146,0.003222750106279275,0.986335403726708,0.007245286834588839,0.9685714285714285,31.788155316975775
segment,KarciFANN,111,147,0.0027684662801973586,0.986335403726708,0.0069079666606123215,0.9714285714285714,41.52187290795376
segment,KarciFANN,111,148,0.0025621590256332686,0.9875776397515528,0.006299465373667472,0.9771428571428571,22.684072732818436
segment,KarciFANN,111,149,0.004214957521561625,0.9795031055900622,0.007539369432062702,0.9657142857142857,2.636246594268007
segment,KarciFANN,111,150,0.0023790811800784755,0.9888198757763975,0.0067158112757208545,0.9742857142857143,22.47965189469129
segment,KarciFANN,111,151,0.0029291797449834713,0.9857142857142858,0.006830680186998674,0.9714285714285714,41.30582792696967
segment,KarciFANN,111,152,0.0034366768455459233,0.9875776397515528,0.0071433881872253035,0.9685714285714285,20.76791298008077
segment,KarciFANN,111,153,0.0024357836353529217,0.9881987577639751,0.00628113813095312,0.9742857142857143,64.94483452038956
segment,KarciFANN,111,154,0.0031651794123848183,0.986335403726708,0.007809005015756155,0.9657142857142857,30.33006869483213
segment,KarciFANN,111,155,0.00277637060944018,0.9888198757763975,0.007175855138729447,0.9685714285714285,11.061971138516261
segment,KarciFANN,111,156,0.003921906208493499,0.9813664596273292,0.007941747653470024,0.9657142857142857,109.40440546892083
segment,KarciFANN,111,157,0.014721661680524812,0.9440993788819876,0.015874027900180252,0.9428571428571428,3.487213815049098
segment,KarciFANN,111,158,0.003225799130289592,0.9894409937888199,0.007102537664996616,0.9685714285714285,11.114593560668578
segment,KarciFANN,111,159,0.0030413492695845266,0.9857142857142858,0.007307856740602306,0.9657142857142857,62.83808314235029
segment,KarciFANN,111,160,0.0031173273705886713,0.9850931677018634,0.006748409852491934,0.9714285714285714,140.83577186410938
segment,KarciFANN,111,161,0.0029183511158336717,0.9875776397515528,0.007123054705701142,0.9714285714285714,2.038373300043753
segment,KarciFANN,111,162,0.002180047357349178,0.9881987577639751,0.005971467771193803,0.98,24.054787727188092
segment,KarciFANN,111,163,0.0026903779957494203,0.9875776397515528,0.00581789622559309,0.9742857142857143,95.05090000938522
segment,KarciFANN,111,164,0.002500750265759784,0.9888198757763975,0.00629966590014767,0.9714285714285714,15.539013173821932
segment,KarciFANN,111,165,0.0024952454511514683,0.9869565217391304,0.005970998434290598,0.9742857142857143,62.02655801370692
segment,KarciFANN,111,166,0.0025553510165405692,0.9888198757763975,0.006293969793228766,0.9771428571428571,18.0767406365721
segment,KarciFANN,111,167,0.002254520347794804,0.9894409937888199,0.0059288171520956385,0.9771428571428571,72.71137664024454
segment,KarciFANN,111,168,0.0029486895895549214,0.9869565217391304,0.0063015107173010525,0.9771428571428571,14.294138141887844
segment,KarciFANN,111,169,0.0030724987246145904,0.9857142857142858,0.007433479954318573,0.9714285714285714,32.0470403701263
segment,KarciFANN,111,170,0.005761180024380938,0.9757763975155279,0.00977421157448026,0.9628571428571429,173.3588692540321
segment,KarciFANN,111,171,0.01733869360726138,0.9347826086956522,0.018610120932187585,0.9257142857142857,4.6647417860513185
segment,KarciFANN,111,172,0.0026925648581903705,0.9869565217391304,0.006254969389264078,0.9771428571428571,206.92241457197366
segment,KarciFANN,111,173,0.002645695906863828,0.9875776397515528,0.006798220992408418,0.9742857142857143,28.100471357852232
segment,KarciFANN,111,174,0.0025177658747482876,0.9881987577639751,0.006111511995140459,0.9742857142857143,30.690726871594727
segment,KarciFANN,111,175,0.0020453530173126125,0.9906832298136646,0.005799621996386074,0.98,65.26555682639808
segment,KarciFANN,111,176,0.009645397361188668,0.9732919254658385,0.010423603570709197,0.9742857142857143,6.534479727374552
segment,KarciFANN,111,177,0.0021764873761210826,0.9900621118012423,0.0053329295115266875,0.9828571428571429,41.30871868764169
segment,KarciFANN,111,178,0.0025600337590120335,0.9888198757763975,0.005907405760954009,0.9771428571428571,120.27076010703672
segment,KarciFANN,111,179,0.0024297461412051405,0.9881987577639751,0.005749142022279517,0.9828571428571429,24.409338705669278
segment,KarciFANN,111,180,0.0027034226016155764,0.9888198757763975,0.0055238211373038965,0.9771428571428571,25.06389891555087
segment,KarciFANN,111,181,0.002030532914953219,0.9900621118012423,0.005396744874559114,0.98,19.546037099296562
segment,KarciFANN,111,182,0.002110460407573737,0.9906832298136646,0.005589892024995688,0.98,77.19285071109108
segment,KarciFANN,111,183,0.0024187755062831584,0.9900621118012423,0.0052393618591766245,0.9771428571428571,143.74946820755892
segment,KarciFANN,111,184,0.0029829138183401186,0.986335403726708,0.006137586780186484,0.98,61.17129249772032
segment,KarciFANN,111,185,0.0030758269877192734,0.9850931677018634,0.006546522907172362,0.9657142857142857,31.268077581634763
segment,KarciFANN,111,186,0.002850431598434893,0.9869565217391304,0.005787135961276398,0.9771428571428571,62.20356856499112
segment,KarciFANN,111,187,0.0032945877993169875,0.984472049689441,0.0063968229888657245,0.9771428571428571,50.662867265220235
segment,KarciFANN,111,188,0.003547739832215233,0.984472049689441,0.007685434675567809,0.9628571428571429,51.47405564133392
segment,KarciFANN,111,189,0.003561878365951889,0.984472049689441,0.006844384215609087,0.9685714285714285,79.44404604906339
segment,KarciFANN,111,190,0.0022214120274501935,0.9906832298136646,0.0062534204066008875,0.9742857142857143,19.03617747956716
segment,KarciFANN,111,191,0.004640041976151396,0.984472049689441,0.006981839249622094,0.9742857142857143,10.660214359157424
segment,KarciFANN,111,192,0.003097940852643241,0.9875776397515528,0.006677432622609635,0.9771428571428571,26.165505583608507
segment,KarciFANN,111,193,0.00266272575423638,0.9888198757763975,0.005642856717023056,0.98,96.98686872414629
segment,KarciFANN,111,194,0.002095555634278215,0.9900621118012423,0.005280172770402506,0.98,159.8715796794716
segment,KarciFANN,111,195,0.002056754487208129,0.9881987577639751,0.005364946327295155,0.9828571428571429,37.67377603185747
segment,KarciFANN,111,196,0.0021741149904766235,0.9894409937888199,0.005314286988686128,0.98,89.44231694098819
segment,KarciFANN,111,197,0.004616109978456584,0.9807453416149068,0.008530618990924341,0.9685714285714285,79.71304796387382
segment,KarciFANN,111,198,0.0021279090797446383,0.9900621118012423,0.005436582258231921,0.9857142857142858,29.657349675451634
segment,KarciFANN,111,199,0.0022785126318283343,0.9881987577639751,0.005432802678281166,0.9857142857142858,147.929669834071
segment,KarciFANN,111,200,0.0030544490902055053,0.9875776397515528,0.005958632193038242,0.9771428571428571,79.3668553589441
segment,KarciFANN,111,201,0.008931096567582597,0.9683229813664597,0.012909309345271923,0.9514285714285714,7.936613144874835
segment,KarciFANN,111,202,0.0027848447089112625,0.9857142857142858,0.006878856182762759,0.9685714285714285,24.06806244434685
segment,KarciFANN,111,203,0.0022429516502600016,0.9894409937888199,0.00613585981853091,0.9857142857142858,44.594375974347244
segment,KarciFANN,111,204,0.001986075781759801,0.9900621118012423,0.005666389582307088,0.9857142857142858,48.80693794724432
segment,KarciFANN,111,205,0.001956028121283223,0.9881987577639751,0.00549259792355169,0.9828571428571429,143.53553005001558
segment,KarciFANN,111,206,0.004499625286272314,0.9813664596273292,0.008356170910287739,0.9714285714285714,3.6101714230006627
segment,KarciFANN,111,207,0.0026211066914674434,0.9881987577639751,0.0069549411010473225,0.9742857142857143,82.21840740443182
segment,KarciFANN,111,208,0.002510199984796969,0.9888198757763975,0.006617935794442241,0.9714285714285714,57.24237560057716
segment,KarciFANN,111,209,0.0037776608087006004,0.9832298136645963,0.007600341741514009,0.9657142857142857,10.326273036000877
segment,KarciFANN,111,210,0.002573692523375639,0.9875776397515528,0.006563275207457335,0.98,12.488649783232391
segment,KarciFANN,111,211,0.0035392589636120994,0.9838509316770186,0.0077749989902233824,0.98,41.20197648407638
segment,KarciFANN,111,212,0.002179805456508658,0.9906832298136646,0.005272920468523202,0.9857142857142858,93.34165471863541
segment,KarciFANN,111,213,0.0024559001898062033,0.9888198757763975,0.005912747748305954,0.9857142857142858,87.48790808605574
segment,KarciFANN,111,214,0.002980653652065068,0.9875776397515528,0.0066930835015452175,0.9742857142857143,28.62740368683008
segment,KarciFANN,111,215,0.0035302792343383147,0.9838509316770186,0.006558478153954839,0.98,111.75311472788948
segment,KarciFANN,111,216,0.0072955464387396704,0.9695652173913043,0.01045332242815655,0.9657142857142857,68.33275945916998
segment,KarciFANN,111,217,0.002958719281289709,0.9875776397515528,0.006120957043657758,0.9828571428571429,23.761241817723416
segment,KarciFANN,111,218,0.0018470306076931902,0.9906832298136646,0.005059192170662236,0.9857142857142858,68.60583609025802
segment,KarciFANN,111,219,0.0021998923226013616,0.9900621118012423,0.004728910715024396,0.9828571428571429,99.87528622684195
segment,KarciFANN,111,220,0.0024281835455239663,0.9875776397515528,0.005569686793612841,0.9828571428571429,3.6268641531585923
segment,KarciFANN,111,221,0.003323127541486272,0.984472049689441,0.006762774206355499,0.9771428571428571,67.96163406557683
segment,KarciFANN,111,222,0.003290988948591752,0.9875776397515528,0.007206766507434029,0.9714285714285714,10.522666816253293
segment,KarciFANN,111,223,0.0020292688993976044,0.9894409937888199,0.005550959929800494,0.9828571428571429,247.87601601141088
segment,KarciFANN,111,224,0.008012553653932771,0.9633540372670808,0.011159607693057348,0.9571428571428572,3.0639798470697572
segment,KarciFANN,111,225,0.0020366557623162566,0.9894409937888199,0.005295205427927804,0.9885714285714285,114.27996670444384
segment,KarciFANN,111,226,0.004524283279778951,0.9813664596273292,0.007505521998672974,0.9714285714285714,30.739259141866384
segment,KarciFANN,111,227,0.001989420849244696,0.9900621118012423,0.0057101160121464725,0.9828571428571429,23.46682179378268
segment,KarciFANN,111,228,0.0022852723354297604,0.9894409937888199,0.0049524026966582865,0.9885714285714285,67.82740601574002
segment,KarciFANN,111,229,0.0025649477995079266,0.9900621118012423,0.006084664493800584,0.9828571428571429,81.30949676384905
segment,KarciFANN,111,230,0.0030088951148865995,0.9875776397515528,0.005631020802376691,0.9857142857142858,242.01429478864696
segment,KarciFANN,111,231,0.0024851171115116795,0.9875776397515528,0.005431116457502582,0.9857142857142858,53.28338818649875
segment,KarciFANN,111,232,0.0024314849052527055,0.9881987577639751,0.005793993992947752,0.9828571428571429,130.99623432134487
segment,KarciFANN,111,233,0.0022067472328164803,0.991304347826087,0.005624750296603435,0.9857142857142858,92.80993253583529
segment,KarciFANN,111,234,0.0026103756906008455,0.9881987577639751,0.0056149225931796535,0.9857142857142858,62.236067892863545
segment,KarciFANN,111,235,0.002224010010030741,0.9894409937888199,0.005204834060377529,0.9857142857142858,311.74162073665747
segment,KarciFANN,111,236,0.010656594770581342,0.9546583850931677,0.01350358280899155,0.9485714285714286,4.6068041472762475
segment,KarciFANN,111,237,0.0024962536771835834,0.9881987577639751,0.006414981655136231,0.9771428571428571,91.05765029538782
segment,KarciFANN,111,238,0.0031449556850057054,0.9869565217391304,0.006634878016118918,0.9742857142857143,46.718459281119706
segment,KarciFANN,111,239,0.003482935798702834,0.9819875776397515,0.008639944029382125,0.9628571428571429,114.25884578499847
segment,KarciFANN,111,240,0.0018232836443533764,0.9906832298136646,0.005431622693879049,0.9828571428571429,135.9501502268057
segment,KarciFANN,111,241,0.0023901674295783207,0.9888198757763975,0.00654329113402624,0.9771428571428571,94.25142221054725
segment,KarciFANN,111,242,0.003029965384051838,0.9875776397515528,0.006973533047963089,0.9771428571428571,105.85771437268008
segment,KarciFANN,111,243,0.00205958990079621,0.9900621118012423,0.005428795417903981,0.9857142857142858,148.09569779381124
segment,KarciFANN,111,244,0.002054097660657069,0.9906832298136646,0.006347138604119606,0.9742857142857143,110.08913855773154
segment,KarciFANN,111,245,0.0034747352857363713,0.986335403726708,0.007231493226088669,0.98,6.319016487633665
segment,KarciFANN,111,246,0.0025332375037647476,0.9894409937888199,0.0062306508668130995,0.98,2.8060260246588347
segment,KarciFANN,111,247,0.002598516044759558,0.9894409937888199,0.00648913455113356,0.9771428571428571,119.61088264634259
segment,KarciFANN,111,248,0.0020643823665176856,0.9900621118012423,0.0069023407362582495,0.9771428571428571,119.02256922534559
segment,KarciFANN,111,249,0.00314218659368847,0.986335403726708,0.006742463127757822,0.9742857142857143,28.361671749103277
segment,KarciFANN,111,250,0.002571635131600201,0.9881987577639751,0.006967189457333437,0.9742857142857143,2.7986692738477026
segment,KarciFANN,111,251,0.0024133050779802955,0.9875776397515528,0.006437367710841219,0.9771428571428571,95.50912129165413
segment,KarciFANN,111,252,0.010991305614465603,0.9546583850931677,0.014198231436381646,0.9485714285714286,93.34214839367789
segment,KarciFANN,111,253,0.0023381739930306506,0.9875776397515528,0.0060534074498408705,0.9771428571428571,43.06819111033835
segment,KarciFANN,111,254,0.0021595464945873316,0.9888198757763975,0.00670700082315416,0.9714285714285714,114.26488130290939
segment,KarciFANN,111,255,0.002383718896653977,0.9869565217391304,0.00638356626790547,0.9771428571428571,57.17040299489236
segment,KarciFANN,111,256,0.0020075731629032884,0.9900621118012423,0.006185825508849837,0.9828571428571429,122.00707434705183
segment,KarciFANN,111,257,0.0024087067303408026,0.9881987577639751,0.006151784351874085,0.9771428571428571,246.62563367063342
segment,KarciFANN,111,258,0.002605544964374062,0.9869565217391304,0.006258372001762348,0.9771428571428571,165.5769821092762
segment,KarciFANN,111,259,0.0021170545692655997,0.9894409937888199,0.005553028781549717,0.9828571428571429,67.11809885449593
segment,KarciFANN,111,260,0.00221975825638534,0.9888198757763975,0.0054903128142430035,0.98,47.646134532967174
segment,KarciFANN,111,261,0.002208992442574906,0.9900621118012423,0.005999717552484804,0.9771428571428571,2.837496793576276
segment,KarciFANN,111,262,0.0033531687242802912,0.9850931677018634,0.0069076292247751145,0.9742857142857143,14.774538185915402
segment,KarciFANN,111,263,0.0020638770708459545,0.9919254658385093,0.0056802291598284866,0.98,495.5815877992961
segment,KarciFANN,111,264,0.003206164522602915,0.9850931677018634,0.005707414444009871,0.98,2.828568483655906
segment,KarciFANN,111,265,0.001849872213406999,0.991304347826087,0.006009994654253319,0.9742857142857143,202.45593050892927
segment,KarciFANN,111,266,0.0028345266543644445,0.9875776397515528,0.006545299168141253,0.9771428571428571,132.55061367339079
segment,KarciFANN,111,267,0.0017255577904114574,0.9919254658385093,0.005344327883357544,0.9828571428571429,143.28492947888577
segment,KarciFANN,111,268,0.01149124236792617,0.9540372670807453,0.013651064157905042,0.9542857142857143,8.380266899764472
segment,KarciFANN,111,269,0.003084566922282573,0.986335403726708,0.006535924952942956,0.9714285714285714,181.2391869846251
segment,KarciFANN,111,270,0.0016153432910465861,0.9919254658385093,0.00550699445135655,0.98,148.51766761761456
segment,KarciFANN,111,271,0.002210452387174449,0.9900621118012423,0.005445258724522658,0.9857142857142858,196.91270919262962
segment,KarciFANN,111,272,0.0019176720381631422,0.991304347826087,0.004861770361868621,0.9857142857142858,2.8155851096414226
segment,KarciFANN,111,273,0.0036598896075424095,0.9850931677018634,0.0074864737106001816,0.9714285714285714,104.27944162022307
segment,KarciFANN,111,274,0.002246744604873061,0.9894409937888199,0.00570476819248551,0.98,137.49876631737257
segment,KarciFANN,111,275,0.002443234087833259,0.9881987577639751,0.006174599563175475,0.98,15.815195108484986
segment,KarciFANN,111,276,0.00266604063991426,0.9875776397515528,0.006894316140501582,0.9714285714285714,85.53715131829648
segment,KarciFANN,111,277,0.0022358338907085156,0.9894409937888199,0.005947184087179183,0.9771428571428571,237.20005714802878
segment,KarciFANN,111,278,0.00506990403639722,0.9770186335403727,0.0087828403791158,0.9657142857142857,12.109036713772309
segment,KarciFANN,111,279,0.009449911777090694,0.9596273291925466,0.012873828180339468,0.9514285714285714,3.8975853684877686
segment,KarciFANN,111,280,0.0038189011918376274,0.9832298136645963,0.005641293165265898,0.98,138.8184487162428
segment,KarciFANN,111,281,0.003167953066426267,0.9838509316770186,0.007588979233942284,0.9742857142857143,122.32523935060034
segment,KarciFANN,111,282,0.0017998712538861107,0.9925465838509316,0.005708139485505865,0.98,27.551274159039707
segment,KarciFANN,111,283,0.002220523781090275,0.9894409937888199,0.007015908941332986,0.9742857142857143,78.8310141014485
segment,KarciFANN,111,284,0.0017777700694123987,0.9906832298136646,0.0054325790118195565,0.9828571428571429,189.74328796296052
segment,KarciFANN,111,285,0.001864787879251763,0.9900621118012423,0.005471911222797457,0.9771428571428571,170.32324657034647
segment,KarciFANN,111,286,0.0021088909857271947,0.9894409937888199,0.0051350045791369574,0.9828571428571429,46.45520714876794
segment,KarciFANN,111,287,0.0019811034148786008,0.991304347826087,0.005370041281767959,0.9828571428571429,89.21588032313446
segment,KarciFANN,111,288,0.0024256581955976737,0.9888198757763975,0.006410241998974921,0.9771428571428571,299.34655090961866
segment,KarciFANN,111,289,0.001966309914071392,0.9894409937888199,0.005250221845754061,0.9771428571428571,3.7301460392096883
segment,KarciFANN,111,290,0.0016364811779469492,0.991304347826087,0.00578788749216474,0.9771428571428571,73.7506064498363
segment,KarciFANN,111,291,0.002271064309518862,0.9881987577639751,0.0064709744875117445,0.9771428571428571,51.21991832781298
segment,KarciFANN,111,292,0.0031325679395410406,0.9869565217391304,0.006223516973996347,0.9771428571428571,10.934793477251812
segment,KarciFANN,111,293,0.0017277959779851684,0.9906832298136646,0.005007610220905822,0.9828571428571429,61.357737492954314
segment,KarciFANN,111,294,0.0023837064920743684,0.9888198757763975,0.006164748302718147,0.9742857142857143,144.6436226927684
segment,KarciFANN,111,295,0.0026492052925168124,0.9888198757763975,0.006894167147070494,0.9771428571428571,134.3835675183025
segment,KarciFANN,111,296,0.0019426455305082443,0.9919254658385093,0.005979920330716542,0.98,21.904773713725838
segment,KarciFANN,111,297,0.0024913534178942396,0.9881987577639751,0.005467239154760879,0.9828571428571429,16.655021638845668
segment,KarciFANN,111,298,0.0024141414052278043,0.9881987577639751,0.005781712083614569,0.98,2.9147605927843165
segment,KarciFANN,111,299,0.002177877945553992,0.9906832298136646,0.006221917658651873,0.98,47.06076218884739
segment,KarciFANN,111,300,0.003505669852403004,0.9850931677018634,0.006284006107212511,0.98,147.9973975754198
segment,KarciFANN,111,301,0.0028452105433765637,0.9869565217391304,0.007130550751816155,0.9742857142857143,106.47699938025586
segment,KarciFANN,111,302,0.004716143874634567,0.9807453416149068,0.008145105391655066,0.9657142857142857,570.088572622847
segment,KarciFANN,111,303,0.002465955269517197,0.9894409937888199,0.006016775219039289,0.9714285714285714,26.89553187110931
segment,KarciFANN,111,304,0.0031678886334136048,0.9857142857142858,0.007542861503659033,0.9714285714285714,222.01456383659712
segment,KarciFANN,111,305,0.007472295542296746,0.9677018633540373,0.010437373522581573,0.9571428571428572,2.389386093721544
segment,KarciFANN,111,306,0.0022871034511738413,0.9894409937888199,0.006044381033640464,0.98,101.81457722889245
segment,KarciFANN,111,307,0.002685914930598523,0.986335403726708,0.006173068430482997,0.9771428571428571,75.0458732052789
segment,KarciFANN,111,308,0.003699467942750047,0.9826086956521739,0.006855069441954106,0.9714285714285714,92.86258077072108
segment,KarciFANN,111,309,0.002513924044956923,0.9888198757763975,0.006304338518371404,0.9771428571428571,291.68062210508106
segment,KarciFANN,111,310,0.002185380712147045,0.9906832298136646,0.005938992515063668,0.9742857142857143,100.90665889746676
segment,KarciFANN,111,311,0.002987617907002876,0.986335403726708,0.006570273485855855,0.9742857142857143,60.28526542711496
segment,KarciFANN,111,312,0.0023944455905142645,0.9888198757763975,0.006097305979755303,0.9771428571428571,121.92874224081761
segment,KarciFANN,111,313,0.0021502587628640275,0.9906832298136646,0.006150942630944117,0.9771428571428571,248.83590388823674
segment,KarciFANN,111,314,0.0023334465787646346,0.9888198757763975,0.006252079681923588,0.9771428571428571,156.38470152503086
segment,KarciFANN,111,315,0.008152462056167348,0.9658385093167702,0.011782184024782632,0.9485714285714286,3.7855536826799385
segment,KarciFANN,111,316,0.0023636915624678646,0.9894409937888199,0.005549880630114391,0.98,298.2142845523858
segment,KarciFANN,111,317,0.0023491957476791635,0.9888198757763975,0.006897409222970155,0.9714285714285714,130.82241183707384
segment,KarciFANN,111,318,0.0021102929292279235,0.9900621118012423,0.0065020165541340505,0.9742857142857143,2.880172960961674
segment,KarciFANN,111,319,0.004089977048142369,0.9832298136645963,0.008268350971930868,0.9628571428571429,5.226274577364519
segment,KarciFANN,111,320,0.002041688666736201,0.9906832298136646,0.005985821052039383,0.9771428571428571,181.46112927763878
segment,KarciFANN,111,321,0.002280023285100237,0.9894409937888199,0.005635262082867198,0.9771428571428571,122.03274882865888
segment,KarciFANN,111,322,0.004423579111467858,0.9807453416149068,0.008486241718855585,0.9657142857142857,368.7897529032875
segment,KarciFANN,111,323,0.002074710945235701,0.9906832298136646,0.005833425680623443,0.9742857142857143,143.50731593285224
segment,KarciFANN,111,324,0.003656494007313525,0.9838509316770186,0.00802235680660394,0.9714285714285714,2.8869639665539863
segment,KarciFANN,111,325,0.0022816622674576375,0.9881987577639751,0.00550558994031493,0.9771428571428571,72.41490881503651
segment,KarciFANN,111,326,0.0020826916481048174,0.9906832298136646,0.005839848963002479,0.98,355.17644942460635
segment,KarciFANN,111,327,0.002333707531133513,0.9894409937888199,0.006387143445702067,0.9771428571428571,349.3752463375227
segment,KarciFANN,111,328,0.002241957856963188,0.9900621118012423,0.006260187912158132,0.9742857142857143,303.7653518054287
segment,KarciFANN,111,329,0.003043846467731364,0.984472049689441,0.007382787157052474,0.9714285714285714,113.17306978700285
segment,KarciFANN,111,330,0.0021431531491163777,0.9900621118012423,0.005534947931069486,0.9771428571428571,131.5864223261807
segment,KarciFANN,111,331,0.0019553266830840427,0.9906832298136646,0.006042577951670655,0.9714285714285714,80.4137564734147
segment,KarciFANN,111,332,0.002001307505397695,0.9900621118012423,0.00567613086784633,0.9742857142857143,98.84455331017284
segment,KarciFANN,111,333,0.002273575821575373,0.9888198757763975,0.005706830554015591,0.9771428571428571,147.4600319011012
segment,KarciFANN,111,334,0.0032974470736160818,0.9857142857142858,0.006451234343232879,0.9742857142857143,2.9036274203921333
segment,KarciFANN,111,335,0.0022695666668948807,0.9906832298136646,0.005710346643259497,0.9828571428571429,183.68592337415973
segment,KarciFANN,111,336,0.0022639898144479003,0.9888198757763975,0.0059916921857213375,0.9771428571428571,629.8141604622897
segment,KarciFANN,111,337,0.0023019866237289316,0.9894409937888199,0.006527342876371345,0.9742857142857143,416.68515453228656
segment,KarciFANN,111,338,0.00737624496947975,0.9714285714285714,0.010471446396074283,0.96,6.313402777260119
segment,KarciFANN,111,339,0.0026135791010804487,0.9881987577639751,0.007520712702343694,0.9685714285714285,481.92471517906455
segment,KarciFANN,111,340,0.0025719407612925034,0.9881987577639751,0.0062542187025480134,0.9714285714285714,93.914687665451
segment,KarciFANN,111,341,0.004162188302507287,0.9819875776397515,0.006771649467548018,0.9742857142857143,464.13047960677636
segment,KarciFANN,111,342,0.002477927081158153,0.9888198757763975,0.007367729390117806,0.9657142857142857,60.042450166210386
segment,KarciFANN,111,343,0.0027160080520678385,0.9881987577639751,0.007702727855824125,0.9685714285714285,20.24067759010922
segment,KarciFANN,111,344,0.002817417198547808,0.9857142857142858,0.006595204218199931,0.9742857142857143,316.54175144172314
segment,KarciFANN,111,345,0.00262056527279485,0.9881987577639751,0.007298730339759618,0.9685714285714285,68.22550736938021
segment,KarciFANN,111,346,0.002658655398972172,0.9881987577639751,0.006979378039955041,0.9714285714285714,46.124795879797006
segment,KarciFANN,111,347,0.0034897008706793573,0.9838509316770186,0.007191330822324977,0.9742857142857143,88.13879963665322
segment,KarciFANN,111,348,0.003064537630442442,0.9888198757763975,0.006713407712430437,0.9742857142857143,28.255977884172903
segment,KarciFANN,111,349,0.002390460724295158,0.9894409937888199,0.006423288184008944,0.9771428571428571,477.2003396503353
segment,KarciFANN,111,350,0.003706697913103876,0.9819875776397515,0.00699291106534439,0.9714285714285714,10.173591077339278
segment,KarciFANN,112,1,0.0814683672306811,0.4658385093167702,0.08048924181953528,0.4685714285714286,1.1674042446471806
segment,KarciFANN,112,2,0.06291128905605166,0.7316770186335404,0.061116535134203134,0.74,2.135772996382146
segment,KarciFANN,112,3,0.05741013601610362,0.7440993788819876,0.058992149551071786,0.7171428571428572,1.5277826371630723
segment,KarciFANN,112,4,0.03231026192548595,0.8745341614906832,0.03350961625821171,0.8714285714285714,2.9778466976288396
segment,KarciFANN,112,5,0.029116966929724007,0.8913043478260869,0.031059961159786605,0.8942857142857142,2.751732395343653
segment,KarciFANN,112,6,0.018222402298396084,0.9316770186335404,0.019381648341580113,0.9257142857142857,2.155511547749969
segment,KarciFANN,112,7,0.015597659153003237,0.9366459627329192,0.016527566703898704,0.9257142857142857,2.6136981146020193
segment,KarciFANN,112,8,0.020054115905092172,0.915527950310559,0.020122354579873637,0.92,2.0191532003964894
segment,KarciFANN,112,9,0.02260753615959592,0.9204968944099379,0.023797780302213054,0.92,4.663720794820259
segment,KarciFANN,112,10,0.015137411898213904,0.9366459627329192,0.01590793032264299,0.9314285714285714,13.213708598660233
segment,KarciFANN,112,11,0.014017185022145601,0.9453416149068323,0.01538502367291597,0.9257142857142857,3.904788367096178
segment,KarciFANN,112,12,0.017453373207282175,0.9391304347826087,0.021347191295486182,0.9285714285714286,2.5618394100209785
segment,KarciFANN,112,13,0.014627771265819415,0.9366459627329192,0.01591057324215248,0.9342857142857143,1.9366035268904793
segment,KarciFANN,112,14,0.026029886354581363,0.8751552795031056,0.026877272599246185,0.88,1.993755766979314
segment,KarciFANN,112,15,0.013259525536525213,0.9416149068322981,0.013920765523266222,0.9314285714285714,6.44386889599921
segment,KarciFANN,112,16,0.021320807708174815,0.9130434782608695,0.022560019715225827,0.9,1.9936923806953106
segment,KarciFANN,112,17,0.018121456060803797,0.9347826086956522,0.020608237270443478,0.9314285714285714,2.31141146235732
segment,KarciFANN,112,18,0.016559260750905695,0.9267080745341615,0.016021454381579484,0.94,6.2607926239660365
segment,KarciFANN,112,19,0.012407568989553457,0.9397515527950311,0.013934841039635828,0.94,3.191641786280956
segment,KarciFANN,112,20,0.011494734931986593,0.9565217391304348,0.013126201831451259,0.9485714285714286,4.421350902151719
segment,KarciFANN,112,21,0.009585680420310952,0.9627329192546584,0.01143075262672997,0.9457142857142857,20.250681074896548
segment,KarciFANN,112,22,0.012319558425216816,0.9478260869565217,0.01396715186451652,0.9428571428571428,3.7941997101702416
segment,KarciFANN,112,23,0.009349896303207747,0.9596273291925466,0.011479001105543452,0.9457142857142857,9.274501038112245
segment,KarciFANN,112,24,0.02648184776480939,0.8832298136645963,0.02728913259311601,0.8828571428571429,3.133188114952786
segment,KarciFANN,112,25,0.014982038859976206,0.9422360248447205,0.018609732846005957,0.9285714285714286,5.229684447716188
segment,KarciFANN,112,26,0.014081549362508553,0.9329192546583851,0.01746753416796263,0.92,16.315450504482776
segment,KarciFANN,112,27,0.016675051478351056,0.9273291925465839,0.018934070365875837,0.9171428571428571,4.019483468982299
segment,KarciFANN,112,28,0.019339829418209803,0.915527950310559,0.020760024710371708,0.9085714285714286,3.9882653464043414
segment,KarciFANN,112,29,0.010332538312025095,0.9559006211180124,0.012479524589313683,0.9342857142857143,3.77845810171676
segment,KarciFANN,112,30,0.007717899005595069,0.968944099378882,0.010567272144854499,0.9485714285714286,2.914204979165189
segment,KarciFANN,112,31,0.007636196397734174,0.9677018633540373,0.009452075149497563,0.9542857142857143,38.02885345645041
segment,KarciFANN,112,32,0.009247682031509942,0.9596273291925466,0.010678466753241508,0.9571428571428572,36.23216461591299
segment,KarciFANN,112,33,0.007882723285560491,0.9658385093167702,0.010786210961943791,0.9428571428571428,15.016791787036613
segment,KarciFANN,112,34,0.006657971890453177,0.9745341614906833,0.009528569615998003,0.9485714285714286,40.696949833247686
segment,KarciFANN,112,35,0.008017420342373755,0.9664596273291925,0.009627467071323498,0.9514285714285714,13.285201516939061
segment,KarciFANN,112,36,0.006879762066391078,0.9745341614906833,0.009117558563188343,0.9571428571428572,2.235131242784332
segment,KarciFANN,112,37,0.01496810506820048,0.929192546583851,0.017936600953999165,0.9171428571428571,4.612731003476107
segment,KarciFANN,112,38,0.006528352331238763,0.9732919254658385,0.008757391146598655,0.9628571428571429,25.52548555857725
segment,KarciFANN,112,39,0.0162893358389797,0.9279503105590062,0.018065484292494605,0.92,2.6539585049480476
segment,KarciFANN,112,40,0.008417319890511471,0.9627329192546584,0.010992645301354687,0.9542857142857143,7.717277027887437
segment,KarciFANN,112,41,0.012523899836677206,0.9465838509316771,0.011596216415307023,0.9628571428571429,3.9659725300355153
segment,KarciFANN,112,42,0.012411485083222143,0.9509316770186336,0.013831842940732019,0.9457142857142857,2.8543197208092086
segment,KarciFANN,112,43,0.007187111410455305,0.9677018633540373,0.010768014488189604,0.9485714285714286,2.954234850517694
segment,KarciFANN,112,44,0.005699270246311162,0.9739130434782609,0.00892932775524994,0.9542857142857143,24.278699774205393
segment,KarciFANN,112,45,0.012610018516137774,0.9472049689440993,0.011933331568198115,0.9428571428571428,3.2317649693524695
segment,KarciFANN,112,46,0.005375238168305345,0.9763975155279503,0.008471871013287018,0.9485714285714286,2.361318519062468
segment,KarciFANN,112,47,0.011900566487554071,0.9453416149068323,0.013703524785632287,0.94,2.9651933792727245
segment,KarciFANN,112,48,0.025932562951695277,0.8919254658385093,0.02612922073986551,0.8942857142857142,2.9336121704010854
segment,KarciFANN,112,49,0.01300521737654348,0.9472049689440993,0.013249224974201102,0.9428571428571428,7.3342239945218495
segment,KarciFANN,112,50,0.005332219751180103,0.9732919254658385,0.009009298588040254,0.9571428571428572,3.0447734753555995
segment,KarciFANN,112,51,0.008918370135987034,0.9627329192546584,0.013281388556833624,0.9428571428571428,6.7205718324535875
segment,KarciFANN,112,52,0.011204657690130843,0.9484472049689441,0.014007189006158442,0.9342857142857143,8.109805102185906
segment,KarciFANN,112,53,0.017791116779888864,0.9236024844720497,0.01979990328101788,0.92,5.9818895083014425
segment,KarciFANN,112,54,0.009148678622173105,0.9714285714285714,0.012588895611434255,0.94,6.899143246469155
segment,KarciFANN,112,55,0.007051057173793331,0.9677018633540373,0.01193202426173618,0.9457142857142857,7.412530925107918
segment,KarciFANN,112,56,0.005847725120124112,0.9751552795031055,0.009719322592615584,0.9542857142857143,3.005190817534955
segment,KarciFANN,112,57,0.005157004029126095,0.9788819875776398,0.009171821002547265,0.96,12.801432508891484
segment,KarciFANN,112,58,0.008057832830799999,0.9658385093167702,0.012585282852313482,0.9542857142857143,4.123523244474668
segment,KarciFANN,112,59,0.008144972056101636,0.968944099378882,0.009731854706422,0.9628571428571429,9.982320024224077
segment,KarciFANN,112,60,0.007400776537686896,0.9677018633540373,0.011967741367412478,0.9457142857142857,6.890238230141717
segment,KarciFANN,112,61,0.005249831703432341,0.9763975155279503,0.01014815727051943,0.9514285714285714,29.846522606782433
segment,KarciFANN,112,62,0.004442637794861063,0.9807453416149068,0.009167100278899734,0.9542857142857143,2.959344525040536
segment,KarciFANN,112,63,0.004870605458406333,0.9770186335403727,0.010205047523964662,0.9485714285714286,64.39222286505266
segment,KarciFANN,112,64,0.004782154326756675,0.9788819875776398,0.00993747137191944,0.9485714285714286,8.041927575271162
segment,KarciFANN,112,65,0.006948120669570427,0.9695652173913043,0.009025522635170554,0.9628571428571429,9.430888529429932
segment,KarciFANN,112,66,0.011200938998456278,0.9496894409937888,0.014589840482449273,0.9314285714285714,8.419032831883797
segment,KarciFANN,112,67,0.007287066603537759,0.9701863354037267,0.009580212163515612,0.9628571428571429,11.575701105097066
segment,KarciFANN,112,68,0.00473168934033527,0.9795031055900622,0.00904869049657693,0.96,14.85261279109752
segment,KarciFANN,112,69,0.0050644579553144765,0.9763975155279503,0.00948989278395582,0.9542857142857143,43.516108157096745
segment,KarciFANN,112,70,0.005048099666161453,0.9807453416149068,0.009254352470570265,0.9628571428571429,8.739139339750993
segment,KarciFANN,112,71,0.0047230748735340965,0.977639751552795,0.008996167989268472,0.96,3.1898375042824685
segment,KarciFANN,112,72,0.0044688809507873305,0.9813664596273292,0.008868811551307114,0.9628571428571429,3.349864995720478
segment,KarciFANN,112,73,0.005397218226569941,0.9795031055900622,0.010816620640348776,0.9571428571428572,5.635107446296581
segment,KarciFANN,112,74,0.004112665958789657,0.9813664596273292,0.008026904182039775,0.9685714285714285,17.381316516247427
segment,KarciFANN,112,75,0.006618427598328082,0.970807453416149,0.010025020828104324,0.9542857142857143,19.00579700436743
segment,KarciFANN,112,76,0.005056932873276661,0.9795031055900622,0.008786914010649245,0.96,3.3884913934504297
segment,KarciFANN,112,77,0.003873914878440966,0.9813664596273292,0.008584003543344975,0.9571428571428572,3.132222839953353
segment,KarciFANN,112,78,0.004595333213504694,0.9788819875776398,0.008675132250487064,0.9628571428571429,47.870723642825276
segment,KarciFANN,112,79,0.009333897994347883,0.962111801242236,0.011335593810890839,0.96,7.1018559459941
segment,KarciFANN,112,80,0.0066836365337669896,0.968944099378882,0.010973570793027642,0.9514285714285714,2.581576741481438
segment,KarciFANN,112,81,0.010668525094562214,0.9509316770186336,0.013182689469630537,0.9457142857142857,8.390513777620129
segment,KarciFANN,112,82,0.004180161762226604,0.9813664596273292,0.010128898593708803,0.9514285714285714,52.534893431068674
segment,KarciFANN,112,83,0.004076314672808594,0.9813664596273292,0.008847426734780492,0.96,28.93913106976808
segment,KarciFANN,112,84,0.0054340883504639895,0.9732919254658385,0.009712048597064713,0.9628571428571429,19.073617994733176
segment,KarciFANN,112,85,0.005628203836979651,0.9739130434782609,0.0087840534393397,0.9657142857142857,15.079736960037266
segment,KarciFANN,112,86,0.007460439325344508,0.9714285714285714,0.010657377088001303,0.9628571428571429,12.079215189989263
segment,KarciFANN,112,87,0.0038683560870451557,0.9826086956521739,0.00863645647181625,0.9628571428571429,34.66780534492045
segment,KarciFANN,112,88,0.004504867463385113,0.9795031055900622,0.009343612714957752,0.9628571428571429,18.96288224966237
segment,KarciFANN,112,89,0.004877949953795037,0.977639751552795,0.009891920135077661,0.9542857142857143,11.337144981264721
segment,KarciFANN,112,90,0.005116890400758868,0.9770186335403727,0.008297293120602359,0.9571428571428572,3.254959331325351
segment,KarciFANN,112,91,0.0070940992229464985,0.9739130434782609,0.011272926605937688,0.9542857142857143,4.216134509010426
segment,KarciFANN,112,92,0.00450788298620949,0.9813664596273292,0.00965320714801119,0.96,10.946134028793482
segment,KarciFANN,112,93,0.011453550830994726,0.9496894409937888,0.01401063898791656,0.9314285714285714,2.413169923687953
segment,KarciFANN,112,94,0.0039325073496600015,0.9813664596273292,0.00952644729789644,0.96,55.621580169655175
segment,KarciFANN,112,95,0.0044829234703486435,0.9782608695652174,0.009878337578566659,0.9571428571428572,22.768482196997574
segment,KarciFANN,112,96,0.004348002034397427,0.9795031055900622,0.007820209447109473,0.9657142857142857,17.910293366243224
segment,KarciFANN,112,97,0.003925985400765697,0.9832298136645963,0.00880694705959821,0.9628571428571429,56.23313841945799
segment,KarciFANN,112,98,0.003740751964031911,0.9819875776397515,0.00859786675313162,0.9657142857142857,39.669368697027444
segment,KarciFANN,112,99,0.003460492691125458,0.9832298136645963,0.008079347868053761,0.9685714285714285,13.83070113973044
segment,KarciFANN,112,100,0.004357427371824078,0.9795031055900622,0.01009982308700177,0.9514285714285714,19.81166300951674
segment,KarciFANN,112,101,0.0038175426397122967,0.9807453416149068,0.009088183028103916,0.96,38.701847049426604
segment,KarciFANN,112,102,0.0038732085949229784,0.9795031055900622,0.008044322926171158,0.9685714285714285,45.75014946219054
segment,KarciFANN,112,103,0.00371736496590738,0.9838509316770186,0.008135340528037957,0.9714285714285714,18.247129417155254
segment,KarciFANN,112,104,0.005074433430251706,0.9795031055900622,0.009869998334622116,0.96,9.926546961211537
segment,KarciFANN,112,105,0.004058453487670647,0.9795031055900622,0.008564143175635502,0.96,2.4958639446093964
segment,KarciFANN,112,106,0.005577180915495588,0.9745341614906833,0.009526770010902717,0.96,3.3298157865508538
segment,KarciFANN,112,107,0.00657958426909471,0.9701863354037267,0.011180920733077021,0.9571428571428572,5.6867434685402385
segment,KarciFANN,112,108,0.006241696795721566,0.9763975155279503,0.012198914938280563,0.9428571428571428,132.39757757808255
segment,KarciFANN,112,109,0.010365578917315653,0.9559006211180124,0.015378787849553313,0.94,3.9234113165502924
segment,KarciFANN,112,110,0.0034308943278142444,0.9813664596273292,0.008696109976374506,0.96,17.409547686539288
segment,KarciFANN,112,111,0.010894586681667201,0.9583850931677018,0.014324880398162761,0.94,6.319050006913092
segment,KarciFANN,112,112,0.003432735715582532,0.9832298136645963,0.009369706598567418,0.9628571428571429,13.7863669529952
segment,KarciFANN,112,113,0.003530802332928531,0.9832298136645963,0.00860181657620294,0.96,3.376282018952476
segment,KarciFANN,112,114,0.004041823994614015,0.9819875776397515,0.008160407420175634,0.9628571428571429,27.524045627468908
segment,KarciFANN,112,115,0.005076622036408407,0.9763975155279503,0.009162673631162525,0.9657142857142857,78.77895357033651
segment,KarciFANN,112,116,0.005723734046143924,0.9751552795031055,0.009974748290957649,0.9542857142857143,22.93915632175574
segment,KarciFANN,112,117,0.004835110106882448,0.9770186335403727,0.00941198491917029,0.96,170.2661660325087
segment,KarciFANN,112,118,0.004155122123060379,0.9807453416149068,0.008291387302003907,0.9628571428571429,3.354567685357298
segment,KarciFANN,112,119,0.0038408252652520633,0.9813664596273292,0.009323406180870674,0.9571428571428572,16.199432167899737
segment,KarciFANN,112,120,0.0035230594353503598,0.9826086956521739,0.009819309375308947,0.9542857142857143,24.41238079172827
segment,KarciFANN,112,121,0.0031151869166577803,0.984472049689441,0.008263793223350637,0.9628571428571429,39.722314370138925
segment,KarciFANN,112,122,0.0032949476800016113,0.9850931677018634,0.008653266265714265,0.96,22.44555657802495
segment,KarciFANN,112,123,0.0033220139353249264,0.9850931677018634,0.00861655114685323,0.96,44.48016116037589
segment,KarciFANN,112,124,0.010286089925875977,0.953416149068323,0.01336062697772089,0.9457142857142857,5.197953082839744
segment,KarciFANN,112,125,0.007485814734864913,0.9677018633540373,0.009066770848467333,0.9685714285714285,3.009653201160881
segment,KarciFANN,112,126,0.0032950749625334933,0.9832298136645963,0.007797410531798962,0.9685714285714285,55.92289583134757
segment,KarciFANN,112,127,0.0029588067431198044,0.984472049689441,0.007736728403539698,0.96,29.056406766202105
segment,KarciFANN,112,128,0.004378398308667918,0.9801242236024845,0.009075794419949912,0.9657142857142857,84.40928354888314
segment,KarciFANN,112,129,0.0029601504015048827,0.986335403726708,0.007815019890737056,0.9714285714285714,25.123116942798855
segment,KarciFANN,112,130,0.0031668362267377906,0.9826086956521739,0.007373332775001998,0.9657142857142857,13.670481190741757
segment,KarciFANN,112,131,0.004758417210217143,0.9782608695652174,0.009840911880416572,0.9542857142857143,3.0975522670734654
segment,KarciFANN,112,132,0.006847854616420401,0.9701863354037267,0.00917521071982182,0.9657142857142857,12.624772557837838
segment,KarciFANN,112,133,0.0035184353926421955,0.9832298136645963,0.007814208418374454,0.9685714285714285,35.672171491556824
segment,KarciFANN,112,134,0.0031933865231568116,0.9832298136645963,0.007661175938981479,0.9657142857142857,61.37049374332248
segment,KarciFANN,112,135,0.0037101187735206907,0.9826086956521739,0.007557965295907599,0.9657142857142857,52.146345962771946
segment,KarciFANN,112,136,0.0030322447283475285,0.9850931677018634,0.008003126209796827,0.9657142857142857,27.491059923234975
segment,KarciFANN,112,137,0.003008043854677171,0.984472049689441,0.007400957711455023,0.9714285714285714,2.1818433792970517
segment,KarciFANN,112,138,0.003457922137106783,0.9832298136645963,0.007634156656449452,0.9771428571428571,94.01870374038836
segment,KarciFANN,112,139,0.0031369223578565073,0.984472049689441,0.007257141560281478,0.9714285714285714,57.04844989060414
segment,KarciFANN,112,140,0.005358494704723779,0.9751552795031055,0.009882638732450958,0.9571428571428572,22.30547854840073
segment,KarciFANN,112,141,0.007692919900152866,0.9645962732919254,0.011847047428381167,0.94,9.722423740691283
segment,KarciFANN,112,142,0.008259626874303524,0.9652173913043478,0.012380541975918192,0.9571428571428572,11.027758528585768
segment,KarciFANN,112,143,0.007019478667608839,0.9714285714285714,0.010041101459790418,0.9628571428571429,12.63087738725631
segment,KarciFANN,112,144,0.003697441735506167,0.9819875776397515,0.008417022985153328,0.9628571428571429,82.83135668354545
segment,KarciFANN,112,145,0.003226026242265677,0.9819875776397515,0.007227084244091031,0.9685714285714285,22.53029844740205
segment,KarciFANN,112,146,0.0030123015269359794,0.984472049689441,0.0072349863553719355,0.9771428571428571,37.227849378990676
segment,KarciFANN,112,147,0.003075538092173125,0.9838509316770186,0.0076682442754552995,0.9657142857142857,124.1643844130481
segment,KarciFANN,112,148,0.003084181262722742,0.984472049689441,0.007684379065188548,0.9771428571428571,185.2718867050366
segment,KarciFANN,112,149,0.004411182991103993,0.9795031055900622,0.008948677785390095,0.9628571428571429,117.97966090565421
segment,KarciFANN,112,150,0.01690771742807066,0.931055900621118,0.019572608329040144,0.9171428571428571,4.116586535883066
segment,KarciFANN,112,151,0.0034499209912908693,0.9838509316770186,0.007606154850397601,0.9742857142857143,48.26642963309872
segment,KarciFANN,112,152,0.0038870100894331343,0.9826086956521739,0.008620924648259063,0.9628571428571429,14.35056761452247
segment,KarciFANN,112,153,0.003579225838660458,0.9838509316770186,0.00804253959208983,0.9742857142857143,34.619409682032185
segment,KarciFANN,112,154,0.0038276286992355818,0.9819875776397515,0.007822006173672997,0.9685714285714285,135.4252407900504
segment,KarciFANN,112,155,0.007004503375314927,0.9664596273291925,0.011192783639756633,0.96,17.287466290620365
segment,KarciFANN,112,156,0.005978928021409982,0.9770186335403727,0.009623006669693904,0.9571428571428572,5.675545335693694
segment,KarciFANN,112,157,0.004327844081073786,0.9807453416149068,0.008377056527758935,0.9714285714285714,139.68239368871374
segment,KarciFANN,112,158,0.0032700120444907523,0.9838509316770186,0.007655546369676925,0.9742857142857143,11.472080958141778
segment,KarciFANN,112,159,0.00781586736222351,0.9664596273291925,0.01200210553286252,0.9514285714285714,3.617874657261849
segment,KarciFANN,112,160,0.022436411876633984,0.9180124223602485,0.02390189728296603,0.9171428571428571,3.8173575199670076
segment,KarciFANN,112,161,0.004553753136144501,0.9838509316770186,0.008531760281061158,0.9657142857142857,332.9134365362408
segment,KarciFANN,112,162,0.0033928384708118544,0.9838509316770186,0.00718763319351473,0.9685714285714285,11.836207994912302
segment,KarciFANN,112,163,0.0049536141301105285,0.9770186335403727,0.007597615891887825,0.96,10.970132477271184
segment,KarciFANN,112,164,0.003325577598260945,0.9832298136645963,0.008155858131134178,0.9714285714285714,223.34886047116714
segment,KarciFANN,112,165,0.0030288433377513068,0.9838509316770186,0.007926734666529253,0.9685714285714285,80.61128950850672
segment,KarciFANN,112,166,0.0042846995353827055,0.9801242236024845,0.009234509397019952,0.96,88.24086922559312
segment,KarciFANN,112,167,0.002993698321582552,0.984472049689441,0.008085001111780198,0.9657142857142857,63.20240321970704
segment,KarciFANN,112,168,0.002799066143498298,0.9850931677018634,0.007699098946045744,0.9714285714285714,78.44684154504964
segment,KarciFANN,112,169,0.0033577985540601766,0.9838509316770186,0.007785932749110168,0.9714285714285714,26.388650940898
segment,KarciFANN,112,170,0.0037222902477089116,0.9813664596273292,0.008875944391685655,0.9571428571428572,166.53926013126264
segment,KarciFANN,112,171,0.0037236563608864207,0.9819875776397515,0.00870134523614076,0.9628571428571429,55.58756441514821
segment,KarciFANN,112,172,0.003921506678745121,0.9813664596273292,0.008359454192330338,0.9685714285714285,29.880717264540333
segment,KarciFANN,112,173,0.002779188711894488,0.984472049689441,0.0078097368351981245,0.9657142857142857,45.32635975617611
segment,KarciFANN,112,174,0.0055767555783681165,0.9726708074534162,0.010318083701796505,0.9514285714285714,94.58444157204615
segment,KarciFANN,112,175,0.003171198722752255,0.986335403726708,0.008129245280829622,0.9628571428571429,167.32686261719593
segment,KarciFANN,112,176,0.010936207629098674,0.9527950310559006,0.01253357185811935,0.9485714285714286,3.783647432455376
segment,KarciFANN,112,177,0.003074774961710659,0.9850931677018634,0.008832250335099724,0.9628571428571429,126.32499752965644
segment,KarciFANN,112,178,0.0029267953669488062,0.984472049689441,0.007661891258954698,0.9685714285714285,86.05887629653881
segment,KarciFANN,112,179,0.002678436676724234,0.984472049689441,0.007413649572900839,0.9685714285714285,56.598604830277885
segment,KarciFANN,112,180,0.003073605778971714,0.9826086956521739,0.00793781272721719,0.9685714285714285,21.21205539834997
segment,KarciFANN,112,181,0.0032494640593898083,0.9850931677018634,0.008808205076442293,0.96,27.6153982927991
segment,KarciFANN,112,182,0.003563774020133637,0.9826086956521739,0.009102469467683005,0.96,142.91759983957934
segment,KarciFANN,112,183,0.0030105453707679163,0.9850931677018634,0.007668552274923247,0.9657142857142857,22.438154547388937
segment,KarciFANN,112,184,0.0033814962967215864,0.9819875776397515,0.008586422747584643,0.9657142857142857,14.080045806852452
segment,KarciFANN,112,185,0.002677380523515122,0.9850931677018634,0.007765960586032449,0.9657142857142857,32.7623899234718
segment,KarciFANN,112,186,0.0032142500759982243,0.9838509316770186,0.007731920563904702,0.9657142857142857,3.553877750972109
segment,KarciFANN,112,187,0.0036885603707058467,0.9838509316770186,0.009131457212361244,0.96,2.752885853494036
segment,KarciFANN,112,188,0.012460687128995845,0.9496894409937888,0.014886791570720665,0.9342857142857143,5.073107928934517
segment,KarciFANN,112,189,0.003146872400977871,0.9832298136645963,0.007484266115723368,0.9657142857142857,31.669006965096585
segment,KarciFANN,112,190,0.005443520316576491,0.9732919254658385,0.010931560422622924,0.9571428571428572,147.3330571857501
segment,KarciFANN,112,191,0.0026078712294025797,0.9869565217391304,0.007720491695111414,0.9685714285714285,148.40347126544287
segment,KarciFANN,112,192,0.0033896240822640106,0.9832298136645963,0.007757770613362531,0.9628571428571429,214.89071205380156
segment,KarciFANN,112,193,0.002880157736032774,0.986335403726708,0.008104090101562383,0.9714285714285714,3.4995889021915643
segment,KarciFANN,112,194,0.0026594504948811355,0.9857142857142858,0.007378733148441219,0.9742857142857143,3.556989644763902
segment,KarciFANN,112,195,0.0027991516199395833,0.984472049689441,0.0074241211854543425,0.9714285714285714,78.25121404007398
segment,KarciFANN,112,196,0.0029407275885382144,0.9850931677018634,0.007223701095635191,0.9771428571428571,47.79505043342366
segment,KarciFANN,112,197,0.0035758763484676215,0.9826086956521739,0.00878378207394868,0.9742857142857143,2.7145889206598564
segment,KarciFANN,112,198,0.006637493358295872,0.9683229813664597,0.011589210454596242,0.9571428571428572,40.75932960358699
segment,KarciFANN,112,199,0.0025698722867004203,0.9869565217391304,0.007572312102549231,0.9714285714285714,3.5369846171058423
segment,KarciFANN,112,200,0.002638357138896111,0.9869565217391304,0.007234266547382021,0.9742857142857143,45.730946229732105
segment,KarciFANN,112,201,0.002826766417842916,0.9850931677018634,0.00720147172709655,0.9714285714285714,204.88701242102746
segment,KarciFANN,112,202,0.002552716608846058,0.9869565217391304,0.0073812956131242705,0.9714285714285714,3.574635533890177
segment,KarciFANN,112,203,0.0028369854109294005,0.9850931677018634,0.0077229176632654705,0.9742857142857143,30.972954941218234
segment,KarciFANN,112,204,0.002650844395111599,0.9850931677018634,0.0068587387733466355,0.9771428571428571,86.53595302371015
segment,KarciFANN,112,205,0.002696136193299295,0.9875776397515528,0.007105720896633159,0.98,114.68052852833043
segment,KarciFANN,112,206,0.0030758103772790717,0.9832298136645963,0.0075687847954587495,0.9771428571428571,59.748626696846436
segment,KarciFANN,112,207,0.002371006203142655,0.9869565217391304,0.006805803424811286,0.98,36.31405022581708
segment,KarciFANN,112,208,0.0028052514848029356,0.986335403726708,0.007344179502574721,0.9714285714285714,245.08701710615674
segment,KarciFANN,112,209,0.0037605537116269265,0.9819875776397515,0.00797077638471109,0.9685714285714285,133.99964875495772
segment,KarciFANN,112,210,0.005359253364455628,0.977639751552795,0.008597105093740606,0.9657142857142857,3.124566777347056
segment,KarciFANN,112,211,0.0028356702985107944,0.9857142857142858,0.00791330076167863,0.9714285714285714,276.3826789494443
segment,KarciFANN,112,212,0.0042543618113205,0.977639751552795,0.008480320093868893,0.9685714285714285,2.6465877252283363
segment,KarciFANN,112,213,0.0026352663889189654,0.986335403726708,0.0070774674593670804,0.9714285714285714,29.450511806583346
segment,KarciFANN,112,214,0.0025398337296428227,0.986335403726708,0.007372388099253803,0.9714285714285714,75.74781873217579
segment,KarciFANN,112,215,0.006071205989492671,0.9720496894409938,0.01066380208281511,0.96,128.69989468334208
segment,KarciFANN,112,216,0.002416003760292671,0.986335403726708,0.006929890695235779,0.9742857142857143,110.62195968981894
segment,KarciFANN,112,217,0.002908974748975078,0.9850931677018634,0.007393313148118399,0.9685714285714285,16.65026797055806
segment,KarciFANN,112,218,0.003004949840580947,0.984472049689441,0.007590792965796661,0.9657142857142857,83.92333695995936
segment,KarciFANN,112,219,0.00276391097873891,0.9869565217391304,0.006997359056109901,0.9685714285714285,13.37049667458661
segment,KarciFANN,112,220,0.0031908551427045524,0.9838509316770186,0.008325530329156408,0.9628571428571429,36.40597886755735
segment,KarciFANN,112,221,0.002663330013927601,0.9850931677018634,0.007043830158934351,0.9714285714285714,137.55935309514064
segment,KarciFANN,112,222,0.0024591955396511167,0.986335403726708,0.0073906810273609,0.9714285714285714,124.52195798872144
segment,KarciFANN,112,223,0.0031022140819865237,0.984472049689441,0.007690341501900554,0.9685714285714285,32.50282387615362
segment,KarciFANN,112,224,0.002417697180989623,0.9857142857142858,0.00703678017428875,0.9771428571428571,3.5905763089914364
segment,KarciFANN,112,225,0.002527536936750104,0.9850931677018634,0.007106664823750829,0.9742857142857143,156.1437464281736
segment,KarciFANN,112,226,0.003152930900258556,0.9869565217391304,0.0076733131287177484,0.9714285714285714,2.7381592484325985
segment,KarciFANN,112,227,0.0025032988849855164,0.9869565217391304,0.006723174240131455,0.9742857142857143,17.682497092899386
segment,KarciFANN,112,228,0.002491612079048514,0.986335403726708,0.006916130098901452,0.9714285714285714,50.179948530930886
segment,KarciFANN,112,229,0.0032827779009026166,0.9826086956521739,0.008093207258491048,0.9657142857142857,12.068080524992943
segment,KarciFANN,112,230,0.007191817730796442,0.9683229813664597,0.011652604966273232,0.9571428571428572,40.77741198036606
segment,KarciFANN,112,231,0.0032854974257863242,0.984472049689441,0.007833104053499428,0.9714285714285714,181.30304280070632
segment,KarciFANN,112,232,0.0025587431903258523,0.984472049689441,0.00695849312596424,0.9742857142857143,34.23565493150234
segment,KarciFANN,112,233,0.0024096715535238756,0.986335403726708,0.006981592183322876,0.9714285714285714,117.70042494483157
segment,KarciFANN,112,234,0.0023366376811615624,0.986335403726708,0.006867207804943646,0.9742857142857143,91.4471218990255
segment,KarciFANN,112,235,0.002609773937298205,0.9857142857142858,0.006881358513992034,0.9714285714285714,29.6476078717875
segment,KarciFANN,112,236,0.0030541213018466535,0.984472049689441,0.007094644438591729,0.9742857142857143,34.16730912041329
segment,KarciFANN,112,237,0.002375286108735302,0.986335403726708,0.006722075339803645,0.9742857142857143,61.407603130626214
segment,KarciFANN,112,238,0.00290620451074717,0.9850931677018634,0.007702112394592506,0.9742857142857143,139.68177672373056
segment,KarciFANN,112,239,0.002935812059316896,0.9832298136645963,0.007647514838165684,0.9742857142857143,27.727251433750812
segment,KarciFANN,112,240,0.002259226628439029,0.9881987577639751,0.006860944654219454,0.9771428571428571,190.37664838519262
segment,KarciFANN,112,241,0.003805787959406346,0.9801242236024845,0.007383933021361017,0.9714285714285714,23.592921272949894
segment,KarciFANN,112,242,0.002327352894878786,0.9888198757763975,0.006800250174040923,0.9771428571428571,2.773237416871076
segment,KarciFANN,112,243,0.002362787260388926,0.9869565217391304,0.0073489651001960475,0.9742857142857143,50.5115007799671
segment,KarciFANN,112,244,0.00455036856721552,0.9801242236024845,0.007289849638330479,0.9742857142857143,8.415528800438052
segment,KarciFANN,112,245,0.00258059219335472,0.9857142857142858,0.006396048221973248,0.9771428571428571,86.45696740188802
segment,KarciFANN,112,246,0.002644910031284014,0.986335403726708,0.007603104077296331,0.9742857142857143,3.666974373438037
segment,KarciFANN,112,247,0.00259831565005356,0.986335403726708,0.006700742947173541,0.9742857142857143,81.21623240128388
segment,KarciFANN,112,248,0.0024399448514059972,0.9869565217391304,0.006306315510874968,0.9714285714285714,65.91188523673789
segment,KarciFANN,112,249,0.0028521881398051395,0.984472049689441,0.007143284695049702,0.9742857142857143,192.63699531023158
segment,KarciFANN,112,250,0.002509502222625356,0.9857142857142858,0.0069659618910378005,0.9714285714285714,154.24467093613916
segment,KarciFANN,112,251,0.002932046362214716,0.9850931677018634,0.007073065856731419,0.9771428571428571,82.41301267287074
segment,KarciFANN,112,252,0.0023285211880283247,0.9881987577639751,0.006612503104176838,0.9771428571428571,204.4340570568859
segment,KarciFANN,112,253,0.0025699075131255925,0.9850931677018634,0.0067552089238655175,0.9771428571428571,235.0291243397036
segment,KarciFANN,112,254,0.00829114281038138,0.962111801242236,0.010281893751636965,0.9657142857142857,5.434509046147758
segment,KarciFANN,112,255,0.003655541199241765,0.9832298136645963,0.008373715895368382,0.9685714285714285,65.91343918791782
segment,KarciFANN,112,256,0.0029213288929428086,0.9838509316770186,0.007153827501448236,0.9742857142857143,509.4313967406797
segment,KarciFANN,112,257,0.005730298792471061,0.9732919254658385,0.01050402163681978,0.96,94.31700640011981
segment,KarciFANN,112,258,0.00220932340569804,0.9888198757763975,0.00651367369598054,0.98,83.30902290015902
segment,KarciFANN,112,259,0.0023309713414443587,0.986335403726708,0.00649833483896541,0.9771428571428571,46.327970693727
segment,KarciFANN,112,260,0.002952649572901965,0.9850931677018634,0.007565919183243637,0.9742857142857143,36.870525893887375
segment,KarciFANN,112,261,0.0023545376207521787,0.9869565217391304,0.006513869476025419,0.9771428571428571,67.64341264853381
segment,KarciFANN,112,262,0.002338548420950643,0.9875776397515528,0.006585410601104824,0.9771428571428571,133.59258094549335
segment,KarciFANN,112,263,0.002578235857549834,0.984472049689441,0.007738281851777275,0.9685714285714285,63.07714997687688
segment,KarciFANN,112,264,0.002334039917653606,0.9875776397515528,0.007000608847928026,0.9685714285714285,73.89425065933324
segment,KarciFANN,112,265,0.002487108566952553,0.9869565217391304,0.0073365014699399,0.9714285714285714,21.776468028469246
segment,KarciFANN,112,266,0.002837451829579605,0.9857142857142858,0.006717439024769934,0.9742857142857143,134.08821204532305
segment,KarciFANN,112,267,0.0027762228178476985,0.9850931677018634,0.006376308649492082,0.9857142857142858,107.80593375086278
segment,KarciFANN,112,268,0.0024534654730836714,0.9857142857142858,0.0063157290947024256,0.98,194.32231377825994
segment,KarciFANN,112,269,0.002902262151278245,0.984472049689441,0.006418448165878928,0.9771428571428571,3.555017197801332
segment,KarciFANN,112,270,0.002479755067312129,0.9875776397515528,0.006293724985176415,0.9742857142857143,62.16125494297015
segment,KarciFANN,112,271,0.002439110005937643,0.984472049689441,0.006286310058259915,0.9771428571428571,74.505264104995
segment,KarciFANN,112,272,0.004718773019365821,0.9788819875776398,0.008305934129786146,0.9714285714285714,344.6176665550127
segment,KarciFANN,112,273,0.002184210985769614,0.9875776397515528,0.0063705798932249084,0.9771428571428571,135.86167224114587
segment,KarciFANN,112,274,0.003276110878637423,0.9850931677018634,0.0065700827147185965,0.98,3.7263564463270824
segment,KarciFANN,112,275,0.003956684932657791,0.9795031055900622,0.007443099681888422,0.9742857142857143,45.50652429904078
segment,KarciFANN,112,276,0.002445691591049583,0.9857142857142858,0.005625755360207165,0.9857142857142858,52.32909458904926
segment,KarciFANN,112,277,0.005876142571132395,0.9745341614906833,0.009722313793906198,0.9657142857142857,3.606144985860826
segment,KarciFANN,112,278,0.002728797414730479,0.9857142857142858,0.005831876507588731,0.9828571428571429,92.77575386944892
segment,KarciFANN,112,279,0.0022895206818889457,0.9875776397515528,0.006540088110984108,0.9714285714285714,65.18451831167147
segment,KarciFANN,112,280,0.00259854569494776,0.9857142857142858,0.006194640608582583,0.9828571428571429,18.283012054541764
segment,KarciFANN,112,281,0.002672709115979922,0.9869565217391304,0.007126101318511996,0.9771428571428571,3.7311037604776476
segment,KarciFANN,112,282,0.0025864898681627383,0.9850931677018634,0.00636205837130924,0.98,38.47850056489141
segment,KarciFANN,112,283,0.007149185266512447,0.968944099378882,0.008474038755297697,0.9714285714285714,6.507109076243313
segment,KarciFANN,112,284,0.0025892784758822143,0.9869565217391304,0.00712317561746884,0.9742857142857143,30.628822305029047
segment,KarciFANN,112,285,0.0023431702262096026,0.9875776397515528,0.006244842592758309,0.98,3.7265146106268183
segment,KarciFANN,112,286,0.0022313624293571967,0.9869565217391304,0.0057429372513362765,0.98,83.77557788415102
segment,KarciFANN,112,287,0.0023732801923409532,0.9875776397515528,0.005784394933484707,0.9828571428571429,84.76437292882636
segment,KarciFANN,112,288,0.002362222005259922,0.9857142857142858,0.005310596394032031,0.9885714285714285,58.72075531216606
segment,KarciFANN,112,289,0.002298174114984705,0.9869565217391304,0.005540837273355563,0.9885714285714285,25.591769159609008
segment,KarciFANN,112,290,0.0025224767368374344,0.9875776397515528,0.005843738243645495,0.9857142857142858,15.95263013809599
segment,KarciFANN,112,291,0.002685721900380492,0.9869565217391304,0.005692964056535659,0.9828571428571429,157.2159910113827
segment,KarciFANN,112,292,0.0024958016798521834,0.9857142857142858,0.006016615880322966,0.98,154.7571117711707
segment,KarciFANN,112,293,0.0022792355027600793,0.9875776397515528,0.005903999499459739,0.9828571428571429,53.839083010679374
segment,KarciFANN,112,294,0.0027334265761951877,0.986335403726708,0.005999577925450908,0.9828571428571429,40.69524499777417
segment,KarciFANN,112,295,0.0022666126195674836,0.9875776397515528,0.006154691772636903,0.98,331.0243173385725
segment,KarciFANN,112,296,0.0021400916623914453,0.9888198757763975,0.005767999803965092,0.9885714285714285,156.1916086098913
segment,KarciFANN,112,297,0.0024926615625340456,0.9869565217391304,0.0057307350232551225,0.9857142857142858,35.027252879052014
segment,KarciFANN,112,298,0.0024514533842410497,0.986335403726708,0.0054755920963957755,0.9885714285714285,270.15487155514865
segment,KarciFANN,112,299,0.0021738842576796004,0.9881987577639751,0.00537853739210248,0.9857142857142858,101.8529583002093
segment,KarciFANN,112,300,0.0024494051499680952,0.986335403726708,0.005925409077572468,0.9771428571428571,173.75057805160736
segment,KarciFANN,112,301,0.002254012301607532,0.9875776397515528,0.005031541120962603,0.9857142857142858,85.48482421195312
segment,KarciFANN,112,302,0.0033215420648685726,0.9819875776397515,0.007155388936923656,0.9771428571428571,3.044364816857397
segment,KarciFANN,112,303,0.0022137683202419363,0.9875776397515528,0.004820325692319379,0.9885714285714285,18.977546223356434
segment,KarciFANN,112,304,0.007682687231785936,0.9664596273291925,0.006967973012814265,0.9742857142857143,9.842699340825966
segment,KarciFANN,112,305,0.009855578182963185,0.9608695652173913,0.008185929970792974,0.9628571428571429,4.369056118437888
segment,KarciFANN,112,306,0.0029052749353212478,0.9850931677018634,0.005762149723407719,0.9828571428571429,3.769789162468309
segment,KarciFANN,112,307,0.0027055945497557682,0.9857142857142858,0.005726931456287542,0.9828571428571429,23.07298943773736
segment,KarciFANN,112,308,0.0023326933817220566,0.9869565217391304,0.005283134703007366,0.9857142857142858,249.14937692332805
segment,KarciFANN,112,309,0.0026149462236177245,0.9857142857142858,0.005919723764492256,0.98,98.48367272078252
segment,KarciFANN,112,310,0.002416294718586045,0.9875776397515528,0.005635869610754366,0.98,307.6339266477184
segment,KarciFANN,112,311,0.002079310101187464,0.9888198757763975,0.00507443564846745,0.9857142857142858,150.49985940781107
segment,KarciFANN,112,312,0.0023128223022744797,0.9875776397515528,0.0059424098229321825,0.9771428571428571,19.628141374689907
segment,KarciFANN,112,313,0.0023823711837824995,0.9869565217391304,0.00620717557930582,0.9828571428571429,296.57307515807673
segment,KarciFANN,112,314,0.0024119704351859804,0.9869565217391304,0.005383096967468337,0.9828571428571429,309.23130013781304
segment,KarciFANN,112,315,0.0022637802338889208,0.9881987577639751,0.00629504679234585,0.98,69.31040929523353
segment,KarciFANN,112,316,0.002441939142487051,0.9869565217391304,0.005953969601340372,0.9828571428571429,97.5244886230044
segment,KarciFANN,112,317,0.0025399206858450363,0.986335403726708,0.005326464045162047,0.9828571428571429,13.802491642720605
segment,KarciFANN,112,318,0.0057814916916911355,0.9739130434782609,0.007464575284847363,0.9742857142857143,3.478995343935461
segment,KarciFANN,112,319,0.003813948610006341,0.9807453416149068,0.007963910905848193,0.9714285714285714,2.9014185085575845
segment,KarciFANN,112,320,0.009494663543542836,0.9596273291925466,0.010173085826623149,0.9628571428571429,4.513000810930969
segment,KarciFANN,112,321,0.003524044719947251,0.9801242236024845,0.00676658648293155,0.9742857142857143,63.72249198040005
segment,KarciFANN,112,322,0.0024773643270971655,0.9869565217391304,0.006224809826234249,0.9828571428571429,49.29018132445033
segment,KarciFANN,112,323,0.0021573013836512483,0.9881987577639751,0.00527656159642974,0.9828571428571429,304.2425124414898
segment,KarciFANN,112,324,0.0024761538107427737,0.9869565217391304,0.006458703361420501,0.9771428571428571,64.46210292356865
segment,KarciFANN,112,325,0.002251785520240418,0.986335403726708,0.005200970945740286,0.9828571428571429,221.7687970494072
segment,KarciFANN,112,326,0.0021096092082534446,0.9881987577639751,0.005513035505152714,0.98,100.56095086967827
segment,KarciFANN,112,327,0.0026080302006628742,0.9857142857142858,0.005750581170460173,0.9828571428571429,91.19300995804988
segment,KarciFANN,112,328,0.0028001472782846113,0.9857142857142858,0.006117920171539287,0.9771428571428571,185.18106948100694
segment,KarciFANN,112,329,0.002410952172147774,0.9869565217391304,0.004917905875203963,0.9828571428571429,3.7740265533228485
segment,KarciFANN,112,330,0.00253727522454836,0.9838509316770186,0.0053758396324006495,0.9828571428571429,164.42508680960142
segment,KarciFANN,112,331,0.0032656539131576796,0.9832298136645963,0.00683607699599981,0.9771428571428571,21.81343745081874
segment,KarciFANN,112,332,0.002209431325554008,0.9875776397515528,0.0052089946693321286,0.9828571428571429,240.06646954815267
segment,KarciFANN,112,333,0.002113995273232197,0.9875776397515528,0.005660381338681099,0.98,268.8541305034229
segment,KarciFANN,112,334,0.0028531836704227503,0.9850931677018634,0.005749734877340734,0.98,193.36794366463093
segment,KarciFANN,112,335,0.002201899597358956,0.9881987577639751,0.005346130542864742,0.9857142857142858,268.4122717212763
segment,KarciFANN,112,336,0.002561498156711116,0.9875776397515528,0.005970103486122785,0.9857142857142858,3.812557145109896
segment,KarciFANN,112,337,0.0020361209964329927,0.9881987577639751,0.005200381831328222,0.9857142857142858,335.0833275554747
segment,KarciFANN,112,338,0.0023367047421287467,0.9875776397515528,0.005306915858052988,0.9828571428571429,58.29609081513748
segment,KarciFANN,112,339,0.002080021150466911,0.9881987577639751,0.005241231695363452,0.9828571428571429,3.7629997443832814
segment,KarciFANN,112,340,0.0021909460429634414,0.9869565217391304,0.005102633971770328,0.9828571428571429,41.74214715543127
segment,KarciFANN,112,341,0.0022735718628964494,0.9869565217391304,0.005310242689920942,0.9857142857142858,54.404291134853096
segment,KarciFANN,112,342,0.0024548857730951044,0.9875776397515528,0.006051920214278187,0.9771428571428571,17.805935596896155
segment,KarciFANN,112,343,0.002111351675806124,0.9875776397515528,0.004906376723793604,0.9857142857142858,59.10475627653885
segment,KarciFANN,112,344,0.002180037079765098,0.9875776397515528,0.005172906878653784,0.98,355.40386160827785
segment,KarciFANN,112,345,0.004210529735129097,0.9826086956521739,0.006334946532180737,0.9771428571428571,7.765312721122904
segment,KarciFANN,112,346,0.004492304289638864,0.9788819875776398,0.007612917316184342,0.9714285714285714,19.220377190282747
segment,KarciFANN,112,347,0.002605602224477557,0.986335403726708,0.005785020470514826,0.98,191.61636901395724
segment,KarciFANN,112,348,0.0019632886219984975,0.9894409937888199,0.004853309995150237,0.9828571428571429,139.92690628489123
segment,KarciFANN,112,349,0.0020131154046396545,0.9875776397515528,0.004964693288171,0.9857142857142858,142.97772577453094
segment,KarciFANN,112,350,0.0024186562346881373,0.986335403726708,0.005496155323883555,0.98,65.91551026841789
segment,KarciFANN,113,1,0.09399829114533785,0.5260869565217391,0.09273361195995573,0.5171428571428571,1.249872024422219
segment,KarciFANN,113,2,0.06345664774933044,0.7124223602484472,0.06269736986135413,0.7171428571428572,1.516670960100597
segment,KarciFANN,113,3,0.03921625208082581,0.8211180124223603,0.03751034611543298,0.8514285714285714,1.9734226824227452
segment,KarciFANN,113,4,0.034939875597132596,0.8391304347826087,0.034310202523244425,0.8457142857142858,1.9398173952807565
segment,KarciFANN,113,5,0.028420475478565157,0.908695652173913,0.02991950270979341,0.9085714285714286,1.62819657782605
segment,KarciFANN,113,6,0.017821247127322037,0.9304347826086956,0.0189301977804621,0.9228571428571428,11.348457316195333
segment,KarciFANN,113,7,0.016206783367456665,0.9298136645962732,0.017194262839441046,0.9171428571428571,2.286547929949737
segment,KarciFANN,113,8,0.015241601950725252,0.9366459627329192,0.01670698921911407,0.92,2.890146713277985
segment,KarciFANN,113,9,0.01638563646096798,0.9267080745341615,0.017381033870030822,0.9142857142857143,2.048909256461501
segment,KarciFANN,113,10,0.03906427097092518,0.8677018633540373,0.0422520103717227,0.8285714285714286,3.1822117591077683
segment,KarciFANN,113,11,0.014811645592242297,0.9416149068322981,0.016286800908990495,0.9085714285714286,2.3391412443565907
segment,KarciFANN,113,12,0.019900143799585095,0.9142857142857143,0.020319714068825594,0.9028571428571428,1.8051685031030307
segment,KarciFANN,113,13,0.012729668611306961,0.9496894409937888,0.013965379042376411,0.9457142857142857,8.830568299223097
segment,KarciFANN,113,14,0.018823558179380556,0.9204968944099379,0.018578929410058266,0.9314285714285714,5.436184760590672
segment,KarciFANN,113,15,0.01120518669313702,0.9490683229813665,0.012875760026330427,0.9428571428571428,13.160604821115916
segment,KarciFANN,113,16,0.021690295979599362,0.9043478260869565,0.023283843935672992,0.9,5.462818759809286
segment,KarciFANN,113,17,0.021397402042646334,0.9031055900621118,0.02243305176796719,0.9057142857142857,2.835305645575142
segment,KarciFANN,113,18,0.021518726128412723,0.9080745341614906,0.022219295106501755,0.9085714285714286,2.505975114512439
segment,KarciFANN,113,19,0.020773543548186987,0.9180124223602485,0.02226216335858029,0.9171428571428571,2.4111456863675715
segment,KarciFANN,113,20,0.019415775166947324,0.9211180124223602,0.018650521063563047,0.9314285714285714,4.108378093016775
segment,KarciFANN,113,21,0.012478959581477675,0.9453416149068323,0.013556320486009129,0.9257142857142857,10.999289277143637
segment,KarciFANN,113,22,0.009044656227340403,0.9602484472049689,0.010720840072979671,0.9514285714285714,2.060332908891255
segment,KarciFANN,113,23,0.008564297848918934,0.962111801242236,0.010288464313510645,0.9457142857142857,22.302748662267476
segment,KarciFANN,113,24,0.011265681418424121,0.9614906832298137,0.01556397146847385,0.9371428571428572,8.309684633228938
segment,KarciFANN,113,25,0.025680686740302636,0.8987577639751553,0.024107914430383185,0.9028571428571428,3.202363734690387
segment,KarciFANN,113,26,0.012671629555898112,0.9527950310559006,0.01489673489989494,0.9371428571428572,3.8085435562341905
segment,KarciFANN,113,27,0.007762828803863516,0.9652173913043478,0.010641340622836875,0.9485714285714286,9.999797790355395
segment,KarciFANN,113,28,0.011513622828082189,0.9490683229813665,0.01329915524308372,0.9371428571428572,2.8378037961004225
segment,KarciFANN,113,29,0.010785437883903558,0.953416149068323,0.01247033770039664,0.9457142857142857,4.84074829605169
segment,KarciFANN,113,30,0.01308332533259903,0.9428571428571428,0.013886707015176575,0.9371428571428572,19.39952265585358
segment,KarciFANN,113,31,0.007335075271563214,0.9652173913043478,0.010619203505153269,0.9485714285714286,23.384041479168577
segment,KarciFANN,113,32,0.01402468659935748,0.9397515527950311,0.014447752237877615,0.94,3.2198039281626043
segment,KarciFANN,113,33,0.0071696681819535075,0.9683229813664597,0.010095674498116899,0.9485714285714286,17.09935511442469
segment,KarciFANN,113,34,0.008110415203787113,0.9664596273291925,0.011477207185709867,0.9485714285714286,2.162364328472633
segment,KarciFANN,113,35,0.006782901012525066,0.9670807453416149,0.010199699869190398,0.9514285714285714,14.325768560799355
segment,KarciFANN,113,36,0.009254363181659037,0.962111801242236,0.011102141741448444,0.9628571428571429,14.22196442454242
segment,KarciFANN,113,37,0.013402607496464125,0.9372670807453416,0.01587121677409448,0.9257142857142857,9.648506942031483
segment,KarciFANN,113,38,0.007784370045755234,0.9658385093167702,0.011467757836666072,0.96,3.0337892258574897
segment,KarciFANN,113,39,0.01149740674604686,0.9465838509316771,0.014269587660838915,0.9342857142857143,3.8218846904388952
segment,KarciFANN,113,40,0.00775200859552638,0.970807453416149,0.011445728417134371,0.9542857142857143,3.2199052637966896
segment,KarciFANN,113,41,0.011697432097439129,0.9645962732919254,0.015413693768683302,0.9485714285714286,9.253759317284397
segment,KarciFANN,113,42,0.007683485729624535,0.9664596273291925,0.00982962544226841,0.96,3.1980908616568837
segment,KarciFANN,113,43,0.01179142838598831,0.9677018633540373,0.01637852578455217,0.9457142857142857,6.146827020694617
segment,KarciFANN,113,44,0.011440800902272364,0.9590062111801242,0.012487685613794682,0.9657142857142857,4.552914778789583
segment,KarciFANN,113,45,0.009585598313331863,0.9590062111801242,0.013302510939143582,0.94,11.804482146180169
segment,KarciFANN,113,46,0.006588823549732736,0.9739130434782609,0.01016875746191423,0.9628571428571429,10.03271433295008
segment,KarciFANN,113,47,0.00935717505082351,0.9571428571428572,0.01177863688500601,0.9514285714285714,14.200347074966187
segment,KarciFANN,113,48,0.011025403481401099,0.9577639751552796,0.012622814395132066,0.9514285714285714,12.537751496343772
segment,KarciFANN,113,49,0.005203914018446626,0.977639751552795,0.008597465420434446,0.9685714285714285,22.982256575067183
segment,KarciFANN,113,50,0.015519895080037205,0.9403726708074535,0.01552593345724593,0.9457142857142857,3.8043166062970144
segment,KarciFANN,113,51,0.023982936141961616,0.9118012422360249,0.02391504987608214,0.9228571428571428,5.909467952989804
segment,KarciFANN,113,52,0.010278050598592037,0.9559006211180124,0.010861620530096868,0.9571428571428572,7.545525750554549
segment,KarciFANN,113,53,0.00621312936660555,0.9720496894409938,0.009266817716635288,0.9657142857142857,49.868620501129435
segment,KarciFANN,113,54,0.005640938637253894,0.9751552795031055,0.008392535439060739,0.96,9.65166668319909
segment,KarciFANN,113,55,0.011393834933690658,0.94472049689441,0.01434218861425464,0.94,2.3028282237674826
segment,KarciFANN,113,56,0.011067356985783091,0.9484472049689441,0.01304348144074572,0.9514285714285714,5.251718167774997
segment,KarciFANN,113,57,0.004956543868426246,0.9782608695652174,0.00822358582615978,0.9685714285714285,15.09863081147731
segment,KarciFANN,113,58,0.007976831648378,0.9745341614906833,0.010479697312581037,0.96,5.994974331584092
segment,KarciFANN,113,59,0.004786551581205392,0.977639751552795,0.007487126857873589,0.9714285714285714,7.773341909222629
segment,KarciFANN,113,60,0.007570381698357604,0.9683229813664597,0.009398066858466012,0.9714285714285714,4.643178036998044
segment,KarciFANN,113,61,0.004519262281732889,0.977639751552795,0.008110004698159552,0.9685714285714285,18.460764991831077
segment,KarciFANN,113,62,0.006088267239805428,0.970807453416149,0.008935588281287979,0.96,38.10861357458637
segment,KarciFANN,113,63,0.01222844623360905,0.9496894409937888,0.014068839676171063,0.9514285714285714,5.651015358948119
segment,KarciFANN,113,64,0.004904141778688381,0.9770186335403727,0.007888713522373749,0.9657142857142857,38.452871324132026
segment,KarciFANN,113,65,0.004643326114512335,0.9788819875776398,0.008274167479709441,0.9742857142857143,46.87304163090556
segment,KarciFANN,113,66,0.008901301490181224,0.9701863354037267,0.012663826905656551,0.9542857142857143,5.423158236074984
segment,KarciFANN,113,67,0.0048461051481886366,0.9795031055900622,0.008324253964984011,0.9657142857142857,48.709228917159656
segment,KarciFANN,113,68,0.004135164165900788,0.9801242236024845,0.008471691731478707,0.9657142857142857,3.1372479916740077
segment,KarciFANN,113,69,0.009077085502913602,0.9596273291925466,0.012118674773399141,0.9514285714285714,70.29896273284254
segment,KarciFANN,113,70,0.004794633169158174,0.9770186335403727,0.008414464133760187,0.9685714285714285,3.0330637945819054
segment,KarciFANN,113,71,0.0075163100607879545,0.9639751552795031,0.011264767508676464,0.9571428571428572,11.178578441403463
segment,KarciFANN,113,72,0.0041468693657295014,0.9813664596273292,0.007805849736536063,0.9714285714285714,39.554575621493385
segment,KarciFANN,113,73,0.004397970772431746,0.9782608695652174,0.00893629684910834,0.9657142857142857,12.45792320324722
segment,KarciFANN,113,74,0.0035975752160881834,0.9813664596273292,0.008053222979308668,0.9685714285714285,18.753698270921788
segment,KarciFANN,113,75,0.004371439194727978,0.9788819875776398,0.008659336293032607,0.9714285714285714,44.14803029762871
segment,KarciFANN,113,76,0.0053120522888880665,0.9745341614906833,0.008709381967654188,0.9628571428571429,53.38307236669063
segment,KarciFANN,113,77,0.008119673597327477,0.9590062111801242,0.010850472418448864,0.96,10.551397330802793
segment,KarciFANN,113,78,0.0038758658911428783,0.9782608695652174,0.008177526675503786,0.9685714285714285,17.560909799193574
segment,KarciFANN,113,79,0.0035068708058476742,0.9807453416149068,0.00757830216550466,0.9685714285714285,47.342450941919964
segment,KarciFANN,113,80,0.004128356379883087,0.9801242236024845,0.008406357118351918,0.9685714285714285,18.136954602582975
segment,KarciFANN,113,81,0.005501167038824565,0.9726708074534162,0.009873843124627569,0.9657142857142857,11.250678427882265
segment,KarciFANN,113,82,0.01442751214610871,0.9335403726708075,0.016006997226162178,0.9257142857142857,3.8438792672085227
segment,KarciFANN,113,83,0.004726580969190496,0.9795031055900622,0.008347911120432164,0.9714285714285714,12.652776618759656
segment,KarciFANN,113,84,0.004011884823767191,0.9813664596273292,0.007996714935659458,0.9742857142857143,22.167504229803416
segment,KarciFANN,113,85,0.0036347316668733994,0.9813664596273292,0.008542361561710511,0.9714285714285714,68.34997170220846
segment,KarciFANN,113,86,0.003735274563068526,0.9832298136645963,0.008485458805058823,0.9714285714285714,2.461966684803546
segment,KarciFANN,113,87,0.0036159130672062272,0.9819875776397515,0.007571766874078584,0.9742857142857143,66.63583411243782
segment,KarciFANN,113,88,0.004104199976695858,0.9813664596273292,0.008661036916503308,0.9742857142857143,3.3818201135300114
segment,KarciFANN,113,89,0.0057298045240055644,0.9739130434782609,0.010061586594982574,0.9714285714285714,7.615385098267154
segment,KarciFANN,113,90,0.007636025328632725,0.9677018633540373,0.009478226915755566,0.9714285714285714,8.33689859592052
segment,KarciFANN,113,91,0.0033438297035895625,0.9819875776397515,0.007879763802468274,0.9742857142857143,26.099271980833862
segment,KarciFANN,113,92,0.006066123736603815,0.9714285714285714,0.00842659291217887,0.9742857142857143,8.384558480866989
segment,KarciFANN,113,93,0.003265790144651647,0.9869565217391304,0.007745206376169681,0.9714285714285714,3.36827560715556
segment,KarciFANN,113,94,0.007602391639596289,0.9639751552795031,0.01153347035361287,0.9571428571428572,38.75405807879201
segment,KarciFANN,113,95,0.004429816723371613,0.9770186335403727,0.008030321560883942,0.9685714285714285,7.934665337412087
segment,KarciFANN,113,96,0.0034743313893692137,0.9832298136645963,0.008088566410027203,0.9714285714285714,60.62589269657648
segment,KarciFANN,113,97,0.003243529783916733,0.9832298136645963,0.007497915988243335,0.9771428571428571,41.404591152101005
segment,KarciFANN,113,98,0.0034902268986255563,0.9813664596273292,0.008192907298060161,0.9685714285714285,28.065073013607346
segment,KarciFANN,113,99,0.0032761591362062067,0.9857142857142858,0.007988498201146024,0.9685714285714285,26.603971811319784
segment,KarciFANN,113,100,0.0034746904646420153,0.9832298136645963,0.007937841974299588,0.9628571428571429,2.5624682243993746
segment,KarciFANN,113,101,0.0032543156744024677,0.984472049689441,0.008358140932971376,0.9685714285714285,13.879562668510886
segment,KarciFANN,113,102,0.004205589060761474,0.9819875776397515,0.009034562744971815,0.9657142857142857,27.04916829607752
segment,KarciFANN,113,103,0.0033488786021393813,0.984472049689441,0.0077000394112490935,0.9685714285714285,16.30198093140655
segment,KarciFANN,113,104,0.003183678750953309,0.9838509316770186,0.008066303036405369,0.9685714285714285,31.06851155236011
segment,KarciFANN,113,105,0.012074722672892656,0.9416149068322981,0.02042986388393662,0.9,16.057348507580738
segment,KarciFANN,113,106,0.004809493175062274,0.9801242236024845,0.010794604470949824,0.9571428571428572,16.133531863320627
segment,KarciFANN,113,107,0.003672224942994533,0.9832298136645963,0.00912335146579744,0.9657142857142857,26.857219446720638
segment,KarciFANN,113,108,0.003010597696486859,0.9838509316770186,0.007974741596542833,0.9657142857142857,42.9211647899545
segment,KarciFANN,113,109,0.007008454721782218,0.968944099378882,0.011611013177587748,0.9514285714285714,6.216765246310651
segment,KarciFANN,113,110,0.004189881063681458,0.9813664596273292,0.008617646632999536,0.9657142857142857,34.85696420464627
segment,KarciFANN,113,111,0.00281330579450907,0.9857142857142858,0.008106561554578383,0.9628571428571429,28.50392008293423
segment,KarciFANN,113,112,0.002990438221948332,0.986335403726708,0.008316827289438436,0.9685714285714285,21.965103806017176
segment,KarciFANN,113,113,0.002903538024882242,0.9838509316770186,0.007950245790663085,0.9685714285714285,3.4783097144716217
segment,KarciFANN,113,114,0.0029158236525145594,0.9838509316770186,0.008133372660801533,0.9714285714285714,191.54767449951245
segment,KarciFANN,113,115,0.0038818719545714287,0.9795031055900622,0.007854754387860718,0.9685714285714285,36.42623150431908
segment,KarciFANN,113,116,0.002934648817995277,0.9857142857142858,0.008087791198239372,0.9685714285714285,78.42096744279941
segment,KarciFANN,113,117,0.003247505818775272,0.984472049689441,0.007716401557001039,0.9657142857142857,55.241819067171946
segment,KarciFANN,113,118,0.002734178992671497,0.9857142857142858,0.007634992555753227,0.9771428571428571,110.47435506399292
segment,KarciFANN,113,119,0.0033600206085667938,0.9832298136645963,0.007513636291299677,0.9714285714285714,14.304956965686602
segment,KarciFANN,113,120,0.004370409276648644,0.9850931677018634,0.008205329607403635,0.9685714285714285,8.103489549000061
segment,KarciFANN,113,121,0.002680182317794041,0.986335403726708,0.007470627692003951,0.9742857142857143,36.18426941018907
segment,KarciFANN,113,122,0.003207173747055587,0.9832298136645963,0.007670096336246201,0.9685714285714285,25.9313314991035
segment,KarciFANN,113,123,0.0029551916796560483,0.9869565217391304,0.007822752344322574,0.9657142857142857,58.18029229986203
segment,KarciFANN,113,124,0.0041845150937364255,0.9857142857142858,0.009332922974781605,0.9657142857142857,5.54317965733914
segment,KarciFANN,113,125,0.0037591821493591095,0.9832298136645963,0.008199543814130454,0.9714285714285714,40.818418582555054
segment,KarciFANN,113,126,0.0058635692264492004,0.9757763975155279,0.009118475349897558,0.9742857142857143,8.406217095537503
segment,KarciFANN,113,127,0.0032175215803174747,0.9857142857142858,0.008341126424733988,0.9628571428571429,59.10106703040047
segment,KarciFANN,113,128,0.004194137567772771,0.9801242236024845,0.008455707007052168,0.9657142857142857,49.71773740932124
segment,KarciFANN,113,129,0.004535756991946954,0.9795031055900622,0.007525391738101055,0.9714285714285714,19.6695622492462
segment,KarciFANN,113,130,0.0026797618654729204,0.9869565217391304,0.007875410399644947,0.9685714285714285,178.85312725818176
segment,KarciFANN,113,131,0.0029883623229103257,0.9875776397515528,0.007735869806028611,0.9685714285714285,27.455172333099963
segment,KarciFANN,113,132,0.0021227526385304363,0.9906832298136646,0.007946224287010613,0.9685714285714285,22.921351968780424
segment,KarciFANN,113,133,0.0041270719722490004,0.9838509316770186,0.010577339679497446,0.9657142857142857,10.924171986361078
segment,KarciFANN,113,134,0.004027606100950032,0.9832298136645963,0.0087602722200713,0.9685714285714285,9.904584719433167
segment,KarciFANN,113,135,0.0046244058860167485,0.9807453416149068,0.009023316691593399,0.9657142857142857,14.632981643811101
segment,KarciFANN,113,136,0.009738112762292863,0.9602484472049689,0.014174960408030407,0.9428571428571428,9.085309536958482
segment,KarciFANN,113,137,0.0022667192845990305,0.9894409937888199,0.008028591939918377,0.9628571428571429,57.170265240217404
segment,KarciFANN,113,138,0.002276955278185931,0.9900621118012423,0.007103270175849193,0.9742857142857143,42.24271472102035
segment,KarciFANN,113,139,0.0031894188797014326,0.9832298136645963,0.007968812888701255,0.9685714285714285,168.078252647487
segment,KarciFANN,113,140,0.003490238305672842,0.9850931677018634,0.009075036134241455,0.9628571428571429,15.45069474828844
segment,KarciFANN,113,141,0.002363570903813336,0.9900621118012423,0.007466948341826341,0.9714285714285714,119.05511898279514
segment,KarciFANN,113,142,0.009285681280157217,0.9658385093167702,0.010246015826883517,0.9657142857142857,5.830968273514554
segment,KarciFANN,113,143,0.0022315237686242914,0.9906832298136646,0.007470481577978402,0.9714285714285714,42.400736118442545
segment,KarciFANN,113,144,0.0025726553931379446,0.9894409937888199,0.007361268833278752,0.9742857142857143,22.487612384481974
segment,KarciFANN,113,145,0.002437281861290075,0.9881987577639751,0.008367789723882147,0.9628571428571429,53.63960878645478
segment,KarciFANN,113,146,0.0025761200681443754,0.9881987577639751,0.008572224981773728,0.9685714285714285,32.96821288486233
segment,KarciFANN,113,147,0.004745757919365708,0.9795031055900622,0.011174546350194854,0.9542857142857143,4.5199773894747235
segment,KarciFANN,113,148,0.004457946643661859,0.9788819875776398,0.008297366909678316,0.9657142857142857,35.359092464666375
segment,KarciFANN,113,149,0.002086229604442181,0.9894409937888199,0.008489116743124756,0.9657142857142857,51.86575019224024
segment,KarciFANN,113,150,0.004719811213132781,0.9788819875776398,0.010844163439213805,0.9571428571428572,50.022275068597146
segment,KarciFANN,113,151,0.0020853464832965543,0.9894409937888199,0.007702780236604791,0.9685714285714285,84.19771779378902
segment,KarciFANN,113,152,0.0025583611519044863,0.9875776397515528,0.008745961567017155,0.9714285714285714,9.248850154437676
segment,KarciFANN,113,153,0.002627610855364669,0.9881987577639751,0.007265233589226976,0.9714285714285714,2.8858891456515976
segment,KarciFANN,113,154,0.002168922527533065,0.9900621118012423,0.007762387293424591,0.9742857142857143,46.32159029540957
segment,KarciFANN,113,155,0.002149146994877832,0.9888198757763975,0.008276256675866005,0.9657142857142857,50.74536969240961
segment,KarciFANN,113,156,0.0031614127566254586,0.9857142857142858,0.00846034632714979,0.9714285714285714,46.755580966435666
segment,KarciFANN,113,157,0.002591451915929624,0.9888198757763975,0.009331687766406513,0.9628571428571429,88.50626089073292
segment,KarciFANN,113,158,0.0027730965116509665,0.9869565217391304,0.007928332671000626,0.9657142857142857,327.71554849875963
segment,KarciFANN,113,159,0.0024793610933400855,0.9888198757763975,0.00871818776065264,0.96,39.661344316733576
segment,KarciFANN,113,160,0.01574170207796315,0.9347826086956522,0.01699261956634099,0.9342857142857143,4.232661137815202
segment,KarciFANN,113,161,0.0027893307210657713,0.9881987577639751,0.008649752088583885,0.9685714285714285,163.0333693604215
segment,KarciFANN,113,162,0.002851468073588897,0.9875776397515528,0.007654277365632571,0.9714285714285714,100.28726826082138
segment,KarciFANN,113,163,0.0023085022724889017,0.9881987577639751,0.008276898261388737,0.9685714285714285,31.879552575859098
segment,KarciFANN,113,164,0.004627338246139515,0.9801242236024845,0.011311241425364752,0.96,157.73781165486542
segment,KarciFANN,113,165,0.0018837503061514037,0.9906832298136646,0.008817610704947985,0.9685714285714285,45.83938260553788
segment,KarciFANN,113,166,0.002181450020779908,0.9906832298136646,0.007865809372821499,0.9714285714285714,17.986715320109667
segment,KarciFANN,113,167,0.0017942491054688866,0.9906832298136646,0.008175744732015083,0.9685714285714285,149.56751859088592
segment,KarciFANN,113,168,0.0022740861528819157,0.9894409937888199,0.007749780884718577,0.9685714285714285,63.01808164730872
segment,KarciFANN,113,169,0.0021961177467547176,0.9888198757763975,0.007994410097949194,0.9714285714285714,112.64116803603721
segment,KarciFANN,113,170,0.0022251595352601873,0.9888198757763975,0.00818909314078284,0.9742857142857143,23.76082386428948
segment,KarciFANN,113,171,0.002596819184102755,0.9894409937888199,0.0089484385974836,0.9628571428571429,12.459921896434397
segment,KarciFANN,113,172,0.004834643837127419,0.9801242236024845,0.011051195095632446,0.96,6.264867443508078
segment,KarciFANN,113,173,0.0021412532539946813,0.9906832298136646,0.007662279093456037,0.9714285714285714,35.78087827473875
segment,KarciFANN,113,174,0.0019159118580027899,0.991304347826087,0.00811540504999117,0.9685714285714285,80.87490039548378
segment,KarciFANN,113,175,0.0025796945182798713,0.9875776397515528,0.00886244692621899,0.9685714285714285,123.59978392040637
segment,KarciFANN,113,176,0.003912009154324144,0.9826086956521739,0.010811029898610682,0.9628571428571429,3.2291881032410044
segment,KarciFANN,113,177,0.0018976793996526736,0.9894409937888199,0.008453398712744253,0.9714285714285714,125.94069505009193
segment,KarciFANN,113,178,0.0017471778020377408,0.991304347826087,0.008374497950926674,0.9657142857142857,43.24435780473909
segment,KarciFANN,113,179,0.0016260558045662814,0.9925465838509316,0.008489365449707229,0.9628571428571429,136.46257990423283
segment,KarciFANN,113,180,0.0020730586211466285,0.9894409937888199,0.008563941635522642,0.9657142857142857,56.189347829877214
segment,KarciFANN,113,181,0.0023544728511984297,0.9888198757763975,0.008576850934872367,0.9714285714285714,31.83990613493832
segment,KarciFANN,113,182,0.002106336402066951,0.9888198757763975,0.009274588354646516,0.9571428571428572,45.66120451802727
segment,KarciFANN,113,183,0.001786451425163031,0.9919254658385093,0.00832946077620063,0.9685714285714285,3.7673979486918454
segment,KarciFANN,113,184,0.002227777089133706,0.9888198757763975,0.008960611514979665,0.9657142857142857,317.4178454769668
segment,KarciFANN,113,185,0.0019008287937036942,0.9906832298136646,0.00781925410256497,0.9714285714285714,50.73276907381896
segment,KarciFANN,113,186,0.0018601210214570056,0.9906832298136646,0.008541249859666568,0.9657142857142857,249.99223726203158
segment,KarciFANN,113,187,0.0018535601713328036,0.9919254658385093,0.007908358328355422,0.9685714285714285,46.834552410703346
segment,KarciFANN,113,188,0.0017636162166243697,0.991304347826087,0.008269323174482243,0.9657142857142857,87.49305458695562
segment,KarciFANN,113,189,0.0033130930003698144,0.9838509316770186,0.010556523597501779,0.96,84.58114884121473
segment,KarciFANN,113,190,0.0020534591836505653,0.991304347826087,0.008620632552323967,0.9628571428571429,9.219974345245578
segment,KarciFANN,113,191,0.0022887469262632713,0.9894409937888199,0.00966074840281938,0.9685714285714285,13.920769951510954
segment,KarciFANN,113,192,0.0017893285009773384,0.991304347826087,0.008518266524314725,0.9742857142857143,39.48315103343655
segment,KarciFANN,113,193,0.0017313071129369468,0.991304347826087,0.008238226957065874,0.9685714285714285,52.00306618272752
segment,KarciFANN,113,194,0.003569065024247654,0.984472049689441,0.010018225233356211,0.96,32.903691736347376
segment,KarciFANN,113,195,0.006312684087579328,0.9739130434782609,0.010153021200579097,0.96,8.828821756483542
segment,KarciFANN,113,196,0.0022938887781518563,0.9894409937888199,0.009308861288432125,0.9628571428571429,67.04519764448828
segment,KarciFANN,113,197,0.004054869689200482,0.9813664596273292,0.011104995378172602,0.9571428571428572,6.215753893225712
segment,KarciFANN,113,198,0.0021462917649622947,0.9900621118012423,0.007891936906878911,0.98,49.370403977846856
segment,KarciFANN,113,199,0.0035496517645607147,0.9850931677018634,0.010713744637029732,0.96,45.69329237686024
segment,KarciFANN,113,200,0.002972673787390882,0.9857142857142858,0.01021462411271454,0.9657142857142857,66.16907572298187
segment,KarciFANN,113,201,0.0017527544561982394,0.9906832298136646,0.008737587268858036,0.9657142857142857,22.69121190919609
segment,KarciFANN,113,202,0.003081415002391073,0.9857142857142858,0.009069367611269084,0.9714285714285714,21.898301969399558
segment,KarciFANN,113,203,0.0018707388222916565,0.9925465838509316,0.008110820784271831,0.9742857142857143,117.19949410029837
segment,KarciFANN,113,204,0.0023083979441489866,0.9894409937888199,0.008906971071547632,0.9714285714285714,67.98594454257244
segment,KarciFANN,113,205,0.00198853344048589,0.991304347826087,0.008146795662840739,0.9685714285714285,57.26753639733719
segment,KarciFANN,113,206,0.0018559750543579736,0.9919254658385093,0.00812564408152372,0.9714285714285714,86.1782997463651
segment,KarciFANN,113,207,0.001930217423587725,0.9900621118012423,0.00886264191490884,0.9714285714285714,94.89608644704467
segment,KarciFANN,113,208,0.0019097453001422925,0.9906832298136646,0.008693199627688589,0.9714285714285714,60.72782933054686
segment,KarciFANN,113,209,0.002311377476222061,0.9900621118012423,0.008210790246458995,0.9742857142857143,152.10947061804558
segment,KarciFANN,113,210,0.0016316346112278319,0.9919254658385093,0.008313075715098834,0.9685714285714285,165.96532030561966
segment,KarciFANN,113,211,0.006021251602264478,0.9739130434782609,0.012118700272653925,0.9571428571428572,11.83398249533719
segment,KarciFANN,113,212,0.0030000034897678034,0.9857142857142858,0.008667162994216415,0.9742857142857143,63.46063697845471
segment,KarciFANN,113,213,0.0018068319869750681,0.991304347826087,0.007710488086520813,0.9742857142857143,17.564722881066604
segment,KarciFANN,113,214,0.0017057338790902868,0.991304347826087,0.007547212871700201,0.9685714285714285,45.22203626479252
segment,KarciFANN,113,215,0.0015754585764564157,0.9919254658385093,0.007659252785731941,0.9742857142857143,122.19546831073482
segment,KarciFANN,113,216,0.0015388041454597041,0.991304347826087,0.00868735365109429,0.9657142857142857,26.669043981793333
segment,KarciFANN,113,217,0.0026562499128270746,0.9857142857142858,0.010118667267640758,0.96,185.55461770535243
segment,KarciFANN,113,218,0.00171713820805913,0.991304347826087,0.008891768359664367,0.9657142857142857,161.21271667343177
segment,KarciFANN,113,219,0.002175068285406971,0.9906832298136646,0.00814405603659374,0.9685714285714285,9.369566344892075
segment,KarciFANN,113,220,0.001648385509601148,0.991304347826087,0.008216799222255333,0.9657142857142857,88.65951432649042
segment,KarciFANN,113,221,0.0024205412852793,0.9888198757763975,0.008499632399855135,0.9657142857142857,9.619962516227346
segment,KarciFANN,113,222,0.0017636982641381633,0.9919254658385093,0.008299118303908764,0.9685714285714285,137.79520860432135
segment,KarciFANN,113,223,0.0021200142956035307,0.9906832298136646,0.008796181017665128,0.96,18.92961990954015
segment,KarciFANN,113,224,0.001773563950972399,0.9919254658385093,0.009156639433717894,0.96,84.97775748935123
segment,KarciFANN,113,225,0.001542689838385238,0.9925465838509316,0.00799976376417882,0.9657142857142857,408.2659736500252
segment,KarciFANN,113,226,0.0015431052636144635,0.991304347826087,0.008085997372606554,0.9685714285714285,79.81525594241052
segment,KarciFANN,113,227,0.0015982598134124833,0.991304347826087,0.008116524876904004,0.9685714285714285,121.8164159427923
segment,KarciFANN,113,228,0.001468039167326275,0.9919254658385093,0.008117294654278476,0.9657142857142857,148.33826213443263
segment,KarciFANN,113,229,0.002053406455007524,0.9900621118012423,0.008198194416387885,0.9628571428571429,249.5974971916036
segment,KarciFANN,113,230,0.0021173153763711467,0.991304347826087,0.008188676865842697,0.9657142857142857,116.09909268975053
segment,KarciFANN,113,231,0.002272635159668617,0.9888198757763975,0.009981395482289416,0.9571428571428572,106.69965258845116
segment,KarciFANN,113,232,0.0021092499079946054,0.9900621118012423,0.008641793806506481,0.9657142857142857,82.48593286119744
segment,KarciFANN,113,233,0.0017677330348552873,0.9906832298136646,0.008497574830041403,0.9628571428571429,173.625664812979
segment,KarciFANN,113,234,0.0016106195445082714,0.991304347826087,0.008911992928967934,0.96,77.0350995557793
segment,KarciFANN,113,235,0.0015554211554514908,0.9919254658385093,0.008911381634809607,0.96,125.56444466877103
segment,KarciFANN,113,236,0.001448208098743263,0.991304347826087,0.008168097979319779,0.9685714285714285,302.3758391634273
segment,KarciFANN,113,237,0.0014677284665619375,0.991304347826087,0.008175878086329563,0.9685714285714285,26.166804335788445
segment,KarciFANN,113,238,0.001703843452733469,0.9919254658385093,0.0077394155118593036,0.9714285714285714,25.02764575078863
segment,KarciFANN,113,239,0.0021737630402873256,0.9906832298136646,0.008647837772076786,0.9657142857142857,13.607635586152497
segment,KarciFANN,113,240,0.0015084672672602308,0.9919254658385093,0.008345862959834237,0.9657142857142857,107.05269911073437
segment,KarciFANN,113,241,0.001461399390586038,0.9925465838509316,0.007897270774825231,0.9685714285714285,141.81503554369604
segment,KarciFANN,113,242,0.0013958953464662256,0.9925465838509316,0.007789365162378878,0.9685714285714285,54.938219844989995
segment,KarciFANN,113,243,0.0020802161154094482,0.9900621118012423,0.008967191113490812,0.9657142857142857,29.29265053605827
segment,KarciFANN,113,244,0.0025181726549239588,0.9888198757763975,0.010583174307479572,0.9571428571428572,100.25077676069505
segment,KarciFANN,113,245,0.0016153031296725084,0.9900621118012423,0.008142895227654021,0.9657142857142857,193.526347398748
segment,KarciFANN,113,246,0.001421787315274905,0.9925465838509316,0.008143864303561146,0.9628571428571429,187.752999018854
segment,KarciFANN,113,247,0.001496707687974883,0.9925465838509316,0.0075882260648932765,0.9685714285714285,143.77089915125876
segment,KarciFANN,113,248,0.0021836420962946003,0.9906832298136646,0.008902966485994592,0.9714285714285714,8.154723884121784
segment,KarciFANN,113,249,0.0015366977201369677,0.9919254658385093,0.00879048787686038,0.9628571428571429,111.89536133929795
segment,KarciFANN,113,250,0.001536628590401655,0.9919254658385093,0.008084484455169004,0.9685714285714285,53.590331268528736
segment,KarciFANN,113,251,0.0019196458733424487,0.9894409937888199,0.009228920256537326,0.9685714285714285,192.1619971514963
segment,KarciFANN,113,252,0.0019211551427383564,0.9919254658385093,0.008278483717283062,0.9657142857142857,159.9272217550526
segment,KarciFANN,113,253,0.001537031953942126,0.9919254658385093,0.007989678875131499,0.9685714285714285,63.162806760014696
segment,KarciFANN,113,254,0.001376637918308255,0.9925465838509316,0.008126688758878418,0.9657142857142857,23.417428704908776
segment,KarciFANN,113,255,0.0016473718510786552,0.9919254658385093,0.00851179396564252,0.9685714285714285,260.2695131400444
segment,KarciFANN,113,256,0.0016390802924482319,0.991304347826087,0.008557006155118483,0.9657142857142857,25.746522066025125
segment,KarciFANN,113,257,0.0035561149968229445,0.9850931677018634,0.010211128412163078,0.9628571428571429,223.2212845651029
segment,KarciFANN,113,258,0.0014136957150309732,0.9925465838509316,0.008241956772460143,0.9628571428571429,26.075832192715513
segment,KarciFANN,113,259,0.0018338131292633295,0.9919254658385093,0.008214710747481103,0.9714285714285714,93.06086022203765
segment,KarciFANN,113,260,0.0014107009081824064,0.9919254658385093,0.008154371839741662,0.9742857142857143,367.2286253132964
segment,KarciFANN,113,261,0.0015494460378634861,0.9919254658385093,0.008480204742756493,0.9657142857142857,85.16705336781968
segment,KarciFANN,113,262,0.004759103343371672,0.9813664596273292,0.01202809677501137,0.9571428571428572,7.140801235592254
segment,KarciFANN,113,263,0.002974573027915335,0.984472049689441,0.010641065569138701,0.96,284.8297251557465
segment,KarciFANN,113,264,0.001996317709236567,0.9906832298136646,0.008714839483124836,0.9685714285714285,126.0334958556683
segment,KarciFANN,113,265,0.0017601809649063751,0.991304347826087,0.008778168263431464,0.9657142857142857,2.951510966781482
segment,KarciFANN,113,266,0.0014552103718127878,0.9906832298136646,0.00818191678884854,0.9742857142857143,255.69751960265776
segment,KarciFANN,113,267,0.0014682509653096937,0.9919254658385093,0.008574673727165938,0.9657142857142857,74.09558042698559
segment,KarciFANN,113,268,0.0014327748675042233,0.9925465838509316,0.008584965788010643,0.9714285714285714,66.38813951588767
segment,KarciFANN,113,269,0.0019189302695563082,0.991304347826087,0.008190524368213353,0.9771428571428571,478.31146388091116
segment,KarciFANN,113,270,0.0014027337442348898,0.9919254658385093,0.008079042310938445,0.9714285714285714,3.8755359210088254
segment,KarciFANN,113,271,0.0017229038308715949,0.991304347826087,0.00876718557083695,0.9685714285714285,307.3568825695678
segment,KarciFANN,113,272,0.0019613458154078174,0.9900621118012423,0.00920066195800855,0.9628571428571429,146.8322107079621
segment,KarciFANN,113,273,0.010689573715648474,0.9590062111801242,0.01483773148324958,0.9457142857142857,4.816456320485735
segment,KarciFANN,113,274,0.0020583450050176183,0.9888198757763975,0.00840207892784343,0.9714285714285714,163.25254470725835
segment,KarciFANN,113,275,0.0019574113140125343,0.9925465838509316,0.006058723253828279,0.9742857142857143,539.5689443350851
segment,KarciFANN,113,276,0.0016273337114037258,0.9919254658385093,0.007154998644568956,0.9742857142857143,96.95020248678807
segment,KarciFANN,113,277,0.0014911146158540813,0.9925465838509316,0.006896146519395923,0.9742857142857143,89.58403598077827
segment,KarciFANN,113,278,0.0019355197504385938,0.9900621118012423,0.00884621628560735,0.9657142857142857,256.9031049123424
segment,KarciFANN,113,279,0.0016315201214080093,0.9906832298136646,0.00804051554408145,0.9657142857142857,116.24059450097464
segment,KarciFANN,113,280,0.0016049833989784587,0.9925465838509316,0.008501714852988578,0.9685714285714285,14.614587895938495
segment,KarciFANN,113,281,0.0013719551342692184,0.9919254658385093,0.008003818351930429,0.9685714285714285,74.67189242549462
segment,KarciFANN,113,282,0.0016589016571819642,0.991304347826087,0.00833867128448812,0.9628571428571429,71.7677369789061
segment,KarciFANN,113,283,0.0014266716339756715,0.991304347826087,0.007962716142443335,0.9685714285714285,361.318420264042
segment,KarciFANN,113,284,0.0015170373842422434,0.9919254658385093,0.008268651367758761,0.9685714285714285,85.48473703206759
segment,KarciFANN,113,285,0.0014806546457558263,0.9919254658385093,0.008378239523361461,0.9657142857142857,3.270992469273788
segment,KarciFANN,113,286,0.0018455472760149434,0.9900621118012423,0.008923143504975362,0.9685714285714285,89.47631722539067
segment,KarciFANN,113,287,0.0015410847600239486,0.993167701863354,0.008704313324983542,0.9685714285714285,82.30699853033316
segment,KarciFANN,113,288,0.0015055816356309294,0.9919254658385093,0.008201718361037488,0.9685714285714285,39.90125766269352
segment,KarciFANN,113,289,0.0017142363420894256,0.991304347826087,0.009372006359805257,0.9628571428571429,3.5958776286275036
segment,KarciFANN,113,290,0.0013693081956954428,0.9925465838509316,0.007902042796865807,0.9685714285714285,97.18471387961827
segment,KarciFANN,113,291,0.0019481950167569663,0.991304347826087,0.007718688130908957,0.9685714285714285,15.083888205952748
segment,KarciFANN,113,292,0.0015707500943662794,0.991304347826087,0.008169526555116902,0.9685714285714285,199.92645497873812
segment,KarciFANN,113,293,0.002282689210281388,0.9900621118012423,0.00898934642539901,0.9657142857142857,23.159193026218954
segment,KarciFANN,113,294,0.0016708031916915587,0.991304347826087,0.008116145601049748,0.9685714285714285,186.79907982961677
segment,KarciFANN,113,295,0.001600603520673375,0.9919254658385093,0.008214283517535812,0.9685714285714285,181.30324232638705
segment,KarciFANN,113,296,0.0018721887912158074,0.9906832298136646,0.007843275804658715,0.9685714285714285,21.17358595304472
segment,KarciFANN,113,297,0.0018603771677035482,0.9900621118012423,0.010418792209732932,0.9542857142857143,91.21311455158677
segment,KarciFANN,113,298,0.0016958502011254581,0.9919254658385093,0.008581110998746368,0.96,13.358302861584196
segment,KarciFANN,113,299,0.002770338158915675,0.9894409937888199,0.009065483859534807,0.9628571428571429,9.549776175256591
segment,KarciFANN,113,300,0.002282708521081936,0.9894409937888199,0.009765338412428071,0.9657142857142857,1553.743775350574
segment,KarciFANN,113,301,0.0024865806796019237,0.9894409937888199,0.009186342743421842,0.9628571428571429,189.56019071994632
segment,KarciFANN,113,302,0.006791911454440672,0.9732919254658385,0.01459260860783808,0.9514285714285714,3.903091285746001
segment,KarciFANN,113,303,0.0034363028763133175,0.9857142857142858,0.00883096302895295,0.9685714285714285,196.54569254636363
segment,KarciFANN,113,304,0.0015136489833895575,0.9925465838509316,0.00800319959248025,0.9714285714285714,230.82518172466501
segment,KarciFANN,113,305,0.004543656009746684,0.9819875776397515,0.011168128762280264,0.9657142857142857,4.922280449172661
segment,KarciFANN,113,306,0.0020415709708066655,0.9900621118012423,0.008434179494976277,0.9657142857142857,43.403254964633156
segment,KarciFANN,113,307,0.0021486593876780375,0.9888198757763975,0.007824348299898306,0.9685714285714285,201.69081022841922
segment,KarciFANN,113,308,0.0019249441788431138,0.991304347826087,0.007152765649101846,0.9685714285714285,228.42206252738615
segment,KarciFANN,113,309,0.0013662743006905161,0.993167701863354,0.007529649631115364,0.9685714285714285,157.15185140732325
segment,KarciFANN,113,310,0.009689663677066222,0.9652173913043478,0.014338767065523854,0.96,5.513560790852092
segment,KarciFANN,113,311,0.0033531143166318496,0.984472049689441,0.009596152474340926,0.9657142857142857,44.045760915096764
segment,KarciFANN,113,312,0.0018236077429965858,0.991304347826087,0.007508818755537752,0.9742857142857143,57.40633173242223
segment,KarciFANN,113,313,0.0014672551498538316,0.9919254658385093,0.0075220135875289,0.9742857142857143,180.52504021559065
segment,KarciFANN,113,314,0.0015567843130226057,0.991304347826087,0.007921365559402288,0.9685714285714285,242.5278442006655
segment,KarciFANN,113,315,0.0013322613857209458,0.993167701863354,0.007867830897005787,0.9685714285714285,234.42963469521092
segment,KarciFANN,113,316,0.0016057207575395783,0.9919254658385093,0.008372328903564806,0.9714285714285714,30.909456715737043
segment,KarciFANN,113,317,0.0015294328000443986,0.9925465838509316,0.008359140787127406,0.9657142857142857,142.36201442733673
segment,KarciFANN,113,318,0.0016628112834847855,0.9906832298136646,0.007886786360192174,0.9714285714285714,116.92309769131131
segment,KarciFANN,113,319,0.0015186518579044738,0.9919254658385093,0.007860946198474075,0.9685714285714285,225.77989959057638
segment,KarciFANN,113,320,0.002191284291016378,0.9888198757763975,0.009523202441673862,0.9628571428571429,239.17903483275634
segment,KarciFANN,113,321,0.0013692409502096474,0.9919254658385093,0.007613978923841748,0.9714285714285714,48.76442411990226
segment,KarciFANN,113,322,0.001356657724901612,0.9919254658385093,0.007452043120747277,0.9685714285714285,145.9634378489579
segment,KarciFANN,113,323,0.0019925655492145683,0.9906832298136646,0.00932028751173812,0.9657142857142857,55.55132642556552
segment,KarciFANN,113,324,0.001302845755889213,0.993167701863354,0.007421545029071943,0.9714285714285714,75.74638242124055
segment,KarciFANN,113,325,0.0013416601881076002,0.993167701863354,0.007732896050505212,0.9714285714285714,431.28105352748173
segment,KarciFANN,113,326,0.0013750336702822335,0.9925465838509316,0.0077021874931969825,0.9742857142857143,60.227923584407556
segment,KarciFANN,113,327,0.0013250735595098564,0.9925465838509316,0.007206253828056791,0.9685714285714285,175.31690800030066
segment,KarciFANN,113,328,0.001334640122762248,0.9925465838509316,0.006970821340162014,0.9714285714285714,55.88751481239065
segment,KarciFANN,113,329,0.0013557654916186216,0.9919254658385093,0.007532360282727763,0.9685714285714285,63.99750794411345
segment,KarciFANN,113,330,0.002910158874818223,0.9869565217391304,0.008961366320270815,0.9657142857142857,373.2963723335208
segment,KarciFANN,113,331,0.0013019626280989175,0.993167701863354,0.006744444255098585,0.9714285714285714,341.4882272512878
segment,KarciFANN,113,332,0.0013868222963537415,0.9937888198757764,0.007478357659296672,0.9714285714285714,162.5063501404464
segment,KarciFANN,113,333,0.0014784366265048268,0.9925465838509316,0.00707277491332726,0.9771428571428571,702.4983498880489
segment,KarciFANN,113,334,0.001772196604384501,0.9925465838509316,0.008268522555988783,0.9714285714285714,199.30952333224903
segment,KarciFANN,113,335,0.0015384047350835847,0.9919254658385093,0.007705285656002737,0.9657142857142857,53.883361476532734
segment,KarciFANN,113,336,0.0013583989223652333,0.9919254658385093,0.007748137264383653,0.9657142857142857,235.45642042604746
segment,KarciFANN,113,337,0.0013618245491732143,0.9925465838509316,0.0073132942855225185,0.9714285714285714,60.46416909923364
segment,KarciFANN,113,338,0.0023918647419351245,0.9881987577639751,0.007740416434004351,0.9714285714285714,75.52316297055107
segment,KarciFANN,113,339,0.0012640547258713506,0.993167701863354,0.007254306950466757,0.9742857142857143,67.79214923008743
segment,KarciFANN,113,340,0.0017904875774668219,0.9919254658385093,0.007497089281204085,0.9714285714285714,3.0707910856760825
segment,KarciFANN,113,341,0.00152196394359512,0.9925465838509316,0.007794185282682348,0.9714285714285714,96.2441142015763
segment,KarciFANN,113,342,0.001400137293539975,0.9906832298136646,0.0074925317359918735,0.9657142857142857,3.052771944080816
segment,KarciFANN,113,343,0.0014761371930454856,0.9925465838509316,0.007799215734614096,0.9714285714285714,122.07093392976186
segment,KarciFANN,113,344,0.0014913008054774676,0.991304347826087,0.0074236021203534395,0.9771428571428571,4.016187167541838
segment,KarciFANN,113,345,0.002231141125462246,0.9888198757763975,0.008567404677331124,0.9714285714285714,65.63168140342634
segment,KarciFANN,113,346,0.0014716840279644882,0.9925465838509316,0.007044520937621483,0.9771428571428571,116.43991118199857
segment,KarciFANN,113,347,0.0014400420886767856,0.9925465838509316,0.006986923274627983,0.9742857142857143,263.3564486948435
segment,KarciFANN,113,348,0.0021920194903600663,0.9888198757763975,0.008027198151670894,0.9657142857142857,314.4215052230063
segment,KarciFANN,113,349,0.0012880636970096127,0.9919254658385093,0.006726457599670674,0.9771428571428571,109.51278348548337
segment,KarciFANN,113,350,0.0015262999832183566,0.9919254658385093,0.007079955225742938,0.9685714285714285,4.042296339236894
segment,KarciFANN,114,1,0.09015088131573329,0.5422360248447204,0.08942863772436405,0.5485714285714286,1.2799018723324052
segment,KarciFANN,114,2,0.04736892750419617,0.8347826086956521,0.046914693669945,0.8571428571428571,1.560372932630146
segment,KarciFANN,114,3,0.03394732134482779,0.837888198757764,0.03296817007460719,0.84,1.7892772097094165
segment,KarciFANN,114,4,0.029549548063003077,0.8770186335403727,0.030823226752046604,0.8714285714285714,1.9448514098947083
segment,KarciFANN,114,5,0.03133423291151658,0.8552795031055901,0.030912462830738723,0.86,2.2485335908217823
segment,KarciFANN,114,6,0.026081513641699423,0.8919254658385093,0.025713418214037536,0.9028571428571428,3.4635401571423774
segment,KarciFANN,114,7,0.031240118254762937,0.886335403726708,0.03418848340659002,0.8685714285714285,3.5073068905260545
segment,KarciFANN,114,8,0.025230014655451716,0.9111801242236025,0.02736903139162067,0.8857142857142857,3.258705431393954
segment,KarciFANN,114,9,0.0190582435391377,0.9142857142857143,0.019294416844232068,0.9171428571428571,2.5723880769773038
segment,KarciFANN,114,10,0.017418284641879424,0.922360248447205,0.019070802345380153,0.9171428571428571,2.660316064342847
segment,KarciFANN,114,11,0.014926219617212593,0.9372670807453416,0.017442768798153697,0.9285714285714286,3.5904456842829773
segment,KarciFANN,114,12,0.01810241063525578,0.9354037267080745,0.02025868439103395,0.9257142857142857,5.618931395045845
segment,KarciFANN,114,13,0.01567026163698062,0.9322981366459627,0.01775980843286339,0.9228571428571428,2.9507554501298334
segment,KarciFANN,114,14,0.01243113452277849,0.9422360248447205,0.01470711603783749,0.9314285714285714,2.3656107241738655
segment,KarciFANN,114,15,0.02175425588182753,0.901863354037267,0.021752118587539247,0.9085714285714286,3.3917867513369493
segment,KarciFANN,114,16,0.011182032608722765,0.9478260869565217,0.013125270435220694,0.94,2.7833151192646657
segment,KarciFANN,114,17,0.012926655237831033,0.9478260869565217,0.01407296753849385,0.94,5.285972858275481
segment,KarciFANN,114,18,0.031347683653005394,0.8645962732919255,0.03292025693625197,0.8685714285714285,3.3060990408050634
segment,KarciFANN,114,19,0.016741784369475116,0.9260869565217391,0.017490667983527466,0.9257142857142857,5.576037386814585
segment,KarciFANN,114,20,0.013006987511643912,0.9366459627329192,0.014598062034188695,0.9371428571428572,2.585696082238326
segment,KarciFANN,114,21,0.036188517269186905,0.8608695652173913,0.03814722130841826,0.8542857142857143,3.5824626252083474
segment,KarciFANN,114,22,0.010212362718486417,0.9540372670807453,0.01263815247805536,0.9371428571428572,14.150261083615417
segment,KarciFANN,114,23,0.010618222315849166,0.9484472049689441,0.013588783039896517,0.94,6.750426031262912
segment,KarciFANN,114,24,0.011007339567370395,0.9484472049689441,0.013882715405700078,0.94,2.1713529102096105
segment,KarciFANN,114,25,0.015725950466924363,0.9304347826086956,0.016538181136905836,0.9342857142857143,2.3878226821748196
segment,KarciFANN,114,26,0.009584491961681572,0.9540372670807453,0.012765479759418259,0.9342857142857143,8.08401845939553
segment,KarciFANN,114,27,0.010440427591884377,0.9484472049689441,0.012965848010557028,0.94,2.2669248852943107
segment,KarciFANN,114,28,0.026582122111845328,0.8795031055900621,0.028601627787780713,0.88,4.949764526498414
segment,KarciFANN,114,29,0.016472217465913812,0.9254658385093167,0.019033277552312544,0.9171428571428571,2.2482102611212254
segment,KarciFANN,114,30,0.008203277609255155,0.9608695652173913,0.011058308637739003,0.9457142857142857,56.0798100630316
segment,KarciFANN,114,31,0.011555088865998254,0.9465838509316771,0.014565737202092427,0.9314285714285714,2.5276635284274054
segment,KarciFANN,114,32,0.011899983854994176,0.9472049689440993,0.014652095066607737,0.9371428571428572,7.36041822899652
segment,KarciFANN,114,33,0.008377747999515024,0.9614906832298137,0.011233928841584102,0.9428571428571428,16.946561767492312
segment,KarciFANN,114,34,0.014985673562577307,0.9260869565217391,0.01723267131767494,0.9171428571428571,1.986642949118569
segment,KarciFANN,114,35,0.009472932900098943,0.9571428571428572,0.012557657821612231,0.9428571428571428,13.891379696561541
segment,KarciFANN,114,36,0.012900791501544771,0.9409937888198758,0.014051606667092239,0.9314285714285714,4.222582704462854
segment,KarciFANN,114,37,0.015324352408522202,0.9248447204968944,0.01784380693159122,0.92,2.8947137230721935
segment,KarciFANN,114,38,0.0096811840432285,0.953416149068323,0.012594087834527156,0.9457142857142857,16.899673900291315
segment,KarciFANN,114,39,0.008096994768054233,0.9614906832298137,0.01249014390081745,0.9428571428571428,8.592064132237613
segment,KarciFANN,114,40,0.006760872900223528,0.968944099378882,0.01068473064174261,0.9485714285714286,10.740813946790967
segment,KarciFANN,114,41,0.00797386465737332,0.9614906832298137,0.011818377690034826,0.9457142857142857,16.21585686377465
segment,KarciFANN,114,42,0.02298694325910315,0.9062111801242236,0.023698785865517654,0.9057142857142857,2.4089721433069764
segment,KarciFANN,114,43,0.00764697739114333,0.9652173913043478,0.010531149142899153,0.96,3.174781383000583
segment,KarciFANN,114,44,0.0205017418365241,0.9006211180124224,0.02032599456014035,0.9,2.6861881953938314
segment,KarciFANN,114,45,0.015777325750589516,0.9366459627329192,0.015838707307292442,0.9428571428571428,2.8851604127842623
segment,KarciFANN,114,46,0.009048900056214148,0.9602484472049689,0.011842844182169165,0.9457142857142857,6.526640628787897
segment,KarciFANN,114,47,0.00970850994085253,0.9546583850931677,0.013525225791312358,0.9542857142857143,8.370804082972334
segment,KarciFANN,114,48,0.01308445965215518,0.9422360248447205,0.014669794149507384,0.9371428571428572,6.164019130624903
segment,KarciFANN,114,49,0.007604935266680611,0.9664596273291925,0.010202302956592404,0.9571428571428572,5.238166254708154
segment,KarciFANN,114,50,0.01270321799196595,0.9521739130434783,0.015290248508384664,0.9485714285714286,4.219383911963066
segment,KarciFANN,114,51,0.006661344204459834,0.9677018633540373,0.009258033826285081,0.9571428571428572,6.232627068412371
segment,KarciFANN,114,52,0.008482115994532346,0.9559006211180124,0.012137520200429443,0.9428571428571428,8.037842000080115
segment,KarciFANN,114,53,0.007822201457141183,0.9633540372670808,0.010119711212150528,0.96,18.318479901031395
segment,KarciFANN,114,54,0.008787166486597863,0.9559006211180124,0.012558359714151767,0.94,3.1953530703717696
segment,KarciFANN,114,55,0.0064902392636698,0.970807453416149,0.010249360069154737,0.9485714285714286,13.938720991488207
segment,KarciFANN,114,56,0.01050256195767681,0.9565217391304348,0.011453169364725665,0.9628571428571429,3.0832473166426855
segment,KarciFANN,114,57,0.01221611178928174,0.9484472049689441,0.015300551782217214,0.94,3.005975606090613
segment,KarciFANN,114,58,0.011730613706875276,0.9472049689440993,0.015127128831539044,0.9342857142857143,11.675559996145578
segment,KarciFANN,114,59,0.006711091100776048,0.9658385093167702,0.01065440112992801,0.9485714285714286,3.0033768959601654
segment,KarciFANN,114,60,0.0055821702714377915,0.9726708074534162,0.009482004946896666,0.9571428571428572,46.69986610335849
segment,KarciFANN,114,61,0.005416153789719671,0.9751552795031055,0.008408788835144546,0.9628571428571429,3.3277140879311378
segment,KarciFANN,114,62,0.007226294537916548,0.9639751552795031,0.01132808331581994,0.9514285714285714,2.9040356206979117
segment,KarciFANN,114,63,0.005711147130062319,0.9739130434782609,0.009115210276119372,0.9542857142857143,12.816455147492832
segment,KarciFANN,114,64,0.004962620571135668,0.9726708074534162,0.00830730587372472,0.9657142857142857,3.232020478246547
segment,KarciFANN,114,65,0.005737886533780707,0.9720496894409938,0.008977385799479752,0.96,70.86276069959803
segment,KarciFANN,114,66,0.005198798349576029,0.9751552795031055,0.008453424808641322,0.9628571428571429,22.714103859088947
segment,KarciFANN,114,67,0.012376001780184649,0.9472049689440993,0.014694758168841188,0.9485714285714286,4.712021820554494
segment,KarciFANN,114,68,0.006779666599881722,0.9701863354037267,0.009662469493015946,0.96,11.312403670963896
segment,KarciFANN,114,69,0.0052643346926947825,0.9751552795031055,0.009253884262447316,0.9628571428571429,3.25437133889442
segment,KarciFANN,114,70,0.005384126649266817,0.9757763975155279,0.008775164543232692,0.96,23.83462307020002
segment,KarciFANN,114,71,0.008271438374391345,0.9614906832298137,0.010921621912077946,0.9571428571428572,9.418641850582093
segment,KarciFANN,114,72,0.007152984534967,0.9701863354037267,0.01226117875300125,0.9542857142857143,5.362060998146553
segment,KarciFANN,114,73,0.01441410715134635,0.9354037267080745,0.016923581110582148,0.9314285714285714,2.9735469221603674
segment,KarciFANN,114,74,0.007582286805220187,0.9664596273291925,0.009934031341516835,0.96,33.85858979183672
segment,KarciFANN,114,75,0.005288250674633696,0.9745341614906833,0.008860534469553835,0.9657142857142857,16.159736616544045
segment,KarciFANN,114,76,0.00454037524642765,0.9763975155279503,0.008582582208618366,0.9628571428571429,34.5333816362622
segment,KarciFANN,114,77,0.005929208882584349,0.9751552795031055,0.010147354253106311,0.9657142857142857,4.291078834738342
segment,KarciFANN,114,78,0.006905815474834973,0.9652173913043478,0.008959554557847374,0.9628571428571429,3.402753545928787
segment,KarciFANN,114,79,0.006168274330039162,0.9714285714285714,0.009627179444980599,0.9628571428571429,10.549221672133594
segment,KarciFANN,114,80,0.004910929522281431,0.9732919254658385,0.008212292750074322,0.9657142857142857,37.30620354233753
segment,KarciFANN,114,81,0.0077777210506817795,0.9614906832298137,0.01224465196810779,0.9485714285714286,17.691870459778286
segment,KarciFANN,114,82,0.010803853445381914,0.9546583850931677,0.012764661281766228,0.9542857142857143,7.940485273472499
segment,KarciFANN,114,83,0.011537580220520035,0.9440993788819876,0.014719200553394539,0.94,2.765631358074958
segment,KarciFANN,114,84,0.015473137680524645,0.9397515527950311,0.01744789044181869,0.9342857142857143,4.748205377164706
segment,KarciFANN,114,85,0.004778709920109779,0.9745341614906833,0.008663449697254879,0.9571428571428572,53.82533698674566
segment,KarciFANN,114,86,0.004504867018526813,0.9770186335403727,0.008642222565080421,0.9628571428571429,36.62313610352508
segment,KarciFANN,114,87,0.004692455926136739,0.9770186335403727,0.00929998023613218,0.96,2.7514155503456434
segment,KarciFANN,114,88,0.005225141675638138,0.9739130434782609,0.009530439573153113,0.9485714285714286,22.414685389768017
segment,KarciFANN,114,89,0.004777074290523626,0.977639751552795,0.008796751344044472,0.9657142857142857,39.07954395503817
segment,KarciFANN,114,90,0.007015350831385347,0.9683229813664597,0.010459828576103641,0.9514285714285714,2.4362252336181203
segment,KarciFANN,114,91,0.004622263007733128,0.9770186335403727,0.008333508721290793,0.9685714285714285,33.49429356158514
segment,KarciFANN,114,92,0.004820905940591946,0.9757763975155279,0.008519318612565796,0.9628571428571429,49.87639783308343
segment,KarciFANN,114,93,0.004620725204660628,0.9788819875776398,0.00828702246624363,0.9657142857142857,39.02797294666792
segment,KarciFANN,114,94,0.0051797582982192275,0.9739130434782609,0.009483804285981284,0.9571428571428572,75.99882067137985
segment,KarciFANN,114,95,0.005785069134402263,0.9739130434782609,0.009118474473097491,0.96,6.682131337040134
segment,KarciFANN,114,96,0.00461154259744402,0.9782608695652174,0.0085749984986608,0.9657142857142857,58.30723947802119
segment,KarciFANN,114,97,0.0042441015163161965,0.9770186335403727,0.007971166521589421,0.9628571428571429,45.622026547065396
segment,KarciFANN,114,98,0.0045717100532993125,0.9763975155279503,0.008266196946837471,0.96,15.087798840391558
segment,KarciFANN,114,99,0.006798337356395061,0.9701863354037267,0.010193258275129014,0.9714285714285714,10.303257461993747
segment,KarciFANN,114,100,0.004440497180577846,0.9782608695652174,0.008249265660753203,0.9685714285714285,30.000524744673836
segment,KarciFANN,114,101,0.004804071896194433,0.9757763975155279,0.007884477779947236,0.9714285714285714,3.453807327640404
segment,KarciFANN,114,102,0.01007228588774867,0.962111801242236,0.011163353012220765,0.96,8.07747750314208
segment,KarciFANN,114,103,0.0126076992787494,0.9459627329192547,0.015264804701595847,0.9342857142857143,12.631260385684843
segment,KarciFANN,114,104,0.004608515437191715,0.977639751552795,0.007072674134083253,0.9657142857142857,85.13705680186924
segment,KarciFANN,114,105,0.005104231692547148,0.9757763975155279,0.008144714743605747,0.9685714285714285,12.206216220896424
segment,KarciFANN,114,106,0.0054454802824325755,0.9770186335403727,0.008049740054653592,0.9685714285714285,5.21581317320174
segment,KarciFANN,114,107,0.004532986071536906,0.9782608695652174,0.00779883090828364,0.9657142857142857,158.05064322732284
segment,KarciFANN,114,108,0.007825967729780602,0.9658385093167702,0.008864632037210106,0.9685714285714285,6.938610908581347
segment,KarciFANN,114,109,0.004279943030889068,0.9788819875776398,0.007567658841611645,0.9714285714285714,59.25586373217006
segment,KarciFANN,114,110,0.009887836065581117,0.9652173913043478,0.01219088069756932,0.9542857142857143,7.285060943949691
segment,KarciFANN,114,111,0.004960834332407058,0.9763975155279503,0.007939235690366253,0.9657142857142857,34.95031573363307
segment,KarciFANN,114,112,0.01368780060975098,0.9434782608695652,0.013136318927882255,0.9542857142857143,6.025359835984497
segment,KarciFANN,114,113,0.009397354277923832,0.9596273291925466,0.011127849036667919,0.9571428571428572,2.4336908735737
segment,KarciFANN,114,114,0.004850125077116053,0.9763975155279503,0.008630069211234888,0.9714285714285714,2.2805362392104667
segment,KarciFANN,114,115,0.004480632579527327,0.977639751552795,0.008280066613974471,0.9657142857142857,35.20280078921479
segment,KarciFANN,114,116,0.004190401233768147,0.9763975155279503,0.008232151207638774,0.9628571428571429,115.66653781422129
segment,KarciFANN,114,117,0.005788186611822061,0.9720496894409938,0.009237730431952354,0.96,3.534944860699904
segment,KarciFANN,114,118,0.004177556637956473,0.9795031055900622,0.008700190528217832,0.9571428571428572,3.508350655348837
segment,KarciFANN,114,119,0.008826831122431251,0.9763975155279503,0.014810991995920564,0.9571428571428572,8.29107549635343
segment,KarciFANN,114,120,0.0056197866530762345,0.9770186335403727,0.010675484939968977,0.9657142857142857,2.8829070248818254
segment,KarciFANN,114,121,0.00462745717364388,0.9770186335403727,0.00852167934269718,0.9657142857142857,22.664184045539088
segment,KarciFANN,114,122,0.003988828820497767,0.9770186335403727,0.007961907371936468,0.9657142857142857,29.861791707815932
segment,KarciFANN,114,123,0.0042646116593650744,0.9782608695652174,0.008576775205650623,0.9657142857142857,28.151652428438336
segment,KarciFANN,114,124,0.0043703142069520615,0.9788819875776398,0.008419262786463523,0.9657142857142857,3.5068773358564322
segment,KarciFANN,114,125,0.006989247121643208,0.9627329192546584,0.01125791687324372,0.9542857142857143,2.6958375608632643
segment,KarciFANN,114,126,0.004291579373985675,0.9770186335403727,0.008378926771610585,0.9657142857142857,27.196086481549592
segment,KarciFANN,114,127,0.004036655014763956,0.9782608695652174,0.008546904622096308,0.9685714285714285,70.92967513241189
segment,KarciFANN,114,128,0.005100728888866872,0.9751552795031055,0.008882585352917832,0.9628571428571429,44.66713162296005
segment,KarciFANN,114,129,0.0050524888304665444,0.9745341614906833,0.009368235627651864,0.9628571428571429,2.6969135802128466
segment,KarciFANN,114,130,0.004150453939021344,0.9770186335403727,0.007999719467569569,0.9657142857142857,27.062235651907365
segment,KarciFANN,114,131,0.004653878376126215,0.9782608695652174,0.008934718948021206,0.9714285714285714,11.35142964774319
segment,KarciFANN,114,132,0.004044791140167608,0.9782608695652174,0.008845077018911863,0.9685714285714285,19.996322305725187
segment,KarciFANN,114,133,0.005393086221561483,0.9720496894409938,0.01024628383394201,0.9514285714285714,3.533559510671067
segment,KarciFANN,114,134,0.004375130397573736,0.9795031055900622,0.008907348354344848,0.9628571428571429,21.842184444253103
segment,KarciFANN,114,135,0.015427673119255882,0.9403726708074535,0.017579762250632944,0.9314285714285714,3.6349027283799296
segment,KarciFANN,114,136,0.006175038615116871,0.9739130434782609,0.009245101778686612,0.96,29.313236038792844
segment,KarciFANN,114,137,0.004052110554232959,0.977639751552795,0.007642545796598962,0.9657142857142857,3.5761868023812085
segment,KarciFANN,114,138,0.004212634443548454,0.9782608695652174,0.008185345097259147,0.9714285714285714,32.161418823855776
segment,KarciFANN,114,139,0.004151273072479741,0.9770186335403727,0.00809751052675765,0.9685714285714285,18.967587699389345
segment,KarciFANN,114,140,0.004668838733928128,0.9763975155279503,0.008973128589813263,0.9657142857142857,91.76687539670262
segment,KarciFANN,114,141,0.004058248420608319,0.977639751552795,0.008712047233846632,0.9657142857142857,229.04082297899464
segment,KarciFANN,114,142,0.004077883322110526,0.9782608695652174,0.008352768435862504,0.9628571428571429,62.464527255552476
segment,KarciFANN,114,143,0.005031502193255411,0.9745341614906833,0.008987319681710735,0.9657142857142857,46.45556850383163
segment,KarciFANN,114,144,0.00426881086412453,0.977639751552795,0.008566850057919975,0.9628571428571429,3.589658658941757
segment,KarciFANN,114,145,0.0038766362595346665,0.9788819875776398,0.008678407946274808,0.9628571428571429,3.593563278809401
segment,KarciFANN,114,146,0.004612821956022333,0.9763975155279503,0.009102332442733537,0.9657142857142857,163.27728688449295
segment,KarciFANN,114,147,0.003665241484908151,0.9788819875776398,0.008386459834460359,0.9628571428571429,3.5883590143972515
segment,KarciFANN,114,148,0.004449789883956832,0.977639751552795,0.009676989779102096,0.9657142857142857,3.6033913737318066
segment,KarciFANN,114,149,0.0038772184215499625,0.9788819875776398,0.00871938123450228,0.9657142857142857,22.423095540813723
segment,KarciFANN,114,150,0.009852439152405072,0.962111801242236,0.013258250388969215,0.9628571428571429,5.720627518969784
segment,KarciFANN,114,151,0.004392772627845902,0.9770186335403727,0.009110604640996623,0.9685714285714285,15.41282088718393
segment,KarciFANN,114,152,0.004225117322276025,0.9782608695652174,0.009245231078556057,0.96,46.8159462774973
segment,KarciFANN,114,153,0.004417419019840191,0.977639751552795,0.008824825804462373,0.9657142857142857,179.38630745493032
segment,KarciFANN,114,154,0.00375559589074104,0.9782608695652174,0.00843020778566144,0.9657142857142857,132.58843192490627
segment,KarciFANN,114,155,0.005290708307484692,0.9745341614906833,0.009864766780479706,0.9628571428571429,11.71411108337398
segment,KarciFANN,114,156,0.020291441093722645,0.9254658385093167,0.02044147756409678,0.9314285714285714,4.1292032105462555
segment,KarciFANN,114,157,0.0099814630173663,0.9552795031055901,0.011945802697679845,0.96,7.035138120186374
segment,KarciFANN,114,158,0.00506180519031622,0.9739130434782609,0.008077728603489343,0.9714285714285714,210.15219634390664
segment,KarciFANN,114,159,0.006029343602436855,0.9695652173913043,0.010249393239322143,0.9542857142857143,8.229043843722744
segment,KarciFANN,114,160,0.005259202217759164,0.9739130434782609,0.0085362005197208,0.9571428571428572,36.57854015539638
segment,KarciFANN,114,161,0.0041987178615854855,0.9782608695652174,0.008747607650886466,0.9628571428571429,55.646663789200666
segment,KarciFANN,114,162,0.004110467465438778,0.9795031055900622,0.008165308505064008,0.9657142857142857,63.213607629519515
segment,KarciFANN,114,163,0.0039863705793626095,0.9807453416149068,0.008064769631955128,0.9628571428571429,94.2836041470768
segment,KarciFANN,114,164,0.004299746413968346,0.977639751552795,0.008739780263812023,0.9628571428571429,25.54108511645774
segment,KarciFANN,114,165,0.003951701870991014,0.9795031055900622,0.008379280089727681,0.9685714285714285,79.50220419877255
segment,KarciFANN,114,166,0.004441927241825836,0.9782608695652174,0.00986976163145622,0.96,13.93028961431117
segment,KarciFANN,114,167,0.0038161005028772657,0.9795031055900622,0.008653622242325649,0.9657142857142857,156.18185799697207
segment,KarciFANN,114,168,0.0037003194460867757,0.9813664596273292,0.008202706477504776,0.9685714285714285,93.28810504360888
segment,KarciFANN,114,169,0.0036218500674957783,0.9795031055900622,0.008377147150674067,0.9685714285714285,37.37743484794015
segment,KarciFANN,114,170,0.003639035231687488,0.9801242236024845,0.008682725247315386,0.9685714285714285,81.67125451329976
segment,KarciFANN,114,171,0.004512109943176754,0.9763975155279503,0.009660719296117478,0.9685714285714285,24.220593050535967
segment,KarciFANN,114,172,0.00391492989188779,0.9795031055900622,0.008526699297440866,0.9685714285714285,56.47249213315125
segment,KarciFANN,114,173,0.00416104178335286,0.9795031055900622,0.009666545422617938,0.9657142857142857,16.329274658298026
segment,KarciFANN,114,174,0.011120162157859886,0.9565217391304348,0.015228374070373684,0.9457142857142857,6.198430696320742
segment,KarciFANN,114,175,0.00949491754794796,0.9577639751552796,0.009440943511009508,0.9628571428571429,5.493155342329285
segment,KarciFANN,114,176,0.0041638544417707275,0.9801242236024845,0.008755685214495148,0.9657142857142857,26.923215955938822
segment,KarciFANN,114,177,0.00913091467304905,0.9614906832298137,0.013540159781463213,0.9571428571428572,5.346289496171597
segment,KarciFANN,114,178,0.0037683935138469824,0.9795031055900622,0.008388066101907695,0.9742857142857143,40.673495047367346
segment,KarciFANN,114,179,0.004034773323182415,0.9795031055900622,0.009032523843585667,0.9742857142857143,13.394339768878954
segment,KarciFANN,114,180,0.0036314529130452365,0.9807453416149068,0.007810828681196618,0.9742857142857143,3.7063282372882065
segment,KarciFANN,114,181,0.004069401553483497,0.977639751552795,0.008484726752413865,0.9742857142857143,72.33468447774798
segment,KarciFANN,114,182,0.004148315371070838,0.977639751552795,0.008409245627901116,0.9742857142857143,24.98499829722033
segment,KarciFANN,114,183,0.0036403704740456937,0.9807453416149068,0.008514944629642971,0.9714285714285714,73.16986933994339
segment,KarciFANN,114,184,0.004244645756404482,0.9782608695652174,0.008924179560565546,0.9685714285714285,97.72503420719384
segment,KarciFANN,114,185,0.0072171277233476295,0.9720496894409938,0.011130727483582879,0.9571428571428572,9.956707897269212
segment,KarciFANN,114,186,0.009146081990510415,0.9596273291925466,0.01206287246753853,0.9571428571428572,6.571647373945357
segment,KarciFANN,114,187,0.004517208901161667,0.9770186335403727,0.00864983538585832,0.9685714285714285,49.92919321912514
segment,KarciFANN,114,188,0.004351392923456635,0.9782608695652174,0.009082729461917642,0.9685714285714285,34.18471963093133
segment,KarciFANN,114,189,0.0038972902523849596,0.9788819875776398,0.007993697655129452,0.9714285714285714,11.114715039547443
segment,KarciFANN,114,190,0.012835275116747336,0.9465838509316771,0.01633843317305063,0.9457142857142857,3.5238638526848693
segment,KarciFANN,114,191,0.0036837332351240724,0.9807453416149068,0.008022092627357336,0.9685714285714285,3.7189691590373526
segment,KarciFANN,114,192,0.004495250471394487,0.977639751552795,0.008535668431381932,0.9685714285714285,3.815909719090238
segment,KarciFANN,114,193,0.0036716555712191716,0.9782608695652174,0.008187056882694626,0.9714285714285714,41.402701160762476
segment,KarciFANN,114,194,0.008173730190512887,0.9639751552795031,0.009755089333733034,0.9685714285714285,5.076972730650939
segment,KarciFANN,114,195,0.005934522415111675,0.9701863354037267,0.010248418994307475,0.96,2.9498363764550555
segment,KarciFANN,114,196,0.00367274538605645,0.9801242236024845,0.008328492260619559,0.9742857142857143,137.8487836434162
segment,KarciFANN,114,197,0.003439318723212098,0.9807453416149068,0.00784615695319284,0.9742857142857143,74.23528881217787
segment,KarciFANN,114,198,0.004225136206225306,0.9782608695652174,0.008663803689754473,0.9714285714285714,3.5552656982605075
segment,KarciFANN,114,199,0.004086092814890674,0.9782608695652174,0.009816628227151798,0.9628571428571429,11.834846316336197
segment,KarciFANN,114,200,0.004792824364243106,0.9757763975155279,0.009105355780180836,0.9685714285714285,16.657920002042584
segment,KarciFANN,114,201,0.0035762859062713854,0.9807453416149068,0.008144104975468025,0.9742857142857143,84.8878498429079
segment,KarciFANN,114,202,0.00490367022317455,0.977639751552795,0.00822800620540898,0.9771428571428571,12.48586729404904
segment,KarciFANN,114,203,0.0034924949396224815,0.9807453416149068,0.00802010307907202,0.9742857142857143,3.732139166167685
segment,KarciFANN,114,204,0.0033965788037434337,0.9801242236024845,0.007965925294966215,0.9771428571428571,24.688034387907873
segment,KarciFANN,114,205,0.004021830480293021,0.9788819875776398,0.008568649639562616,0.98,3.7410242747541385
segment,KarciFANN,114,206,0.010072851505752158,0.9540372670807453,0.014952140849753633,0.9542857142857143,322.24940182461415
segment,KarciFANN,114,207,0.003600673814398748,0.9795031055900622,0.008170060654856762,0.9742857142857143,100.08028019530336
segment,KarciFANN,114,208,0.0036683060460285183,0.9807453416149068,0.008044552344363121,0.9771428571428571,3.741603986362466
segment,KarciFANN,114,209,0.003990351073638442,0.9782608695652174,0.008691865735253306,0.9742857142857143,40.70671391387231
segment,KarciFANN,114,210,0.003628367381895847,0.9807453416149068,0.00761456406305999,0.9771428571428571,101.2888554321818
segment,KarciFANN,114,211,0.00394675126895105,0.9801242236024845,0.008786334324167257,0.9771428571428571,58.40827838400507
segment,KarciFANN,114,212,0.011515414965700478,0.9521739130434783,0.01215000648060915,0.9514285714285714,7.369444222342935
segment,KarciFANN,114,213,0.017997452291983188,0.9304347826086956,0.018918169409317426,0.92,4.516019325060757
segment,KarciFANN,114,214,0.008752995851686096,0.9633540372670808,0.010072022550401976,0.9742857142857143,6.287861145166572
segment,KarciFANN,114,215,0.004118672057227063,0.977639751552795,0.009200926599757088,0.9628571428571429,74.02123379399075
segment,KarciFANN,114,216,0.005875662230691313,0.9720496894409938,0.008536678503920309,0.9685714285714285,2.882536144405501
segment,KarciFANN,114,217,0.004473245091743173,0.9782608695652174,0.007714221378058435,0.9771428571428571,4.323028638087085
segment,KarciFANN,114,218,0.004111088649056173,0.9788819875776398,0.007462471784218709,0.9742857142857143,60.725274471052536
segment,KarciFANN,114,219,0.00550167123700261,0.9720496894409938,0.010472302058114271,0.9685714285714285,29.03207302319628
segment,KarciFANN,114,220,0.0037329055561542202,0.9801242236024845,0.007753206844855063,0.9771428571428571,30.113506644710842
segment,KarciFANN,114,221,0.0035455991698657885,0.9813664596273292,0.007073201722159343,0.9742857142857143,35.376777345213796
segment,KarciFANN,114,222,0.0035415325503491187,0.9813664596273292,0.0070932979923748266,0.9742857142857143,119.93207967573453
segment,KarciFANN,114,223,0.003646246984057288,0.9813664596273292,0.007532944629950766,0.9714285714285714,78.69553342320592
segment,KarciFANN,114,224,0.003943072414106204,0.9795031055900622,0.007835545336976033,0.9742857142857143,3.6709833797769833
segment,KarciFANN,114,225,0.004146143306996537,0.977639751552795,0.009396169003224314,0.9685714285714285,3.7633762143449245
segment,KarciFANN,114,226,0.003886842273369769,0.9813664596273292,0.006657895782283945,0.9714285714285714,15.454600703564973
segment,KarciFANN,114,227,0.006071201778922304,0.9677018633540373,0.007572249816468051,0.9742857142857143,3.0672388043839143
segment,KarciFANN,114,228,0.011407751813627852,0.9515527950310559,0.011310838348151546,0.9542857142857143,8.646061673203926
segment,KarciFANN,114,229,0.007971459024843489,0.9627329192546584,0.009861403485238087,0.9657142857142857,6.0951289547597955
segment,KarciFANN,114,230,0.003952074451434322,0.9788819875776398,0.007700370303198371,0.9685714285714285,61.060392880487406
segment,KarciFANN,114,231,0.003723098078149742,0.9807453416149068,0.006804501927903004,0.98,2.5526364352789708
segment,KarciFANN,114,232,0.003704322455238001,0.9801242236024845,0.007151065678662425,0.9742857142857143,29.293015426213003
segment,KarciFANN,114,233,0.004096102068337006,0.977639751552795,0.009044690286999007,0.9657142857142857,327.96240587479735
segment,KarciFANN,114,234,0.009423348399014597,0.9602484472049689,0.009730554257044444,0.9657142857142857,4.948648211539257
segment,KarciFANN,114,235,0.003987591912341474,0.9782608695652174,0.008477609910404558,0.9685714285714285,133.60992677201855
segment,KarciFANN,114,236,0.0037936979569199547,0.9807453416149068,0.007744277871009199,0.9657142857142857,160.06560878309588
segment,KarciFANN,114,237,0.011193097275343898,0.9527950310559006,0.012053517685301995,0.9485714285714286,5.0391885509786185
segment,KarciFANN,114,238,0.0033923441747534485,0.9807453416149068,0.007207216294703865,0.9714285714285714,25.266683443384114
segment,KarciFANN,114,239,0.004595058222810159,0.977639751552795,0.008057692485070033,0.9714285714285714,3.183911135430599
segment,KarciFANN,114,240,0.004004235347339718,0.9788819875776398,0.007466023447390654,0.9714285714285714,3.799335929618271
segment,KarciFANN,114,241,0.003435924295589532,0.9813664596273292,0.006859562654585373,0.9771428571428571,228.29537853769602
segment,KarciFANN,114,242,0.0034544622822525028,0.9813664596273292,0.006461652713818742,0.9771428571428571,40.26283367228588
segment,KarciFANN,114,243,0.00370408079271444,0.9795031055900622,0.008192516337550861,0.9714285714285714,81.33444840140534
segment,KarciFANN,114,244,0.004183888544458086,0.9801242236024845,0.007490069455839,0.9714285714285714,44.767353366974866
segment,KarciFANN,114,245,0.003573905337633682,0.9813664596273292,0.006588636207279363,0.9771428571428571,520.1587715452592
segment,KarciFANN,114,246,0.004179976796588801,0.9782608695652174,0.007600754163073932,0.9714285714285714,87.23863361595535
segment,KarciFANN,114,247,0.003769669071707917,0.9807453416149068,0.009589194971676008,0.9714285714285714,13.595966825539783
segment,KarciFANN,114,248,0.0034464904861240832,0.9807453416149068,0.007175713623134225,0.9771428571428571,57.850428281025444
segment,KarciFANN,114,249,0.0037032458496055083,0.9807453416149068,0.007671619428241241,0.9714285714285714,17.636598052731422
segment,KarciFANN,114,250,0.003466958209108162,0.9813664596273292,0.007985160325073761,0.9685714285714285,95.18251933540297
segment,KarciFANN,114,251,0.0038085579810430426,0.9813664596273292,0.007429160446504388,0.9742857142857143,83.44725106056411
segment,KarciFANN,114,252,0.0034206969029722577,0.9819875776397515,0.007213688464927075,0.9742857142857143,3.7955341891941483
segment,KarciFANN,114,253,0.0033894545100880686,0.9813664596273292,0.0068622223037908565,0.9771428571428571,473.275203103324
segment,KarciFANN,114,254,0.003294645456934183,0.9813664596273292,0.007227406390143248,0.9714285714285714,141.17739037135547
segment,KarciFANN,114,255,0.0033254210214996673,0.9813664596273292,0.007219975845414514,0.9714285714285714,2.8813462284203353
segment,KarciFANN,114,256,0.0034816122853586606,0.9813664596273292,0.007078788204214312,0.9742857142857143,29.366930218082956
segment,KarciFANN,114,257,0.003542666532773382,0.9795031055900622,0.007119473272814062,0.9771428571428571,48.51107920072422
segment,KarciFANN,114,258,0.0033041334772259457,0.9813664596273292,0.007312470033804871,0.9742857142857143,70.55574638407516
segment,KarciFANN,114,259,0.003381575484760228,0.9813664596273292,0.007132471760903316,0.9771428571428571,81.4945802249339
segment,KarciFANN,114,260,0.003336168159848983,0.9819875776397515,0.00686138427578069,0.9742857142857143,56.36035032213478
segment,KarciFANN,114,261,0.003312925365545013,0.9813664596273292,0.0077822988053866705,0.9714285714285714,2.960432460637941
segment,KarciFANN,114,262,0.004018140848234069,0.9782608695652174,0.008600379291333426,0.9714285714285714,169.7739040267147
segment,KarciFANN,114,263,0.0032146668796873465,0.9819875776397515,0.0066432647463234495,0.9828571428571429,81.46275228320988
segment,KarciFANN,114,264,0.0032511979432352698,0.9813664596273292,0.0072205108074872276,0.9771428571428571,211.95799070743124
segment,KarciFANN,114,265,0.004730219631546131,0.9770186335403727,0.00916501565754507,0.9685714285714285,82.25624622343285
segment,KarciFANN,114,266,0.003480098897862956,0.9813664596273292,0.0081709809171551,0.9714285714285714,38.15214164117789
segment,KarciFANN,114,267,0.003297951927458415,0.9813664596273292,0.006730089632194745,0.9771428571428571,65.54495724657579
segment,KarciFANN,114,268,0.004005475346945251,0.977639751552795,0.009055477436014037,0.9657142857142857,2.4893445123436173
segment,KarciFANN,114,269,0.003423741023049993,0.9819875776397515,0.007423570442256923,0.9714285714285714,59.36529826141581
segment,KarciFANN,114,270,0.003732008650412229,0.9807453416149068,0.0069951135116486755,0.9685714285714285,3.6930981571064523
segment,KarciFANN,114,271,0.0035418368487447702,0.9813664596273292,0.0069358560067244775,0.9714285714285714,2.9324317905183084
segment,KarciFANN,114,272,0.0034137133088937904,0.9813664596273292,0.006680610607774866,0.9742857142857143,70.81743121981184
segment,KarciFANN,114,273,0.0038478479627069365,0.9788819875776398,0.007704554034915929,0.9685714285714285,131.04063010841173
segment,KarciFANN,114,274,0.0033256472366782956,0.9813664596273292,0.0080307444421165,0.9685714285714285,122.81025437159194
segment,KarciFANN,114,275,0.008295112746962503,0.9633540372670808,0.008307441166288296,0.9742857142857143,5.321301074971857
segment,KarciFANN,114,276,0.004431448243621622,0.9801242236024845,0.008134184343601362,0.9714285714285714,197.03106267533363
segment,KarciFANN,114,277,0.0041410803168629145,0.9782608695652174,0.007585009291848439,0.9771428571428571,198.10771089450503
segment,KarciFANN,114,278,0.011921563258208092,0.9490683229813665,0.013134790131566614,0.96,5.875885369971962
segment,KarciFANN,114,279,0.003806717814908692,0.9788819875776398,0.008914428589855293,0.9657142857142857,178.51699822759602
segment,KarciFANN,114,280,0.0046410644143597655,0.9782608695652174,0.00933959406347246,0.9742857142857143,2.4144894928164753
segment,KarciFANN,114,281,0.0035060593327079165,0.9819875776397515,0.007264691212122094,0.9771428571428571,187.39755947723037
segment,KarciFANN,114,282,0.0035310616554096344,0.9813664596273292,0.0075373560793471975,0.9771428571428571,3.8786171705027384
segment,KarciFANN,114,283,0.0032976332325676816,0.9813664596273292,0.0068047103423900974,0.9771428571428571,173.5102225984892
segment,KarciFANN,114,284,0.003275758436711722,0.9813664596273292,0.006990448768142179,0.98,43.88145883796442
segment,KarciFANN,114,285,0.003302718970680755,0.9813664596273292,0.006887733130750999,0.9742857142857143,21.29181616822104
segment,KarciFANN,114,286,0.00408843460442412,0.9788819875776398,0.007726376693695863,0.9742857142857143,52.374632448936424
segment,KarciFANN,114,287,0.003204962227502191,0.9819875776397515,0.006605893283678711,0.98,46.25565575282437
segment,KarciFANN,114,288,0.0051356383140822364,0.9732919254658385,0.0073120524589380355,0.9742857142857143,23.820473736220414
segment,KarciFANN,114,289,0.0037868867480501025,0.9801242236024845,0.007484463594940302,0.9714285714285714,70.03165643918663
segment,KarciFANN,114,290,0.00507011477014662,0.9788819875776398,0.008278555124895007,0.9685714285714285,4.8883733312010245
segment,KarciFANN,114,291,0.0034099530932700964,0.9813664596273292,0.006895673336318784,0.9742857142857143,35.46062564373835
segment,KarciFANN,114,292,0.0034893959062287806,0.9819875776397515,0.006578572008578627,0.98,77.95770338288673
segment,KarciFANN,114,293,0.0038925474358945827,0.9795031055900622,0.007039373401850915,0.9771428571428571,134.651563547177
segment,KarciFANN,114,294,0.0033784910895722953,0.9813664596273292,0.006627373135555254,0.9742857142857143,28.30327675873857
segment,KarciFANN,114,295,0.003392781296649364,0.9813664596273292,0.006666508432885146,0.98,50.22963116865591
segment,KarciFANN,114,296,0.0031970830311101907,0.9813664596273292,0.006775244671433317,0.9771428571428571,3.8606635919505456
segment,KarciFANN,114,297,0.0034067227311073067,0.9807453416149068,0.007498294162197511,0.9742857142857143,2.9894818854012994
segment,KarciFANN,114,298,0.0033611551029888976,0.9807453416149068,0.00681774673095435,0.9771428571428571,118.51308510446027
segment,KarciFANN,114,299,0.004105956525654803,0.9770186335403727,0.007853544359639116,0.9771428571428571,18.728009718425216
segment,KarciFANN,114,300,0.011983138798161572,0.9509316770186336,0.015201874762254373,0.9514285714285714,3.4226029785975634
segment,KarciFANN,114,301,0.0032465940008036967,0.9819875776397515,0.006561622609720791,0.98,29.996650246095975
segment,KarciFANN,114,302,0.003118850315543824,0.9826086956521739,0.007258679154239913,0.9771428571428571,73.85523258353085
segment,KarciFANN,114,303,0.003315597351401475,0.9819875776397515,0.0069847051911822566,0.98,3.892396699593669
segment,KarciFANN,114,304,0.0033533989101605737,0.9819875776397515,0.006467247916766049,0.98,74.94850941199871
segment,KarciFANN,114,305,0.0112205301744404,0.9515527950310559,0.01269564462841236,0.9514285714285714,3.9140338092701814
segment,KarciFANN,114,306,0.003363923736585443,0.9813664596273292,0.007022149524275911,0.9771428571428571,2.9590202733001805
segment,KarciFANN,114,307,0.003659566888955921,0.9788819875776398,0.0075191911439515665,0.9742857142857143,61.7300429702621
segment,KarciFANN,114,308,0.0035134819398644577,0.9813664596273292,0.006875908094932701,0.9771428571428571,3.909652398605955
segment,KarciFANN,114,309,0.005094420239357182,0.9739130434782609,0.008310684440411695,0.9714285714285714,77.1245460155075
segment,KarciFANN,114,310,0.003540489784644363,0.9801242236024845,0.007440112238407598,0.9742857142857143,40.06827577791852
segment,KarciFANN,114,311,0.007073721377110553,0.9670807453416149,0.010710517559207027,0.9657142857142857,618.906974296706
segment,KarciFANN,114,312,0.0032077853132434398,0.9819875776397515,0.006186621429073633,0.9828571428571429,186.0411377647922
segment,KarciFANN,114,313,0.003202718705182525,0.9813664596273292,0.006726046382038548,0.9742857142857143,92.75322137191907
segment,KarciFANN,114,314,0.00865269541946196,0.9614906832298137,0.012722812828835363,0.9657142857142857,7.8862178662591935
segment,KarciFANN,114,315,0.0031681551166171974,0.9813664596273292,0.006724452904543772,0.9771428571428571,3.9028292086719287
segment,KarciFANN,114,316,0.003216882787559034,0.9813664596273292,0.006770497659371401,0.98,112.495435009257
segment,KarciFANN,114,317,0.003746439161367847,0.9801242236024845,0.007417740205468779,0.98,119.37626702566641
segment,KarciFANN,114,318,0.0032030810612444943,0.9813664596273292,0.008277658049347492,0.9685714285714285,17.995997716977946
segment,KarciFANN,114,319,0.003157751052113593,0.9819875776397515,0.006758139063435399,0.98,87.86935399767637
segment,KarciFANN,114,320,0.0037039350713634015,0.9819875776397515,0.006768462449118595,0.98,3.9242452126261753
segment,KarciFANN,114,321,0.004221335615875086,0.977639751552795,0.0074566848285311385,0.9771428571428571,19.577190391478517
segment,KarciFANN,114,322,0.0031916699719445035,0.9826086956521739,0.006306854552470092,0.98,95.86437393406321
segment,KarciFANN,114,323,0.0031098527778641465,0.9819875776397515,0.00632061614095121,0.98,41.978531962546946
segment,KarciFANN,114,324,0.004230436175146309,0.9788819875776398,0.008144430208617708,0.9742857142857143,814.6721233583992
segment,KarciFANN,114,325,0.003107962469823493,0.9819875776397515,0.00708610528045177,0.9742857142857143,33.87300404804554
segment,KarciFANN,114,326,0.0034661382877148763,0.9795031055900622,0.007684923328170331,0.9685714285714285,20.371648801125733
segment,KarciFANN,114,327,0.003941982381743756,0.9795031055900622,0.007543221068982631,0.9742857142857143,740.6877879287404
segment,KarciFANN,114,328,0.0031385353981064857,0.9819875776397515,0.006739572320966965,0.98,314.4069972759991
segment,KarciFANN,114,329,0.00341541204815777,0.9819875776397515,0.007100503189356349,0.9771428571428571,2.9749676807241174
segment,KarciFANN,114,330,0.003095161195319366,0.9826086956521739,0.007515587127008579,0.9742857142857143,73.90549629019739
segment,KarciFANN,114,331,0.0033178662597637076,0.9819875776397515,0.007159946060021166,0.9771428571428571,53.768679497323255
segment,KarciFANN,114,332,0.003253772466213701,0.9819875776397515,0.006670959296850008,0.98,54.94424530643994
segment,KarciFANN,114,333,0.0032954456342536563,0.9813664596273292,0.00840290884613132,0.9685714285714285,157.88152635759417
segment,KarciFANN,114,334,0.009533040955823526,0.9583850931677018,0.01326002211554167,0.9571428571428572,7.895346642872525
segment,KarciFANN,114,335,0.006228191170263765,0.9677018633540373,0.009158839435248953,0.9714285714285714,10.121979766897988
segment,KarciFANN,114,336,0.003150122846951688,0.9819875776397515,0.007189100143634038,0.9771428571428571,234.68152167810172
segment,KarciFANN,114,337,0.003468113023040261,0.9819875776397515,0.0071061782828606215,0.9771428571428571,3.84978147605544
segment,KarciFANN,114,338,0.004527570965816684,0.9763975155279503,0.009238005309946395,0.9685714285714285,3.9609250667103963
segment,KarciFANN,114,339,0.003118681578143763,0.9819875776397515,0.006636835567643321,0.98,45.594157721546
segment,KarciFANN,114,340,0.0034963364953465178,0.9819875776397515,0.007078404711280487,0.9771428571428571,89.94487095428978
segment,KarciFANN,114,341,0.003367232045201666,0.9819875776397515,0.006874832238996956,0.98,386.7337012860326
segment,KarciFANN,114,342,0.00312285489132165,0.9826086956521739,0.0076773911476234,0.9714285714285714,62.841527019343594
segment,KarciFANN,114,343,0.003211428589452434,0.9826086956521739,0.006292449887216768,0.9828571428571429,62.676756069105714
segment,KarciFANN,114,344,0.003129456233489093,0.9813664596273292,0.00724693671267745,0.9742857142857143,123.33770681848176
segment,KarciFANN,114,345,0.00729025436234955,0.9701863354037267,0.008768033276154994,0.9685714285714285,8.135732274289731
segment,KarciFANN,114,346,0.003450921166441473,0.9807453416149068,0.008223803683926445,0.9685714285714285,63.97006404123979
segment,KarciFANN,114,347,0.0032618929751446106,0.9813664596273292,0.007366580192876894,0.9742857142857143,143.4983826315698
segment,KarciFANN,114,348,0.003122424882628513,0.9819875776397515,0.007094753229023699,0.98,57.61254103266782
segment,KarciFANN,114,349,0.0034865412455921375,0.9819875776397515,0.007419802721852516,0.9742857142857143,18.53751077962602
segment,KarciFANN,114,350,0.0035936952955536077,0.9807453416149068,0.007636043670850263,0.9742857142857143,76.04565306200377
segment,KarciFANN,115,1,0.08831508454189055,0.4658385093167702,0.08821861016362428,0.45714285714285713,1.2474446394181906
segment,KarciFANN,115,2,0.049852087883332966,0.7459627329192546,0.04886509024858496,0.7342857142857143,1.5160901998602683
segment,KarciFANN,115,3,0.04478524871055316,0.7950310559006211,0.045198095010118323,0.7914285714285715,1.8342908787144558
segment,KarciFANN,115,4,0.043804711614801206,0.8559006211180125,0.045835972368124034,0.8457142857142858,2.4615844617079037
segment,KarciFANN,115,5,0.025895144834686662,0.8869565217391304,0.027160809234779253,0.8857142857142857,2.1084004827232454
segment,KarciFANN,115,6,0.03315707635315703,0.8993788819875776,0.035265178530291666,0.88,4.8546409136332
segment,KarciFANN,115,7,0.0200099203267344,0.9136645962732919,0.0201093355096614,0.9114285714285715,2.491122208455943
segment,KarciFANN,115,8,0.01667985646408812,0.931055900621118,0.01731531781353591,0.9171428571428571,3.8818524519364646
segment,KarciFANN,115,9,0.020316291487878745,0.9118012422360249,0.022098124429657164,0.9171428571428571,4.426401382227308
segment,KarciFANN,115,10,0.03615197974638923,0.8391304347826087,0.03889720116640368,0.8285714285714286,2.9879558951730707
segment,KarciFANN,115,11,0.01768674881007268,0.924223602484472,0.018501364979772655,0.9171428571428571,1.9366475567048587
segment,KarciFANN,115,12,0.028699518261925013,0.8763975155279503,0.031105883015528434,0.8628571428571429,2.4542959598353686
segment,KarciFANN,115,13,0.012990856945366626,0.9397515527950311,0.01418303644229915,0.9314285714285714,6.211885357579359
segment,KarciFANN,115,14,0.013670105523218524,0.937888198757764,0.015239650422823355,0.9371428571428572,2.675831250374559
segment,KarciFANN,115,15,0.015409753549679203,0.9440993788819876,0.016519438885819936,0.9371428571428572,5.957742239076819
segment,KarciFANN,115,16,0.026203504705630057,0.8950310559006212,0.026377083993041832,0.8971428571428571,3.714919559659382
segment,KarciFANN,115,17,0.012089742976909755,0.9472049689440993,0.013789735504515547,0.94,2.7235178511744036
segment,KarciFANN,115,18,0.015778740989976246,0.9285714285714286,0.018170887394460912,0.92,6.230205778127019
segment,KarciFANN,115,19,0.016490751244507704,0.9236024844720497,0.01648975414083863,0.9257142857142857,4.292061255697266
segment,KarciFANN,115,20,0.011186350426004184,0.9465838509316771,0.013042096785802417,0.9371428571428572,7.100198316431623
segment,KarciFANN,115,21,0.010720258212012754,0.9459627329192547,0.013675384273790923,0.9371428571428572,1.8533123150826887
segment,KarciFANN,115,22,0.018919577805860534,0.9254658385093167,0.02164941062904509,0.9171428571428571,8.272227178903062
segment,KarciFANN,115,23,0.011576576155435342,0.9459627329192547,0.013620525386601108,0.9342857142857143,2.322627676817827
segment,KarciFANN,115,24,0.011121650815804282,0.9503105590062112,0.013367123446461118,0.9428571428571428,7.704806387032878
segment,KarciFANN,115,25,0.011351741458758103,0.9509316770186336,0.012587066218217667,0.9371428571428572,2.05514645572709
segment,KarciFANN,115,26,0.02395439590105114,0.8956521739130435,0.025922734285078387,0.8942857142857142,3.5198927350868363
segment,KarciFANN,115,27,0.009275370519396744,0.9527950310559006,0.01176546819280453,0.9371428571428572,8.458205277904904
segment,KarciFANN,115,28,0.01610131088659958,0.9204968944099379,0.01862848331024264,0.9085714285714286,2.5493649198998996
segment,KarciFANN,115,29,0.013424296813673187,0.9403726708074535,0.016718919128168606,0.9342857142857143,2.440424579758759
segment,KarciFANN,115,30,0.008568886059333782,0.9559006211180124,0.011728463006214336,0.9371428571428572,16.01361763247209
segment,KarciFANN,115,31,0.017206281885657405,0.9236024844720497,0.0199179841533406,0.9114285714285715,2.699617941366579
segment,KarciFANN,115,32,0.010179700111142958,0.9472049689440993,0.013900152022666578,0.9314285714285714,10.472849565359628
segment,KarciFANN,115,33,0.008461902878041482,0.9583850931677018,0.011282824909951795,0.9514285714285714,3.0585421132473
segment,KarciFANN,115,34,0.011179023623513924,0.9434782608695652,0.014240454402999298,0.9285714285714286,15.259663064224627
segment,KarciFANN,115,35,0.008766168866965568,0.9583850931677018,0.012106003697652232,0.9342857142857143,6.360467789772252
segment,KarciFANN,115,36,0.017575685553194133,0.9204968944099379,0.019454275957581358,0.9057142857142857,3.046049860745061
segment,KarciFANN,115,37,0.007805358471680012,0.9614906832298137,0.01256017553141329,0.9342857142857143,15.043103824773093
segment,KarciFANN,115,38,0.016029157117102396,0.9285714285714286,0.019769136574696023,0.9171428571428571,4.4434726165621425
segment,KarciFANN,115,39,0.007167758275117263,0.9645962732919254,0.011184207373215571,0.9514285714285714,44.81962605654639
segment,KarciFANN,115,40,0.009810839110857386,0.9503105590062112,0.013920169536573221,0.9371428571428572,15.211859956467206
segment,KarciFANN,115,41,0.010741950845560403,0.9440993788819876,0.015267055784138261,0.9342857142857143,2.9279898701481764
segment,KarciFANN,115,42,0.007022683151695894,0.9627329192546584,0.011486876014033677,0.9514285714285714,18.869129233056363
segment,KarciFANN,115,43,0.008142406854754437,0.962111801242236,0.01137812492883054,0.9457142857142857,24.645897291971284
segment,KarciFANN,115,44,0.007445719990996113,0.9639751552795031,0.010832989777123445,0.9542857142857143,3.0458235907574354
segment,KarciFANN,115,45,0.008566578208339537,0.9546583850931677,0.013436965363955108,0.9342857142857143,12.846237584400168
segment,KarciFANN,115,46,0.011237512895204967,0.953416149068323,0.01536823858892949,0.9371428571428572,4.274155761454646
segment,KarciFANN,115,47,0.006925853023177854,0.9652173913043478,0.011335833867764447,0.9485714285714286,2.2730410572298814
segment,KarciFANN,115,48,0.008649731347241715,0.9540372670807453,0.013083458975670748,0.9342857142857143,21.03634248213611
segment,KarciFANN,115,49,0.006811430813394605,0.968944099378882,0.011301311447667954,0.9457142857142857,3.2749443320149068
segment,KarciFANN,115,50,0.01971208659604596,0.9254658385093167,0.023995071955645295,0.8971428571428571,5.407221340821824
segment,KarciFANN,115,51,0.010155076662426587,0.9614906832298137,0.013846613951610572,0.9371428571428572,6.127793398145672
segment,KarciFANN,115,52,0.019704684477865934,0.9130434782608695,0.02353383908544088,0.9028571428571428,3.2650851918159263
segment,KarciFANN,115,53,0.006274834038021654,0.968944099378882,0.011492650864119028,0.9457142857142857,12.199813227077591
segment,KarciFANN,115,54,0.016429582653268087,0.922360248447205,0.020288202699036913,0.9142857142857143,2.358054413662042
segment,KarciFANN,115,55,0.013207836924197249,0.9434782608695652,0.015826525594068393,0.9314285714285714,22.607469310179397
segment,KarciFANN,115,56,0.015482904709136876,0.931055900621118,0.01921568996110932,0.9142857142857143,7.994358783425168
segment,KarciFANN,115,57,0.008621823776186439,0.9602484472049689,0.013199799895390078,0.94,9.056583940367345
segment,KarciFANN,115,58,0.006680150974864956,0.9652173913043478,0.011424937192694301,0.9485714285714286,49.30730397269531
segment,KarciFANN,115,59,0.015417299561242406,0.9298136645962732,0.01748397342499647,0.9257142857142857,2.093441978144708
segment,KarciFANN,115,60,0.009707408342871406,0.9496894409937888,0.014594856232849614,0.9342857142857143,48.44261709123077
segment,KarciFANN,115,61,0.008350272651599475,0.9559006211180124,0.013167556970875929,0.9428571428571428,8.007230890496976
segment,KarciFANN,115,62,0.007272214903323853,0.9664596273291925,0.012638447514830434,0.9371428571428572,36.921766111494435
segment,KarciFANN,115,63,0.007143424264022292,0.962111801242236,0.011908557686191661,0.9485714285714286,20.819808421008727
segment,KarciFANN,115,64,0.006266752467778775,0.9695652173913043,0.012026472916125294,0.9371428571428572,13.454481608631507
segment,KarciFANN,115,65,0.00574425156520105,0.9695652173913043,0.01132666341690014,0.94,63.013287147947466
segment,KarciFANN,115,66,0.007758580158942988,0.9627329192546584,0.012520385468870254,0.9428571428571428,79.1419529217639
segment,KarciFANN,115,67,0.007348443728689323,0.9645962732919254,0.012620295748562153,0.9428571428571428,7.181003687228569
segment,KarciFANN,115,68,0.006555594746763739,0.9664596273291925,0.011567722590622756,0.9514285714285714,16.411490131538393
segment,KarciFANN,115,69,0.007425365235678172,0.962111801242236,0.012249691097111392,0.9514285714285714,11.38780859820146
segment,KarciFANN,115,70,0.01897248967541089,0.9180124223602485,0.0220011700605815,0.9114285714285715,2.3412665837144986
segment,KarciFANN,115,71,0.0059385437443748015,0.968944099378882,0.011239643767385794,0.9485714285714286,2.471364164835263
segment,KarciFANN,115,72,0.0073366947776671515,0.9652173913043478,0.01133011619541148,0.9514285714285714,8.903624052736111
segment,KarciFANN,115,73,0.010058252898858132,0.9540372670807453,0.012881995214100384,0.9485714285714286,2.752772112277184
segment,KarciFANN,115,74,0.008629733254340856,0.9596273291925466,0.013173533614565951,0.9457142857142857,3.2683927057729716
segment,KarciFANN,115,75,0.006701714637814301,0.9677018633540373,0.01107910822060591,0.9514285714285714,11.167086930948273
segment,KarciFANN,115,76,0.00673689403569254,0.9664596273291925,0.01244620279713314,0.9457142857142857,9.583296273249285
segment,KarciFANN,115,77,0.009838198320047613,0.9540372670807453,0.014883398477056917,0.9342857142857143,68.31832328055583
segment,KarciFANN,115,78,0.0056850228147181285,0.9714285714285714,0.011184670381930967,0.9428571428571428,12.281670803399452
segment,KarciFANN,115,79,0.00594990305258285,0.9677018633540373,0.010274297483365199,0.9542857142857143,20.16520461405501
segment,KarciFANN,115,80,0.010196255831537358,0.9527950310559006,0.013284081861192424,0.9485714285714286,21.84798444010897
segment,KarciFANN,115,81,0.006058188699930393,0.9683229813664597,0.011487245734472084,0.9514285714285714,2.1235696107222597
segment,KarciFANN,115,82,0.011389556029476484,0.9521739130434783,0.015301183891978713,0.94,7.319335976772216
segment,KarciFANN,115,83,0.005473248361790707,0.9714285714285714,0.010393936086084531,0.9571428571428572,22.869481477305428
segment,KarciFANN,115,84,0.005256303686129858,0.9720496894409938,0.01072010129420385,0.9514285714285714,48.54912812772727
segment,KarciFANN,115,85,0.00567935781525413,0.9714285714285714,0.010385049092524103,0.9542857142857143,67.41284616887808
segment,KarciFANN,115,86,0.0057452058732762445,0.968944099378882,0.01174394546223993,0.9457142857142857,2.6603143247308805
segment,KarciFANN,115,87,0.005471156927577542,0.9726708074534162,0.011213961500526353,0.9485714285714286,28.506268498881493
segment,KarciFANN,115,88,0.004893738860000092,0.9720496894409938,0.010610386025041114,0.9542857142857143,26.96889157292155
segment,KarciFANN,115,89,0.007617650784045431,0.962111801242236,0.012203406993578043,0.9457142857142857,13.674428302431577
segment,KarciFANN,115,90,0.006118297956713004,0.9664596273291925,0.012068965562409169,0.9457142857142857,30.648258191691518
segment,KarciFANN,115,91,0.005662061558162197,0.9726708074534162,0.011601796322792022,0.9428571428571428,10.828568057759433
segment,KarciFANN,115,92,0.005006369446688822,0.9720496894409938,0.01082221195730443,0.9542857142857143,40.73702632473608
segment,KarciFANN,115,93,0.00661807357816249,0.9658385093167702,0.012233032706563689,0.9514285714285714,3.3828068086007996
segment,KarciFANN,115,94,0.004839334682997302,0.9739130434782609,0.010805603096104953,0.9514285714285714,91.45276800296152
segment,KarciFANN,115,95,0.006353381147771265,0.9677018633540373,0.01221661717468323,0.9457142857142857,3.20829273467956
segment,KarciFANN,115,96,0.0053295535571187104,0.9739130434782609,0.011547183819302375,0.9457142857142857,25.63427000555023
segment,KarciFANN,115,97,0.007471294354271931,0.962111801242236,0.012709002693231369,0.9485714285714286,3.0804196537594613
segment,KarciFANN,115,98,0.005032563591262938,0.9720496894409938,0.011419742350819705,0.9457142857142857,65.8038493007184
segment,KarciFANN,115,99,0.006342561603588315,0.9670807453416149,0.012220726544776234,0.9457142857142857,40.51879310501489
segment,KarciFANN,115,100,0.008164163884118917,0.9577639751552796,0.013948345658543736,0.94,2.5428900259793243
segment,KarciFANN,115,101,0.005278695048323071,0.970807453416149,0.010997052313648075,0.9485714285714286,15.583076964064729
segment,KarciFANN,115,102,0.004896578745564818,0.9732919254658385,0.010937169449244498,0.9485714285714286,3.4077655439981003
segment,KarciFANN,115,103,0.009674232610116743,0.9521739130434783,0.014927992865446738,0.9371428571428572,11.426195158999569
segment,KarciFANN,115,104,0.008250605115259524,0.9571428571428572,0.012935346869440935,0.94,13.081582794428869
segment,KarciFANN,115,105,0.007124115491145612,0.962111801242236,0.01354119038007529,0.9342857142857143,3.46442844693789
segment,KarciFANN,115,106,0.00617335267983895,0.9670807453416149,0.010943923691421996,0.9457142857142857,23.10233416476493
segment,KarciFANN,115,107,0.005060486514868273,0.9726708074534162,0.011465200170402132,0.9457142857142857,86.72116220314325
segment,KarciFANN,115,108,0.005313793085462976,0.9701863354037267,0.01193237458823414,0.9485714285714286,3.3898031533150768
segment,KarciFANN,115,109,0.007375651717731596,0.9720496894409938,0.01326781188091997,0.9485714285714286,3.135157240259967
segment,KarciFANN,115,110,0.005641708619581018,0.9714285714285714,0.011981871840816121,0.9485714285714286,72.88606607672203
segment,KarciFANN,115,111,0.00519872916351624,0.9677018633540373,0.011069942632903224,0.9428571428571428,33.29349312307309
segment,KarciFANN,115,112,0.005770972901213248,0.9695652173913043,0.01150640714686428,0.9342857142857143,15.333942146938785
segment,KarciFANN,115,113,0.004918996068853537,0.9714285714285714,0.010577291085115832,0.9457142857142857,2.559378974392233
segment,KarciFANN,115,114,0.004809786844530225,0.9720496894409938,0.010866068558616963,0.9514285714285714,23.08557079468659
segment,KarciFANN,115,115,0.005493331481036773,0.9714285714285714,0.011156346973155646,0.9485714285714286,35.765250543307516
segment,KarciFANN,115,116,0.009230252467152696,0.9583850931677018,0.01289525976731934,0.9428571428571428,14.038615267010618
segment,KarciFANN,115,117,0.004610780323022948,0.9732919254658385,0.010397440690969787,0.9514285714285714,2.6321748664608737
segment,KarciFANN,115,118,0.006167602316029938,0.9677018633540373,0.01190969456498315,0.94,43.92429288472074
segment,KarciFANN,115,119,0.006409632233334926,0.9633540372670808,0.011582416744912822,0.9457142857142857,19.909579223111653
segment,KarciFANN,115,120,0.006667339879835909,0.9701863354037267,0.013136596154039858,0.94,7.980668461723228
segment,KarciFANN,115,121,0.004510910510791019,0.9732919254658385,0.01076591772776978,0.9514285714285714,3.4650874443324393
segment,KarciFANN,115,122,0.004641437765483494,0.9732919254658385,0.010950638853091693,0.9542857142857143,3.488997367437286
segment,KarciFANN,115,123,0.006016811992142165,0.968944099378882,0.012419646356310073,0.94,52.6319506298201
segment,KarciFANN,115,124,0.004947494573394617,0.9726708074534162,0.010879113747014394,0.9457142857142857,41.39876999020661
segment,KarciFANN,115,125,0.005217906461673159,0.970807453416149,0.011071795418773098,0.9457142857142857,35.00714462957917
segment,KarciFANN,115,126,0.005009202378547305,0.9720496894409938,0.010654311116923245,0.9485714285714286,14.037578686554964
segment,KarciFANN,115,127,0.006283128303086477,0.9695652173913043,0.012353677906777149,0.94,8.894458807244975
segment,KarciFANN,115,128,0.00465181235359895,0.9732919254658385,0.009826863207706269,0.9514285714285714,24.31282388330815
segment,KarciFANN,115,129,0.012569825088659912,0.9428571428571428,0.016679396057492503,0.9314285714285714,8.865777078470725
segment,KarciFANN,115,130,0.014715305591720946,0.9360248447204969,0.01809701011652618,0.92,5.725502164844959
segment,KarciFANN,115,131,0.006647816709158923,0.9670807453416149,0.011910990992995361,0.9457142857142857,10.290644889346273
segment,KarciFANN,115,132,0.00698809641296967,0.9627329192546584,0.01244365405552226,0.9457142857142857,8.353540683976842
segment,KarciFANN,115,133,0.00494828187588239,0.9726708074534162,0.010786291252848083,0.9485714285714286,46.1564417204066
segment,KarciFANN,115,134,0.004949788240505175,0.9732919254658385,0.010159108852196045,0.9514285714285714,42.69944827820963
segment,KarciFANN,115,135,0.0061599277872471355,0.9670807453416149,0.011634921358170788,0.9485714285714286,47.19762274650822
segment,KarciFANN,115,136,0.004847400024227347,0.9726708074534162,0.011388621347675435,0.9428571428571428,18.977959459971427
segment,KarciFANN,115,137,0.005173552680165958,0.9726708074534162,0.011112063570401542,0.9457142857142857,20.410601508540065
segment,KarciFANN,115,138,0.004760257437430696,0.9739130434782609,0.010633020539847117,0.9485714285714286,25.834710575378732
segment,KarciFANN,115,139,0.0072258836370230495,0.9639751552795031,0.012492041049634271,0.9457142857142857,2.3835334867184605
segment,KarciFANN,115,140,0.005469833447584083,0.9732919254658385,0.011312699922603775,0.9457142857142857,2.8533326190010406
segment,KarciFANN,115,141,0.005100903293159116,0.9720496894409938,0.010893899337679652,0.9542857142857143,50.09349881659401
segment,KarciFANN,115,142,0.009059835735470647,0.9552795031055901,0.013464125382918956,0.9428571428571428,9.764375320926943
segment,KarciFANN,115,143,0.00567767011845842,0.970807453416149,0.01207282021226146,0.9428571428571428,3.5818511096279186
segment,KarciFANN,115,144,0.0047671157519158175,0.9739130434782609,0.009770597013410178,0.9571428571428572,2.0728155808113833
segment,KarciFANN,115,145,0.004784728327719318,0.9732919254658385,0.01046827172087215,0.9542857142857143,2.710263474495897
segment,KarciFANN,115,146,0.005600663027957082,0.9701863354037267,0.010758314780998967,0.9457142857142857,32.71641985763465
segment,KarciFANN,115,147,0.006055665770064106,0.9683229813664597,0.012733066388380994,0.9457142857142857,2.7312487312988605
segment,KarciFANN,115,148,0.004504925831077159,0.9751552795031055,0.010212320775511645,0.9514285714285714,73.34314733448227
segment,KarciFANN,115,149,0.005236714465151122,0.970807453416149,0.011055053618143308,0.9457142857142857,17.31473805062737
segment,KarciFANN,115,150,0.015791227416329864,0.9434782608695652,0.019090775682533506,0.9314285714285714,4.4528481824280535
segment,KarciFANN,115,151,0.005133114293549763,0.9726708074534162,0.010367133367589201,0.9485714285714286,187.90856310691356
segment,KarciFANN,115,152,0.0057152381564751255,0.9683229813664597,0.011596048560350259,0.94,92.38562857030152
segment,KarciFANN,115,153,0.004826437422003716,0.9720496894409938,0.011293712817071094,0.94,154.9619263063707
segment,KarciFANN,115,154,0.005605436629619314,0.9720496894409938,0.011887097725013472,0.9428571428571428,85.82863275129527
segment,KarciFANN,115,155,0.0048247961056979835,0.9751552795031055,0.011037427844351817,0.9514285714285714,75.31481469222142
segment,KarciFANN,115,156,0.004878540328398767,0.9726708074534162,0.011570372334934395,0.9428571428571428,69.3295888697334
segment,KarciFANN,115,157,0.005691180382461961,0.9701863354037267,0.011837211179420526,0.9457142857142857,69.18210300500564
segment,KarciFANN,115,158,0.014332641184715096,0.9385093167701863,0.016395782109110323,0.9257142857142857,5.810149871997452
segment,KarciFANN,115,159,0.004588340022240951,0.9745341614906833,0.010350086466180384,0.9485714285714286,21.18401073274463
segment,KarciFANN,115,160,0.012410454668146846,0.9577639751552796,0.015750199027005727,0.9485714285714286,4.258326422405284
segment,KarciFANN,115,161,0.0057331734947481325,0.9732919254658385,0.011495408461588237,0.9457142857142857,7.255998412392023
segment,KarciFANN,115,162,0.009321217052011188,0.9639751552795031,0.013656160042570531,0.94,7.820289469176508
segment,KarciFANN,115,163,0.005639052581753692,0.9701863354037267,0.012485264623833432,0.9457142857142857,2.8026215886967836
segment,KarciFANN,115,164,0.008063344915972971,0.9608695652173913,0.013317857231393006,0.9428571428571428,2.419806437608998
segment,KarciFANN,115,165,0.00437138252642178,0.9757763975155279,0.009789916987436326,0.9542857142857143,140.97835743618475
segment,KarciFANN,115,166,0.004406542446201044,0.9745341614906833,0.009674781158205338,0.9542857142857143,87.27354176356707
segment,KarciFANN,115,167,0.0044310008768174616,0.9751552795031055,0.009232841866810873,0.9542857142857143,175.02156598943415
segment,KarciFANN,115,168,0.0078103437611363605,0.9608695652173913,0.011163107616696153,0.9457142857142857,123.45521281267219
segment,KarciFANN,115,169,0.020157641748104135,0.9217391304347826,0.0202041431564581,0.9171428571428571,5.669007854160706
segment,KarciFANN,115,170,0.004733882973428278,0.9732919254658385,0.010896723565277128,0.9485714285714286,17.89908352369615
segment,KarciFANN,115,171,0.008102882348529234,0.962111801242236,0.012490969344614153,0.9457142857142857,8.118944026641069
segment,KarciFANN,115,172,0.004855258218247146,0.970807453416149,0.010829204715233092,0.9457142857142857,51.212691634113504
segment,KarciFANN,115,173,0.004535351133954232,0.9726708074534162,0.01018040006860726,0.9514285714285714,81.43651792536488
segment,KarciFANN,115,174,0.019192318558955233,0.922360248447205,0.01991060642957776,0.92,3.4901435012380744
segment,KarciFANN,115,175,0.005528447001179633,0.9695652173913043,0.011702587479241739,0.9457142857142857,2.7866767769678167
segment,KarciFANN,115,176,0.004715388638519617,0.9739130434782609,0.010556004665010155,0.9485714285714286,32.01550253066709
segment,KarciFANN,115,177,0.004343827459267729,0.9732919254658385,0.009877784716464692,0.9514285714285714,82.5417791355178
segment,KarciFANN,115,178,0.00441776394735522,0.9745341614906833,0.009725462624200654,0.9514285714285714,45.29009476321236
segment,KarciFANN,115,179,0.005405668054972682,0.9695652173913043,0.01089578758816783,0.9514285714285714,19.9605450715875
segment,KarciFANN,115,180,0.014962246642930907,0.9422360248447205,0.01652709581603316,0.9314285714285714,5.390842253644533
segment,KarciFANN,115,181,0.004591455174701805,0.9739130434782609,0.010354495152481024,0.9514285714285714,70.9603566447349
segment,KarciFANN,115,182,0.0041971382391941085,0.9745341614906833,0.010079006103377454,0.9542857142857143,162.47039092824116
segment,KarciFANN,115,183,0.004597227997126821,0.9745341614906833,0.009851596529056109,0.9514285714285714,23.034397798659086
segment,KarciFANN,115,184,0.004538089264375594,0.9726708074534162,0.009998403561095786,0.9514285714285714,19.818499311883006
segment,KarciFANN,115,185,0.004363503509583189,0.9751552795031055,0.010615860242117602,0.9542857142857143,21.37343416421086
segment,KarciFANN,115,186,0.004131957618609593,0.9745341614906833,0.009675225909991385,0.9571428571428572,56.045280764571444
segment,KarciFANN,115,187,0.005401319513471453,0.970807453416149,0.012102528578180763,0.9428571428571428,81.24695965567064
segment,KarciFANN,115,188,0.006384117452322868,0.9677018633540373,0.012013936318386141,0.9457142857142857,12.548254657652715
segment,KarciFANN,115,189,0.0041752166955064595,0.9745341614906833,0.010122040951632338,0.9485714285714286,2.7866206870703607
segment,KarciFANN,115,190,0.017271103991013333,0.9204968944099379,0.020212415659465882,0.9057142857142857,5.82626583679454
segment,KarciFANN,115,191,0.009339956996752042,0.9540372670807453,0.014400706645293701,0.9428571428571428,2.8367125253414542
segment,KarciFANN,115,192,0.02591079196927499,0.9012422360248448,0.024361949758151053,0.9085714285714286,2.9492968936643926
segment,KarciFANN,115,193,0.006192007444396876,0.9633540372670808,0.011353400347995726,0.9514285714285714,3.728752860963196
segment,KarciFANN,115,194,0.004571722278928982,0.9745341614906833,0.010257591492449576,0.9542857142857143,138.80004329517544
segment,KarciFANN,115,195,0.004454136332697892,0.9745341614906833,0.011021413157308205,0.9457142857142857,47.60605751340045
segment,KarciFANN,115,196,0.0048408112322904494,0.9739130434782609,0.010619365166309765,0.9514285714285714,3.640698372037825
segment,KarciFANN,115,197,0.006680118391886807,0.9664596273291925,0.012031591606653042,0.9428571428571428,8.70923277710017
segment,KarciFANN,115,198,0.0042047425302682495,0.9757763975155279,0.009683463368197445,0.9571428571428572,3.6979087279319613
segment,KarciFANN,115,199,0.003993846716824363,0.9757763975155279,0.009630676068670851,0.9571428571428572,52.57927805817299
segment,KarciFANN,115,200,0.0052340476153498365,0.9720496894409938,0.01118156537004866,0.9514285714285714,47.786375856127634
segment,KarciFANN,115,201,0.004701760190383313,0.9739130434782609,0.010452153613824346,0.9542857142857143,30.245906000621037
segment,KarciFANN,115,202,0.0052190577026394935,0.9714285714285714,0.01196736833900338,0.9457142857142857,103.62509127538476
segment,KarciFANN,115,203,0.004308794753170341,0.9745341614906833,0.010929038729372448,0.9514285714285714,3.6859995261623197
segment,KarciFANN,115,204,0.0045582251109913515,0.9726708074534162,0.009556793940215436,0.9571428571428572,3.7093414950269517
segment,KarciFANN,115,205,0.0043697079222198565,0.9745341614906833,0.010225351580559053,0.9542857142857143,3.712609292346507
segment,KarciFANN,115,206,0.012346387977904962,0.9428571428571428,0.016800677815261636,0.9285714285714286,3.1906733898436177
segment,KarciFANN,115,207,0.011133216920126322,0.9465838509316771,0.016040347822353106,0.9314285714285714,13.457309248938099
segment,KarciFANN,115,208,0.005090817119156061,0.9714285714285714,0.010827077843292397,0.9514285714285714,2.5105380076071486
segment,KarciFANN,115,209,0.00419228390381272,0.9745341614906833,0.009831221685562832,0.9542857142857143,30.384420313319396
segment,KarciFANN,115,210,0.003874336117578284,0.9763975155279503,0.009669593967822547,0.9542857142857143,3.716409297374105
segment,KarciFANN,115,211,0.004569094700031383,0.9751552795031055,0.009737212220832453,0.9571428571428572,30.374782215267917
segment,KarciFANN,115,212,0.0038415858859248654,0.9770186335403727,0.009443766932631138,0.9542857142857143,76.68282624716444
segment,KarciFANN,115,213,0.0042497096456653866,0.9751552795031055,0.00967596460770635,0.9571428571428572,123.26258924818518
segment,KarciFANN,115,214,0.004167804296940611,0.9745341614906833,0.009617101186716465,0.9542857142857143,69.39573876577214
segment,KarciFANN,115,215,0.01003876572853825,0.9540372670807453,0.014274024239228232,0.9371428571428572,9.418958464425398
segment,KarciFANN,115,216,0.0037541612800708487,0.977639751552795,0.009791313568301537,0.9514285714285714,25.588976111924065
segment,KarciFANN,115,217,0.004160719425447137,0.9757763975155279,0.0094353895521685,0.9542857142857143,3.70120155263003
segment,KarciFANN,115,218,0.004671562037994954,0.9732919254658385,0.010237575637799241,0.9514285714285714,27.060204421067542
segment,KarciFANN,115,219,0.004410558318515508,0.9751552795031055,0.009055214119331832,0.9571428571428572,3.750373536128125
segment,KarciFANN,115,220,0.004087453555781988,0.9751552795031055,0.009777903373509844,0.9514285714285714,122.58469293867492
segment,KarciFANN,115,221,0.004106386646580365,0.9770186335403727,0.009251824993961443,0.9571428571428572,39.508177934982555
segment,KarciFANN,115,222,0.003968154712214963,0.9763975155279503,0.01026043195658791,0.9542857142857143,169.95653973462592
segment,KarciFANN,115,223,0.004088608872078111,0.9757763975155279,0.009148243689446143,0.9571428571428572,59.60098624942846
segment,KarciFANN,115,224,0.005228055071964662,0.970807453416149,0.010244255632698296,0.9514285714285714,252.21299378210784
segment,KarciFANN,115,225,0.009676523750853488,0.9540372670807453,0.0124858538651625,0.9428571428571428,6.430790782127269
segment,KarciFANN,115,226,0.004807186036789785,0.9714285714285714,0.009731628662573188,0.9514285714285714,34.493410348354494
segment,KarciFANN,115,227,0.003776897857136676,0.977639751552795,0.010511914096792634,0.9514285714285714,77.39572504468649
segment,KarciFANN,115,228,0.004595958790107466,0.9739130434782609,0.01160226310629602,0.9514285714285714,67.13815988449689
segment,KarciFANN,115,229,0.004349400627271135,0.9751552795031055,0.011389227503437667,0.9514285714285714,3.735747230306064
segment,KarciFANN,115,230,0.0039022197900799318,0.9770186335403727,0.010767708901881626,0.9542857142857143,566.1988415577649
segment,KarciFANN,115,231,0.003829946925809046,0.9770186335403727,0.01072560001785213,0.9514285714285714,33.851451046754285
segment,KarciFANN,115,232,0.004290204920281198,0.9763975155279503,0.009401403135041345,0.9514285714285714,50.86725280053836
segment,KarciFANN,115,233,0.004089756775285551,0.9739130434782609,0.0092736622420652,0.9514285714285714,436.06271391024234
segment,KarciFANN,115,234,0.006546753960251092,0.9645962732919254,0.012247999021090819,0.9457142857142857,2.4009294173715956
segment,KarciFANN,115,235,0.004091592679971343,0.9745341614906833,0.00948391426641267,0.9514285714285714,322.0808693629593
segment,KarciFANN,115,236,0.003949656897348799,0.9770186335403727,0.010292518147219654,0.9485714285714286,95.82594599897527
segment,KarciFANN,115,237,0.004273775071751672,0.9763975155279503,0.00942921520554997,0.9514285714285714,24.574269959892042
segment,KarciFANN,115,238,0.004502301519892754,0.9732919254658385,0.010572517440390231,0.9485714285714286,3.194397484736161
segment,KarciFANN,115,239,0.0057416368384416135,0.9701863354037267,0.012324682817095721,0.9342857142857143,148.40205480834547
segment,KarciFANN,115,240,0.004477260340402362,0.9739130434782609,0.009472707128834692,0.9514285714285714,73.32877551668518
segment,KarciFANN,115,241,0.006717452908756185,0.9639751552795031,0.011638101374922277,0.94,13.319904220654132
segment,KarciFANN,115,242,0.004753103141144631,0.9720496894409938,0.011031929889045222,0.9485714285714286,170.100313061016
segment,KarciFANN,115,243,0.004911485539518385,0.9726708074534162,0.010889037389932498,0.9485714285714286,28.18880825140194
segment,KarciFANN,115,244,0.011442421565091052,0.9503105590062112,0.01262213232801027,0.9457142857142857,6.4532428665535315
segment,KarciFANN,115,245,0.005213588841057239,0.9720496894409938,0.010034523247401634,0.9571428571428572,26.203497385680453
segment,KarciFANN,115,246,0.004831919579524738,0.9726708074534162,0.011148194908994036,0.9457142857142857,20.315011133785244
segment,KarciFANN,115,247,0.004331118629540495,0.9757763975155279,0.009424872621398414,0.9542857142857143,3.7305430839577274
segment,KarciFANN,115,248,0.004595170836728629,0.9726708074534162,0.009214925138047404,0.9542857142857143,137.28993500824564
segment,KarciFANN,115,249,0.004273288805577125,0.9751552795031055,0.009659789814142752,0.9542857142857143,233.69602365900613
segment,KarciFANN,115,250,0.004355681805440047,0.9739130434782609,0.009891872374099431,0.9514285714285714,52.36992767681811
segment,KarciFANN,115,251,0.006306838447518948,0.9670807453416149,0.009970776386852714,0.9485714285714286,3.033025386221542
segment,KarciFANN,115,252,0.003998940067348595,0.9763975155279503,0.009154305619551642,0.9571428571428572,3.7907583960822393
segment,KarciFANN,115,253,0.0041925364313496775,0.9751552795031055,0.009344787952143262,0.9571428571428572,152.80081766818498
segment,KarciFANN,115,254,0.004446397867704943,0.9745341614906833,0.01079553083228999,0.9485714285714286,47.892266709809185
segment,KarciFANN,115,255,0.004227287865540168,0.9745341614906833,0.009306668477869815,0.9571428571428572,42.8858132120291
segment,KarciFANN,115,256,0.0039048823149548384,0.9770186335403727,0.009606837497382345,0.9542857142857143,33.365187750752035
segment,KarciFANN,115,257,0.004427384030579453,0.9739130434782609,0.010996791172255709,0.9485714285714286,3.792803692233848
segment,KarciFANN,115,258,0.006571409708847094,0.9745341614906833,0.012133656927980466,0.9514285714285714,6.426544680004942
segment,KarciFANN,115,259,0.0042149701839061075,0.9763975155279503,0.010803137775788252,0.96,104.88722790518115
segment,KarciFANN,115,260,0.004854069367959555,0.9745341614906833,0.012351845955986549,0.9514285714285714,87.36780857503382
segment,KarciFANN,115,261,0.003820106527081549,0.9770186335403727,0.01052112318458172,0.9571428571428572,38.94208038437663
segment,KarciFANN,115,262,0.004497230846532431,0.9751552795031055,0.012144137001911713,0.9485714285714286,61.90900997554563
segment,KarciFANN,115,263,0.00434913278911734,0.9751552795031055,0.011627551173409844,0.9485714285714286,3.7917357347260894
segment,KarciFANN,115,264,0.0038793214637361964,0.9770186335403727,0.010965729008131357,0.9542857142857143,73.97323051876562
segment,KarciFANN,115,265,0.0038365474462199525,0.9757763975155279,0.010239760999590954,0.9571428571428572,45.07698356617711
segment,KarciFANN,115,266,0.0050776791529729285,0.9739130434782609,0.011171476646020261,0.9542857142857143,65.59343215203872
segment,KarciFANN,115,267,0.003748165708212552,0.977639751552795,0.010254968524706124,0.9571428571428572,126.54078613344828
segment,KarciFANN,115,268,0.003930556314165977,0.9770186335403727,0.009387541707538586,0.96,56.09587431161369
segment,KarciFANN,115,269,0.004133399612734899,0.9751552795031055,0.009723764215173656,0.96,38.478646312334824
segment,KarciFANN,115,270,0.003957200893016783,0.977639751552795,0.01063459822823202,0.9542857142857143,38.82946391016954
segment,KarciFANN,115,271,0.009958658482683819,0.9577639751552796,0.013336842859898073,0.9485714285714286,4.537587839489457
segment,KarciFANN,115,272,0.004483391124333164,0.9745341614906833,0.010872407342618257,0.9542857142857143,35.79810478358918
segment,KarciFANN,115,273,0.005761685612330754,0.968944099378882,0.011107396434370672,0.9514285714285714,130.25021988585394
segment,KarciFANN,115,274,0.0042877252773446724,0.9745341614906833,0.011400484596290781,0.9485714285714286,157.42254903319312
segment,KarciFANN,115,275,0.004088050511042512,0.9757763975155279,0.011237882305831068,0.9514285714285714,93.82029588559135
segment,KarciFANN,115,276,0.01047551327426921,0.9496894409937888,0.012761516465696515,0.9428571428571428,7.976208330465369
segment,KarciFANN,115,277,0.004266631019375036,0.9739130434782609,0.011599931768594255,0.9571428571428572,34.76376049845337
segment,KarciFANN,115,278,0.004073225335265945,0.9763975155279503,0.011943401982475853,0.9514285714285714,3.843282959069548
segment,KarciFANN,115,279,0.0039915127490532335,0.9763975155279503,0.010330133199953564,0.96,95.03148528806881
segment,KarciFANN,115,280,0.005131906739374552,0.970807453416149,0.011248113696545674,0.9514285714285714,119.43460489628943
segment,KarciFANN,115,281,0.004177062370099363,0.9763975155279503,0.010359480657674296,0.9571428571428572,78.21612202897975
segment,KarciFANN,115,282,0.00416831666058284,0.9763975155279503,0.010124871490160866,0.9542857142857143,45.61145201088106
segment,KarciFANN,115,283,0.005041541525437461,0.970807453416149,0.011740345160062775,0.9457142857142857,3.8296365169308504
segment,KarciFANN,115,284,0.004018775042490081,0.9763975155279503,0.009706600646212957,0.96,66.47801232368792
segment,KarciFANN,115,285,0.003985234521574566,0.9757763975155279,0.01012638709902129,0.9571428571428572,35.81090291974407
segment,KarciFANN,115,286,0.003990593201738453,0.9751552795031055,0.010203754564177398,0.9542857142857143,3.8419772673636827
segment,KarciFANN,115,287,0.00438928513958375,0.9745341614906833,0.011388043996910766,0.9457142857142857,3.861216044953789
segment,KarciFANN,115,288,0.011391691200888397,0.9490683229813665,0.013155487566146167,0.9428571428571428,4.366581374706331
segment,KarciFANN,115,289,0.004899416877026658,0.9726708074534162,0.010370412946224322,0.9542857142857143,76.65480499220128
segment,KarciFANN,115,290,0.004210993938208971,0.9751552795031055,0.010220351963421206,0.9571428571428572,48.55120699034327
segment,KarciFANN,115,291,0.004994551814429168,0.9720496894409938,0.012067478544629542,0.9457142857142857,3.4920393997498453
segment,KarciFANN,115,292,0.004740006537565735,0.9732919254658385,0.010154472898637164,0.9542857142857143,306.2809620963932
segment,KarciFANN,115,293,0.0038798832027085724,0.9770186335403727,0.010580697433748938,0.9514285714285714,120.33636690372127
segment,KarciFANN,115,294,0.004705067903504285,0.9732919254658385,0.010178523085265241,0.9542857142857143,3.8386118774935767
segment,KarciFANN,115,295,0.003898433767093494,0.9770186335403727,0.009939267653087154,0.96,384.816302936128
segment,KarciFANN,115,296,0.004353513123405436,0.9745341614906833,0.011235734055202205,0.9514285714285714,24.069133252919375
segment,KarciFANN,115,297,0.0051975201940686,0.9695652173913043,0.011191781972396791,0.9542857142857143,122.74496136157941
segment,KarciFANN,115,298,0.003853290805276364,0.977639751552795,0.011143390992076438,0.9514285714285714,344.0464332604037
segment,KarciFANN,115,299,0.003841656441988435,0.977639751552795,0.011004681977774987,0.9542857142857143,122.2677526802331
segment,KarciFANN,115,300,0.003802696521810571,0.9763975155279503,0.010169031875502442,0.9571428571428572,84.95978485008644
segment,KarciFANN,115,301,0.003987070244616974,0.977639751552795,0.00996364583671503,0.9571428571428572,219.03825645253804
segment,KarciFANN,115,302,0.0038191266245540304,0.9770186335403727,0.01053882235109398,0.9542857142857143,57.570967983124135
segment,KarciFANN,115,303,0.00406979514236361,0.9751552795031055,0.011031820745801097,0.9485714285714286,163.92150906234187
segment,KarciFANN,115,304,0.004153112145820641,0.9751552795031055,0.011299293693441237,0.9514285714285714,2.926605271800375
segment,KarciFANN,115,305,0.00394511001585765,0.9763975155279503,0.010090787390846642,0.9542857142857143,2.903717883479581
segment,KarciFANN,115,306,0.004409372227209515,0.9751552795031055,0.010524794714750261,0.9571428571428572,47.02112270859494
segment,KarciFANN,115,307,0.004024257224574311,0.9763975155279503,0.01237689297711423,0.9485714285714286,39.52896821786871
segment,KarciFANN,115,308,0.004867873805360299,0.9720496894409938,0.011000660164871612,0.9542857142857143,289.4063463834595
segment,KarciFANN,115,309,0.003994667206085066,0.9770186335403727,0.012039179889606757,0.9514285714285714,3.865958324264401
segment,KarciFANN,115,310,0.004077693005847377,0.9763975155279503,0.01250118440056284,0.9457142857142857,2.9329929201425604
segment,KarciFANN,115,311,0.003815936555876852,0.977639751552795,0.011392257902182972,0.9514285714285714,176.10625033220413
segment,KarciFANN,115,312,0.0037218841952930456,0.9782608695652174,0.010927037644196882,0.9542857142857143,56.15188574929352
segment,KarciFANN,115,313,0.00389194832141731,0.9770186335403727,0.00995885652061402,0.96,205.217161371346
segment,KarciFANN,115,314,0.004113584078514901,0.9751552795031055,0.010652219388388492,0.9514285714285714,314.0202931935885
segment,KarciFANN,115,315,0.004061656891395722,0.9751552795031055,0.010524437972315033,0.9542857142857143,45.79715888483701
segment,KarciFANN,115,316,0.006413015289315437,0.9670807453416149,0.011220506262917837,0.9485714285714286,13.576082595503525
segment,KarciFANN,115,317,0.006828304665325415,0.9645962732919254,0.012845308737146933,0.9457142857142857,2.7691989833576325
segment,KarciFANN,115,318,0.004012265478412226,0.9763975155279503,0.010344581465119532,0.96,361.10536762993814
segment,KarciFANN,115,319,0.003831540028859861,0.9770186335403727,0.011194081067488598,0.9542857142857143,62.32423968343118
segment,KarciFANN,115,320,0.0040533918189109425,0.9763975155279503,0.010377018473851312,0.9571428571428572,218.26355528102908
segment,KarciFANN,115,321,0.004387363503382141,0.9745341614906833,0.0109017837058717,0.9514285714285714,3.0677063232857162
segment,KarciFANN,115,322,0.00393866932276042,0.9757763975155279,0.01167034443041773,0.9457142857142857,436.3563644170537
segment,KarciFANN,115,323,0.004170567758179215,0.9745341614906833,0.010699237341634667,0.9542857142857143,650.1066526331962
segment,KarciFANN,115,324,0.004027103155679482,0.9763975155279503,0.01010970488679198,0.9571428571428572,68.27647622045394
segment,KarciFANN,115,325,0.00376657112477008,0.977639751552795,0.010646630750758243,0.9571428571428572,3.865985524398712
segment,KarciFANN,115,326,0.003853518892414151,0.9770186335403727,0.010413849608094695,0.9542857142857143,89.35740781955488
segment,KarciFANN,115,327,0.0037943799303711417,0.9763975155279503,0.009976347816938331,0.96,45.502567022506284
segment,KarciFANN,115,328,0.004276373625523404,0.9770186335403727,0.012284477182228493,0.9485714285714286,54.88859618387277
segment,KarciFANN,115,329,0.004081714250706316,0.9763975155279503,0.00989960524578614,0.96,96.94328081920834
segment,KarciFANN,115,330,0.003849649044430494,0.9770186335403727,0.01058521313011459,0.96,27.862005833580223
segment,KarciFANN,115,331,0.004042782936407944,0.9763975155279503,0.010762819559667512,0.9571428571428572,41.89602618502865
segment,KarciFANN,115,332,0.0036607400707422606,0.9770186335403727,0.010985122094576227,0.9514285714285714,141.1170998195374
segment,KarciFANN,115,333,0.0037640582009916563,0.9782608695652174,0.01123731077992195,0.9514285714285714,19.425064077746036
segment,KarciFANN,115,334,0.0038577654456101547,0.9770186335403727,0.009782217898832761,0.9571428571428572,178.22342248384788
segment,KarciFANN,115,335,0.00412964212671291,0.9770186335403727,0.010167151031951937,0.96,92.86719982973534
segment,KarciFANN,115,336,0.004425289049154276,0.9745341614906833,0.01053360093158172,0.9542857142857143,61.207944491387515
segment,KarciFANN,115,337,0.004190665591247047,0.9770186335403727,0.010044304236498316,0.96,207.67103048930812
segment,KarciFANN,115,338,0.003616073020697877,0.977639751552795,0.010212335553384203,0.96,125.213317206396
segment,KarciFANN,115,339,0.0036436691427024857,0.9770186335403727,0.010359653577059334,0.9571428571428572,3.8698681435161864
segment,KarciFANN,115,340,0.004039061769893037,0.9745341614906833,0.010443987664008557,0.96,36.55483417837413
segment,KarciFANN,115,341,0.003781275394774386,0.9763975155279503,0.011273552515168872,0.9542857142857143,177.75014726847866
segment,KarciFANN,115,342,0.0036723811599279808,0.9770186335403727,0.011161188332952723,0.9514285714285714,176.78149417002467
segment,KarciFANN,115,343,0.010167250344702781,0.9552795031055901,0.013971693111909914,0.9428571428571428,6.545032433061236
segment,KarciFANN,115,344,0.004175739324272932,0.9757763975155279,0.009457283173131534,0.9542857142857143,395.1865614985206
segment,KarciFANN,115,345,0.0042581403664794055,0.9757763975155279,0.009774413036320737,0.96,54.57574549696902
segment,KarciFANN,115,346,0.0039678345978242,0.9763975155279503,0.010661589757230732,0.9514285714285714,3.898465564966284
segment,KarciFANN,115,347,0.0037986078324980057,0.9757763975155279,0.009850049430148491,0.96,370.9878817821545
segment,KarciFANN,115,348,0.0038601005047386745,0.9757763975155279,0.011264107274028021,0.9542857142857143,3.906969784234229
segment,KarciFANN,115,349,0.004502411802866672,0.9732919254658385,0.010838982965754355,0.9571428571428572,64.10001311320663
segment,KarciFANN,115,350,0.0036258995643443457,0.9782608695652174,0.010604562181597476,0.9542857142857143,3.888132194827213
segment,exp,100,1,0.10450764603771244,0.42732919254658386,0.10474351208932085,0.4257142857142857,0.9939014838323217
segment,exp,100,2,0.06470350324019708,0.691304347826087,0.06381826752886338,0.6942857142857143,0.9852508912257502
segment,exp,100,3,0.058646600311558314,0.6720496894409937,0.0568859769914843,0.6828571428571428,0.9828835011884337
segment,exp,100,4,0.04149073233921525,0.8298136645962733,0.0398110325403904,0.8428571428571429,0.9801939053630068
segment,exp,100,5,0.04901615945592504,0.7571428571428571,0.04843032483422999,0.7628571428571429,0.9786074000653311
segment,exp,100,6,0.038614749196720075,0.8149068322981367,0.038012678899857905,0.8142857142857143,0.975802374584961
segment,exp,100,7,0.027198837442176455,0.8981366459627329,0.026787154704772862,0.9057142857142857,0.9729258723808059
segment,exp,100,8,0.02411334557112828,0.9111801242236025,0.024210554182575908,0.9142857142857143,0.9716121916691952
segment,exp,100,9,0.024557335886043693,0.8993788819875776,0.0248867395134285,0.9028571428571428,0.9705233210237527
segment,exp,100,10,0.023859261664227468,0.915527950310559,0.02474524698636647,0.9142857142857143,0.9719433801713528
segment,exp,100,11,0.02305828361527256,0.9161490683229814,0.024627522766767412,0.9171428571428571,0.9689441075893054
segment,exp,100,12,0.01943079552714508,0.9217391304347826,0.020266461062130738,0.9114285714285715,0.967740742629375
segment,exp,100,13,0.019890549501754822,0.9173913043478261,0.0204069213454327,0.9142857142857143,0.9669221335037418
segment,exp,100,14,0.01952145030902485,0.929192546583851,0.02119828470961088,0.92,0.966390205503363
segment,exp,100,15,0.03510190799404055,0.8428571428571429,0.03771476877648512,0.8257142857142857,0.9681934814769814
segment,exp,100,16,0.02064979806092145,0.9111801242236025,0.02133326114947217,0.9142857142857143,0.9668076579899006
segment,exp,100,17,0.017990063103209494,0.9254658385093167,0.019190559125265627,0.92,0.9664735836105295
segment,exp,100,18,0.01679263465243702,0.9360248447204969,0.017913825068053082,0.9228571428571428,0.9664938882480437
segment,exp,100,19,0.01584312389570269,0.9366459627329192,0.017517730967222107,0.9285714285714286,0.9636098704210978
segment,exp,100,20,0.01995969034965067,0.9136645962732919,0.020393834109079103,0.92,0.9639242233629083
segment,exp,100,21,0.023565235789854786,0.9,0.026469884526856426,0.88,0.9649302703234192
segment,exp,100,22,0.01570656196632859,0.9316770186335404,0.01701683464993736,0.9285714285714286,0.96312601969369
segment,exp,100,23,0.015382466959699165,0.9335403726708075,0.01687782117242277,0.9285714285714286,0.9623907571423764
segment,exp,100,24,0.015872502880257787,0.9360248447204969,0.017364551824280847,0.9285714285714286,0.9653872246355506
segment,exp,100,25,0.016506318801254288,0.9316770186335404,0.019033174598096413,0.9228571428571428,0.9647773627243932
segment,exp,100,26,0.016466424351637306,0.9397515527950311,0.019365243610487567,0.9342857142857143,0.961865503410191
segment,exp,100,27,0.015113663028399619,0.9360248447204969,0.017251371137292252,0.9171428571428571,0.9613319567124536
segment,exp,100,28,0.01730310242346978,0.9385093167701863,0.02006243134746119,0.9314285714285714,0.9610573031051146
segment,exp,100,29,0.01410210510065813,0.9385093167701863,0.015851015783326854,0.9285714285714286,0.9605114294624785
segment,exp,100,30,0.01656000460795255,0.9285714285714286,0.019235596946333318,0.9228571428571428,0.9607683201213076
segment,exp,100,31,0.02538923381849865,0.9024844720496894,0.028663321121782607,0.8828571428571429,0.9605677648670391
segment,exp,100,32,0.01384477404345797,0.937888198757764,0.01596413979912448,0.9285714285714286,0.9589733588097757
segment,exp,100,33,0.01351980791634824,0.9472049689440993,0.0164402957772153,0.9342857142857143,0.9600828665639376
segment,exp,100,34,0.01594560473501096,0.9366459627329192,0.019347963388154657,0.9285714285714286,0.9597470753327698
segment,exp,100,35,0.014154862206376235,0.9347826086956522,0.016051160518761536,0.9285714285714286,0.9593058094412162
segment,exp,100,36,0.013181091900180825,0.9397515527950311,0.015298128338489042,0.9257142857142857,0.9581563182972771
segment,exp,100,37,0.014872907191937993,0.9304347826086956,0.01641160866331656,0.9171428571428571,0.9602460416459966
segment,exp,100,38,0.01292982254885913,0.9503105590062112,0.0158722619782271,0.9371428571428572,0.9577809196143283
segment,exp,100,39,0.011944793340927507,0.9515527950310559,0.01458320491466161,0.9371428571428572,0.9570345975062488
segment,exp,100,40,0.011862802951282598,0.9503105590062112,0.014595665565582082,0.9342857142857143,0.9569747221089064
segment,exp,100,41,0.012424495928170057,0.9490683229813665,0.015334582448777705,0.9371428571428572,0.9567624871407056
segment,exp,100,42,0.011959811686116806,0.9472049689440993,0.015086305647254236,0.9314285714285714,0.957999158810309
segment,exp,100,43,0.01442056381711696,0.931055900621118,0.01616094692804272,0.9171428571428571,0.9586249951144298
segment,exp,100,44,0.018425154275666416,0.9136645962732919,0.021602989381713227,0.8971428571428571,0.9566242356311102
segment,exp,100,45,0.016257279311657505,0.9236024844720497,0.01780856915273597,0.92,0.9573890011906838
segment,exp,100,46,0.023696577359370034,0.8937888198757764,0.026840343025719717,0.8828571428571429,0.9569673729675521
segment,exp,100,47,0.012815674048470466,0.9465838509316771,0.01604686246409269,0.9371428571428572,0.9556265822469251
segment,exp,100,48,0.01135151946458491,0.9527950310559006,0.014427437373354458,0.9371428571428572,0.9556591722383228
segment,exp,100,49,0.017371329254339183,0.9192546583850931,0.018445677312629177,0.9228571428571428,0.9569889845763816
segment,exp,100,50,0.010982427699348119,0.9521739130434783,0.01401531665989298,0.9371428571428572,0.9545497664836518
segment,exp,100,51,0.011693674978224846,0.9422360248447205,0.01421273198866403,0.9314285714285714,0.9552789269614326
segment,exp,100,52,0.01290292592339799,0.9385093167701863,0.015117907934814183,0.9228571428571428,0.954339243945085
segment,exp,100,53,0.011209311941470613,0.9465838509316771,0.01390281609350177,0.9314285714285714,0.9539309246682727
segment,exp,100,54,0.011906924057746933,0.9434782608695652,0.014419612635397625,0.9285714285714286,0.9555118381396074
segment,exp,100,55,0.012769421744339508,0.937888198757764,0.01588069916172706,0.9342857142857143,0.9542736146952703
segment,exp,100,56,0.016174708757976494,0.922360248447205,0.017689838222422725,0.9257142857142857,0.9544936279291825
segment,exp,100,57,0.0126902867752555,0.9360248447204969,0.01585469036723511,0.9285714285714286,0.953688396315634
segment,exp,100,58,0.012325049048508759,0.9472049689440993,0.015732016694385356,0.94,0.9534073796408281
segment,exp,100,59,0.011241218120120161,0.94472049689441,0.013963647945536329,0.9314285714285714,0.952813616806973
segment,exp,100,60,0.01156111839286891,0.9428571428571428,0.014166053321125482,0.9314285714285714,0.9528244416931343
segment,exp,100,61,0.010308393828693845,0.9540372670807453,0.013409251683989477,0.94,0.9524183875421787
segment,exp,100,62,0.010672475356701735,0.9515527950310559,0.01348887934077004,0.9314285714285714,0.9522116312961844
segment,exp,100,63,0.010760667216532058,0.9503105590062112,0.013537644460540708,0.9314285714285714,0.9534309692100887
segment,exp,100,64,0.010327691224132811,0.9527950310559006,0.013093867198673068,0.9342857142857143,0.9521291599336993
segment,exp,100,65,0.010093516216501574,0.9540372670807453,0.012931485374656186,0.9371428571428572,0.9518399053453936
segment,exp,100,66,0.012244962063342439,0.9391304347826087,0.015388642477328867,0.9342857142857143,0.9516008454245751
segment,exp,100,67,0.010041864985667717,0.9540372670807453,0.013242718900971987,0.9428571428571428,0.9521374705060007
segment,exp,100,68,0.010065287228218358,0.953416149068323,0.013196110130974322,0.9428571428571428,0.9513880832900787
segment,exp,100,69,0.01417565351218833,0.9273291925465839,0.017575690700465482,0.9228571428571428,0.952559457221294
segment,exp,100,70,0.02959329614917821,0.8695652173913043,0.031771382334481,0.8714285714285714,0.9577778696152383
segment,exp,100,71,0.012434303469791654,0.9434782608695652,0.014696534705997136,0.9342857142857143,0.9522217177096898
segment,exp,100,72,0.015028588384472548,0.9236024844720497,0.018116523138408506,0.9171428571428571,0.9517868337299625
segment,exp,100,73,0.00952780121380265,0.9596273291925466,0.012682400411229958,0.9428571428571428,0.9503969903876425
segment,exp,100,74,0.010446242053305878,0.9521739130434783,0.0132070561536197,0.9371428571428572,0.9506287649301757
segment,exp,100,75,0.009958308459356904,0.9559006211180124,0.012740216652598358,0.9371428571428572,0.9501401837187113
segment,exp,100,76,0.009431894552282242,0.9614906832298137,0.012469162790138748,0.94,0.9501151773447215
segment,exp,100,77,0.009922877150588538,0.9540372670807453,0.012712356934085624,0.9371428571428572,0.9498729528697991
segment,exp,100,78,0.010272217848068064,0.9546583850931677,0.012977668616002944,0.94,0.9497277531454348
segment,exp,100,79,0.010409795912166807,0.9521739130434783,0.013708492924586176,0.94,0.9499743676998117
segment,exp,100,80,0.009347026188546501,0.9608695652173913,0.012697690381513317,0.9371428571428572,0.9495633873848695
segment,exp,100,81,0.00920380090281911,0.9571428571428572,0.0124739363319251,0.94,0.9492821463129398
segment,exp,100,82,0.009194831865108104,0.9596273291925466,0.012310645782171623,0.94,0.9491896852642142
segment,exp,100,83,0.009457876625917766,0.9583850931677018,0.01278142669728227,0.9342857142857143,0.9505894710316951
segment,exp,100,84,0.009595935765940717,0.9571428571428572,0.012946423965678838,0.9428571428571428,0.9487560695435967
segment,exp,100,85,0.009550131024289669,0.9571428571428572,0.01291689828098544,0.9314285714285714,0.9492001411442905
segment,exp,100,86,0.009522719914157134,0.9590062111801242,0.012961945808653267,0.9428571428571428,0.9500565103830146
segment,exp,100,87,0.010836680960172908,0.9515527950310559,0.013582148920427946,0.94,0.9491671574555368
segment,exp,100,88,0.011303203229732585,0.94472049689441,0.014671657070074465,0.94,0.9485001020758784
segment,exp,100,89,0.009469552767229019,0.9583850931677018,0.012854832150642514,0.94,0.9481589394070568
segment,exp,100,90,0.009409260502395994,0.9565217391304348,0.012219886598608107,0.9428571428571428,0.9490557196621009
segment,exp,100,91,0.008619115936661495,0.962111801242236,0.011909764986358607,0.9371428571428572,0.9477270170529095
segment,exp,100,92,0.00854874692752565,0.9627329192546584,0.011998171938599896,0.9371428571428572,0.947515532581423
segment,exp,100,93,0.01108981411684541,0.9472049689440993,0.013414677803055377,0.94,0.9483352071474941
segment,exp,100,94,0.00867415822533046,0.9602484472049689,0.011863259431400219,0.9371428571428572,0.947289430817281
segment,exp,100,95,0.008966827170506782,0.9596273291925466,0.011863859839530312,0.9428571428571428,0.9475867307066235
segment,exp,100,96,0.009657403719070392,0.9577639751552796,0.012489268524991602,0.94,0.9484098884062022
segment,exp,100,97,0.009219166112962024,0.962111801242236,0.012558553103042977,0.9342857142857143,0.9471177898269574
segment,exp,100,98,0.00860111309344805,0.9645962732919254,0.012051236609189945,0.9428571428571428,0.9480551343864615
segment,exp,100,99,0.00915480941891411,0.9596273291925466,0.011600510508408875,0.9457142857142857,0.9471493351436686
segment,exp,100,100,0.008409585559973086,0.9645962732919254,0.01155184138805109,0.9428571428571428,0.9479652098851353
segment,exp,100,101,0.009662890512636808,0.9608695652173913,0.012301897528293177,0.9457142857142857,0.9467222418501519
segment,exp,100,102,0.011431360079172564,0.9472049689440993,0.014165017563587018,0.9285714285714286,0.9476904861929789
segment,exp,100,103,0.01022646861164851,0.9484472049689441,0.013592900845249771,0.9342857142857143,0.9461344227405136
segment,exp,100,104,0.010083346993424851,0.9521739130434783,0.012630390124412492,0.9485714285714286,0.9478265809050125
segment,exp,100,105,0.007773248280389497,0.9677018633540373,0.011097484406910997,0.9514285714285714,0.9457153829583718
segment,exp,100,106,0.010216982225146267,0.953416149068323,0.014241847220303774,0.9314285714285714,0.9469183431181492
segment,exp,100,107,0.008021000254332179,0.9652173913043478,0.011442150610947418,0.9514285714285714,0.9454706718051147
segment,exp,100,108,0.008232009749601771,0.9652173913043478,0.01114875190687846,0.9514285714285714,0.9454526105855896
segment,exp,100,109,0.007893133736074347,0.9664596273291925,0.0109064740964673,0.9514285714285714,0.947682796355157
segment,exp,100,110,0.007751522005212389,0.9677018633540373,0.010906705092363122,0.9485714285714286,0.9457293256612916
segment,exp,100,111,0.018280498425100038,0.9192546583850931,0.02053137176110061,0.9171428571428571,0.9458777229437308
segment,exp,100,112,0.009801069071837979,0.9559006211180124,0.01279584542860259,0.9428571428571428,0.945103943584424
segment,exp,100,113,0.007377259188834921,0.9677018633540373,0.010733036225547124,0.9485714285714286,0.9444202025962892
segment,exp,100,114,0.010424073735329548,0.9521739130434783,0.013568087776373795,0.9457142857142857,0.9465136765210135
segment,exp,100,115,0.00829675511160146,0.9683229813664597,0.01170586463959265,0.9485714285714286,0.9441506501596268
segment,exp,100,116,0.007580092527599027,0.9670807453416149,0.011187821707847942,0.9457142857142857,0.9473428404078954
segment,exp,100,117,0.008557803881343836,0.9639751552795031,0.01179969517284371,0.9485714285714286,0.9450811413502231
segment,exp,100,118,0.007431318731129047,0.9677018633540373,0.011101660611977713,0.9514285714285714,0.9439071195813037
segment,exp,100,119,0.008634868829214933,0.9627329192546584,0.011965671085988939,0.9485714285714286,0.9459405430771591
segment,exp,100,120,0.010457859784917369,0.9565217391304348,0.013679940680341599,0.94,0.9441343936967053
segment,exp,100,121,0.007217116161808541,0.9677018633540373,0.010628104096533537,0.9485714285714286,0.9433492981684968
segment,exp,100,122,0.007319573585024402,0.9670807453416149,0.010415440987150047,0.9514285714285714,0.9434424465620611
segment,exp,100,123,0.007061024350090841,0.968944099378882,0.010239426027155798,0.9485714285714286,0.9430842970576859
segment,exp,100,124,0.007633688316926854,0.9677018633540373,0.01089648424015775,0.9485714285714286,0.9430581172202388
segment,exp,100,125,0.007001159001725573,0.9677018633540373,0.010210238275763527,0.9514285714285714,0.9428494538421425
segment,exp,100,126,0.006904039656497261,0.968944099378882,0.010161118567917465,0.9485714285714286,0.942743034855667
segment,exp,100,127,0.016858395293844492,0.9267080745341615,0.018946610281048624,0.92,0.944184359768085
segment,exp,100,128,0.006908598040329883,0.9745341614906833,0.010162060596293812,0.9485714285714286,0.9425339565906401
segment,exp,100,129,0.006836431541605428,0.9701863354037267,0.01025947620109602,0.9514285714285714,0.942520668970018
segment,exp,100,130,0.01712349279157921,0.924223602484472,0.019478802354308242,0.92,0.9431477538963867
segment,exp,100,131,0.007985095006111517,0.9664596273291925,0.011249599649366882,0.9514285714285714,0.9422949081113858
segment,exp,100,132,0.008318851416892767,0.9590062111801242,0.011572953077699497,0.9457142857142857,0.9426918442468595
segment,exp,100,133,0.007845099583763478,0.968944099378882,0.010894567768758048,0.9542857142857143,0.9443415870512334
segment,exp,100,134,0.006596878495099673,0.9701863354037267,0.009759319137519698,0.9542857142857143,0.9418236323497866
segment,exp,100,135,0.006823533249200554,0.9695652173913043,0.010047232557676452,0.9514285714285714,0.9420549745235248
segment,exp,100,136,0.018039350631899684,0.9211180124223602,0.020176805349473397,0.92,0.9439027932005982
segment,exp,100,137,0.009574256231354997,0.9571428571428572,0.012317804290779012,0.9428571428571428,0.9418623367301319
segment,exp,100,138,0.00785891900228297,0.9720496894409938,0.010546723446319043,0.9542857142857143,0.9434753429500677
segment,exp,100,139,0.008606330967040136,0.9645962732919254,0.011397893645655844,0.9485714285714286,0.941576941457428
segment,exp,100,140,0.006451389360942077,0.9701863354037267,0.009714974914498948,0.9514285714285714,0.9411219086116337
segment,exp,100,141,0.007753486357062907,0.9652173913043478,0.01106737672627023,0.9485714285714286,0.9410775022426037
segment,exp,100,142,0.0067917992942287675,0.970807453416149,0.010048651262887245,0.9514285714285714,0.9408676609106545
segment,exp,100,143,0.015486090146666553,0.929192546583851,0.017595365772973118,0.9228571428571428,0.9416938271914306
segment,exp,100,144,0.00748774159311001,0.9683229813664597,0.010751353981072322,0.9514285714285714,0.9408539350839942
segment,exp,100,145,0.006666925225482744,0.9701863354037267,0.009707790008042255,0.9542857142857143,0.9421127312418673
segment,exp,100,146,0.007560459936521142,0.9677018633540373,0.010560885882063319,0.9514285714285714,0.941159685839998
segment,exp,100,147,0.006238514494810349,0.9714285714285714,0.009433525914907674,0.9542857142857143,0.9407021481236367
segment,exp,100,148,0.006293775577396417,0.9714285714285714,0.009453632192195414,0.9542857142857143,0.940269631278855
segment,exp,100,149,0.008080695669594498,0.970807453416149,0.01045352652381695,0.9542857142857143,0.9421249179889019
segment,exp,100,150,0.006501359403807528,0.9739130434782609,0.009527865332425453,0.9542857142857143,0.9413740788384762
segment,exp,100,151,0.0066019900575190645,0.9701863354037267,0.009865013295699734,0.9514285714285714,0.9401151487004837
segment,exp,100,152,0.013080987086926192,0.9347826086956522,0.015698359566680378,0.9228571428571428,0.9401302314181811
segment,exp,100,153,0.011065980165284216,0.9422360248447205,0.014006447341727658,0.9314285714285714,0.9412758238594711
segment,exp,100,154,0.006066072841270275,0.9739130434782609,0.009188932850041773,0.9571428571428572,0.9395681493702528
segment,exp,100,155,0.006679535599288618,0.9720496894409938,0.009873749780047257,0.9571428571428572,0.9394581800172578
segment,exp,100,156,0.007025640834154172,0.9726708074534162,0.009627519504796471,0.9542857142857143,0.940559638991606
segment,exp,100,157,0.013657564794143552,0.9372670807453416,0.01577419492720013,0.9228571428571428,0.9400732554078651
segment,exp,100,158,0.006079532855752658,0.9726708074534162,0.009368558021003224,0.9542857142857143,0.9394095275716169
segment,exp,100,159,0.0064379378518896295,0.9732919254658385,0.009878717478141423,0.9571428571428572,0.9393365743996004
segment,exp,100,160,0.0060922445767555445,0.9763975155279503,0.009464585908896712,0.9571428571428572,0.9397643393655674
segment,exp,100,161,0.006768531637463641,0.9732919254658385,0.010012769257400163,0.9514285714285714,0.9403366204265825
segment,exp,100,162,0.006820920915476281,0.9720496894409938,0.01002066288696306,0.9542857142857143,0.9387527512943864
segment,exp,100,163,0.005793270256003163,0.9770186335403727,0.009093408954543273,0.9542857142857143,0.9388840508549775
segment,exp,100,164,0.005715070293233928,0.9763975155279503,0.009079477460702635,0.9542857142857143,0.9386780841095042
segment,exp,100,165,0.005995019068832148,0.977639751552795,0.009373365955175376,0.9571428571428572,0.9389246958671194
segment,exp,100,166,0.006888995841558759,0.9732919254658385,0.010444179387554943,0.9514285714285714,0.9397736989558388
segment,exp,100,167,0.007636874355355649,0.9701863354037267,0.010943191702210123,0.9542857142857143,0.9393216906284039
segment,exp,100,168,0.006656522981383061,0.9757763975155279,0.0100649922160572,0.9571428571428572,0.9388981240450467
segment,exp,100,169,0.005499754716469168,0.9782608695652174,0.008988620922056415,0.96,0.9379792213819826
segment,exp,100,170,0.0054423597675876964,0.9795031055900622,0.009041875726282728,0.9571428571428572,0.9378740847386008
segment,exp,100,171,0.010503571414778395,0.9546583850931677,0.012892642902182862,0.9428571428571428,0.9383040243201523
segment,exp,100,172,0.008214427462795678,0.9608695652173913,0.011512798276368712,0.9485714285714286,0.9380829166296276
segment,exp,100,173,0.005580691745636446,0.9770186335403727,0.008893986029963078,0.96,0.9388617112154032
segment,exp,100,174,0.006532578561643111,0.9732919254658385,0.010379354557072376,0.9514285714285714,0.9381834065417342
segment,exp,100,175,0.008220777523023543,0.9639751552795031,0.010970291346142176,0.96,0.9395103876955686
segment,exp,100,176,0.005428810461734654,0.9788819875776398,0.009052132769711464,0.9542857142857143,0.937414207478516
segment,exp,100,177,0.005518449298389162,0.977639751552795,0.009112357727490214,0.9571428571428572,0.9373210736878678
segment,exp,100,178,0.0052844901348674716,0.9782608695652174,0.008742562951179497,0.9628571428571429,0.937425196322314
segment,exp,100,179,0.005300410875309,0.9770186335403727,0.00893772812178811,0.9542857142857143,0.9370795740309245
segment,exp,100,180,0.011484524418032906,0.9440993788819876,0.014215178643817689,0.9285714285714286,0.9376131464164059
segment,exp,100,181,0.00530540171809461,0.9788819875776398,0.00882554778362397,0.9542857142857143,0.9369079306491549
segment,exp,100,182,0.0058256230580101525,0.9739130434782609,0.009162204844056047,0.9571428571428572,0.937287385394473
segment,exp,100,183,0.005307877808022915,0.9770186335403727,0.008933360739215896,0.9571428571428572,0.936835026500975
segment,exp,100,184,0.0062764224985655225,0.9720496894409938,0.00918980065059672,0.9571428571428572,0.9384587289139776
segment,exp,100,185,0.006103098503678171,0.9751552795031055,0.009635217300468995,0.9571428571428572,0.9368633770428043
segment,exp,100,186,0.005184442653074378,0.9770186335403727,0.008646364192207556,0.9571428571428572,0.93648356116837
segment,exp,100,187,0.0053213178364960746,0.977639751552795,0.00889125685299946,0.9571428571428572,0.9364077797775806
segment,exp,100,188,0.006196551751741511,0.9714285714285714,0.009541960190564826,0.96,0.9366974208018197
segment,exp,100,189,0.005533160457309826,0.9770186335403727,0.008855819325279646,0.9571428571428572,0.9363238299425719
segment,exp,100,190,0.005057143480932526,0.9801242236024845,0.008575509159342036,0.96,0.9361454881913553
segment,exp,100,191,0.0051552356220714085,0.977639751552795,0.008564905343031443,0.96,0.936079580888693
segment,exp,100,192,0.006972897970862897,0.9670807453416149,0.010162696463599932,0.9628571428571429,0.9364548527615533
segment,exp,100,193,0.005073234855582377,0.9788819875776398,0.008570217845439546,0.9628571428571429,0.935933643433239
segment,exp,100,194,0.0050052743333388085,0.9782608695652174,0.008554384640784875,0.9628571428571429,0.9358719236152822
segment,exp,100,195,0.007934265971666719,0.9658385093167702,0.011344501482857953,0.9428571428571428,0.9367720583708852
segment,exp,100,196,0.005298279873589777,0.9770186335403727,0.008674043644676773,0.9571428571428572,0.9357239513691857
segment,exp,100,197,0.005356227556132228,0.9788819875776398,0.00917209417170355,0.9571428571428572,0.9359750965772644
segment,exp,100,198,0.0055355806202829335,0.9751552795031055,0.00905182943287237,0.9514285714285714,0.9379638998529659
segment,exp,100,199,0.00743262906437838,0.9652173913043478,0.01095705026016442,0.9457142857142857,0.9360034148161278
segment,exp,100,200,0.005643156868882644,0.9751552795031055,0.008927403430335242,0.9571428571428572,0.9357857944516229
segment,exp,100,201,0.005244791582788069,0.9782608695652174,0.00898558176170758,0.96,0.9355556671713399
segment,exp,100,202,0.004969314795084856,0.9813664596273292,0.008852449018998933,0.9542857142857143,0.9354395428563353
segment,exp,100,203,0.01013375996705677,0.9546583850931677,0.01369795440949292,0.9485714285714286,0.9364857007141449
segment,exp,100,204,0.005403977462645312,0.9801242236024845,0.009291418756907316,0.9514285714285714,0.9359152861236485
segment,exp,100,205,0.0052159328705161,0.9770186335403727,0.008803771742010514,0.9542857142857143,0.9350977134787141
segment,exp,100,206,0.006302190435343557,0.9714285714285714,0.009788851106246256,0.9571428571428572,0.9352205280170623
segment,exp,100,207,0.004876613172666297,0.9813664596273292,0.008502616957456095,0.9571428571428572,0.9348441575833241
segment,exp,100,208,0.004993342332491526,0.9782608695652174,0.008704474691599117,0.96,0.9348574169768041
segment,exp,100,209,0.009168199006639061,0.9559006211180124,0.012629120582803214,0.9371428571428572,0.9353643814631806
segment,exp,100,210,0.005246281876335161,0.9770186335403727,0.008705770355251356,0.9571428571428572,0.9347628874766355
segment,exp,100,211,0.0058815680575095355,0.9745341614906833,0.009584491015785734,0.96,0.9347380818120269
segment,exp,100,212,0.005049928520219113,0.9782608695652174,0.008656454038249262,0.96,0.9345111614455304
segment,exp,100,213,0.005966642634219187,0.9720496894409938,0.009557332854942575,0.9542857142857143,0.93609145885659
segment,exp,100,214,0.010520481087694749,0.9503105590062112,0.013404102970166275,0.9314285714285714,0.9358577933090593
segment,exp,100,215,0.004726986356215577,0.9795031055900622,0.00835659128207266,0.9628571428571429,0.9343153819056101
segment,exp,100,216,0.004799160572529759,0.9807453416149068,0.00844718421414735,0.9571428571428572,0.9342610535858161
segment,exp,100,217,0.0049083970210607505,0.9819875776397515,0.008398011572492523,0.9571428571428572,0.9343452192066021
segment,exp,100,218,0.005541340443085146,0.9770186335403727,0.009229074751284332,0.96,0.9344521443323749
segment,exp,100,219,0.004710969261077652,0.9795031055900622,0.008163749804488465,0.9628571428571429,0.9340607617066167
segment,exp,100,220,0.004728281040573002,0.9807453416149068,0.008170662378230638,0.9657142857142857,0.9355403563862069
segment,exp,100,221,0.004714026373265507,0.9819875776397515,0.008251239988861342,0.9542857142857143,0.9339157404629768
segment,exp,100,222,0.005006417483244182,0.977639751552795,0.008698442700934849,0.96,0.9339693810746982
segment,exp,100,223,0.004690407009509356,0.9788819875776398,0.008229678887709566,0.9628571428571429,0.93379964825561
segment,exp,100,224,0.005303806708430637,0.9770186335403727,0.008657112343666333,0.9542857142857143,0.9341879953080628
segment,exp,100,225,0.00487139437852799,0.977639751552795,0.008536442687859953,0.96,0.9338262698429044
segment,exp,100,226,0.004813650803064552,0.9782608695652174,0.00819819108871332,0.9628571428571429,0.9336507237078913
segment,exp,100,227,0.004611351407917456,0.9801242236024845,0.008222674082735748,0.9628571428571429,0.9335364353086354
segment,exp,100,228,0.004597958535711453,0.9788819875776398,0.008273795975004087,0.9628571428571429,0.9335076379746373
segment,exp,100,229,0.00476140654816658,0.9788819875776398,0.0084681939056485,0.96,0.9335322116335867
segment,exp,100,230,0.005964543406898948,0.9745341614906833,0.009707410888162998,0.9542857142857143,0.9336967196619919
segment,exp,100,231,0.010093952169894784,0.953416149068323,0.012932415232591952,0.9371428571428572,0.9353552112671177
segment,exp,100,232,0.006811604230810796,0.9677018633540373,0.00956364018334503,0.9542857142857143,0.9336337681314968
segment,exp,100,233,0.00460851669745855,0.9807453416149068,0.008057615202990134,0.9628571428571429,0.9331657204893924
segment,exp,100,234,0.0051658033504080195,0.9770186335403727,0.008494210602793834,0.9628571428571429,0.9345777536708707
segment,exp,100,235,0.005027265279846025,0.977639751552795,0.00850269189093685,0.96,0.9331253169592616
segment,exp,100,236,0.005271546695011693,0.9770186335403727,0.008719896094526636,0.96,0.9339355968348642
segment,exp,100,237,0.007678205369441548,0.9639751552795031,0.011302621984719926,0.9457142857142857,0.9340337871696293
segment,exp,100,238,0.005278620085274401,0.977639751552795,0.00895876521810162,0.9628571428571429,0.9329338104645641
segment,exp,100,239,0.004882534609737541,0.9782608695652174,0.008617628958338938,0.9571428571428572,0.932960221445403
segment,exp,100,240,0.005029836295453621,0.9770186335403727,0.00875519761855886,0.96,0.9327609015097115
segment,exp,100,241,0.004459066489240075,0.9795031055900622,0.00806569662103994,0.9657142857142857,0.9327227491808772
segment,exp,100,242,0.005814899422114855,0.9720496894409938,0.009306733573708984,0.9542857142857143,0.9330626944688162
segment,exp,100,243,0.007000842870284185,0.970807453416149,0.010548370720260502,0.9542857142857143,0.9348292689184232
segment,exp,100,244,0.004568474065336853,0.9795031055900622,0.008164897983694406,0.96,0.932510942257707
segment,exp,100,245,0.0052306693513600264,0.9770186335403727,0.008845647705944213,0.96,0.9326601883275024
segment,exp,100,246,0.007915502753431768,0.9627329192546584,0.010455667897934083,0.9542857142857143,0.9329704513550551
segment,exp,100,247,0.004726392975885933,0.9807453416149068,0.00849271567619819,0.9628571428571429,0.93272189847888
segment,exp,100,248,0.007185788843061331,0.9664596273291925,0.010753651676752556,0.9485714285714286,0.9343585303839846
segment,exp,100,249,0.004962002624306671,0.977639751552795,0.00819468295518877,0.9628571428571429,0.9322436278053742
segment,exp,100,250,0.004460960323135196,0.9807453416149068,0.008024379934337902,0.9657142857142857,0.9322040896111522
segment,exp,100,251,0.005072541109282784,0.977639751552795,0.008280810987690316,0.9628571428571429,0.9323713272285349
segment,exp,100,252,0.004385127221429831,0.9819875776397515,0.007948784275998311,0.9657142857142857,0.9320444183919083
segment,exp,100,253,0.004461093170058534,0.9801242236024845,0.007921829829132077,0.9628571428571429,0.9319859051474646
segment,exp,100,254,0.004919223868550406,0.9782608695652174,0.008315698111193542,0.96,0.9320651535176431
segment,exp,100,255,0.007808722316597426,0.9627329192546584,0.011312992028671351,0.9485714285714286,0.932283447800958
segment,exp,100,256,0.004434856289303578,0.9795031055900622,0.00795025211249806,0.9628571428571429,0.9318763127856506
segment,exp,100,257,0.004383210449888151,0.9807453416149068,0.007883368060435532,0.9657142857142857,0.9317765114426588
segment,exp,100,258,0.004411524296263245,0.9795031055900622,0.008009448452248458,0.9628571428571429,0.9318504615387752
segment,exp,100,259,0.004396517888478842,0.9826086956521739,0.007924003308172669,0.9657142857142857,0.9316619066736572
segment,exp,100,260,0.004549189627987455,0.9801242236024845,0.008071199138647638,0.9571428571428572,0.9330021802140733
segment,exp,100,261,0.011143230760849014,0.9503105590062112,0.01352559796177734,0.9314285714285714,0.9324718619951321
segment,exp,100,262,0.005037845926618659,0.9757763975155279,0.00867782209263903,0.9628571428571429,0.9317205765059219
segment,exp,100,263,0.004447947002293934,0.9801242236024845,0.00808032869465989,0.9628571428571429,0.9314468629366979
segment,exp,100,264,0.006688750234325634,0.9670807453416149,0.009801751812834715,0.9542857142857143,0.9317394698702334
segment,exp,100,265,0.004439715446463888,0.9807453416149068,0.007829840045040816,0.96,0.9313713195710858
segment,exp,100,266,0.005376769844327884,0.9745341614906833,0.008957755589333666,0.96,0.9315462891289314
segment,exp,100,267,0.004383215484114725,0.9801242236024845,0.007901028854997286,0.9628571428571429,0.9313387797521747
segment,exp,100,268,0.004389271680452017,0.9801242236024845,0.008042448722903137,0.9628571428571429,0.9311696974701019
segment,exp,100,269,0.004512596290542745,0.9807453416149068,0.008092618596442745,0.9628571428571429,0.9311253523886617
segment,exp,100,270,0.005267186088407155,0.9770186335403727,0.008902613604897735,0.9657142857142857,0.931168250633684
segment,exp,100,271,0.004303493005284649,0.9807453416149068,0.007804919424747393,0.9685714285714285,0.9311903271426737
segment,exp,100,272,0.004331735774769923,0.9813664596273292,0.007709950981947589,0.9657142857142857,0.9310200036689754
segment,exp,100,273,0.004223929033431783,0.9819875776397515,0.007712719217676667,0.9657142857142857,0.9309358408364357
segment,exp,100,274,0.0043750796523467795,0.9813664596273292,0.007743805872233305,0.9657142857142857,0.9310093990922016
segment,exp,100,275,0.006954329379627865,0.9677018633540373,0.010509789480864347,0.9485714285714286,0.9315409402052192
segment,exp,100,276,0.004207401879147889,0.9832298136645963,0.007765439298285034,0.9628571428571429,0.9307525108623259
segment,exp,100,277,0.005830125072511178,0.9739130434782609,0.00875026810087906,0.9571428571428572,0.9308982071041637
segment,exp,100,278,0.004225804394268976,0.9832298136645963,0.007805352972305496,0.9657142857142857,0.9306303782453771
segment,exp,100,279,0.004535040361175557,0.9807453416149068,0.007848912342276502,0.9628571428571429,0.9305908189972043
segment,exp,100,280,0.0043432354569649485,0.9826086956521739,0.00783496220096223,0.96,0.9308961318399139
segment,exp,100,281,0.004201988988634988,0.9819875776397515,0.0076974908521686685,0.9628571428571429,0.9316786658948878
segment,exp,100,282,0.004757088888734255,0.9801242236024845,0.008097190389158689,0.9628571428571429,0.9306922944786314
segment,exp,100,283,0.004200409495321388,0.984472049689441,0.007718864963001985,0.9628571428571429,0.9303787066982863
segment,exp,100,284,0.0043581298281460314,0.984472049689441,0.008005978681949279,0.9628571428571429,0.9307709339673583
segment,exp,100,285,0.004203684058727738,0.9819875776397515,0.007810768499051529,0.9657142857142857,0.9307426992723624
segment,exp,100,286,0.004081446680081126,0.9838509316770186,0.00759813485578908,0.9657142857142857,0.9302467013961676
segment,exp,100,287,0.004112739037961549,0.9819875776397515,0.007560662342026417,0.9657142857142857,0.9302014116618852
segment,exp,100,288,0.004944708653676244,0.9807453416149068,0.00845318938787962,0.9657142857142857,0.9304603877196894
segment,exp,100,289,0.004319901955363877,0.9801242236024845,0.007484929977787747,0.9657142857142857,0.9300645934423099
segment,exp,100,290,0.0044129201266139735,0.9826086956521739,0.007950507529751608,0.96,0.9304431167649849
segment,exp,100,291,0.003970953633797546,0.9838509316770186,0.007294150955467415,0.9685714285714285,0.9299192772667911
segment,exp,100,292,0.004069079449847297,0.9850931677018634,0.007495607217700217,0.96,0.9300221315153118
segment,exp,100,293,0.0040851581432217775,0.9832298136645963,0.00743774052695558,0.9657142857142857,0.9300181432871829
segment,exp,100,294,0.0041815437114388326,0.9819875776397515,0.007465331410036765,0.9657142857142857,0.9297670309000843
segment,exp,100,295,0.0062783806461948494,0.9745341614906833,0.008873296767708917,0.9657142857142857,0.9299348206284315
segment,exp,100,296,0.004242846177901902,0.9813664596273292,0.007352299174926373,0.9657142857142857,0.9296399327926773
segment,exp,100,297,0.007453834395109142,0.970807453416149,0.010050857258794553,0.9542857142857143,0.92998399350996
segment,exp,100,298,0.003833619491184559,0.984472049689441,0.007211844595524729,0.9714285714285714,0.9295590248243232
segment,exp,100,299,0.009830834714805342,0.9552795031055901,0.012343039025491628,0.9428571428571428,0.9298205753677744
segment,exp,100,300,0.003852167247758294,0.9838509316770186,0.007026205667841923,0.9685714285714285,0.9293899685053988
segment,exp,100,301,0.01421561668985473,0.9397515527950311,0.016237622597018535,0.9314285714285714,0.9303783921867382
segment,exp,100,302,0.005927950153350492,0.9801242236024845,0.008525348257349158,0.9628571428571429,0.9307287885159927
segment,exp,100,303,0.004214970775394702,0.9801242236024845,0.007492305800870264,0.9657142857142857,0.9292092690410387
segment,exp,100,304,0.003757463584024962,0.986335403726708,0.006988906672486099,0.9685714285714285,0.9307405069833202
segment,exp,100,305,0.009218573358876289,0.9565217391304348,0.012162375465271729,0.9428571428571428,0.9306446775214013
segment,exp,100,306,0.0037016292163994397,0.986335403726708,0.00684145863761741,0.9742857142857143,0.9290607608479212
segment,exp,100,307,0.003713275702203222,0.9857142857142858,0.00679489937780583,0.9714285714285714,0.9290078092078647
segment,exp,100,308,0.0037036038599287235,0.986335403726708,0.006775814817059943,0.9685714285714285,0.9289460073540962
segment,exp,100,309,0.0036150914727659284,0.9875776397515528,0.006764132964848453,0.9685714285714285,0.9289329219952726
segment,exp,100,310,0.0038307036885000326,0.9869565217391304,0.0068621275327799686,0.9714285714285714,0.929584420997359
segment,exp,100,311,0.003731165863188509,0.9850931677018634,0.007045719184119029,0.9628571428571429,0.9287451483690204
segment,exp,100,312,0.008448010065579834,0.9590062111801242,0.011516126511472885,0.9457142857142857,0.9296356301648534
segment,exp,100,313,0.0035730771492756583,0.9875776397515528,0.0068632124997371055,0.9685714285714285,0.9286629518897735
segment,exp,100,314,0.004800219621407811,0.9807453416149068,0.00814681659404093,0.9657142857142857,0.9287227706094204
segment,exp,100,315,0.003621940885292218,0.9869565217391304,0.006867049067672943,0.9714285714285714,0.9285568741332179
segment,exp,100,316,0.0037030017670129124,0.9832298136645963,0.007117817871728356,0.9657142857142857,0.9284942298650775
segment,exp,100,317,0.0036586356921341164,0.986335403726708,0.006706354446418659,0.9714285714285714,0.9284801240523299
segment,exp,100,318,0.003473971191923473,0.9888198757763975,0.0067290768642264825,0.9714285714285714,0.928408824052498
segment,exp,100,319,0.003631655164929944,0.9875776397515528,0.006827599394847413,0.9685714285714285,0.9283514825950785
segment,exp,100,320,0.0034164468885496072,0.9888198757763975,0.006557812798061746,0.9742857142857143,0.9283058660779704
segment,exp,100,321,0.0034205154032746817,0.9875776397515528,0.006588117657907011,0.9714285714285714,0.9282652619897436
segment,exp,100,322,0.0035987272025507985,0.9875776397515528,0.006908162506301463,0.9657142857142857,0.9282190135507842
segment,exp,100,323,0.0034248492262016783,0.9900621118012423,0.006711438470713421,0.9714285714285714,0.9281630189654817
segment,exp,100,324,0.003387860561786855,0.9881987577639751,0.0065652548699479275,0.9714285714285714,0.9281202747366237
segment,exp,100,325,0.0050314428137250644,0.9819875776397515,0.007612341107910248,0.9685714285714285,0.9290302814267051
segment,exp,100,326,0.003626131549842878,0.986335403726708,0.006591412046667871,0.9714285714285714,0.928007150029361
segment,exp,100,327,0.0036463642461888293,0.986335403726708,0.007057678705996933,0.9628571428571429,0.928076290889601
segment,exp,100,328,0.004252262648417008,0.9819875776397515,0.0076135390044034445,0.9657142857142857,0.927997927304992
segment,exp,100,329,0.009856439915499315,0.9614906832298137,0.01225853275576638,0.9457142857142857,0.9294808101363126
segment,exp,100,330,0.007967760777127318,0.9670807453416149,0.009775343066687469,0.9628571428571429,0.9290680805354421
segment,exp,100,331,0.003614265241203796,0.9857142857142858,0.007018355310843897,0.9628571428571429,0.9277289374097414
segment,exp,100,332,0.0037508285332530046,0.9869565217391304,0.006781829066021041,0.9771428571428571,0.9278774605214338
segment,exp,100,333,0.0033746521844265796,0.9881987577639751,0.006728183861362065,0.9685714285714285,0.9277246208068134
segment,exp,100,334,0.0033686975136454447,0.9881987577639751,0.006789723906187502,0.9657142857142857,0.9276274345574584
segment,exp,100,335,0.003328359206782051,0.9875776397515528,0.0065420000354132115,0.9771428571428571,0.9275385025782853
segment,exp,100,336,0.003486240184922646,0.9881987577639751,0.006706766923393553,0.9685714285714285,0.927472637446392
segment,exp,100,337,0.008372310376943611,0.9658385093167702,0.009912828401946594,0.9571428571428572,0.9287589120968096
segment,exp,100,338,0.003275784333119329,0.9881987577639751,0.006510592218456306,0.9714285714285714,0.9275717443153081
segment,exp,100,339,0.003850397908094259,0.986335403726708,0.007005177438178599,0.9742857142857143,0.9277660318846279
segment,exp,100,340,0.0035864197728737663,0.986335403726708,0.006824756060645279,0.9742857142857143,0.9287283122880209
segment,exp,100,341,0.003579336089920707,0.9875776397515528,0.006849362394896904,0.9685714285714285,0.9275145740026989
segment,exp,100,342,0.011875161700901008,0.9490683229813665,0.013841959330019225,0.9371428571428572,0.9281578914437594
segment,exp,100,343,0.004852628008292475,0.9782608695652174,0.008236574058650678,0.9571428571428572,0.927128395416022
segment,exp,100,344,0.003308125720134341,0.9881987577639751,0.006541646477565527,0.9742857142857143,0.9271421206544308
segment,exp,100,345,0.003346766876264885,0.9875776397515528,0.006550524251384215,0.9714285714285714,0.9270720098278232
segment,exp,100,346,0.003333544857062626,0.9875776397515528,0.006611690328293692,0.9714285714285714,0.9269993756842774
segment,exp,100,347,0.003200545152275493,0.9906832298136646,0.0066281913161470064,0.9714285714285714,0.9269452439542363
segment,exp,100,348,0.0032082266644166,0.9875776397515528,0.0065136253278598715,0.9685714285714285,0.9269188024198186
segment,exp,100,349,0.003204737665764875,0.9881987577639751,0.006558344878840916,0.9742857142857143,0.9268998209764803
segment,exp,100,350,0.0034987389383447373,0.986335403726708,0.006941009521783188,0.9657142857142857,0.927002196173122
segment,exp,101,1,0.14158035325936766,0.4,0.14132208375897623,0.38857142857142857,0.9919763868605712
segment,exp,101,2,0.11462962308586708,0.3298136645962733,0.11348111285351813,0.3485714285714286,0.9865478050807839
segment,exp,101,3,0.07428844598294,0.6385093167701863,0.07307406902365214,0.66,0.9863030240625917
segment,exp,101,4,0.07111990219859654,0.6521739130434783,0.07064307730182381,0.6514285714285715,0.9790914450402881
segment,exp,101,5,0.03595181076874479,0.8397515527950311,0.036111520452556035,0.8514285714285714,0.9754162808487737
segment,exp,101,6,0.0282813639723287,0.9062111801242236,0.028757239256756734,0.9085714285714286,0.9790188208561083
segment,exp,101,7,0.02531712771092061,0.9130434782608695,0.02644454890073055,0.8942857142857142,0.9726889398700413
segment,exp,101,8,0.02688774032645652,0.8869565217391304,0.027397519887370422,0.8885714285714286,0.9720303078048055
segment,exp,101,9,0.020705239029321518,0.924223602484472,0.021525572993971218,0.9171428571428571,0.9691815243185395
segment,exp,101,10,0.024817978970565934,0.9173913043478261,0.027000280674953817,0.9028571428571428,0.9690444048257869
segment,exp,101,11,0.022927789989010124,0.9211180124223602,0.024895213461612668,0.9142857142857143,0.9691808313695246
segment,exp,101,12,0.020967873131890514,0.9236024844720497,0.02289677149646835,0.9171428571428571,0.9678338031278596
segment,exp,101,13,0.018384681672532707,0.9267080745341615,0.01961938451791189,0.9171428571428571,0.9663800394305267
segment,exp,101,14,0.020190729456657786,0.9298136645962732,0.022632018486999243,0.9257142857142857,0.9662923180252363
segment,exp,101,15,0.016658958249951228,0.9347826086956522,0.01843628605463682,0.9228571428571428,0.9676451165573152
segment,exp,101,16,0.01706758450811603,0.9304347826086956,0.018279329383749147,0.9228571428571428,0.9644937663465432
segment,exp,101,17,0.016578672101192175,0.9279503105590062,0.018026679528000047,0.9171428571428571,0.9641380961831512
segment,exp,101,18,0.016398057461594215,0.9360248447204969,0.019116698389384908,0.9171428571428571,0.9654509728954214
segment,exp,101,19,0.015919763162654837,0.9322981366459627,0.01770111619552225,0.92,0.964830529989443
segment,exp,101,20,0.01667560746714732,0.9304347826086956,0.01799474581875816,0.9257142857142857,0.9666236761421304
segment,exp,101,21,0.015065403203590202,0.9372670807453416,0.01695783944950184,0.9285714285714286,0.9636698671089033
segment,exp,101,22,0.015218885483817834,0.9403726708074535,0.017855854423350675,0.9314285714285714,0.9629841982873787
segment,exp,101,23,0.01633100046806994,0.9267080745341615,0.017594910247680336,0.9257142857142857,0.9636212633636249
segment,exp,101,24,0.015744771157989744,0.9385093167701863,0.018249505496395955,0.9342857142857143,0.9613576041366674
segment,exp,101,25,0.014928920259174236,0.9360248447204969,0.016680169979491052,0.9285714285714286,0.9611640079721703
segment,exp,101,26,0.013972616586736037,0.9385093167701863,0.016438124701169555,0.9257142857142857,0.9605755678296964
segment,exp,101,27,0.015962452382672278,0.9409937888198758,0.01894972112224148,0.9285714285714286,0.9606569567933233
segment,exp,101,28,0.014648880642935685,0.9366459627329192,0.01662498859560346,0.9285714285714286,0.9599411227480372
segment,exp,101,29,0.013876610220048815,0.9391304347826087,0.01586379584689991,0.9228571428571428,0.9595768224668808
segment,exp,101,30,0.014137084332991922,0.94472049689441,0.016519189030971403,0.9342857142857143,0.960894680669539
segment,exp,101,31,0.0145609111582351,0.937888198757764,0.017245872237714052,0.9371428571428572,0.959780207756099
segment,exp,101,32,0.013794253248495491,0.9490683229813665,0.016533515500439393,0.9371428571428572,0.9589903558902487
segment,exp,101,33,0.01396380228966137,0.9465838509316771,0.01743152201925912,0.9371428571428572,0.959738490355101
segment,exp,101,34,0.013393599129946993,0.9484472049689441,0.0164103329269241,0.94,0.9586710399255316
segment,exp,101,35,0.01255454243229775,0.9509316770186336,0.015496163183820372,0.94,0.9576320384293834
segment,exp,101,36,0.013653005692256012,0.9465838509316771,0.01666727125289735,0.9342857142857143,0.9573976002296645
segment,exp,101,37,0.01275100409170774,0.9416149068322981,0.015192838152879714,0.9257142857142857,0.9592760539300739
segment,exp,101,38,0.013492389587575896,0.9372670807453416,0.01563042794625074,0.9285714285714286,0.9574080981288663
segment,exp,101,39,0.012089775109524453,0.9496894409937888,0.014877675597088861,0.9342857142857143,0.9583023447699238
segment,exp,101,40,0.013296673220966379,0.9385093167701863,0.015356102849753703,0.9314285714285714,0.9569398295478246
segment,exp,101,41,0.012116349238342759,0.9521739130434783,0.014824583615373714,0.94,0.9564531387960159
segment,exp,101,42,0.012796738060131062,0.9484472049689441,0.016659565891346106,0.9428571428571428,0.9579046650595969
segment,exp,101,43,0.012790664121196246,0.9453416149068323,0.015155011963667512,0.9342857142857143,0.9572522423255149
segment,exp,101,44,0.01313129198943926,0.937888198757764,0.014931508173314335,0.9342857142857143,0.9561253835473273
segment,exp,101,45,0.011231398029595488,0.9552795031055901,0.013847247042880295,0.94,0.9560575155265263
segment,exp,101,46,0.011291847595522837,0.9552795031055901,0.014418596752193997,0.9428571428571428,0.9572906520060931
segment,exp,101,47,0.012022382138553028,0.94472049689441,0.014698951380548695,0.9314285714285714,0.9547682901253072
segment,exp,101,48,0.013945316037602906,0.9304347826086956,0.01574659284388366,0.9314285714285714,0.9551917234004562
segment,exp,101,49,0.013638780363601983,0.937888198757764,0.016822249685327473,0.9285714285714286,0.954783648048199
segment,exp,101,50,0.01528935874429171,0.9298136645962732,0.01854847331315272,0.9228571428571428,0.9546027793896749
segment,exp,101,51,0.01105643288051244,0.9496894409937888,0.013794206654282002,0.9371428571428572,0.953875526262007
segment,exp,101,52,0.01075752976862012,0.9540372670807453,0.013760678585589122,0.9285714285714286,0.9551265343432673
segment,exp,101,53,0.010815898779225515,0.9521739130434783,0.014655279128308501,0.9428571428571428,0.9552228221998766
segment,exp,101,54,0.011094067178336423,0.9484472049689441,0.013917304957042964,0.9314285714285714,0.9549183381424181
segment,exp,101,55,0.01125753526543409,0.9515527950310559,0.014321094591887417,0.9371428571428572,0.953469152878958
segment,exp,101,56,0.010150083322947773,0.9577639751552796,0.013247793586880344,0.94,0.9527227075974097
segment,exp,101,57,0.009952111458978166,0.9577639751552796,0.013016748975294147,0.9371428571428572,0.952588372659852
segment,exp,101,58,0.010978909403480206,0.9472049689440993,0.013885913285409866,0.9342857142857143,0.9532094663488183
segment,exp,101,59,0.010776127623171877,0.9571428571428572,0.013597606133678318,0.9371428571428572,0.9556122064520473
segment,exp,101,60,0.012240315857458462,0.9385093167701863,0.014241353448581101,0.94,0.9536816251393642
segment,exp,101,61,0.009760891092712463,0.9577639751552796,0.0126985469702829,0.9342857142857143,0.9517677164204597
segment,exp,101,62,0.009625757059828075,0.9571428571428572,0.012809399838041457,0.9371428571428572,0.951742266554553
segment,exp,101,63,0.009910331337761294,0.9596273291925466,0.013145796849082046,0.9371428571428572,0.9515676379705673
segment,exp,101,64,0.01105897085354142,0.9577639751552796,0.01317300353496332,0.9428571428571428,0.95284908157504
segment,exp,101,65,0.009419049270124059,0.9596273291925466,0.0121729421919519,0.9342857142857143,0.9510102828661368
segment,exp,101,66,0.010780378361575032,0.9583850931677018,0.013751218413674353,0.9371428571428572,0.953507480446943
segment,exp,101,67,0.01089031556958437,0.9540372670807453,0.01403158330701547,0.9371428571428572,0.9512048800600682
segment,exp,101,68,0.010863623369133485,0.9565217391304348,0.013976118422576053,0.9428571428571428,0.9530824259596229
segment,exp,101,69,0.01702423972157177,0.9204968944099379,0.02003340335476128,0.9114285714285715,0.9515320968031676
segment,exp,101,70,0.009359136996537273,0.9608695652173913,0.012664364224189643,0.9342857142857143,0.9515756618382089
segment,exp,101,71,0.009447104904808646,0.9596273291925466,0.012429782928334555,0.9371428571428572,0.9519121364021348
segment,exp,101,72,0.009068609777853098,0.9614906832298137,0.012060558262312593,0.9428571428571428,0.9523308848877315
segment,exp,101,73,0.014237259740321157,0.9366459627329192,0.01582216896973449,0.9285714285714286,0.9506698531631582
segment,exp,101,74,0.01526628649180076,0.9279503105590062,0.018444413851206088,0.9114285714285715,0.9502477198638762
segment,exp,101,75,0.008977004798207202,0.9614906832298137,0.01237048998989299,0.9371428571428572,0.9493494296672247
segment,exp,101,76,0.009585706219421699,0.9602484472049689,0.012812957727905954,0.9428571428571428,0.9505648177255152
segment,exp,101,77,0.009329202956351403,0.962111801242236,0.012854640482100714,0.9342857142857143,0.952042688450491
segment,exp,101,78,0.008997238859245558,0.962111801242236,0.012223216846617105,0.9314285714285714,0.9506586015840538
segment,exp,101,79,0.012800856377561258,0.9416149068322981,0.015132843092398924,0.9342857142857143,0.9494164176328337
segment,exp,101,80,0.008509287938931043,0.9652173913043478,0.011919650171298425,0.94,0.9485008836160023
segment,exp,101,81,0.008578349804830852,0.9633540372670808,0.012003740464886996,0.9371428571428572,0.9488381043177091
segment,exp,101,82,0.008610517977822809,0.9645962732919254,0.011856714950142334,0.94,0.9494527179769043
segment,exp,101,83,0.008499865439176878,0.9627329192546584,0.011855409314980966,0.9342857142857143,0.9480612353851919
segment,exp,101,84,0.00837643113412336,0.9677018633540373,0.011474988019443676,0.9428571428571428,0.947994608631811
segment,exp,101,85,0.008382933530124603,0.9652173913043478,0.011490997078521359,0.94,0.9480336404558452
segment,exp,101,86,0.01014607024983318,0.9490683229813665,0.012922451811475987,0.9514285714285714,0.9489596683126069
segment,exp,101,87,0.013211584672977195,0.9403726708074535,0.015413032363683743,0.9342857142857143,0.948381870160736
segment,exp,101,88,0.008175522903196149,0.9658385093167702,0.011348871024505571,0.9428571428571428,0.9476965940939016
segment,exp,101,89,0.00835922248216089,0.9652173913043478,0.011515238295054856,0.9457142857142857,0.9470842909558973
segment,exp,101,90,0.01175548600057353,0.9416149068322981,0.015021232874598053,0.92,0.9473713215373675
segment,exp,101,91,0.007947126679192404,0.9652173913043478,0.011133787819612011,0.9428571428571428,0.9466649094864127
segment,exp,101,92,0.007829471529523057,0.9701863354037267,0.011065931821564137,0.9542857142857143,0.9467701636416682
segment,exp,101,93,0.008637868956284257,0.9639751552795031,0.011844932292571888,0.9457142857142857,0.9464030541049544
segment,exp,101,94,0.01187376422395506,0.9472049689440993,0.01398611386859094,0.9342857142857143,0.9473209917393272
segment,exp,101,95,0.008534807944839662,0.9652173913043478,0.011429474283893808,0.9485714285714286,0.9465637336872083
segment,exp,101,96,0.012698696229566089,0.9360248447204969,0.015618676344969927,0.92,0.9467322800377898
segment,exp,101,97,0.007633796405980353,0.9695652173913043,0.010700321850455946,0.9514285714285714,0.9458751800508081
segment,exp,101,98,0.009028563074168347,0.9583850931677018,0.011814733237844993,0.9514285714285714,0.945698903821721
segment,exp,101,99,0.012430422259636188,0.937888198757764,0.015231220520200647,0.9257142857142857,0.947934947683005
segment,exp,101,100,0.008341434708878702,0.9664596273291925,0.011651303940666392,0.9514285714285714,0.9467015384191885
segment,exp,101,101,0.007968972626319962,0.9652173913043478,0.010971645252382494,0.9457142857142857,0.9467488677447992
segment,exp,101,102,0.007585371784211486,0.968944099378882,0.010738410439462907,0.9514285714285714,0.9451943984043357
segment,exp,101,103,0.007676964381777741,0.9683229813664597,0.010763300017030528,0.9514285714285714,0.9451184971723056
segment,exp,101,104,0.00861496626935563,0.9602484472049689,0.011532464135215125,0.9542857142857143,0.9455190627412211
segment,exp,101,105,0.0073699154586121425,0.968944099378882,0.01055972459174938,0.9514285714285714,0.9448921837315456
segment,exp,101,106,0.008410382272269201,0.9608695652173913,0.01123872057229928,0.9457142857142857,0.9447689618523906
segment,exp,101,107,0.008029313422228242,0.9664596273291925,0.011264490604358223,0.9485714285714286,0.9445534615915985
segment,exp,101,108,0.008138190711888557,0.9683229813664597,0.011472899128374443,0.9485714285714286,0.9472928385183655
segment,exp,101,109,0.007235370423879646,0.9695652173913043,0.01041387403748667,0.9514285714285714,0.9443303480817249
segment,exp,101,110,0.008044179010969021,0.9664596273291925,0.01110854213794654,0.9542857142857143,0.944806426246138
segment,exp,101,111,0.009814634810677281,0.9583850931677018,0.012712435740426785,0.9514285714285714,0.945254926743824
segment,exp,101,112,0.007228110516604054,0.9677018633540373,0.010386765793255441,0.9485714285714286,0.9438063518375249
segment,exp,101,113,0.007220506236440252,0.9701863354037267,0.01041025350193391,0.9485714285714286,0.9437889224191247
segment,exp,101,114,0.007298095336642533,0.9683229813664597,0.01039138197550672,0.9542857142857143,0.9437234270490779
segment,exp,101,115,0.007066587302723979,0.970807453416149,0.010273089727584065,0.9514285714285714,0.9435661656209469
segment,exp,101,116,0.007393693477851902,0.9683229813664597,0.010700118575919158,0.9514285714285714,0.9438142530813666
segment,exp,101,117,0.0068506518136128335,0.9695652173913043,0.010267973231719811,0.9485714285714286,0.9432317301314556
segment,exp,101,118,0.013068266226710597,0.9366459627329192,0.01582967165867016,0.9228571428571428,0.9440869542757793
segment,exp,101,119,0.007010364480189657,0.9701863354037267,0.010377221842371838,0.9485714285714286,0.9429180159565224
segment,exp,101,120,0.007648747022357491,0.9677018633540373,0.010833271155463465,0.9485714285714286,0.9428647315733067
segment,exp,101,121,0.007321680602522425,0.968944099378882,0.010735039957826426,0.9485714285714286,0.942812365056487
segment,exp,101,122,0.007562031028818196,0.9683229813664597,0.010756583890116776,0.9485714285714286,0.9428591982139225
segment,exp,101,123,0.007059530387598901,0.968944099378882,0.010382728916567548,0.9485714285714286,0.9425015650367887
segment,exp,101,124,0.007846073280700147,0.970807453416149,0.010874430468838382,0.9542857142857143,0.945896452513773
segment,exp,101,125,0.006699312757173556,0.970807453416149,0.010150986810154172,0.9542857142857143,0.9422361684280335
segment,exp,101,126,0.006571925555574855,0.9726708074534162,0.009929199294015895,0.9485714285714286,0.942108728102558
segment,exp,101,127,0.007100954461909827,0.9683229813664597,0.01033438085780318,0.9485714285714286,0.9420766866113826
segment,exp,101,128,0.006547380293329502,0.970807453416149,0.009998976104968641,0.9514285714285714,0.9419158871610264
segment,exp,101,129,0.008658448571863523,0.9627329192546584,0.011906729242069704,0.9485714285714286,0.9434723784790524
segment,exp,101,130,0.006665217845439894,0.9714285714285714,0.010063852317201834,0.9514285714285714,0.9418859703580763
segment,exp,101,131,0.007103341181301474,0.9701863354037267,0.010532937776054255,0.9485714285714286,0.9426523785903038
segment,exp,101,132,0.007638196255673524,0.9683229813664597,0.0109753824176639,0.9514285714285714,0.9420105487110946
segment,exp,101,133,0.0076946670132286964,0.9664596273291925,0.010864639860023912,0.9457142857142857,0.9436390047708343
segment,exp,101,134,0.006480950626940252,0.970807453416149,0.009922475247873798,0.9542857142857143,0.9425746921550305
segment,exp,101,135,0.009201103163473168,0.9565217391304348,0.012483481129103418,0.9457142857142857,0.9433162253608876
segment,exp,101,136,0.016942971228217953,0.9229813664596274,0.019282250185388768,0.9171428571428571,0.94288766035656
segment,exp,101,137,0.006691520703349542,0.9695652173913043,0.010091120460648119,0.9514285714285714,0.9409423459158954
segment,exp,101,138,0.006342287775679824,0.9714285714285714,0.009937195123102175,0.9485714285714286,0.9409182770859699
segment,exp,101,139,0.006651061568035385,0.9695652173913043,0.009979612193144556,0.9514285714285714,0.9406967033535406
segment,exp,101,140,0.0073357710862363154,0.9677018633540373,0.010764882814823311,0.9514285714285714,0.9408390487807832
segment,exp,101,141,0.006291643549202914,0.970807453416149,0.009828878006018974,0.9514285714285714,0.9404256634391694
segment,exp,101,142,0.006746813276676512,0.968944099378882,0.010288290484890382,0.9514285714285714,0.9407044286055772
segment,exp,101,143,0.010868588888178333,0.9546583850931677,0.014059278331822378,0.9371428571428572,0.9411046566807988
segment,exp,101,144,0.006280014132059745,0.9732919254658385,0.009949412467160157,0.9514285714285714,0.9401104978444715
segment,exp,101,145,0.013191564854512809,0.9391304347826087,0.015540365674281716,0.9285714285714286,0.9409048347955421
segment,exp,101,146,0.006123989887296507,0.9739130434782609,0.009620843006874723,0.9542857142857143,0.9401375075318743
segment,exp,101,147,0.00697716438217558,0.9701863354037267,0.010387283077705348,0.9485714285714286,0.9398292523314207
segment,exp,101,148,0.006286899780841148,0.9720496894409938,0.009843548997185725,0.9514285714285714,0.9405413842691277
segment,exp,101,149,0.006067300870757463,0.9732919254658385,0.009660927401747855,0.9514285714285714,0.9396453211093063
segment,exp,101,150,0.00613047435641354,0.9745341614906833,0.009776724743433909,0.9514285714285714,0.9396833732536015
segment,exp,101,151,0.006167628413256547,0.9714285714285714,0.009814825824732133,0.9514285714285714,0.9394186155486447
segment,exp,101,152,0.006390904494579979,0.9720496894409938,0.009837278525479626,0.9542857142857143,0.9393425022312196
segment,exp,101,153,0.0066572501291830375,0.968944099378882,0.010140464756361225,0.9485714285714286,0.9393360443408987
segment,exp,101,154,0.00616150449678669,0.9720496894409938,0.009975692110525137,0.9514285714285714,0.9392349739502402
segment,exp,101,155,0.0061271880219700365,0.9720496894409938,0.009733572480113232,0.9514285714285714,0.9390712275801917
segment,exp,101,156,0.00591173348998985,0.9751552795031055,0.009537250944719066,0.9514285714285714,0.938959321652216
segment,exp,101,157,0.0111240988433421,0.9521739130434783,0.013446309450663314,0.9342857142857143,0.939745074867444
segment,exp,101,158,0.006295516013594874,0.9726708074534162,0.010066280521619233,0.9514285714285714,0.9397489671282558
segment,exp,101,159,0.007518399165265235,0.968944099378882,0.010478813037869732,0.9514285714285714,0.9402592571673725
segment,exp,101,160,0.005934472471000852,0.9739130434782609,0.009669241827706664,0.9514285714285714,0.9400063690220155
segment,exp,101,161,0.006244055168030964,0.9739130434782609,0.00989177291299161,0.9514285714285714,0.9386150258737173
segment,exp,101,162,0.006117092191837741,0.9726708074534162,0.009797287887892752,0.9514285714285714,0.9385203345182537
segment,exp,101,163,0.007724608469769498,0.9627329192546584,0.010879172385487851,0.9457142857142857,0.9386043313675484
segment,exp,101,164,0.006116656731531298,0.9714285714285714,0.009855971533685486,0.9542857142857143,0.9386670428192656
segment,exp,101,165,0.005779159354974547,0.9763975155279503,0.009498921478209386,0.9514285714285714,0.9381360158742446
segment,exp,101,166,0.011406300192556522,0.9440993788819876,0.014553794973314623,0.9285714285714286,0.9389379386495659
segment,exp,101,167,0.005914469162189778,0.9726708074534162,0.009694135126864798,0.9514285714285714,0.9381690306511535
segment,exp,101,168,0.005793608016162139,0.9732919254658385,0.009586523426076634,0.9514285714285714,0.938020748936668
segment,exp,101,169,0.005841038998369984,0.9732919254658385,0.00965287812113579,0.9542857142857143,0.9379065446872924
segment,exp,101,170,0.016894596106525803,0.922360248447205,0.01943093257731582,0.9171428571428571,0.9397199567184809
segment,exp,101,171,0.00607858366771539,0.9745341614906833,0.009804186835505478,0.9542857142857143,0.9390441374668452
segment,exp,101,172,0.005772895449966997,0.9726708074534162,0.009640392911833055,0.9514285714285714,0.9376240606527685
segment,exp,101,173,0.005649709847630527,0.9745341614906833,0.009469021597636042,0.9571428571428572,0.9376421455933018
segment,exp,101,174,0.005680421802284456,0.9757763975155279,0.009565585414597596,0.9571428571428572,0.9374318240605354
segment,exp,101,175,0.005614368208312602,0.9770186335403727,0.009448634354988428,0.96,0.9372447462183662
segment,exp,101,176,0.006046269951120005,0.9732919254658385,0.009924259425794278,0.9514285714285714,0.9372065623747275
segment,exp,101,177,0.005894615616381648,0.9732919254658385,0.009798366209624522,0.9542857142857143,0.9374176512269113
segment,exp,101,178,0.005997508756021701,0.9720496894409938,0.009778164487213786,0.9514285714285714,0.9372584990157169
segment,exp,101,179,0.005845257624094751,0.9739130434782609,0.00958563103506959,0.9542857142857143,0.9368970471292865
segment,exp,101,180,0.006526353149645742,0.9683229813664597,0.009845742478306236,0.9485714285714286,0.9375050723216585
segment,exp,101,181,0.0056228241233460844,0.9763975155279503,0.009430921067125925,0.9485714285714286,0.9367564940540385
segment,exp,101,182,0.005725284322513552,0.9732919254658385,0.009424679742644855,0.9542857142857143,0.9366155992729874
segment,exp,101,183,0.006181360277602048,0.9739130434782609,0.010014712909495647,0.9485714285714286,0.9380464642247985
segment,exp,101,184,0.005656987514079091,0.9757763975155279,0.009581964389608595,0.9514285714285714,0.9365930176844248
segment,exp,101,185,0.005694511787446501,0.9745341614906833,0.009588871965569234,0.9542857142857143,0.9364408460633599
segment,exp,101,186,0.0057608195450697345,0.9751552795031055,0.00981288174674697,0.9542857142857143,0.9363352970346108
segment,exp,101,187,0.0056098362014528535,0.9757763975155279,0.009448925277825461,0.9571428571428572,0.9362371091204275
segment,exp,101,188,0.0066485550534701576,0.9701863354037267,0.010542210647792236,0.9457142857142857,0.9366727529262276
segment,exp,101,189,0.0054767366401717,0.977639751552795,0.009428560129449738,0.9542857142857143,0.9376671086519413
segment,exp,101,190,0.005864925057537473,0.9732919254658385,0.0095683407434987,0.9542857142857143,0.936166160246226
segment,exp,101,191,0.005467543923076375,0.9763975155279503,0.009445402680620352,0.9542857142857143,0.9358689167790615
segment,exp,101,192,0.005653794142267743,0.9726708074534162,0.009655631027882403,0.9514285714285714,0.9374094469925324
segment,exp,101,193,0.00545480602417703,0.9763975155279503,0.009544619825103785,0.9571428571428572,0.9356780843374493
segment,exp,101,194,0.01035485745179437,0.9496894409937888,0.013765129446372915,0.9342857142857143,0.9363144552483331
segment,exp,101,195,0.008547815787800216,0.9602484472049689,0.011822191070393012,0.9457142857142857,0.9375373608683966
segment,exp,101,196,0.005446939825466446,0.9745341614906833,0.009575474418033426,0.9514285714285714,0.9355239849797907
segment,exp,101,197,0.005902464696811353,0.9720496894409938,0.00980949951945866,0.9542857142857143,0.9353351980957858
segment,exp,101,198,0.005491712077791308,0.9751552795031055,0.009605617602703665,0.9542857142857143,0.9353838566654851
segment,exp,101,199,0.005306748972290216,0.9782608695652174,0.009428204628849421,0.9542857142857143,0.9365166050084787
segment,exp,101,200,0.005393682444226481,0.9751552795031055,0.009418325481077043,0.9571428571428572,0.9351342886567475
segment,exp,101,201,0.005281789042216697,0.977639751552795,0.009416956014897507,0.96,0.9350497979094936
segment,exp,101,202,0.005343934358620306,0.9751552795031055,0.009431929315853047,0.9514285714285714,0.9350528566008985
segment,exp,101,203,0.005585889928035828,0.9732919254658385,0.009575851235256378,0.9542857142857143,0.9354362217917822
segment,exp,101,204,0.005739445547535349,0.9763975155279503,0.009611851293038823,0.9571428571428572,0.9367348470557058
segment,exp,101,205,0.005862869164485548,0.9714285714285714,0.00982488530691727,0.9542857142857143,0.934762572754244
segment,exp,101,206,0.005222073493616241,0.977639751552795,0.009216141779068262,0.9571428571428572,0.9346324543008826
segment,exp,101,207,0.005445024720567209,0.9745341614906833,0.009502284841092154,0.9514285714285714,0.9345646330873026
segment,exp,101,208,0.005312394931956592,0.977639751552795,0.00943049385364772,0.96,0.9345922528888418
segment,exp,101,209,0.0074429373535695575,0.9645962732919254,0.011425874074539077,0.9457142857142857,0.9351387106403732
segment,exp,101,210,0.005735538638720242,0.9739130434782609,0.009797282108827488,0.9542857142857143,0.9346570939579966
segment,exp,101,211,0.0052825385802716725,0.9770186335403727,0.009377565992017068,0.9514285714285714,0.9342427761200061
segment,exp,101,212,0.005578685356159621,0.9732919254658385,0.009711885174062216,0.9542857142857143,0.9341907723199753
segment,exp,101,213,0.005388348973025408,0.9751552795031055,0.009509333988799908,0.9514285714285714,0.935574766339859
segment,exp,101,214,0.0052628219786513795,0.9763975155279503,0.009420795277583856,0.9542857142857143,0.9341150798914752
segment,exp,101,215,0.005324311570263043,0.9745341614906833,0.009491615524340927,0.9542857142857143,0.9339267975076342
segment,exp,101,216,0.006395211816716334,0.9695652173913043,0.010032673898857319,0.9457142857142857,0.9344123488937083
segment,exp,101,217,0.009828338577931108,0.9552795031055901,0.012399563735917548,0.94,0.9346037394575984
segment,exp,101,218,0.005922643659977509,0.9732919254658385,0.010032946980571705,0.96,0.9339043293923605
segment,exp,101,219,0.005091834449781229,0.9782608695652174,0.00934605822926108,0.9628571428571429,0.9336211133281933
segment,exp,101,220,0.005142978535097299,0.977639751552795,0.009396023160744098,0.9571428571428572,0.9335835300797984
segment,exp,101,221,0.00510401367310565,0.9782608695652174,0.009387555992285211,0.9571428571428572,0.9334982624014453
segment,exp,101,222,0.008307115640343853,0.9602484472049689,0.012376567465702702,0.9485714285714286,0.9339966987220795
segment,exp,101,223,0.005095973944141335,0.977639751552795,0.009273796553260265,0.96,0.9333588536802808
segment,exp,101,224,0.005063972333713585,0.977639751552795,0.009380414102209321,0.96,0.9333805079841834
segment,exp,101,225,0.005091687839361618,0.9763975155279503,0.009296648877520169,0.9542857142857143,0.9334304879302221
segment,exp,101,226,0.0081979013697221,0.9590062111801242,0.012179768577225268,0.9457142857142857,0.9352544593285801
segment,exp,101,227,0.011376488115935147,0.9472049689440993,0.014372247969405064,0.9314285714285714,0.933901209661742
segment,exp,101,228,0.005610585178383933,0.9726708074534162,0.009748211126821166,0.9571428571428572,0.9330026836430949
segment,exp,101,229,0.005281755957537945,0.9757763975155279,0.009624935747701404,0.9571428571428572,0.9332047884105391
segment,exp,101,230,0.0051099513385414784,0.9795031055900622,0.009392195543992735,0.9571428571428572,0.9341712277143545
segment,exp,101,231,0.005534420667626282,0.9720496894409938,0.00990303610838026,0.9571428571428572,0.9329932997529493
segment,exp,101,232,0.007182239015191814,0.9639751552795031,0.011258985559211104,0.9514285714285714,0.9344288331860904
segment,exp,101,233,0.004987773227844426,0.977639751552795,0.00939559963009625,0.9628571428571429,0.9326292186038481
segment,exp,101,234,0.005047159739462859,0.9763975155279503,0.00953221984095517,0.9571428571428572,0.932563079781569
segment,exp,101,235,0.006646468705019209,0.9726708074534162,0.011011109481169106,0.9542857142857143,0.9331345289612906
segment,exp,101,236,0.005060304687450133,0.977639751552795,0.009518021011079049,0.9542857142857143,0.932466373483436
segment,exp,101,237,0.005137983549056442,0.977639751552795,0.009607729394893858,0.9514285714285714,0.9324242009297927
segment,exp,101,238,0.005017167734120546,0.977639751552795,0.009352613496452531,0.9542857142857143,0.932307001191843
segment,exp,101,239,0.0051237951109486275,0.977639751552795,0.00961518437555715,0.9542857142857143,0.9322561784610764
segment,exp,101,240,0.005288443320512075,0.9732919254658385,0.00973300566129285,0.9571428571428572,0.9321729686484181
segment,exp,101,241,0.005003549876219516,0.9770186335403727,0.009510504011554021,0.9485714285714286,0.9320422023704349
segment,exp,101,242,0.005058742077344952,0.9763975155279503,0.009461278111107523,0.9571428571428572,0.932050392055225
segment,exp,101,243,0.00500396583647377,0.977639751552795,0.009410801718663089,0.9514285714285714,0.9319905050452731
segment,exp,101,244,0.005897509897632043,0.970807453416149,0.009720874260336132,0.9542857142857143,0.9322579221092127
segment,exp,101,245,0.006053542934711643,0.9726708074534162,0.010220288222934729,0.9542857142857143,0.9318249311143343
segment,exp,101,246,0.00641749161197117,0.9695652173913043,0.010353036721947526,0.9428571428571428,0.9337776518274659
segment,exp,101,247,0.005497542461373034,0.9751552795031055,0.009836850346564298,0.9485714285714286,0.9316308470812312
segment,exp,101,248,0.008226131703998203,0.9602484472049689,0.011482373817640189,0.9428571428571428,0.9324116665760286
segment,exp,101,249,0.004949332117421308,0.977639751552795,0.009355143422898617,0.9571428571428572,0.9316572607211714
segment,exp,101,250,0.004949344345608418,0.977639751552795,0.009450959757660003,0.9542857142857143,0.9339266794050833
segment,exp,101,251,0.0056877881122695305,0.9763975155279503,0.010130219566898436,0.9457142857142857,0.9332105181680379
segment,exp,101,252,0.005073030928041193,0.977639751552795,0.009694562319142919,0.9542857142857143,0.9342003405205107
segment,exp,101,253,0.004860406932261229,0.977639751552795,0.009445998028062237,0.9542857142857143,0.9312014665109793
segment,exp,101,254,0.004994274257902408,0.977639751552795,0.009476285865384359,0.9514285714285714,0.9311467319669596
segment,exp,101,255,0.005320045620456674,0.977639751552795,0.009836362894743893,0.9457142857142857,0.9312351989214525
segment,exp,101,256,0.005143703758634299,0.9770186335403727,0.009458542716072394,0.9571428571428572,0.9309734077633317
segment,exp,101,257,0.004694168477233032,0.9782608695652174,0.009110423143162029,0.9571428571428572,0.9309260503349772
segment,exp,101,258,0.0064226901505447034,0.968944099378882,0.010583488484823942,0.9514285714285714,0.9308809513260716
segment,exp,101,259,0.004762921309522831,0.9788819875776398,0.009296853394376758,0.9571428571428572,0.9307565845671031
segment,exp,101,260,0.0046284182506217105,0.9801242236024845,0.00908858718558707,0.9571428571428572,0.9307686020382229
segment,exp,101,261,0.00463465430545321,0.9795031055900622,0.009118188703954198,0.9571428571428572,0.9306204479512582
segment,exp,101,262,0.005514558571733099,0.9757763975155279,0.009846012437852597,0.9571428571428572,0.9313261149227984
segment,exp,101,263,0.004687275005529331,0.9801242236024845,0.009159079296591778,0.9657142857142857,0.9307530185027155
segment,exp,101,264,0.004760531002332462,0.9782608695652174,0.009166788044214511,0.96,0.9304120891023543
segment,exp,101,265,0.004717516383129772,0.9782608695652174,0.009169902131877931,0.9571428571428572,0.9303678246181317
segment,exp,101,266,0.006178563042174217,0.9726708074534162,0.010497068050679778,0.96,0.9307637376809537
segment,exp,101,267,0.004769852819992037,0.9795031055900622,0.009065930725874945,0.9542857142857143,0.9302977933696724
segment,exp,101,268,0.004987877194050664,0.9795031055900622,0.009201735952399957,0.9542857142857143,0.9329489936745621
segment,exp,101,269,0.005063534641945721,0.9788819875776398,0.009364525368074817,0.9542857142857143,0.9300766977883542
segment,exp,101,270,0.004949214504894253,0.9801242236024845,0.00942254377694534,0.9514285714285714,0.930069911881582
segment,exp,101,271,0.005019913184412,0.9813664596273292,0.009328124739163267,0.96,0.9310215049962365
segment,exp,101,272,0.00466293351677118,0.9782608695652174,0.00916429418367557,0.9571428571428572,0.929815576587027
segment,exp,101,273,0.007824916709341927,0.9608695652173913,0.01185084804239105,0.9485714285714286,0.9301897863853795
segment,exp,101,274,0.004678211930555881,0.9795031055900622,0.009011644710376913,0.96,0.9297795063610008
segment,exp,101,275,0.004481207358703153,0.9807453416149068,0.008920559409991952,0.96,0.9295835801146618
segment,exp,101,276,0.010773970308273774,0.9478260869565217,0.013806228279399802,0.9314285714285714,0.9307841097372589
segment,exp,101,277,0.00433363123093809,0.9832298136645963,0.008644960123773117,0.96,0.930837385918902
segment,exp,101,278,0.004373531245563541,0.9819875776397515,0.008621314754708656,0.9628571428571429,0.9294714696390716
segment,exp,101,279,0.008850857678369036,0.9596273291925466,0.012057789667504716,0.9457142857142857,0.9335697779405753
segment,exp,101,280,0.004518847561785857,0.9813664596273292,0.008760073847709689,0.9571428571428572,0.9293208942368233
segment,exp,101,281,0.004311644657428672,0.9826086956521739,0.008769021071331934,0.9628571428571429,0.9305352778660767
segment,exp,101,282,0.004399958297695845,0.9813664596273292,0.00876085358500467,0.96,0.9292235733216108
segment,exp,101,283,0.004373252555040493,0.9826086956521739,0.00875048071715392,0.9628571428571429,0.9291628988917627
segment,exp,101,284,0.004237957345290986,0.9832298136645963,0.008599511894157301,0.9628571428571429,0.9290473496631448
segment,exp,101,285,0.0044099747489446985,0.9819875776397515,0.008799951892802796,0.9542857142857143,0.9289468367960136
segment,exp,101,286,0.004717033726661168,0.9788819875776398,0.008843729433683258,0.9542857142857143,0.9289651675283332
segment,exp,101,287,0.004461120469487441,0.9838509316770186,0.008824681549816709,0.9571428571428572,0.9294330569407501
segment,exp,101,288,0.004267154994891423,0.9832298136645963,0.00862994988192141,0.96,0.9288954106818375
segment,exp,101,289,0.0042080726694408,0.9819875776397515,0.00867886502294863,0.9628571428571429,0.9286942093174032
segment,exp,101,290,0.010153013249162875,0.9515527950310559,0.013285602448062907,0.9342857142857143,0.9301306370601732
segment,exp,101,291,0.004220718590895439,0.9838509316770186,0.008627406948771522,0.96,0.9285961981879082
segment,exp,101,292,0.004146210298677379,0.9838509316770186,0.008576894050634465,0.9628571428571429,0.9284884720093993
segment,exp,101,293,0.004154267618021197,0.9819875776397515,0.00854635958426096,0.9628571428571429,0.9311973551535955
segment,exp,101,294,0.004124557481657973,0.9819875776397515,0.008533255260678937,0.96,0.9283925574055306
segment,exp,101,295,0.0046523562760364635,0.977639751552795,0.008995319933799293,0.9571428571428572,0.9284043890381258
segment,exp,101,296,0.004224289692208028,0.9826086956521739,0.008588112292290135,0.9628571428571429,0.9283712749000816
segment,exp,101,297,0.004088865429276876,0.9826086956521739,0.008522484449309599,0.9628571428571429,0.928183782527805
segment,exp,101,298,0.004086797426348132,0.9838509316770186,0.008542136292517892,0.9628571428571429,0.9307799525649852
segment,exp,101,299,0.004728086681278348,0.9782608695652174,0.009110021623120867,0.96,0.9280405519014009
segment,exp,101,300,0.004064399769442177,0.9826086956521739,0.008615969538325845,0.9628571428571429,0.9279974034255943
segment,exp,101,301,0.004070822749153833,0.984472049689441,0.008538264793713807,0.9657142857142857,0.9279981241007237
segment,exp,101,302,0.00414286555094641,0.9819875776397515,0.00851275554123592,0.96,0.9279064623068841
segment,exp,101,303,0.00505690327680563,0.9807453416149068,0.008979964429291836,0.9571428571428572,0.9289504697689728
segment,exp,101,304,0.0041942661502117696,0.9807453416149068,0.008758464950530396,0.9571428571428572,0.9277476729802838
segment,exp,101,305,0.004079400169492453,0.9832298136645963,0.008649283304022752,0.9571428571428572,0.9276757341772077
segment,exp,101,306,0.004106678274344556,0.9838509316770186,0.008675958953296006,0.9571428571428572,0.9276858004999764
segment,exp,101,307,0.004079361707648949,0.9819875776397515,0.008598765678153692,0.96,0.9276763718367823
segment,exp,101,308,0.0042157136581342965,0.9832298136645963,0.008809486911402676,0.96,0.9275282035384437
segment,exp,101,309,0.004435664141441873,0.9788819875776398,0.008927983537550501,0.9571428571428572,0.9274363179859806
segment,exp,101,310,0.004096062997285023,0.9807453416149068,0.00859658130872213,0.9542857142857143,0.9275554291994923
segment,exp,101,311,0.004357160187191376,0.9813664596273292,0.008927226889006674,0.9542857142857143,0.9273820069281487
segment,exp,101,312,0.003987337435731743,0.984472049689441,0.00854180708571018,0.9628571428571429,0.9273125951239405
segment,exp,101,313,0.004653669430350545,0.9788819875776398,0.009193443853406556,0.96,0.9273105241604626
segment,exp,101,314,0.0047608754355205575,0.9782608695652174,0.00934558411502391,0.9628571428571429,0.9275792093459228
segment,exp,101,315,0.004148337641601695,0.9826086956521739,0.008642945518354732,0.96,0.9273391224587569
segment,exp,101,316,0.0044708642577313395,0.9801242236024845,0.009041844659048942,0.96,0.9270381892748646
segment,exp,101,317,0.00398925182619979,0.9838509316770186,0.00854802822330796,0.9628571428571429,0.9269722157054618
segment,exp,101,318,0.009570978676543067,0.9577639751552796,0.013209448325683208,0.9428571428571428,0.9280725566371182
segment,exp,101,319,0.004560464771088484,0.9807453416149068,0.009583267404877542,0.9542857142857143,0.9271782398947217
segment,exp,101,320,0.004816504064381775,0.9782608695652174,0.009291786151218081,0.96,0.927136889334901
segment,exp,101,321,0.0040588240672452085,0.9832298136645963,0.0086145637260936,0.96,0.9267614324970038
segment,exp,101,322,0.003863439420752511,0.9838509316770186,0.008454608031624658,0.9628571428571429,0.9279734836833011
segment,exp,101,323,0.003916433960008192,0.9819875776397515,0.008570511303907367,0.9657142857142857,0.9279972077377917
segment,exp,101,324,0.004719220514985119,0.9782608695652174,0.009168523873732902,0.96,0.9266002863205756
segment,exp,101,325,0.011734868265787499,0.9465838509316771,0.014492779326361909,0.9257142857142857,0.927279759944819
segment,exp,101,326,0.0040623533156206185,0.9826086956521739,0.008794322283670792,0.9571428571428572,0.9264265476901467
segment,exp,101,327,0.0043043991438158,0.9782608695652174,0.008957915073087554,0.9571428571428572,0.9264215168433504
segment,exp,101,328,0.0038774561781793056,0.9838509316770186,0.008438948615795175,0.9571428571428572,0.9264101647689693
segment,exp,101,329,0.003953514460883594,0.984472049689441,0.008684700801856684,0.96,0.9262843281023593
segment,exp,101,330,0.004210574446960084,0.9813664596273292,0.008731058728167911,0.9542857142857143,0.9264584955521452
segment,exp,101,331,0.003801054287944777,0.9832298136645963,0.0084741316419244,0.96,0.9262059700989288
segment,exp,101,332,0.0040210373994240935,0.9807453416149068,0.008597221461485737,0.9571428571428572,0.9261802678708918
segment,exp,101,333,0.005901299167363561,0.9739130434782609,0.010668507427023492,0.9514285714285714,0.9271096432746974
segment,exp,101,334,0.003951173746750066,0.9832298136645963,0.008588879849931558,0.96,0.9260147758454403
segment,exp,101,335,0.0037919295451438097,0.9850931677018634,0.008478120521268923,0.9628571428571429,0.9260563656860243
segment,exp,101,336,0.0054757994777233495,0.9745341614906833,0.009913110154113558,0.9571428571428572,0.9258728446923622
segment,exp,101,337,0.003866021397670017,0.9832298136645963,0.008516003752761956,0.9628571428571429,0.925867577748928
segment,exp,101,338,0.003778444337505857,0.9857142857142858,0.008490262615330571,0.96,0.9258490042589888
segment,exp,101,339,0.006207638533233262,0.9701863354037267,0.010800328057719986,0.9457142857142857,0.9272959574124718
segment,exp,101,340,0.004354900389719126,0.9807453416149068,0.008914831199909308,0.9514285714285714,0.925720979763642
segment,exp,101,341,0.0040980821088329195,0.9819875776397515,0.008674271019838876,0.9542857142857143,0.9258837522459712
segment,exp,101,342,0.0037612072586981978,0.9826086956521739,0.008397404400127425,0.96,0.9256593639114516
segment,exp,101,343,0.0037212584831805887,0.9832298136645963,0.0084721038580573,0.9628571428571429,0.9255531397581027
segment,exp,101,344,0.004966154435709762,0.9782608695652174,0.009553689917727487,0.9485714285714286,0.9272614172023013
segment,exp,101,345,0.003762733168068121,0.9832298136645963,0.00846678200596639,0.9542857142857143,0.9267279622308847
segment,exp,101,346,0.0038651059755017056,0.9826086956521739,0.008742217714886424,0.9628571428571429,0.9255114893176964
segment,exp,101,347,0.00532285378562855,0.9770186335403727,0.00992359885683917,0.9571428571428572,0.9256048244293463
segment,exp,101,348,0.0037897109863003135,0.9819875776397515,0.008583767519274364,0.96,0.9253001444172879
segment,exp,101,349,0.003731002237252974,0.9819875776397515,0.008407519483765476,0.96,0.9253915754015664
segment,exp,101,350,0.00380653427830455,0.984472049689441,0.0084173901680303,0.9628571428571429,0.9252518872355384
segment,exp,102,1,0.1379937559618359,0.21366459627329193,0.13840972056857057,0.21142857142857144,0.9943125252291879
segment,exp,102,2,0.08642194043915957,0.515527950310559,0.08487721608068725,0.52,0.989498033380734
segment,exp,102,3,0.06953888912810723,0.646583850931677,0.06763489219766419,0.66,0.9840028174176711
segment,exp,102,4,0.08952700449453592,0.5434782608695652,0.08969196506441861,0.54,0.9828807169971062
segment,exp,102,5,0.05113744399246945,0.739751552795031,0.050409101133883756,0.7514285714285714,0.979395835281241
segment,exp,102,6,0.05048557873039139,0.7316770186335404,0.04956228053528139,0.7371428571428571,0.975530888588026
segment,exp,102,7,0.04625139901113469,0.7577639751552795,0.045843618535683875,0.7628571428571429,0.9753110587924367
segment,exp,102,8,0.04421344272184977,0.762111801242236,0.04501384549084713,0.7628571428571429,0.97320187662385
segment,exp,102,9,0.03046263195010293,0.9105590062111801,0.03237463858187657,0.9028571428571428,0.972947485936189
segment,exp,102,10,0.024246017516056085,0.9124223602484473,0.025574297577916214,0.9057142857142857,0.9740804379210707
segment,exp,102,11,0.02107042331850938,0.9273291925465839,0.022417457325023798,0.9171428571428571,0.9690669641382521
segment,exp,102,12,0.018965037869389745,0.9248447204968944,0.019930437533437834,0.9142857142857143,0.9691812817224676
segment,exp,102,13,0.018488115775837692,0.9260869565217391,0.019577779158262865,0.9228571428571428,0.9671544687273202
segment,exp,102,14,0.022473456769779066,0.9043478260869565,0.02324258488743471,0.9028571428571428,0.9685330928832245
segment,exp,102,15,0.017005467091500727,0.9322981366459627,0.01822383029825685,0.9257142857142857,0.9659378018520621
segment,exp,102,16,0.017214432858712474,0.9360248447204969,0.018833564111203883,0.92,0.9670977580556944
segment,exp,102,17,0.016833254986903884,0.9347826086956522,0.01865045050983911,0.92,0.96566656497371
segment,exp,102,18,0.017272572339506864,0.9279503105590062,0.01800347002304536,0.9171428571428571,0.9648192614252816
segment,exp,102,19,0.015688061830814046,0.9360248447204969,0.017418008723633558,0.92,0.9638125951840087
segment,exp,102,20,0.021960529842969433,0.922360248447205,0.02479930937971655,0.9171428571428571,0.9648450002090708
segment,exp,102,21,0.015220203654843206,0.937888198757764,0.017008569732530794,0.9228571428571428,0.9629028586483039
segment,exp,102,22,0.015156293307240542,0.9360248447204969,0.016796208654187485,0.9257142857142857,0.9631256501245732
segment,exp,102,23,0.016793737701573497,0.924223602484472,0.017839021141963556,0.9142857142857143,0.9625832805219124
segment,exp,102,24,0.016371301236318525,0.9285714285714286,0.01762446463734182,0.92,0.9636025564317143
segment,exp,102,25,0.016146179344128327,0.9304347826086956,0.01818025120600744,0.9285714285714286,0.9625869583483497
segment,exp,102,26,0.0164612766986675,0.931055900621118,0.017499929656155686,0.9142857142857143,0.9632822763990084
segment,exp,102,27,0.016467630582278455,0.9335403726708075,0.018045939239305274,0.9257142857142857,0.9632467962668582
segment,exp,102,28,0.015844361617828172,0.9285714285714286,0.017105423349962016,0.9257142857142857,0.9618154413344228
segment,exp,102,29,0.015133451902133638,0.9354037267080745,0.01750053571899257,0.9257142857142857,0.9614979194009551
segment,exp,102,30,0.014171703540687084,0.9440993788819876,0.016362209012528058,0.9342857142857143,0.9620643688317322
segment,exp,102,31,0.013851696272957783,0.9335403726708075,0.015432797190442308,0.9285714285714286,0.9599376259060263
segment,exp,102,32,0.014229846679027318,0.94472049689441,0.015837612168726152,0.9228571428571428,0.9623374278886752
segment,exp,102,33,0.015583968267289246,0.9304347826086956,0.01800490861926939,0.92,0.9605180474452873
segment,exp,102,34,0.01490648414532824,0.9422360248447205,0.017492030442211474,0.9314285714285714,0.9592480555460969
segment,exp,102,35,0.013731636873024368,0.9366459627329192,0.015269920145022526,0.9257142857142857,0.9586589368566012
segment,exp,102,36,0.03269547569171044,0.8664596273291926,0.03576072505317222,0.8571428571428571,0.9625606273723363
segment,exp,102,37,0.019262802022631576,0.9180124223602485,0.020316025861779056,0.92,0.9624228924055375
segment,exp,102,38,0.01637714064262597,0.9229813664596274,0.016945674977290024,0.92,0.958969764263876
segment,exp,102,39,0.015449555123427888,0.9279503105590062,0.018124255962554677,0.9257142857142857,0.9580400150155108
segment,exp,102,40,0.012206984952581636,0.9503105590062112,0.01447250059455663,0.9342857142857143,0.9587942494433995
segment,exp,102,41,0.013721969940833875,0.937888198757764,0.015269476726178328,0.9228571428571428,0.9581540700132017
segment,exp,102,42,0.014955856660910502,0.9335403726708075,0.018415615310057178,0.9228571428571428,0.9578545941365785
segment,exp,102,43,0.012421023457699293,0.9509316770186336,0.01484831384944984,0.9371428571428572,0.959807940567393
segment,exp,102,44,0.013284931290122457,0.9360248447204969,0.015060198230807762,0.9257142857142857,0.9565304083522171
segment,exp,102,45,0.01678296039118698,0.9217391304347826,0.019909457135406095,0.9142857142857143,0.9593367585421657
segment,exp,102,46,0.013234874413253278,0.9472049689440993,0.015890579381258554,0.9228571428571428,0.9573591718869818
segment,exp,102,47,0.014089051228456283,0.9335403726708075,0.01711668774611836,0.9171428571428571,0.9571910978358489
segment,exp,102,48,0.011840546009817422,0.9453416149068323,0.014450213008761018,0.9285714285714286,0.9565695524787393
segment,exp,102,49,0.0111827035377792,0.9540372670807453,0.014199796978818763,0.94,0.9553053714361318
segment,exp,102,50,0.0345417607624845,0.8608695652173913,0.03684881644974842,0.8485714285714285,0.960085827801506
segment,exp,102,51,0.011182028676214444,0.9521739130434783,0.013732477335384094,0.9314285714285714,0.9547227176682983
segment,exp,102,52,0.011161226614592349,0.953416149068323,0.014220421464845211,0.9342857142857143,0.9545007812088111
segment,exp,102,53,0.012082416225552717,0.94472049689441,0.014248293390824365,0.9314285714285714,0.9548864798020624
segment,exp,102,54,0.014296460602254448,0.9372670807453416,0.018053290617768194,0.9228571428571428,0.9551287188439018
segment,exp,102,55,0.010657139695425885,0.9546583850931677,0.013736325669746849,0.9371428571428572,0.9552980157146418
segment,exp,102,56,0.011200267010934335,0.9515527950310559,0.014455747917011288,0.9285714285714286,0.9536681498831356
segment,exp,102,57,0.011305555308942226,0.9509316770186336,0.013521951305170156,0.9371428571428572,0.9547978143997902
segment,exp,102,58,0.011204871350828483,0.9503105590062112,0.013819795048776368,0.9285714285714286,0.9538087028314172
segment,exp,102,59,0.010328180421903869,0.9540372670807453,0.01321688764644228,0.9342857142857143,0.9530729259800251
segment,exp,102,60,0.010828124668572792,0.9552795031055901,0.013835942574721143,0.9371428571428572,0.9546053276903051
segment,exp,102,61,0.01130341642175012,0.9515527950310559,0.013810590048199504,0.9371428571428572,0.953110021970176
segment,exp,102,62,0.01020410174146695,0.9571428571428572,0.013346490054389513,0.9342857142857143,0.9540236414893642
segment,exp,102,63,0.010309526190294347,0.9521739130434783,0.013229775027879137,0.9285714285714286,0.9529084055083306
segment,exp,102,64,0.010218122458220786,0.9552795031055901,0.013473738500184587,0.94,0.9526740607621009
segment,exp,102,65,0.010639810947469578,0.9521739130434783,0.014056821920861598,0.9285714285714286,0.9534314489207854
segment,exp,102,66,0.012896578202053838,0.94472049689441,0.0161933597127735,0.9342857142857143,0.9527403794488748
segment,exp,102,67,0.020959280135887205,0.9192546583850931,0.0248935305555503,0.9,0.953956029375756
segment,exp,102,68,0.009700829260589567,0.9583850931677018,0.01339917845024858,0.9342857142857143,0.9513393907286175
segment,exp,102,69,0.009566236712165811,0.9590062111801242,0.013006583887638694,0.9342857142857143,0.9511417088419613
segment,exp,102,70,0.015416344565165083,0.9304347826086956,0.016970504864776362,0.9314285714285714,0.9539270093004047
segment,exp,102,71,0.01168283432322663,0.9496894409937888,0.015359023252849194,0.9314285714285714,0.9512286223320512
segment,exp,102,72,0.009585602675929755,0.9583850931677018,0.013170459311711992,0.9314285714285714,0.9506970341745364
segment,exp,102,73,0.009409168499032634,0.9590062111801242,0.012793476155911955,0.9342857142857143,0.9505476978059956
segment,exp,102,74,0.009347114436462295,0.9608695652173913,0.012973144233981368,0.9371428571428572,0.9505670286544303
segment,exp,102,75,0.009569513923194493,0.9627329192546584,0.012915217937374825,0.9457142857142857,0.9525536904907526
segment,exp,102,76,0.009645054946424139,0.9577639751552796,0.013211065139954584,0.9342857142857143,0.9521242478257994
segment,exp,102,77,0.009622043146408193,0.9577639751552796,0.012800925993623053,0.9371428571428572,0.9510461436299101
segment,exp,102,78,0.010807731703823605,0.9521739130434783,0.01330109421539874,0.9457142857142857,0.9500467451629119
segment,exp,102,79,0.00949030179214669,0.9633540372670808,0.013463694233875232,0.94,0.9522524383391441
segment,exp,102,80,0.009087051322262417,0.9608695652173913,0.01254871419269252,0.94,0.949415796388787
segment,exp,102,81,0.010849467214373375,0.9515527950310559,0.013193536098111516,0.9457142857142857,0.9499028184442457
segment,exp,102,82,0.009265712785701648,0.9602484472049689,0.012086531425438776,0.9428571428571428,0.9490830956349801
segment,exp,102,83,0.009410800662883665,0.9602484472049689,0.012353818551963304,0.9371428571428572,0.9490563448820374
segment,exp,102,84,0.008888888389014145,0.9627329192546584,0.01218906152270838,0.9428571428571428,0.9489574139805328
segment,exp,102,85,0.009298641311159936,0.9608695652173913,0.012619532835356329,0.9428571428571428,0.9493491001853377
segment,exp,102,86,0.009164925081355621,0.9596273291925466,0.01205710124974444,0.9371428571428572,0.9486507998975285
segment,exp,102,87,0.013368441223039393,0.9422360248447205,0.015059283866822072,0.9428571428571428,0.95264231561779
segment,exp,102,88,0.013686613389766853,0.9335403726708075,0.01672128018018363,0.9228571428571428,0.9501269861361653
segment,exp,102,89,0.008879438446449608,0.9627329192546584,0.012067702668298716,0.9485714285714286,0.9491663163865439
segment,exp,102,90,0.012761314131344095,0.9472049689440993,0.014286716637822754,0.9457142857142857,0.9500144258564855
segment,exp,102,91,0.010019419309330311,0.9540372670807453,0.012368727283858365,0.9457142857142857,0.9484586857951105
segment,exp,102,92,0.012140491266339386,0.9428571428571428,0.015552404123866572,0.9314285714285714,0.9483309387969093
segment,exp,102,93,0.013318572535586803,0.9440993788819876,0.014560781482716589,0.9371428571428572,0.9499111236025637
segment,exp,102,94,0.009282728457661584,0.9602484472049689,0.011974362215447938,0.9485714285714286,0.9490185081043296
segment,exp,102,95,0.010572161326231096,0.9472049689440993,0.013670477323109637,0.9285714285714286,0.9484900537188005
segment,exp,102,96,0.009387181964147678,0.9571428571428572,0.011320628348967774,0.9485714285714286,0.9479707447300993
segment,exp,102,97,0.008163701322388176,0.9639751552795031,0.011249403663512864,0.9428571428571428,0.9470417172278917
segment,exp,102,98,0.008133403873388236,0.9664596273291925,0.011272129515932088,0.9457142857142857,0.9467872950289248
segment,exp,102,99,0.008393969851684778,0.9627329192546584,0.011457800728511037,0.9457142857142857,0.9468502054693422
segment,exp,102,100,0.00911754465703071,0.9633540372670808,0.011618247200053573,0.9485714285714286,0.9469261008071744
segment,exp,102,101,0.008232567534121082,0.9645962732919254,0.011177515058964974,0.9457142857142857,0.946843483646323
segment,exp,102,102,0.008894657413528522,0.9664596273291925,0.011480899440465415,0.9514285714285714,0.9466708213428339
segment,exp,102,103,0.008988107977489892,0.9633540372670808,0.011962349537947392,0.9428571428571428,0.947172930990024
segment,exp,102,104,0.011249471500131537,0.9496894409937888,0.01317606725203271,0.9371428571428572,0.9473434810713064
segment,exp,102,105,0.00938398538513685,0.9559006211180124,0.012671356651389774,0.9428571428571428,0.9465369415533867
segment,exp,102,106,0.008108254165198375,0.9645962732919254,0.010971541491490069,0.9457142857142857,0.9458201799816054
segment,exp,102,107,0.014029486575250102,0.9304347826086956,0.016930693870645767,0.9171428571428571,0.9472435587338905
segment,exp,102,108,0.007641033451124285,0.9695652173913043,0.010655396177702925,0.9457142857142857,0.946643940617232
segment,exp,102,109,0.007880459735176532,0.9664596273291925,0.010696851542326222,0.9457142857142857,0.9466898622866634
segment,exp,102,110,0.012245573579224487,0.9478260869565217,0.015525426187643493,0.94,0.9474299140087677
segment,exp,102,111,0.007655101579506696,0.9670807453416149,0.010540183529275824,0.9485714285714286,0.9450659891606749
segment,exp,102,112,0.008240650784340815,0.9633540372670808,0.010717294642344898,0.9514285714285714,0.9454912306656355
segment,exp,102,113,0.008178503184985296,0.9639751552795031,0.011631762100109667,0.9428571428571428,0.9467243024486597
segment,exp,102,114,0.008089746301166366,0.9695652173913043,0.010755520970909881,0.9542857142857143,0.9462194740971624
segment,exp,102,115,0.007529993688212584,0.9683229813664597,0.010553308147838437,0.9485714285714286,0.9445186757332407
segment,exp,102,116,0.00918740980486402,0.9583850931677018,0.01100671422693575,0.9542857142857143,0.9449501069468733
segment,exp,102,117,0.007489547935837136,0.9677018633540373,0.010043601092318267,0.9514285714285714,0.9443066973831389
segment,exp,102,118,0.007313036729434746,0.9677018633540373,0.010007870665195042,0.9514285714285714,0.9444114637375123
segment,exp,102,119,0.007538821776948481,0.9677018633540373,0.010083913850912153,0.9485714285714286,0.9440453841072585
segment,exp,102,120,0.009157942197125825,0.9565217391304348,0.01119639679319906,0.9514285714285714,0.9443151886753066
segment,exp,102,121,0.0074594970469670915,0.9677018633540373,0.010550243181750359,0.9485714285714286,0.943857412185709
segment,exp,102,122,0.011699507934225375,0.9428571428571428,0.014732117106676934,0.9285714285714286,0.9443497884864843
segment,exp,102,123,0.007548965668319639,0.9664596273291925,0.010018181586022487,0.9542857142857143,0.9436645220300277
segment,exp,102,124,0.007046696269304094,0.9701863354037267,0.00987696425336229,0.9514285714285714,0.9434385792811391
segment,exp,102,125,0.0073310321311475185,0.968944099378882,0.010203562267657333,0.9485714285714286,0.9472796475699109
segment,exp,102,126,0.013169270295100658,0.9434782608695652,0.01417436103799422,0.9371428571428572,0.9460435227457585
segment,exp,102,127,0.00797949362450727,0.9652173913043478,0.01111588680462495,0.9428571428571428,0.9441262092914038
segment,exp,102,128,0.007836224657138105,0.9701863354037267,0.010907601356829742,0.9542857142857143,0.9443733453038334
segment,exp,102,129,0.012704530803744316,0.9372670807453416,0.015557382046382559,0.9257142857142857,0.9469934527140298
segment,exp,102,130,0.010008627824037598,0.9521739130434783,0.011781974676345595,0.9485714285714286,0.9433730371261331
segment,exp,102,131,0.015413759235827535,0.929192546583851,0.01797251138971289,0.92,0.9436124720635655
segment,exp,102,132,0.0086088410502853,0.9583850931677018,0.010257150225805516,0.9571428571428572,0.944148998759349
segment,exp,102,133,0.008494195347384036,0.9645962732919254,0.010679233202728134,0.9514285714285714,0.9442920275503911
segment,exp,102,134,0.006652034107428979,0.9732919254658385,0.009648204182183569,0.9542857142857143,0.9423139241621751
segment,exp,102,135,0.006649957156658073,0.9720496894409938,0.00955294480061213,0.9485714285714286,0.9422211209318981
segment,exp,102,136,0.006663423382764269,0.9726708074534162,0.009578182734590355,0.9485714285714286,0.9434272456853801
segment,exp,102,137,0.006591604652078626,0.9732919254658385,0.009406874097713434,0.9485714285714286,0.9420234863388462
segment,exp,102,138,0.0066852379916593095,0.970807453416149,0.009558233789158304,0.9571428571428572,0.9419039456962819
segment,exp,102,139,0.0065128023837671845,0.9726708074534162,0.009540301113976983,0.9485714285714286,0.9431286605519144
segment,exp,102,140,0.006624000556472917,0.9757763975155279,0.009633831764566187,0.9485714285714286,0.9417653078817011
segment,exp,102,141,0.008111915013374169,0.962111801242236,0.01030692530833766,0.9514285714285714,0.9418237145374099
segment,exp,102,142,0.007384544412617923,0.968944099378882,0.010497972481423206,0.9485714285714286,0.9417174177107352
segment,exp,102,143,0.006705302700090798,0.9701863354037267,0.00958615080970877,0.9542857142857143,0.9414857241846134
segment,exp,102,144,0.009475651711904532,0.9552795031055901,0.012721307655204465,0.9371428571428572,0.9418206580369805
segment,exp,102,145,0.007770375085171582,0.9645962732919254,0.01026865699263351,0.9514285714285714,0.941589139147531
segment,exp,102,146,0.006406760650811241,0.9726708074534162,0.0093879652490322,0.9485714285714286,0.9410312281825961
segment,exp,102,147,0.006416551749011677,0.9726708074534162,0.009373010785698405,0.9514285714285714,0.9409848649311767
segment,exp,102,148,0.006327355704063348,0.9745341614906833,0.009432660106710442,0.9542857142857143,0.9409127046909195
segment,exp,102,149,0.011085067390350986,0.9472049689440993,0.013755463374183107,0.9285714285714286,0.9411047986285783
segment,exp,102,150,0.006375986133278923,0.970807453416149,0.009154890620768486,0.9542857142857143,0.9407728777065617
segment,exp,102,151,0.007043701203528241,0.9701863354037267,0.009528963381182944,0.9514285714285714,0.940864065857682
segment,exp,102,152,0.007020356255400198,0.9695652173913043,0.010173489494086944,0.9542857142857143,0.9410845380310066
segment,exp,102,153,0.006207904918894113,0.9732919254658385,0.009085591522260692,0.9514285714285714,0.940364964958787
segment,exp,102,154,0.0076541841812269255,0.9614906832298137,0.009989994230949336,0.9514285714285714,0.9422728402682858
segment,exp,102,155,0.006609410151683563,0.9701863354037267,0.009277680542359418,0.9514285714285714,0.9401874289641604
segment,exp,102,156,0.006661469923428567,0.9726708074534162,0.009854640594279745,0.9514285714285714,0.9400142129123715
segment,exp,102,157,0.006361549197717449,0.9732919254658385,0.009467209306194622,0.9542857142857143,0.9401938341341589
segment,exp,102,158,0.006131055882530229,0.9732919254658385,0.009211028233065606,0.9485714285714286,0.9399981259863062
segment,exp,102,159,0.0092341976635008,0.9577639751552796,0.011011973777969817,0.9485714285714286,0.9401022297648427
segment,exp,102,160,0.008301411683941107,0.9565217391304348,0.011543694178621326,0.9457142857142857,0.939659963406782
segment,exp,102,161,0.006265245869135514,0.9732919254658385,0.009508748742609896,0.9485714285714286,0.93969014866347
segment,exp,102,162,0.006022012443166533,0.9757763975155279,0.009194296888926687,0.9514285714285714,0.9421535268366139
segment,exp,102,163,0.006461194168884792,0.9745341614906833,0.009392504298770447,0.9485714285714286,0.9407231002558885
segment,exp,102,164,0.006269569400453153,0.9726708074534162,0.009178206155485485,0.9514285714285714,0.9393063579760103
segment,exp,102,165,0.005987985990808753,0.9732919254658385,0.008977539108152877,0.9485714285714286,0.9405913177714209
segment,exp,102,166,0.005932348427575743,0.9745341614906833,0.009078141968017005,0.9514285714285714,0.9393287270452542
segment,exp,102,167,0.006024261823330221,0.9732919254658385,0.009015398442552515,0.9514285714285714,0.9390570149203985
segment,exp,102,168,0.0066545956505715325,0.9726708074534162,0.009615751400606647,0.9485714285714286,0.9400690635613099
segment,exp,102,169,0.006987689542299535,0.9726708074534162,0.0098006400740317,0.9542857142857143,0.9416389761007308
segment,exp,102,170,0.0065689639053280605,0.968944099378882,0.009077812610610995,0.9542857142857143,0.9387950304289288
segment,exp,102,171,0.015734921984853347,0.9279503105590062,0.01822548391512652,0.9228571428571428,0.9392993933175617
segment,exp,102,172,0.005888490877078854,0.9739130434782609,0.009430335575003055,0.9542857142857143,0.9387016754791914
segment,exp,102,173,0.010079350373339584,0.9540372670807453,0.01181727336812475,0.9428571428571428,0.9402649515644951
segment,exp,102,174,0.00765295343079481,0.9652173913043478,0.010358287329955822,0.9485714285714286,0.9393665418050529
segment,exp,102,175,0.00607412065350858,0.9726708074534162,0.009044159041130971,0.9514285714285714,0.9382256361286834
segment,exp,102,176,0.00578593367390626,0.9745341614906833,0.009136334027826884,0.9514285714285714,0.938156430601221
segment,exp,102,177,0.005931913738010251,0.9751552795031055,0.009147325892984547,0.9485714285714286,0.9382321921188029
segment,exp,102,178,0.006345308155139271,0.9745341614906833,0.009818512064790454,0.9514285714285714,0.9403323177674742
segment,exp,102,179,0.007414097752333504,0.9658385093167702,0.010085234221425399,0.9514285714285714,0.9381563523716114
segment,exp,102,180,0.00841390724073318,0.962111801242236,0.009989218288222898,0.9571428571428572,0.9390435095145034
segment,exp,102,181,0.0057471244715795395,0.9745341614906833,0.00915463024967238,0.9485714285714286,0.9377406050278736
segment,exp,102,182,0.005950890943967801,0.9739130434782609,0.008853849211173435,0.9514285714285714,0.9376514753170764
segment,exp,102,183,0.0061530199778543244,0.9745341614906833,0.009161103189737976,0.96,0.9379804575969175
segment,exp,102,184,0.005776812339449596,0.9757763975155279,0.00904987391963184,0.9485714285714286,0.9374452087097422
segment,exp,102,185,0.006892775695140089,0.9677018633540373,0.009505117773693388,0.9514285714285714,0.9377042178205296
segment,exp,102,186,0.00563434309055123,0.9770186335403727,0.009110395991709652,0.9514285714285714,0.937262288830778
segment,exp,102,187,0.0057633067008667615,0.9739130434782609,0.009500446210048355,0.9485714285714286,0.9375333526032041
segment,exp,102,188,0.0054888892055388085,0.9770186335403727,0.008859283809967462,0.9514285714285714,0.9371676473619445
segment,exp,102,189,0.0065776626396844865,0.9751552795031055,0.009947968892720602,0.9485714285714286,0.9374104442366628
segment,exp,102,190,0.005689762517188416,0.9739130434782609,0.009203808694879963,0.9485714285714286,0.936940670124554
segment,exp,102,191,0.0054963148356170595,0.977639751552795,0.009054242944453082,0.9542857142857143,0.9369231164096861
segment,exp,102,192,0.006264185560562365,0.968944099378882,0.009448735957062875,0.9514285714285714,0.9386584785655331
segment,exp,102,193,0.006610418798106106,0.9726708074534162,0.009632158513928285,0.9485714285714286,0.9374499449627586
segment,exp,102,194,0.006282086764729788,0.9714285714285714,0.009244283558468193,0.9485714285714286,0.93803488049082
segment,exp,102,195,0.005575093249615392,0.977639751552795,0.009014439885441717,0.9542857142857143,0.936495389905052
segment,exp,102,196,0.0054753414037271245,0.977639751552795,0.008984687842566492,0.9514285714285714,0.9363953522734204
segment,exp,102,197,0.011547334768924125,0.9503105590062112,0.013197177503640835,0.9314285714285714,0.9371139952109003
segment,exp,102,198,0.005284362365635933,0.9801242236024845,0.00861211018368769,0.9571428571428572,0.9362618947086849
segment,exp,102,199,0.005215968106282282,0.9807453416149068,0.008667264180045297,0.9542857142857143,0.9361593720236963
segment,exp,102,200,0.005262980860947672,0.9795031055900622,0.00871958228430527,0.9542857142857143,0.9360387938561503
segment,exp,102,201,0.007554928895242562,0.9645962732919254,0.011287672225366498,0.9485714285714286,0.9368028045087974
segment,exp,102,202,0.005220525769622665,0.9795031055900622,0.008739228196403402,0.9542857142857143,0.9361230877759177
segment,exp,102,203,0.005376858879483245,0.9770186335403727,0.009003335083287201,0.9514285714285714,0.9357807277123065
segment,exp,102,204,0.005114567700212253,0.9795031055900622,0.008407134129311199,0.9571428571428572,0.9357377011950413
segment,exp,102,205,0.005061465537907797,0.9807453416149068,0.008431249441322996,0.9542857142857143,0.9356897232346123
segment,exp,102,206,0.005288047514598244,0.9770186335403727,0.008459567926241838,0.9542857142857143,0.9358995832797665
segment,exp,102,207,0.005067374416632479,0.9788819875776398,0.008501206164429162,0.9514285714285714,0.9354937055430061
segment,exp,102,208,0.005292754443063129,0.9770186335403727,0.008426903549971922,0.9571428571428572,0.9368853467972623
segment,exp,102,209,0.005292559414756617,0.9782608695652174,0.008803230518676253,0.9571428571428572,0.9353444311169203
segment,exp,102,210,0.005124569830943884,0.9782608695652174,0.008583505770814862,0.9542857142857143,0.935353319016301
segment,exp,102,211,0.005026500328908415,0.9801242236024845,0.008642141088515496,0.9542857142857143,0.9351161372027886
segment,exp,102,212,0.0051890061876049675,0.9782608695652174,0.008266079449551825,0.9542857142857143,0.9351952839352017
segment,exp,102,213,0.004893838550597356,0.9801242236024845,0.008225922534479986,0.96,0.9349963212101716
segment,exp,102,214,0.006448526545792191,0.9770186335403727,0.00889496562238997,0.9571428571428572,0.9369576981028807
segment,exp,102,215,0.004909076872755391,0.9795031055900622,0.008460183164418303,0.96,0.9348873525997209
segment,exp,102,216,0.005490303918736465,0.9763975155279503,0.009055711946189975,0.9571428571428572,0.9347074381670393
segment,exp,102,217,0.0051174529374686025,0.9801242236024845,0.008397585240348808,0.96,0.9390907714647033
segment,exp,102,218,0.008638154470688074,0.9577639751552796,0.012077081190238108,0.94,0.9352830841387284
segment,exp,102,219,0.004998749948991956,0.9782608695652174,0.008511740872936054,0.9542857142857143,0.9347222557569407
segment,exp,102,220,0.004860576440255939,0.9801242236024845,0.008460258709928092,0.9542857142857143,0.9344385348439427
segment,exp,102,221,0.01243923766033055,0.9434782608695652,0.015127738820959772,0.9285714285714286,0.9353576368414083
segment,exp,102,222,0.004886458772712458,0.9788819875776398,0.00805521899067528,0.9571428571428572,0.9342735648338482
segment,exp,102,223,0.005055816127178772,0.9788819875776398,0.008273214788451855,0.9571428571428572,0.9343392651844009
segment,exp,102,224,0.005509934286742999,0.9770186335403727,0.00898665518959349,0.9571428571428572,0.9359565350778521
segment,exp,102,225,0.005246003207514702,0.9782608695652174,0.008166320357091597,0.9571428571428572,0.934142396582642
segment,exp,102,226,0.008522635399829132,0.962111801242236,0.011865119227272783,0.9485714285714286,0.9358117044407293
segment,exp,102,227,0.007992421411507565,0.9652173913043478,0.009777196812943277,0.9542857142857143,0.9359107077208951
segment,exp,102,228,0.005094306062797439,0.9788819875776398,0.008221144593966149,0.9628571428571429,0.9339107423807296
segment,exp,102,229,0.005162914397776594,0.9788819875776398,0.008939609725630515,0.9542857142857143,0.9347851384048097
segment,exp,102,230,0.0049946620598275565,0.9788819875776398,0.008042040318200794,0.9571428571428572,0.9349934152973609
segment,exp,102,231,0.004902870102632065,0.9813664596273292,0.008074213282004406,0.9571428571428572,0.9336661131084711
segment,exp,102,232,0.007917886771714684,0.9633540372670808,0.011504735749884244,0.9428571428571428,0.9371128885469545
segment,exp,102,233,0.005557452985312206,0.9795031055900622,0.008556330556088428,0.9542857142857143,0.9338592141935499
segment,exp,102,234,0.004549933793030221,0.9826086956521739,0.007888946585561833,0.9628571428571429,0.9333652837262388
segment,exp,102,235,0.004803321439565015,0.9807453416149068,0.00783551603282807,0.9628571428571429,0.9333030279490243
segment,exp,102,236,0.0045446666294740356,0.9819875776397515,0.007989666437484284,0.9542857142857143,0.9333208099549205
segment,exp,102,237,0.004529128363614958,0.9819875776397515,0.007995523577410542,0.9628571428571429,0.933145488293318
segment,exp,102,238,0.006157080598051675,0.9751552795031055,0.01003410519669302,0.9542857142857143,0.933646329972207
segment,exp,102,239,0.005909851517846831,0.9745341614906833,0.008788295758032118,0.9628571428571429,0.9330460054312213
segment,exp,102,240,0.004841898224526173,0.9782608695652174,0.008622032047459347,0.9628571428571429,0.9330748038713497
segment,exp,102,241,0.004721590788453363,0.9801242236024845,0.00813665065510033,0.9657142857142857,0.9342709956640098
segment,exp,102,242,0.0045683010756671465,0.9819875776397515,0.008318394345446487,0.9628571428571429,0.9328022665864928
segment,exp,102,243,0.004817162209379382,0.9795031055900622,0.008048647111105457,0.9628571428571429,0.9329622582628168
segment,exp,102,244,0.004418527003192571,0.9813664596273292,0.007940160484221215,0.9657142857142857,0.9327941370611186
segment,exp,102,245,0.005031014142218085,0.9757763975155279,0.008658572850961117,0.9628571428571429,0.9326378319942318
segment,exp,102,246,0.004393724628540157,0.9819875776397515,0.00789325955477919,0.9628571428571429,0.932491194734098
segment,exp,102,247,0.004445003812450112,0.9826086956521739,0.007954695109801634,0.9628571428571429,0.9325308581394148
segment,exp,102,248,0.004403460075714805,0.9819875776397515,0.007961674315538386,0.9657142857142857,0.9325723117847458
segment,exp,102,249,0.004681161425593966,0.9807453416149068,0.0078098790644115625,0.9628571428571429,0.9324866011712668
segment,exp,102,250,0.004412821139249895,0.9832298136645963,0.008033314032749235,0.9628571428571429,0.9323249735598822
segment,exp,102,251,0.004499740643815456,0.9807453416149068,0.00794878087605253,0.9628571428571429,0.9322241427020398
segment,exp,102,252,0.004440766277180399,0.9819875776397515,0.007924765949001857,0.9657142857142857,0.9321193142531746
segment,exp,102,253,0.004590996528885004,0.9813664596273292,0.008397121800470616,0.9628571428571429,0.9320077062853602
segment,exp,102,254,0.004522514653367086,0.9801242236024845,0.008095529351685761,0.9628571428571429,0.9334037357689724
segment,exp,102,255,0.004310456803137987,0.9826086956521739,0.00792387021174589,0.9628571428571429,0.932003133315448
segment,exp,102,256,0.00575290067938728,0.9726708074534162,0.00868665629495317,0.9571428571428572,0.9337331878073243
segment,exp,102,257,0.004704516241783476,0.9801242236024845,0.008572473549351681,0.9628571428571429,0.9317477572714753
segment,exp,102,258,0.004313302972604961,0.9819875776397515,0.007772633003011369,0.9657142857142857,0.9330693753022019
segment,exp,102,259,0.00589952365709545,0.9726708074534162,0.008844784513429935,0.9628571428571429,0.9319998718636449
segment,exp,102,260,0.0042744885979686485,0.9832298136645963,0.007717530395132483,0.9657142857142857,0.931559671322567
segment,exp,102,261,0.004239685684760059,0.9826086956521739,0.007935783475625884,0.9628571428571429,0.931575100000722
segment,exp,102,262,0.00450874626620186,0.9813664596273292,0.008285223540294966,0.9628571428571429,0.9315210749249513
segment,exp,102,263,0.004239191513065122,0.9832298136645963,0.00797693840239836,0.9628571428571429,0.9313706295011069
segment,exp,102,264,0.004293175035771543,0.9819875776397515,0.007777880232334418,0.9657142857142857,0.9313518326813017
segment,exp,102,265,0.004170540363297787,0.9826086956521739,0.007882604260006084,0.9657142857142857,0.9313193410824824
segment,exp,102,266,0.004258014897774338,0.9826086956521739,0.008173257037205244,0.9628571428571429,0.9312357753400244
segment,exp,102,267,0.004233460177769816,0.9826086956521739,0.00798055534912042,0.9628571428571429,0.9312357767276139
segment,exp,102,268,0.006511233005200669,0.968944099378882,0.00973691919910216,0.9571428571428572,0.9329539395140058
segment,exp,102,269,0.00422161368164314,0.9813664596273292,0.00779271757569778,0.9657142857142857,0.9312574155477285
segment,exp,102,270,0.004173561141710933,0.9819875776397515,0.007900404694315896,0.9628571428571429,0.9309552963093789
segment,exp,102,271,0.004233850043947122,0.9807453416149068,0.007764969981473765,0.9657142857142857,0.9311925258756711
segment,exp,102,272,0.004191575665510375,0.9819875776397515,0.0077915039947065775,0.9657142857142857,0.9308456034426026
segment,exp,102,273,0.00412421621621307,0.9832298136645963,0.007974734218210197,0.9628571428571429,0.9307891999072635
segment,exp,102,274,0.004933731299229164,0.9770186335403727,0.008879302128892905,0.9628571428571429,0.930702619283401
segment,exp,102,275,0.0040909009693799875,0.9832298136645963,0.007915223660922718,0.9657142857142857,0.9306198636880674
segment,exp,102,276,0.008379904251418846,0.9602484472049689,0.012333046567446451,0.9428571428571428,0.9324789835985148
segment,exp,102,277,0.006187500997368279,0.9757763975155279,0.008669883242304796,0.9542857142857143,0.9314239925152741
segment,exp,102,278,0.004353794939544573,0.9807453416149068,0.007833650493300882,0.96,0.9303802248632042
segment,exp,102,279,0.005927530590646209,0.9726708074534162,0.00850426291655566,0.9571428571428572,0.932274508332023
segment,exp,102,280,0.004251673358910259,0.9819875776397515,0.008166017632042555,0.9628571428571429,0.9302853214914327
segment,exp,102,281,0.008983605174319677,0.9602484472049689,0.010975634753147315,0.9542857142857143,0.9318787289112546
segment,exp,102,282,0.004198886586073316,0.9819875776397515,0.008274521093633806,0.9628571428571429,0.9301542488415259
segment,exp,102,283,0.0046746998938272675,0.9807453416149068,0.008327164386091492,0.9571428571428572,0.9304774305968893
segment,exp,102,284,0.003987988142348697,0.9826086956521739,0.007952049268391236,0.9657142857142857,0.930054117062959
segment,exp,102,285,0.004097546536871714,0.9813664596273292,0.007949002765572671,0.9628571428571429,0.9301102948744359
segment,exp,102,286,0.004009386506321523,0.9838509316770186,0.007956088669809347,0.9685714285714285,0.9299304930885259
segment,exp,102,287,0.004195368288024954,0.9807453416149068,0.008067571897494883,0.9628571428571429,0.9302166609617675
segment,exp,102,288,0.004187545048447464,0.984472049689441,0.007985679595380804,0.96,0.9308239587829856
segment,exp,102,289,0.004069065374874641,0.9838509316770186,0.00815486769958908,0.9657142857142857,0.929775560122181
segment,exp,102,290,0.004624822510245244,0.9795031055900622,0.008675730583123662,0.9628571428571429,0.9325055536052189
segment,exp,102,291,0.0039584722465193355,0.984472049689441,0.008037757441670103,0.9657142857142857,0.9297950207023313
segment,exp,102,292,0.003980360158572567,0.9826086956521739,0.007691967611635003,0.9657142857142857,0.9297670982993191
segment,exp,102,293,0.004045942979089854,0.9832298136645963,0.007840850620526084,0.9657142857142857,0.9296363557910383
segment,exp,102,294,0.003955862083777527,0.9819875776397515,0.007880256053686654,0.9657142857142857,0.9294796112607349
segment,exp,102,295,0.004261768697952686,0.9807453416149068,0.008495258951545853,0.96,0.9293957255021409
segment,exp,102,296,0.004090497360826405,0.9826086956521739,0.007755101247948953,0.9657142857142857,0.9293504377921817
segment,exp,102,297,0.003897518930157485,0.9826086956521739,0.007823621699226404,0.9657142857142857,0.9293534623331764
segment,exp,102,298,0.005107073347057292,0.9801242236024845,0.008832016251819307,0.9571428571428572,0.9300055073593386
segment,exp,102,299,0.005847718651121789,0.977639751552795,0.008800494765936594,0.96,0.9302734246290746
segment,exp,102,300,0.004029050021920631,0.9826086956521739,0.007797701631429788,0.9657142857142857,0.9291331966822113
segment,exp,102,301,0.003929254633579766,0.9832298136645963,0.00799611508187056,0.9657142857142857,0.931762044367504
segment,exp,102,302,0.00572263712691911,0.9745341614906833,0.008741612462279603,0.9571428571428572,0.9291670503582028
segment,exp,102,303,0.004513939051027833,0.9819875776397515,0.008139651679880096,0.9628571428571429,0.9310901035209088
segment,exp,102,304,0.003915266963149136,0.9826086956521739,0.00799980916026464,0.9657142857142857,0.9302947161875286
segment,exp,102,305,0.0038787690474416836,0.9832298136645963,0.007893268687248302,0.9657142857142857,0.9288199357568149
segment,exp,102,306,0.004188120154106146,0.9813664596273292,0.008717707919028239,0.96,0.9290557599887057
segment,exp,102,307,0.004010627121687502,0.9838509316770186,0.008234188176237592,0.9628571428571429,0.9286738031110982
segment,exp,102,308,0.007477085432564408,0.9652173913043478,0.011093717160652121,0.9514285714285714,0.9292921249375801
segment,exp,102,309,0.0039954440887462715,0.9832298136645963,0.008358982261611494,0.9628571428571429,0.9285465152559633
segment,exp,102,310,0.00398643737402257,0.9832298136645963,0.008257847337526244,0.9628571428571429,0.9284684930426077
segment,exp,102,311,0.004284992199077365,0.9801242236024845,0.008799510232045744,0.96,0.9296731710024418
segment,exp,102,312,0.003871263541453673,0.9838509316770186,0.008148741076465639,0.9657142857142857,0.9285019730670446
segment,exp,102,313,0.003763841279367456,0.9832298136645963,0.007779765055604629,0.9657142857142857,0.9283739825305155
segment,exp,102,314,0.005123918052291805,0.9763975155279503,0.008532347953925804,0.9628571428571429,0.9285763586752774
segment,exp,102,315,0.004161114661524216,0.9832298136645963,0.008591740452011661,0.9628571428571429,0.928277497374268
segment,exp,102,316,0.0038047978283105967,0.9838509316770186,0.008091189185694327,0.9657142857142857,0.9282163485603736
segment,exp,102,317,0.005069029255524735,0.9801242236024845,0.008394666825377832,0.9628571428571429,0.9298401806833465
segment,exp,102,318,0.004029407635009638,0.9819875776397515,0.007776125374940292,0.9628571428571429,0.928102354720062
segment,exp,102,319,0.003942013443408395,0.9869565217391304,0.007786452504257046,0.9742857142857143,0.9291610909123021
segment,exp,102,320,0.0056933725161971305,0.9757763975155279,0.01025239301519663,0.96,0.9285935426548284
segment,exp,102,321,0.006190155837090528,0.9751552795031055,0.008876943693875847,0.9628571428571429,0.9290522328353261
segment,exp,102,322,0.004407647473396472,0.984472049689441,0.008474140429644807,0.96,0.9283623173446608
segment,exp,102,323,0.004076154149008692,0.9838509316770186,0.008363161292053008,0.9628571428571429,0.9279648646108644
segment,exp,102,324,0.0039933528392698345,0.984472049689441,0.008045066839806585,0.9657142857142857,0.9285614506356377
segment,exp,102,325,0.003672522666999681,0.9850931677018634,0.008058310486544226,0.9657142857142857,0.9276394183467704
segment,exp,102,326,0.0037390692276705415,0.984472049689441,0.008186234202267632,0.9657142857142857,0.927532315695629
segment,exp,102,327,0.0036492161695063086,0.984472049689441,0.007908430844552372,0.9685714285714285,0.9274834765411366
segment,exp,102,328,0.004017126711537616,0.9826086956521739,0.007911030411226275,0.9657142857142857,0.9288440032895183
segment,exp,102,329,0.0057136649257553355,0.9751552795031055,0.010309813415061746,0.9514285714285714,0.9276525063985094
segment,exp,102,330,0.009421681440795941,0.9565217391304348,0.012714320621891621,0.9485714285714286,0.9278870294611121
segment,exp,102,331,0.0047523567987187865,0.9826086956521739,0.008247742305372865,0.9628571428571429,0.9283331864697292
segment,exp,102,332,0.003976489190027075,0.9826086956521739,0.008465674708919476,0.9628571428571429,0.92715682349051
segment,exp,102,333,0.003755708618355585,0.9869565217391304,0.007947616417457663,0.9628571428571429,0.928394764860405
segment,exp,102,334,0.003860446416083037,0.984472049689441,0.0077557520189289,0.9628571428571429,0.9270745995722584
segment,exp,102,335,0.0038304583096186303,0.9838509316770186,0.008309425562860429,0.9628571428571429,0.9271283113077305
segment,exp,102,336,0.0040656815613994285,0.9838509316770186,0.008009916071741148,0.9628571428571429,0.9270339339981594
segment,exp,102,337,0.0036870746347044524,0.9838509316770186,0.007813712260741597,0.9657142857142857,0.9269731804462008
segment,exp,102,338,0.003634889436060045,0.9838509316770186,0.008098688095597713,0.96,0.9269496852724722
segment,exp,102,339,0.0037271008137609246,0.9838509316770186,0.008316016625832198,0.9628571428571429,0.9268404578098927
segment,exp,102,340,0.0037455060294521404,0.9838509316770186,0.008408806981650316,0.9628571428571429,0.9267727130882397
segment,exp,102,341,0.004064059812707257,0.9807453416149068,0.008642593203356422,0.9628571428571429,0.9267057226747061
segment,exp,102,342,0.003931144659424592,0.9826086956521739,0.007874827638500337,0.9657142857142857,0.9267474724982785
segment,exp,102,343,0.0049516305793400805,0.9826086956521739,0.008799574951851474,0.9657142857142857,0.9288140222749404
segment,exp,102,344,0.006739326333878275,0.968944099378882,0.011350644313385286,0.9514285714285714,0.9266670046836524
segment,exp,102,345,0.006227315256202933,0.970807453416149,0.010974045485412056,0.9514285714285714,0.9268630630002709
segment,exp,102,346,0.0039000606514515927,0.9832298136645963,0.008301296364384675,0.9628571428571429,0.9276364430995256
segment,exp,102,347,0.003729875345938441,0.984472049689441,0.007729042327152796,0.9657142857142857,0.9264078070416943
segment,exp,102,348,0.01133155667391124,0.9484472049689441,0.014913397641366758,0.9342857142857143,0.9287922185435615
segment,exp,102,349,0.003542446369655178,0.9869565217391304,0.008050963290074464,0.9657142857142857,0.9263520907480144
segment,exp,102,350,0.003436099823108532,0.9875776397515528,0.007907602134299028,0.9685714285714285,0.9261821256081956
segment,exp,103,1,0.10998554955554544,0.30559006211180123,0.10949409749758733,0.3142857142857143,0.9945995397232993
segment,exp,103,2,0.08984562128419839,0.5633540372670808,0.08955428176159987,0.58,0.9852410860829227
segment,exp,103,3,0.1040149414717864,0.45590062111801244,0.10326752685436248,0.4542857142857143,0.9874231664884631
segment,exp,103,4,0.07040952472883805,0.5608695652173913,0.06876340377051204,0.5914285714285714,0.9811764941804664
segment,exp,103,5,0.043559004793667415,0.8322981366459627,0.04229501729420691,0.8228571428571428,0.9783921447859828
segment,exp,103,6,0.035392353555062685,0.8596273291925466,0.03510415286442116,0.8571428571428571,0.9767261840008362
segment,exp,103,7,0.027670371492386717,0.9031055900621118,0.02775016838304848,0.9028571428571428,0.9743489744571378
segment,exp,103,8,0.027820585483768513,0.9,0.028488246340586616,0.8942857142857142,0.9714015519113487
segment,exp,103,9,0.04004635516199715,0.8416149068322981,0.04284524073417855,0.8171428571428572,0.972997352199697
segment,exp,103,10,0.021644432761569788,0.9124223602484473,0.02226165695448243,0.9142857142857143,0.9685815606846091
segment,exp,103,11,0.03326508378575811,0.8919254658385093,0.036317882069727296,0.8714285714285714,0.9713081514964419
segment,exp,103,12,0.022464475628540703,0.9080745341614906,0.023011183498616607,0.9028571428571428,0.9676638238153321
segment,exp,103,13,0.01999054478413273,0.9180124223602485,0.020863820551864143,0.9114285714285715,0.9668569358325633
segment,exp,103,14,0.0181332578504697,0.929192546583851,0.019862194340237393,0.9142857142857143,0.9662417368385423
segment,exp,103,15,0.019107265833800697,0.9229813664596274,0.020919316590857162,0.9142857142857143,0.9682322247219455
segment,exp,103,16,0.018576355396617686,0.9254658385093167,0.020134421323757458,0.9171428571428571,0.9662678657115411
segment,exp,103,17,0.01837802279669405,0.9267080745341615,0.019800166536934664,0.9171428571428571,0.9663421921535748
segment,exp,103,18,0.016747806754975992,0.9347826086956522,0.018206953234287452,0.9257142857142857,0.9640924332261128
segment,exp,103,19,0.018007266002635115,0.9217391304347826,0.018913599592112453,0.9142857142857143,0.9642169158951828
segment,exp,103,20,0.01691974552285873,0.9285714285714286,0.01896770378915536,0.9228571428571428,0.963347063320703
segment,exp,103,21,0.016501720772285518,0.9366459627329192,0.018393895084973355,0.9314285714285714,0.9638332088858754
segment,exp,103,22,0.01943815220658688,0.915527950310559,0.0203003185874454,0.9171428571428571,0.9662500458873376
segment,exp,103,23,0.01684755291741714,0.9298136645962732,0.01809573396025187,0.92,0.9618951171399918
segment,exp,103,24,0.016763894682498014,0.9341614906832298,0.018240281019354095,0.9257142857142857,0.9633158722239877
segment,exp,103,25,0.015224588742880048,0.9335403726708075,0.017118080625285217,0.9228571428571428,0.9610689671555324
segment,exp,103,26,0.01632086509230361,0.9273291925465839,0.017711062835406678,0.9171428571428571,0.9615409080537779
segment,exp,103,27,0.017033320440133393,0.9347826086956522,0.019247002881672547,0.9257142857142857,0.9657818978735501
segment,exp,103,28,0.016173397598453428,0.9279503105590062,0.017413185947080682,0.92,0.9615719724837625
segment,exp,103,29,0.02088866937608504,0.9037267080745341,0.020947439528526506,0.9142857142857143,0.9621833016872725
segment,exp,103,30,0.015262253403483096,0.9403726708074535,0.017347356762849996,0.9314285714285714,0.9616443687807911
segment,exp,103,31,0.014174742776188956,0.94472049689441,0.01669848448952275,0.9314285714285714,0.959165038364545
segment,exp,103,32,0.014828385442063326,0.9316770186335404,0.0170699842205578,0.92,0.9610191237732776
segment,exp,103,33,0.013749494860608308,0.9453416149068323,0.016030384941623725,0.9342857142857143,0.9601285426992985
segment,exp,103,34,0.01553795300478335,0.9434782608695652,0.01758226800408335,0.9285714285714286,0.9628158632219943
segment,exp,103,35,0.014784557828570476,0.9366459627329192,0.016502478867749967,0.9228571428571428,0.9620043723919947
segment,exp,103,36,0.019550723715417755,0.9130434782608695,0.022785239994949944,0.9,0.9591694398125736
segment,exp,103,37,0.013204584088627997,0.937888198757764,0.01532078788064197,0.9342857142857143,0.9590846688385248
segment,exp,103,38,0.015031406482058824,0.9360248447204969,0.016594315722047406,0.9257142857142857,0.9578314041770587
segment,exp,103,39,0.02288840771226941,0.9124223602484473,0.0261356528093974,0.9,0.9578915071123368
segment,exp,103,40,0.014867488385837131,0.94472049689441,0.01772290927175654,0.9285714285714286,0.9567812598942301
segment,exp,103,41,0.012761152846144508,0.9409937888198758,0.01487044936671002,0.9285714285714286,0.9563587754478844
segment,exp,103,42,0.013952391498442983,0.9360248447204969,0.01555560688891178,0.9285714285714286,0.9570230693494518
segment,exp,103,43,0.012337900089118382,0.9472049689440993,0.014890952329620958,0.94,0.9559259045840961
segment,exp,103,44,0.014572111365241861,0.931055900621118,0.016993654552886935,0.9228571428571428,0.9580078796875964
segment,exp,103,45,0.012859961862671338,0.9490683229813665,0.01577055179960023,0.9342857142857143,0.9554759046308332
segment,exp,103,46,0.01219086669435312,0.9440993788819876,0.014803080107036931,0.9342857142857143,0.9569441126575361
segment,exp,103,47,0.01875400564425306,0.9142857142857143,0.022055606072417352,0.8971428571428571,0.9570626332445924
segment,exp,103,48,0.013094441159150944,0.9403726708074535,0.015161272623597226,0.9314285714285714,0.9565953179867721
segment,exp,103,49,0.011807963913124478,0.9509316770186336,0.014718121704692924,0.94,0.9548351501260284
segment,exp,103,50,0.013222463005231097,0.9372670807453416,0.015435445605978152,0.9285714285714286,0.9554407253649309
segment,exp,103,51,0.011882502599029695,0.9503105590062112,0.015005124090972414,0.9371428571428572,0.9540511473049889
segment,exp,103,52,0.011636874594746799,0.9521739130434783,0.014272086115652755,0.94,0.9565861097517475
segment,exp,103,53,0.012137469608528205,0.9409937888198758,0.014252159703039176,0.9342857142857143,0.9537749358164436
segment,exp,103,54,0.01160366841970501,0.9521739130434783,0.014861168972225976,0.9371428571428572,0.9554327220830439
segment,exp,103,55,0.012773790219219655,0.9472049689440993,0.016209771947285304,0.9285714285714286,0.9542027057175106
segment,exp,103,56,0.011382588608401498,0.9490683229813665,0.014160920403903599,0.9428571428571428,0.9535627228447354
segment,exp,103,57,0.014065250336719829,0.9316770186335404,0.016400660070051424,0.9171428571428571,0.9543514497671614
segment,exp,103,58,0.010907604086673925,0.9540372670807453,0.013681600463910074,0.9371428571428572,0.954202954750552
segment,exp,103,59,0.01130071683276768,0.9484472049689441,0.014111206765284436,0.9257142857142857,0.9531478834726086
segment,exp,103,60,0.011692829502229113,0.953416149068323,0.014361171971622646,0.9342857142857143,0.9537370147235095
segment,exp,103,61,0.012622258559052264,0.9472049689440993,0.015013458014403363,0.94,0.9554054670632022
segment,exp,103,62,0.010623852440111407,0.9527950310559006,0.014109119119973486,0.94,0.9523372020854574
segment,exp,103,63,0.013983034888091012,0.9354037267080745,0.017450310708970476,0.9228571428571428,0.9525760604320254
segment,exp,103,64,0.011038495835076663,0.9484472049689441,0.013275854631764332,0.9428571428571428,0.9527350323383112
segment,exp,103,65,0.011015897259648598,0.9509316770186336,0.014450927988789393,0.94,0.9514045179545959
segment,exp,103,66,0.010321287214517813,0.953416149068323,0.013320107326452462,0.94,0.951292988325386
segment,exp,103,67,0.010420490515138768,0.9503105590062112,0.01322474099887634,0.9342857142857143,0.951117736083628
segment,exp,103,68,0.010591221470770561,0.9546583850931677,0.013671244534457368,0.9342857142857143,0.9513518424438658
segment,exp,103,69,0.01016967498153128,0.9521739130434783,0.013158947260010623,0.9342857142857143,0.9507672601578869
segment,exp,103,70,0.009995910072167772,0.9552795031055901,0.013010059829763969,0.9428571428571428,0.950507003657841
segment,exp,103,71,0.01267859391411906,0.9416149068322981,0.01636645920018297,0.9342857142857143,0.9510471138833679
segment,exp,103,72,0.01110503676662284,0.9472049689440993,0.014527313507907813,0.9314285714285714,0.952213611015888
segment,exp,103,73,0.011060306188678842,0.9496894409937888,0.014837853203330583,0.9371428571428572,0.9506885582331895
segment,exp,103,74,0.010027386591066494,0.9552795031055901,0.012894839089387322,0.9514285714285714,0.9503097315852124
segment,exp,103,75,0.010262937398777938,0.9527950310559006,0.012940386593258645,0.9457142857142857,0.9501512003912523
segment,exp,103,76,0.017533198496745433,0.9229813664596274,0.018490290225793973,0.9342857142857143,0.9520979274418221
segment,exp,103,77,0.01009284673649051,0.9590062111801242,0.013223194473403966,0.9485714285714286,0.950978406254489
segment,exp,103,78,0.009547207893050424,0.9577639751552796,0.012900091089863347,0.9428571428571428,0.9490503681990652
segment,exp,103,79,0.010050557203611643,0.9602484472049689,0.01300445611093873,0.9514285714285714,0.9504812742973624
segment,exp,103,80,0.012454506479110993,0.9465838509316771,0.014762154777425252,0.9457142857142857,0.9503443296266116
segment,exp,103,81,0.014603927817844793,0.9347826086956522,0.01639443654405524,0.9371428571428572,0.951091186779691
segment,exp,103,82,0.009567976305271036,0.9583850931677018,0.012666296323769768,0.9457142857142857,0.9489994698487093
segment,exp,103,83,0.013714396522168862,0.9360248447204969,0.01563067036433645,0.9314285714285714,0.9489892050084586
segment,exp,103,84,0.009247700340439794,0.9577639751552796,0.012275654478675523,0.9485714285714286,0.948323701088189
segment,exp,103,85,0.009249791715470619,0.9571428571428572,0.011925766365786834,0.9485714285714286,0.9479599175072415
segment,exp,103,86,0.009888456405888021,0.9546583850931677,0.013257492092309229,0.9457142857142857,0.9481549356384956
segment,exp,103,87,0.010432761190312745,0.9465838509316771,0.013809645681401273,0.9428571428571428,0.9494485603271637
segment,exp,103,88,0.009574741203344093,0.9577639751552796,0.012885900839659981,0.9485714285714286,0.9487760601312382
segment,exp,103,89,0.008788340844258988,0.962111801242236,0.011914395668625238,0.9514285714285714,0.9472857954710096
segment,exp,103,90,0.008779159409999045,0.9596273291925466,0.011877251024512413,0.9485714285714286,0.948441570349052
segment,exp,103,91,0.008860858300715474,0.9590062111801242,0.012121057201163818,0.9485714285714286,0.9471307588286499
segment,exp,103,92,0.008994650522978721,0.9559006211180124,0.012053821475478243,0.9457142857142857,0.9469145442791533
segment,exp,103,93,0.009331680357809298,0.962111801242236,0.012184811056853208,0.9485714285714286,0.9483533868219886
segment,exp,103,94,0.00907166546686837,0.9614906832298137,0.012395299701365308,0.9457142857142857,0.9466439179007571
segment,exp,103,95,0.013453156318629948,0.9316770186335404,0.016944908212767392,0.9228571428571428,0.9473395780190105
segment,exp,103,96,0.008724002780652128,0.9608695652173913,0.01222994822057401,0.9485714285714286,0.9479831264074551
segment,exp,103,97,0.009285354870426945,0.9546583850931677,0.012415226760737681,0.9428571428571428,0.9463231256316827
segment,exp,103,98,0.008429813084702793,0.9614906832298137,0.01178956779993199,0.9514285714285714,0.9460686272423637
segment,exp,103,99,0.008693441971690146,0.9583850931677018,0.012114764760987605,0.9485714285714286,0.9460261454846555
segment,exp,103,100,0.009551121676443388,0.9590062111801242,0.012540171538854597,0.94,0.9481996236941037
segment,exp,103,101,0.008329801623347344,0.962111801242236,0.011728242334282879,0.9542857142857143,0.9456543314946064
segment,exp,103,102,0.008355266720213321,0.9627329192546584,0.01162693228278013,0.9485714285714286,0.9453920685925243
segment,exp,103,103,0.010063907322756194,0.9509316770186336,0.013571576720741283,0.94,0.9469275740596681
segment,exp,103,104,0.012592402876021029,0.9354037267080745,0.01606719644697476,0.9257142857142857,0.9467025310093692
segment,exp,103,105,0.008516435668773806,0.9645962732919254,0.011949040985217395,0.9457142857142857,0.9464322981180275
segment,exp,103,106,0.01574231130586494,0.9236024844720497,0.01944779248357306,0.9142857142857143,0.946069496041365
segment,exp,103,107,0.008073640193972366,0.968944099378882,0.011409961216753813,0.9514285714285714,0.94477207656193
segment,exp,103,108,0.007970095655051652,0.9633540372670808,0.011676301778564257,0.9514285714285714,0.9446709943942186
segment,exp,103,109,0.010260816344300157,0.953416149068323,0.013980761084819784,0.94,0.9454734422358662
segment,exp,103,110,0.009684656625497808,0.9652173913043478,0.01287652832244316,0.94,0.946260773461027
segment,exp,103,111,0.00810044781058312,0.968944099378882,0.01161559265798341,0.9457142857142857,0.9448327887849396
segment,exp,103,112,0.010179085907862458,0.9503105590062112,0.01372403704084715,0.9428571428571428,0.9442107212318688
segment,exp,103,113,0.007991897811586587,0.9670807453416149,0.011661428812969528,0.9457142857142857,0.9436619735138735
segment,exp,103,114,0.011206682770804017,0.9459627329192547,0.014540353917981547,0.9342857142857143,0.9437858005993062
segment,exp,103,115,0.007747255995206744,0.9720496894409938,0.011239635065206194,0.9542857142857143,0.9449560926848286
segment,exp,103,116,0.008507175860383867,0.9677018633540373,0.011709930730535435,0.9514285714285714,0.9438481834762658
segment,exp,103,117,0.008030816455693295,0.9658385093167702,0.01178001313378187,0.9542857142857143,0.9438175876824226
segment,exp,103,118,0.00718794218735512,0.9714285714285714,0.01110489828304854,0.9514285714285714,0.9428264581071836
segment,exp,103,119,0.007110854879150191,0.9714285714285714,0.011050528398546098,0.9542857142857143,0.9427127743482899
segment,exp,103,120,0.007011995437967502,0.968944099378882,0.010969640900689854,0.9542857142857143,0.9426515054880458
segment,exp,103,121,0.007622407914518696,0.9695652173913043,0.011389041682334969,0.9485714285714286,0.942416581623669
segment,exp,103,122,0.006868060245954055,0.9732919254658385,0.010747666004006368,0.96,0.9422721545426187
segment,exp,103,123,0.013431656798536412,0.9453416149068323,0.015446631513721509,0.9371428571428572,0.9432083877736718
segment,exp,103,124,0.008725981902728304,0.968944099378882,0.011548191836846496,0.9514285714285714,0.943603896855351
segment,exp,103,125,0.010662713437911165,0.9496894409937888,0.014365131108307826,0.9371428571428572,0.94359299319589
segment,exp,103,126,0.010853615040093613,0.9602484472049689,0.0141179277871012,0.9514285714285714,0.9447086357418505
segment,exp,103,127,0.009394171124235417,0.9583850931677018,0.01270056221117107,0.9457142857142857,0.9419673967901873
segment,exp,103,128,0.0071364356521529644,0.970807453416149,0.010918643215954005,0.9542857142857143,0.9431494460467147
segment,exp,103,129,0.007115387038145181,0.9695652173913043,0.010936377816670177,0.9485714285714286,0.9413187228433424
segment,exp,103,130,0.00684223335851189,0.9732919254658385,0.01067081449878971,0.9542857142857143,0.9439005852065935
segment,exp,103,131,0.0068172152874919935,0.9732919254658385,0.010807222527698944,0.9628571428571429,0.9414168828956101
segment,exp,103,132,0.0066006574466810864,0.9739130434782609,0.010486304529252144,0.9542857142857143,0.9409072003212611
segment,exp,103,133,0.01669042539629115,0.9304347826086956,0.0201420369447611,0.9114285714285715,0.9422103597683167
segment,exp,103,134,0.007929064047221282,0.968944099378882,0.011413606374094854,0.9428571428571428,0.9410936885235084
segment,exp,103,135,0.009078431352668377,0.9583850931677018,0.011964363286316965,0.9485714285714286,0.9408159868176729
segment,exp,103,136,0.006553445750916683,0.9732919254658385,0.010283968838908605,0.9571428571428572,0.9403363960588196
segment,exp,103,137,0.0076857786603273205,0.970807453416149,0.011162683652173027,0.9485714285714286,0.9407326396741328
segment,exp,103,138,0.008745963726689574,0.9614906832298137,0.012440567851151866,0.9485714285714286,0.9409937431396991
segment,exp,103,139,0.006867403275900236,0.968944099378882,0.010434508644871979,0.9485714285714286,0.9415815002802939
segment,exp,103,140,0.006278246065837537,0.9751552795031055,0.010041570808822998,0.9571428571428572,0.9397646708807891
segment,exp,103,141,0.00614682939089173,0.9745341614906833,0.010265910287919967,0.9571428571428572,0.939769998469826
segment,exp,103,142,0.0073738169438874734,0.9757763975155279,0.011189053319612103,0.9542857142857143,0.9398971155741529
segment,exp,103,143,0.006249717261885616,0.9745341614906833,0.010356198276674345,0.9571428571428572,0.9396099838458646
segment,exp,103,144,0.0061329545607138585,0.9751552795031055,0.010068512216324281,0.9571428571428572,0.9393241079968403
segment,exp,103,145,0.006028771646511445,0.9739130434782609,0.010105835356731586,0.9571428571428572,0.9391899430709938
segment,exp,103,146,0.00762679852625563,0.9683229813664597,0.011294595103275698,0.9542857142857143,0.9396832297123017
segment,exp,103,147,0.008761615811833717,0.9614906832298137,0.011157870279793397,0.9457142857142857,0.9398253657554334
segment,exp,103,148,0.007299266552475763,0.9683229813664597,0.01082110041733272,0.9457142857142857,0.9391260263085109
segment,exp,103,149,0.006281838968001479,0.9745341614906833,0.010397042542267363,0.9514285714285714,0.9390993538531331
segment,exp,103,150,0.00686953627947076,0.9695652173913043,0.010822258210592624,0.9514285714285714,0.9387832886349977
segment,exp,103,151,0.007859642664864844,0.9652173913043478,0.01129468730005613,0.9514285714285714,0.9391553794837451
segment,exp,103,152,0.01015709371359301,0.9496894409937888,0.013300174544186924,0.9371428571428572,0.9392851482632374
segment,exp,103,153,0.005857480586159747,0.9751552795031055,0.009891907834966174,0.9571428571428572,0.9383446128044014
segment,exp,103,154,0.00605154552004486,0.9726708074534162,0.009942809586550298,0.9542857142857143,0.9385961307751384
segment,exp,103,155,0.012712201896773525,0.9422360248447205,0.015444115027384945,0.9314285714285714,0.94077321416656
segment,exp,103,156,0.006149712224785028,0.9739130434782609,0.00996610084285846,0.9542857142857143,0.9383900255288173
segment,exp,103,157,0.006244686567523141,0.9739130434782609,0.010229521547876876,0.9514285714285714,0.9378719835215606
segment,exp,103,158,0.005795690234874129,0.9751552795031055,0.009739081529011264,0.9571428571428572,0.9379493332640272
segment,exp,103,159,0.006089828858490176,0.9726708074534162,0.009890911901216293,0.9542857142857143,0.9377238237541649
segment,exp,103,160,0.006326302897560191,0.9726708074534162,0.010355562949137035,0.9514285714285714,0.9375989127500318
segment,exp,103,161,0.005900902370459042,0.9751552795031055,0.009579716374043463,0.9542857142857143,0.9375152032563868
segment,exp,103,162,0.005921774765348192,0.9745341614906833,0.009640229604672368,0.9571428571428572,0.9374395552061192
segment,exp,103,163,0.00660888871026176,0.9720496894409938,0.010381039846650357,0.9542857142857143,0.9382269986758878
segment,exp,103,164,0.005634177911534546,0.9763975155279503,0.009707117649313413,0.96,0.9372796863239953
segment,exp,103,165,0.005629013183890969,0.9770186335403727,0.009657329336601107,0.96,0.9372326318150996
segment,exp,103,166,0.00567137182452231,0.9751552795031055,0.009519174657843268,0.9571428571428572,0.9371680930115093
segment,exp,103,167,0.005739809516960749,0.9751552795031055,0.009647465842855332,0.9571428571428572,0.9370726576131029
segment,exp,103,168,0.005524950228350152,0.9795031055900622,0.009446564627050189,0.96,0.9368289020404168
segment,exp,103,169,0.006310932376417296,0.9732919254658385,0.010404777095818041,0.9514285714285714,0.9369346793211561
segment,exp,103,170,0.005504843255837572,0.9763975155279503,0.009571230205710077,0.96,0.9366728400119078
segment,exp,103,171,0.005560143908979779,0.9751552795031055,0.009489142327934776,0.9571428571428572,0.9366498877553912
segment,exp,103,172,0.006064926033824769,0.9732919254658385,0.010198141673053347,0.9514285714285714,0.9366733939415999
segment,exp,103,173,0.007655437789386582,0.9633540372670808,0.011596088657481775,0.9485714285714286,0.9370536632385574
segment,exp,103,174,0.005385532012080255,0.9770186335403727,0.009420460062798033,0.96,0.9390433769028834
segment,exp,103,175,0.005541219446059992,0.9757763975155279,0.009712413673780507,0.9542857142857143,0.9362523726949826
segment,exp,103,176,0.0058735919527258965,0.9739130434782609,0.009747379231715276,0.9571428571428572,0.9365430133970416
segment,exp,103,177,0.005438628376226785,0.9757763975155279,0.00947051080007707,0.9571428571428572,0.9360437281863548
segment,exp,103,178,0.005384172365779998,0.977639751552795,0.009449970948026338,0.96,0.93597327044249
segment,exp,103,179,0.007053095400690777,0.9677018633540373,0.011134728254885352,0.9514285714285714,0.9362068370500388
segment,exp,103,180,0.005545071469205844,0.9763975155279503,0.009628206765594395,0.9542857142857143,0.9358607501364172
segment,exp,103,181,0.005264967768863501,0.9763975155279503,0.009436566918131606,0.9571428571428572,0.93707359739909
segment,exp,103,182,0.0053933844572704006,0.9770186335403727,0.0094848022067701,0.9571428571428572,0.9356655433694216
segment,exp,103,183,0.00599498554693618,0.9732919254658385,0.009932449325889837,0.9514285714285714,0.9356001131569615
segment,exp,103,184,0.0053029664365994225,0.9782608695652174,0.009364880657423707,0.9542857142857143,0.9355747376355493
segment,exp,103,185,0.00716500894023694,0.968944099378882,0.01139928761356681,0.9514285714285714,0.9366186592129089
segment,exp,103,186,0.005201943855586974,0.977639751552795,0.009324865988976984,0.9571428571428572,0.9352813279712598
segment,exp,103,187,0.00554519079987602,0.9751552795031055,0.009576769486884953,0.9571428571428572,0.9354371518586867
segment,exp,103,188,0.006319369959268141,0.9701863354037267,0.010321289457672779,0.9485714285714286,0.935392195593275
segment,exp,103,189,0.005203494954530313,0.9782608695652174,0.00929086988008176,0.96,0.93537931698111
segment,exp,103,190,0.005438000736594733,0.9757763975155279,0.009640135361384628,0.9571428571428572,0.9349743136107327
segment,exp,103,191,0.005139596027745152,0.977639751552795,0.009259387365323566,0.9571428571428572,0.9350073352931894
segment,exp,103,192,0.005286611409323783,0.977639751552795,0.009365900738215915,0.96,0.9349965860142327
segment,exp,103,193,0.00521650673287719,0.977639751552795,0.00934151728338812,0.9571428571428572,0.9347652688662069
segment,exp,103,194,0.00514546602756961,0.9770186335403727,0.009303245842302897,0.9571428571428572,0.9346177553626424
segment,exp,103,195,0.005973294558526408,0.9745341614906833,0.010032565079995321,0.9485714285714286,0.9346760224485823
segment,exp,103,196,0.005413893875150383,0.9770186335403727,0.009461618581837722,0.9542857142857143,0.9345596591570743
segment,exp,103,197,0.007258735078892853,0.9633540372670808,0.01122161164757504,0.9514285714285714,0.9346554994649892
segment,exp,103,198,0.00616668245106496,0.9726708074534162,0.009649605687470147,0.9485714285714286,0.9344123008808054
segment,exp,103,199,0.005187453073021979,0.9782608695652174,0.009518351269069456,0.9571428571428572,0.9355753493174347
segment,exp,103,200,0.005105378942636067,0.9763975155279503,0.009278199735622527,0.9571428571428572,0.9341651737862952
segment,exp,103,201,0.005117712633558822,0.9770186335403727,0.009414009324229535,0.9571428571428572,0.9340964374180752
segment,exp,103,202,0.005808274047952706,0.9726708074534162,0.009708808415588164,0.9542857142857143,0.9341846046242143
segment,exp,103,203,0.008806007063039106,0.9602484472049689,0.012318029003418421,0.94,0.9344988799017582
segment,exp,103,204,0.008063241714159852,0.9639751552795031,0.011128189779265581,0.9514285714285714,0.9348600756012504
segment,exp,103,205,0.00548536002399323,0.9757763975155279,0.009468949087183157,0.9542857142857143,0.9351377798186078
segment,exp,103,206,0.004997517736060159,0.977639751552795,0.009244275825628348,0.96,0.933880139984844
segment,exp,103,207,0.005412840924194146,0.9745341614906833,0.009541765212298728,0.9542857142857143,0.9336663027169587
segment,exp,103,208,0.005094484844344871,0.9763975155279503,0.009311018091163659,0.9542857142857143,0.9336278410900263
segment,exp,103,209,0.011814756484621722,0.94472049689441,0.01481534761148629,0.9314285714285714,0.9345070205415359
segment,exp,103,210,0.0050740047136589505,0.9795031055900622,0.009387250658667532,0.9542857142857143,0.9333861999091065
segment,exp,103,211,0.004865325325124026,0.9788819875776398,0.009102513833959786,0.96,0.9333719649012496
segment,exp,103,212,0.0048501239563743725,0.9782608695652174,0.009022546803723948,0.96,0.9332996939376667
segment,exp,103,213,0.005122269435265404,0.9763975155279503,0.009163758470598493,0.9542857142857143,0.9331812306706186
segment,exp,103,214,0.005829313706446109,0.9763975155279503,0.009941146713213847,0.9514285714285714,0.9340833435802249
segment,exp,103,215,0.005149858172523881,0.977639751552795,0.009450392639420567,0.9542857142857143,0.9331500163462617
segment,exp,103,216,0.004864020052830077,0.9801242236024845,0.009220606466028286,0.96,0.932971206585682
segment,exp,103,217,0.004880253621979356,0.9795031055900622,0.009306359110812,0.96,0.9329199526768714
segment,exp,103,218,0.005344908016319324,0.9757763975155279,0.009323335521459763,0.9542857142857143,0.9341714581163959
segment,exp,103,219,0.006818515228611827,0.9677018633540373,0.010980974331004268,0.9514285714285714,0.933103850317826
segment,exp,103,220,0.004780398332579172,0.9788819875776398,0.008962569578336677,0.96,0.9327082021439714
segment,exp,103,221,0.007170082990428623,0.9664596273291925,0.010530104770479295,0.9485714285714286,0.9331696044487674
segment,exp,103,222,0.004851979814400948,0.977639751552795,0.009167336057987176,0.96,0.932553372827051
segment,exp,103,223,0.005182147865149557,0.9763975155279503,0.009529784292655082,0.9542857142857143,0.9325466684053946
segment,exp,103,224,0.004969763446491115,0.9770186335403727,0.009258500766456606,0.9571428571428572,0.9324264915878432
segment,exp,103,225,0.004819360100790084,0.9782608695652174,0.008924431734250223,0.96,0.9323189392623261
segment,exp,103,226,0.004717025661389958,0.9801242236024845,0.00897225277918955,0.96,0.9322840179824854
segment,exp,103,227,0.005144249111763099,0.9763975155279503,0.009302373665029997,0.9571428571428572,0.9323435048119235
segment,exp,103,228,0.00639625790366925,0.9701863354037267,0.010695282654839117,0.9542857142857143,0.9327086258540761
segment,exp,103,229,0.004771843173558593,0.9807453416149068,0.009092362302364038,0.9571428571428572,0.9320375182622597
segment,exp,103,230,0.010183395646147009,0.9503105590062112,0.013396740540412013,0.9371428571428572,0.9328563191429889
segment,exp,103,231,0.005158858673741712,0.977639751552795,0.009475258723576968,0.96,0.931894789547279
segment,exp,103,232,0.004640851211461953,0.9795031055900622,0.008870254951433636,0.96,0.9318948662637208
segment,exp,103,233,0.004689037021305249,0.9826086956521739,0.009050064031583902,0.96,0.9318423328808937
segment,exp,103,234,0.00470954943758843,0.9782608695652174,0.008836977591871466,0.9571428571428572,0.9318453025307523
segment,exp,103,235,0.00540192422067159,0.9745341614906833,0.009636380714044438,0.9571428571428572,0.9328483544558714
segment,exp,103,236,0.005298704795420062,0.9751552795031055,0.009336849884250457,0.9571428571428572,0.9318732080470626
segment,exp,103,237,0.011252534185257138,0.9472049689440993,0.014251851417942997,0.9314285714285714,0.932573029519393
segment,exp,103,238,0.004716561033494797,0.9795031055900622,0.008945511440098438,0.96,0.9314207568693456
segment,exp,103,239,0.004572986402000155,0.9807453416149068,0.008763212298931516,0.9571428571428572,0.9313933433188286
segment,exp,103,240,0.008118101706506693,0.9633540372670808,0.0112099168672408,0.9457142857142857,0.9318546928926948
segment,exp,103,241,0.005024974802352805,0.9770186335403727,0.008953115272210497,0.9571428571428572,0.9329661410711535
segment,exp,103,242,0.005410250100862562,0.9751552795031055,0.009348032371679098,0.96,0.9314521198382428
segment,exp,103,243,0.004805652196520303,0.9782608695652174,0.0088508293030976,0.9571428571428572,0.9310675694335123
segment,exp,103,244,0.004754456195910455,0.9801242236024845,0.008980517568188504,0.96,0.9311501534749159
segment,exp,103,245,0.010291438563829155,0.9546583850931677,0.012496722812055426,0.94,0.9320430621784483
segment,exp,103,246,0.0048940408063121495,0.9782608695652174,0.008761609682628648,0.96,0.9308904425032105
segment,exp,103,247,0.004546472064526605,0.9788819875776398,0.008699270542953658,0.96,0.9308070335933414
segment,exp,103,248,0.004942479042363887,0.9763975155279503,0.008831477970405989,0.9571428571428572,0.9308030861425625
segment,exp,103,249,0.005822560735708771,0.9763975155279503,0.009827358052646146,0.9542857142857143,0.9312687500029351
segment,exp,103,250,0.0045829781822180355,0.9807453416149068,0.008954908462477576,0.96,0.9306252441079846
segment,exp,103,251,0.006833873079869718,0.9683229813664597,0.01036651784999723,0.9485714285714286,0.9311334030179805
segment,exp,103,252,0.0044991332156296285,0.9813664596273292,0.008767208994284749,0.96,0.9319387719518027
segment,exp,103,253,0.006431190795488247,0.968944099378882,0.010037782762868932,0.9485714285714286,0.9316058643163218
segment,exp,103,254,0.006545222400634521,0.9695652173913043,0.010252958177632093,0.9514285714285714,0.9320155383087044
segment,exp,103,255,0.011270403604601516,0.9521739130434783,0.01343487806065926,0.9342857142857143,0.9318716011903168
segment,exp,103,256,0.0047201394808102605,0.977639751552795,0.008830236575540605,0.96,0.9302669577550019
segment,exp,103,257,0.007366189864699499,0.968944099378882,0.010365986284574677,0.9514285714285714,0.9316232235125053
segment,exp,103,258,0.004648467692110118,0.9807453416149068,0.008936201638115548,0.96,0.9300708401687579
segment,exp,103,259,0.00586003856204713,0.9745341614906833,0.010173515443103829,0.9571428571428572,0.9300091674809328
segment,exp,103,260,0.004476279762217641,0.9826086956521739,0.008791186860284315,0.96,0.9300674131790401
segment,exp,103,261,0.00501783783674847,0.9770186335403727,0.009097418954085276,0.9571428571428572,0.9300268240471541
segment,exp,103,262,0.005171960532046973,0.9763975155279503,0.009024436750583826,0.9542857142857143,0.9298986079542572
segment,exp,103,263,0.0043792302031925865,0.9801242236024845,0.008514220452420736,0.96,0.9297989694393494
segment,exp,103,264,0.004547159626491356,0.9807453416149068,0.008836743291429885,0.96,0.9297496834606394
segment,exp,103,265,0.007020894905370588,0.9695652173913043,0.009701628753894312,0.9542857142857143,0.9308528466836845
segment,exp,103,266,0.00451396717182959,0.9801242236024845,0.008805373430332884,0.96,0.929746567850174
segment,exp,103,267,0.004369236932255533,0.9801242236024845,0.008561255950495433,0.96,0.9295494182794967
segment,exp,103,268,0.0045490227994223215,0.9813664596273292,0.009020131748149524,0.9571428571428572,0.9295093992017917
segment,exp,103,269,0.004371033390498889,0.9826086956521739,0.008770170218924518,0.96,0.9294700148502986
segment,exp,103,270,0.004387545240539703,0.9801242236024845,0.008565576281864324,0.96,0.9294107967226991
segment,exp,103,271,0.004357170659257055,0.9819875776397515,0.008603444691866271,0.96,0.9294806486632767
segment,exp,103,272,0.004973272916429292,0.9770186335403727,0.009408752850995187,0.9571428571428572,0.9292366824212493
segment,exp,103,273,0.004387235812055166,0.9807453416149068,0.00872462236071427,0.96,0.9293132993596261
segment,exp,103,274,0.004678637801477438,0.977639751552795,0.009044527451296431,0.9571428571428572,0.9292911502041757
segment,exp,103,275,0.004963105121831924,0.9782608695652174,0.008923603829085235,0.9571428571428572,0.9290905485958889
segment,exp,103,276,0.004516614639322182,0.9782608695652174,0.008667938848627313,0.96,0.9290609224934557
segment,exp,103,277,0.00427456669895759,0.9807453416149068,0.008544984372518744,0.96,0.9289572119770574
segment,exp,103,278,0.004505832357937594,0.9801242236024845,0.00891369003287376,0.96,0.9289900109405809
segment,exp,103,279,0.004600266640749214,0.9788819875776398,0.009223015562772576,0.96,0.929847232311665
segment,exp,103,280,0.004871908489527558,0.9757763975155279,0.009281906510086396,0.9571428571428572,0.9287931788297802
segment,exp,103,281,0.004462373197496697,0.9788819875776398,0.008713184396178995,0.96,0.9289148755522253
segment,exp,103,282,0.008276832452966957,0.9627329192546584,0.011498639189648607,0.9457142857142857,0.9304741031692437
segment,exp,103,283,0.004339877763040526,0.9788819875776398,0.008741728456564502,0.96,0.9286465174533552
segment,exp,103,284,0.004240490844268995,0.9813664596273292,0.008593151334078744,0.96,0.9285815340782156
segment,exp,103,285,0.007573154842141949,0.9608695652173913,0.011925419717489278,0.9428571428571428,0.9300382223705539
segment,exp,103,286,0.004966113890905437,0.9770186335403727,0.008924910329318502,0.9542857142857143,0.9285352438053884
segment,exp,103,287,0.00503164869715761,0.9757763975155279,0.00894556682424311,0.96,0.9287580008838245
segment,exp,103,288,0.004470695862037057,0.9788819875776398,0.008527811631281782,0.96,0.9284122678973754
segment,exp,103,289,0.004585970184499373,0.977639751552795,0.008954441163469743,0.9571428571428572,0.9296383835100748
segment,exp,103,290,0.004390780378178189,0.9788819875776398,0.008551246272373338,0.96,0.9282770929193104
segment,exp,103,291,0.0042144740561764985,0.9807453416149068,0.008397071594374314,0.9628571428571429,0.9282070764373449
segment,exp,103,292,0.004184726967399084,0.9832298136645963,0.008476858635012161,0.96,0.9281510041285941
segment,exp,103,293,0.004184479022391364,0.9807453416149068,0.008413221103221766,0.96,0.928138024041611
segment,exp,103,294,0.004247801039894055,0.9801242236024845,0.00848140705303226,0.96,0.9319242259402805
segment,exp,103,295,0.0041597999129383036,0.9807453416149068,0.00851843505688202,0.96,0.9280268644875886
segment,exp,103,296,0.0043158357808569985,0.9788819875776398,0.008515281649199456,0.96,0.9279978812529688
segment,exp,103,297,0.007038225452293815,0.9670807453416149,0.010325578165008776,0.9485714285714286,0.9283363852741154
segment,exp,103,298,0.007735249304949302,0.9614906832298137,0.011936037248524609,0.9457142857142857,0.9282884669908763
segment,exp,103,299,0.0043579787824728385,0.9795031055900622,0.008649131692577661,0.96,0.9290962621110417
segment,exp,103,300,0.006587310076928449,0.9720496894409938,0.010562122542673188,0.9514285714285714,0.9320064570891183
segment,exp,103,301,0.004472482766419701,0.9795031055900622,0.008490440043502587,0.9628571428571429,0.927714382043721
segment,exp,103,302,0.004386776842535037,0.9813664596273292,0.008883748701913503,0.96,0.9276373820665247
segment,exp,103,303,0.004235755371728794,0.9826086956521739,0.008443619503489711,0.9657142857142857,0.9275884984704506
segment,exp,103,304,0.004121152619216813,0.9795031055900622,0.00837118288753296,0.96,0.9274925707595171
segment,exp,103,305,0.004362769821833254,0.9807453416149068,0.008792533197956432,0.96,0.9275458151357048
segment,exp,103,306,0.004560449227089871,0.9782608695652174,0.008977127635406399,0.96,0.9278729741931777
segment,exp,103,307,0.004742424919392671,0.9770186335403727,0.009142952555797813,0.96,0.9273497750169412
segment,exp,103,308,0.005144604683398796,0.9795031055900622,0.009270846187927695,0.9571428571428572,0.9290455588895089
segment,exp,103,309,0.0041663071529607874,0.9813664596273292,0.008495134144965664,0.9628571428571429,0.9272446509363091
segment,exp,103,310,0.0045908021649292054,0.9795031055900622,0.008632053921752855,0.9628571428571429,0.9271951882787093
segment,exp,103,311,0.006973345569169867,0.9670807453416149,0.010265819099552492,0.9514285714285714,0.9276730368332557
segment,exp,103,312,0.004152847381427192,0.9801242236024845,0.008510656724268154,0.9628571428571429,0.9271089736975973
segment,exp,103,313,0.004138421898582693,0.9807453416149068,0.008517810552397673,0.96,0.9271620339335777
segment,exp,103,314,0.008467605492590055,0.9614906832298137,0.012158111024997902,0.9457142857142857,0.9290483768836267
segment,exp,103,315,0.00412798402843102,0.9813664596273292,0.008594425637946625,0.9628571428571429,0.9283315860765401
segment,exp,103,316,0.004257159885627939,0.9801242236024845,0.008377112938389785,0.9628571428571429,0.9269086084233119
segment,exp,103,317,0.004232022955349564,0.9813664596273292,0.008639451963856452,0.96,0.9270672374117743
segment,exp,103,318,0.004111389784162027,0.9832298136645963,0.008516058187760352,0.9628571428571429,0.9268332838189156
segment,exp,103,319,0.004138475681332752,0.9801242236024845,0.008396525523369202,0.9628571428571429,0.9267351732713798
segment,exp,103,320,0.004064581553232237,0.9801242236024845,0.008390724507642017,0.9628571428571429,0.9267703916501965
segment,exp,103,321,0.004034567458485708,0.9826086956521739,0.008364722464090204,0.9628571428571429,0.9266680820843037
segment,exp,103,322,0.00461695528365404,0.9782608695652174,0.009230678257148926,0.9571428571428572,0.9269110768581201
segment,exp,103,323,0.004165923268750459,0.9801242236024845,0.008416522086597504,0.9628571428571429,0.9265649143340229
segment,exp,103,324,0.00404018228867783,0.9807453416149068,0.00850851372068889,0.96,0.9265207930749967
segment,exp,103,325,0.004087551167390404,0.9807453416149068,0.00855572049322622,0.96,0.9265539344271085
segment,exp,103,326,0.0040952760499936005,0.9801242236024845,0.00843651283218271,0.9628571428571429,0.9264323516560699
segment,exp,103,327,0.0041142150532389584,0.9832298136645963,0.008489067599720108,0.9628571428571429,0.9263531757671174
segment,exp,103,328,0.004014414087936397,0.9826086956521739,0.008404117866193838,0.9628571428571429,0.9263587585813358
segment,exp,103,329,0.004203728324281293,0.9807453416149068,0.008384911683510096,0.9628571428571429,0.92768856132213
segment,exp,103,330,0.003998800844714684,0.9807453416149068,0.008276816187327151,0.9628571428571429,0.9263022391515514
segment,exp,103,331,0.004000960912459689,0.9813664596273292,0.008229956876547997,0.9628571428571429,0.9262008931440582
segment,exp,103,332,0.004095752730733608,0.9801242236024845,0.008326888934521725,0.9628571428571429,0.9261343586274969
segment,exp,103,333,0.00406085937389887,0.9813664596273292,0.008383685678873364,0.9628571428571429,0.9264012825079739
segment,exp,103,334,0.003982696068877498,0.9819875776397515,0.008331433274024209,0.9628571428571429,0.9260477727601505
segment,exp,103,335,0.004222488637639564,0.9801242236024845,0.008357393904204646,0.9628571428571429,0.9259839940891347
segment,exp,103,336,0.004128216237030105,0.9826086956521739,0.008505804936061314,0.9628571428571429,0.9259288191645768
segment,exp,103,337,0.004092151450426405,0.9801242236024845,0.008367412576954742,0.9628571428571429,0.926008229764932
segment,exp,103,338,0.008339889645093123,0.9627329192546584,0.010962857350436863,0.9514285714285714,0.9264162788510937
segment,exp,103,339,0.004260386724024567,0.9788819875776398,0.008357893011638827,0.9628571428571429,0.9258363747401647
segment,exp,103,340,0.004084192036707088,0.9801242236024845,0.008272397476819592,0.9628571428571429,0.927079257798477
segment,exp,103,341,0.004013650561642695,0.9832298136645963,0.008265208302199758,0.9628571428571429,0.9257281389879376
segment,exp,103,342,0.004106247495780619,0.9832298136645963,0.008483774907738589,0.9628571428571429,0.9282216906347698
segment,exp,103,343,0.004291201644109217,0.9795031055900622,0.008708111927135323,0.96,0.9256559909028506
segment,exp,103,344,0.004189139176465921,0.9807453416149068,0.008317868381713656,0.9628571428571429,0.9256006336348438
segment,exp,103,345,0.0042252621322914395,0.9801242236024845,0.008349147846239236,0.9628571428571429,0.9255391048368138
segment,exp,103,346,0.003991165163000723,0.9813664596273292,0.008458089455285445,0.9657142857142857,0.925481753112935
segment,exp,103,347,0.004226199393424395,0.9813664596273292,0.008700157728221077,0.96,0.9277396580468763
segment,exp,103,348,0.004020968484700646,0.9807453416149068,0.008576848198406439,0.9571428571428572,0.9255615735329129
segment,exp,103,349,0.004871856263047688,0.977639751552795,0.009112811027651707,0.9542857142857143,0.9255018521962
segment,exp,103,350,0.003944752023017957,0.9813664596273292,0.008403925821535013,0.96,0.9254712521732286
segment,exp,104,1,0.1023987504391894,0.3627329192546584,0.10213129583472673,0.3457142857142857,0.9943895964744617
segment,exp,104,2,0.0940291194706554,0.5142857142857142,0.0946050189882367,0.5028571428571429,0.9886084327945782
segment,exp,104,3,0.0779732444528082,0.6819875776397516,0.07704796738316816,0.6857142857142857,0.9837818224835432
segment,exp,104,4,0.053515415914490244,0.6869565217391305,0.052276540946552125,0.7085714285714285,0.9816243363774368
segment,exp,104,5,0.03179833339439703,0.901863354037267,0.032228303664222226,0.8771428571428571,0.9763318010729132
segment,exp,104,6,0.031193278853738536,0.9118012422360249,0.03135703709007741,0.9228571428571428,0.9748837050537261
segment,exp,104,7,0.02835995618101157,0.9198757763975155,0.030131210930291943,0.9085714285714286,0.9733513281687975
segment,exp,104,8,0.03020145475680306,0.8596273291925466,0.030919815581057192,0.8485714285714285,0.9730246928113107
segment,exp,104,9,0.024280472297577137,0.9012422360248448,0.024674861430877795,0.8971428571428571,0.9697569289509497
segment,exp,104,10,0.02031011532507933,0.9236024844720497,0.021038562320740965,0.9171428571428571,0.9683216595788554
segment,exp,104,11,0.02020978054721201,0.9298136645962732,0.021446235730483477,0.9228571428571428,0.9684624411622549
segment,exp,104,12,0.02296238342182416,0.9167701863354037,0.02464628130810263,0.9142857142857143,0.9673255086841264
segment,exp,104,13,0.02028042485276372,0.9260869565217391,0.021454437931846062,0.9228571428571428,0.9700922876750928
segment,exp,104,14,0.019688240751704146,0.9161490683229814,0.020407179710451064,0.9114285714285715,0.9686508091465134
segment,exp,104,15,0.017548787633504093,0.9335403726708075,0.01854726758781247,0.9228571428571428,0.965608628898701
segment,exp,104,16,0.01794779651974902,0.9322981366459627,0.01929954209492817,0.9257142857142857,0.9667741849403819
segment,exp,104,17,0.016798601320191724,0.9354037267080745,0.018096540259148718,0.9228571428571428,0.9642989144651676
segment,exp,104,18,0.01753142129171737,0.9341614906832298,0.018687058833755606,0.92,0.9639270640209728
segment,exp,104,19,0.01625970905475845,0.9372670807453416,0.017907795398000626,0.9228571428571428,0.963310798922692
segment,exp,104,20,0.026706863158158897,0.8714285714285714,0.029442379592678942,0.86,0.9670649258087723
segment,exp,104,21,0.01718278485244008,0.9347826086956522,0.018718540779504265,0.9257142857142857,0.9634295184614954
segment,exp,104,22,0.01699073297620986,0.924223602484472,0.018057434893193856,0.92,0.9638942233807392
segment,exp,104,23,0.020247198283796133,0.9267080745341615,0.022909207115123644,0.9285714285714286,0.9629033559728508
segment,exp,104,24,0.01595801140632393,0.931055900621118,0.017348174786491755,0.9228571428571428,0.9615068652871107
segment,exp,104,25,0.015900898674754516,0.9329192546583851,0.017240779233016184,0.9285714285714286,0.9614789092291985
segment,exp,104,26,0.017098246251677652,0.9279503105590062,0.018240425620400014,0.9228571428571428,0.9630011807233714
segment,exp,104,27,0.015212303214205644,0.9347826086956522,0.016974599461088785,0.9228571428571428,0.9614267134161819
segment,exp,104,28,0.015935031668293423,0.9409937888198758,0.018335504802769402,0.9285714285714286,0.9601754625233662
segment,exp,104,29,0.015287598806478595,0.9385093167701863,0.01768631261895862,0.9285714285714286,0.9608822419543283
segment,exp,104,30,0.014163966553213558,0.9434782608695652,0.01628232483250322,0.9314285714285714,0.9593210916043294
segment,exp,104,31,0.014190761181482294,0.9478260869565217,0.016093815065456485,0.9314285714285714,0.9609854850925094
segment,exp,104,32,0.01550483276058891,0.9372670807453416,0.017140365857814893,0.9285714285714286,0.9621323607824215
segment,exp,104,33,0.018232513189643782,0.9217391304347826,0.019507542280075868,0.9171428571428571,0.9608101874839732
segment,exp,104,34,0.017293692729146156,0.9403726708074535,0.018948719901298997,0.9285714285714286,0.9615951139432661
segment,exp,104,35,0.03451205115524611,0.8590062111801242,0.037468570754420755,0.8457142857142858,0.9593095323246248
segment,exp,104,36,0.015222485928112879,0.9329192546583851,0.016794136378082716,0.92,0.9578258455108721
segment,exp,104,37,0.013513403501302729,0.9453416149068323,0.01595690047995309,0.9371428571428572,0.9599460797700748
segment,exp,104,38,0.014995081317771589,0.9316770186335404,0.01771155458312538,0.9228571428571428,0.9597001337458788
segment,exp,104,39,0.0131222293768356,0.937888198757764,0.015230596976461378,0.9285714285714286,0.9571310622923574
segment,exp,104,40,0.012581589573048339,0.9397515527950311,0.014915174777243566,0.9314285714285714,0.9567334185809323
segment,exp,104,41,0.013258839463651423,0.9385093167701863,0.015168781821876845,0.9285714285714286,0.9574878241440977
segment,exp,104,42,0.015428004388638932,0.9329192546583851,0.018467225445696286,0.9228571428571428,0.9572175696826111
segment,exp,104,43,0.012137591852444526,0.9416149068322981,0.014480457467815754,0.9314285714285714,0.9560107563142887
segment,exp,104,44,0.014955897240096707,0.931055900621118,0.017826185086761467,0.92,0.956265757323501
segment,exp,104,45,0.01200455542032483,0.9434782608695652,0.014424883670971564,0.9314285714285714,0.9558457179303236
segment,exp,104,46,0.011480799903576045,0.9478260869565217,0.014018932977103576,0.9371428571428572,0.9550606593942563
segment,exp,104,47,0.011872919338652815,0.9422360248447205,0.014415908903398864,0.9342857142857143,0.956786877636827
segment,exp,104,48,0.011660127779603137,0.9509316770186336,0.014220734445478096,0.9342857142857143,0.9547906887641202
segment,exp,104,49,0.01625068990793795,0.922360248447205,0.017606383077123082,0.92,0.9568743906637649
segment,exp,104,50,0.012189940634002378,0.9422360248447205,0.01515976578835118,0.9285714285714286,0.955143815518706
segment,exp,104,51,0.011356046138777862,0.9465838509316771,0.0138923805615446,0.9314285714285714,0.953894761914691
segment,exp,104,52,0.01115867052613099,0.9521739130434783,0.013959395187593898,0.94,0.9551083473079205
segment,exp,104,53,0.010841659445411982,0.9503105590062112,0.013371240568661886,0.94,0.9555160943210032
segment,exp,104,54,0.015619897635064963,0.9192546583850931,0.018312908403770124,0.9171428571428571,0.9544768786017425
segment,exp,104,55,0.010706131532847836,0.9509316770186336,0.013388304551627612,0.94,0.9531805670346554
segment,exp,104,56,0.010596473647574805,0.9540372670807453,0.013073687159455364,0.94,0.9529116262262085
segment,exp,104,57,0.017010971944588987,0.9192546583850931,0.01796400182554855,0.9257142857142857,0.9537296318347397
segment,exp,104,58,0.014184241842285764,0.9316770186335404,0.015623498925712468,0.9285714285714286,0.9550067093051902
segment,exp,104,59,0.01169359481792881,0.9453416149068323,0.013847293574980215,0.9371428571428572,0.9527678048947565
segment,exp,104,60,0.01134871048933251,0.9490683229813665,0.013751061070405898,0.9371428571428572,0.95222778675413
segment,exp,104,61,0.010558137370582688,0.9552795031055901,0.013289537199552896,0.94,0.9535268052503009
segment,exp,104,62,0.01041547262793353,0.9565217391304348,0.013157042995853166,0.9371428571428572,0.9534257576723455
segment,exp,104,63,0.011768494617148191,0.9509316770186336,0.014043579904763903,0.9342857142857143,0.9532186585736263
segment,exp,104,64,0.010059510448560804,0.9540372670807453,0.01287928974728033,0.9371428571428572,0.9514054074550649
segment,exp,104,65,0.009985099325619704,0.9571428571428572,0.012757181348985902,0.9342857142857143,0.9512087916712084
segment,exp,104,66,0.010305285220133234,0.9546583850931677,0.013065534479191917,0.94,0.9512492729445012
segment,exp,104,67,0.0098582138881504,0.9552795031055901,0.012679293495692384,0.94,0.9509003709750923
segment,exp,104,68,0.010499218039977571,0.953416149068323,0.012880243830502033,0.9342857142857143,0.9523833678163891
segment,exp,104,69,0.009784651879883123,0.9565217391304348,0.012601481680585476,0.9342857142857143,0.9510605810315812
segment,exp,104,70,0.010349931488918775,0.9540372670807453,0.013168478391391084,0.9314285714285714,0.9503699690597472
segment,exp,104,71,0.010966874907635519,0.9559006211180124,0.013712777018773532,0.9314285714285714,0.9528238324482856
segment,exp,104,72,0.0109106375825845,0.9559006211180124,0.014035155565786848,0.9457142857142857,0.9508238484676269
segment,exp,104,73,0.009666376571521433,0.9571428571428572,0.01239174296517855,0.9371428571428572,0.95115007824923
segment,exp,104,74,0.0101972743352754,0.9565217391304348,0.012734537961027402,0.9314285714285714,0.9512717955432115
segment,exp,104,75,0.009301255799769087,0.9565217391304348,0.012194357723500991,0.9342857142857143,0.9495050553105486
segment,exp,104,76,0.009326067278785754,0.9571428571428572,0.012210728344728482,0.9314285714285714,0.9493827417394237
segment,exp,104,77,0.00973198293730826,0.9596273291925466,0.012781293568813416,0.9371428571428572,0.9494707792026867
segment,exp,104,78,0.014936469846008046,0.9341614906832298,0.01609654000646126,0.9371428571428572,0.9498931711706562
segment,exp,104,79,0.0096702228721165,0.9602484472049689,0.012209581281168615,0.9371428571428572,0.9510164771921515
segment,exp,104,80,0.009278148672408167,0.9602484472049689,0.012394786091014885,0.9314285714285714,0.9488647562971666
segment,exp,104,81,0.009182684291279363,0.9614906832298137,0.011913132739552886,0.9371428571428572,0.9507421688146771
segment,exp,104,82,0.009135238430319315,0.9596273291925466,0.012220136008324849,0.9342857142857143,0.9484146501526608
segment,exp,104,83,0.010472815808749966,0.953416149068323,0.012415029664477373,0.9457142857142857,0.9484964251286574
segment,exp,104,84,0.00885698086904524,0.9608695652173913,0.011595450997913054,0.9371428571428572,0.9485062654516141
segment,exp,104,85,0.008849659971996526,0.9627329192546584,0.011753285725518947,0.9428571428571428,0.948040334865563
segment,exp,104,86,0.011473474113107967,0.9472049689440993,0.012901876413320098,0.9485714285714286,0.9486249878026266
segment,exp,104,87,0.008928506273807393,0.962111801242236,0.01157575895524594,0.9428571428571428,0.9476758517069899
segment,exp,104,88,0.008655022662720785,0.9633540372670808,0.011606110258263504,0.9428571428571428,0.949072228353846
segment,exp,104,89,0.011578420634734,0.9503105590062112,0.014751918595491815,0.9342857142857143,0.9477101526105082
segment,exp,104,90,0.030962875232253877,0.8763975155279503,0.032316725775283495,0.8714285714285714,0.9498489322334107
segment,exp,104,91,0.01699377173793022,0.9267080745341615,0.01779375955916194,0.9314285714285714,0.9507339252619883
segment,exp,104,92,0.008679659596466986,0.9645962732919254,0.011074709266909254,0.9428571428571428,0.9492229437075005
segment,exp,104,93,0.00843190355861665,0.9639751552795031,0.011538704757697938,0.9428571428571428,0.9469070741565797
segment,exp,104,94,0.009144560292468608,0.9596273291925466,0.011444393974118044,0.9457142857142857,0.9480474859674235
segment,exp,104,95,0.01030547864006681,0.9527950310559006,0.012288307009536766,0.9514285714285714,0.9468339520614264
segment,exp,104,96,0.008770092464653977,0.9608695652173913,0.01130673065206727,0.9428571428571428,0.9463256674656889
segment,exp,104,97,0.008746546574344191,0.9614906832298137,0.011150598797925236,0.9457142857142857,0.9465318946029655
segment,exp,104,98,0.008931702343937498,0.9627329192546584,0.011957469950495209,0.9428571428571428,0.9461552394660777
segment,exp,104,99,0.009187995595202654,0.9602484472049689,0.012233675337740444,0.94,0.9465839886861835
segment,exp,104,100,0.008152546186151301,0.9645962732919254,0.011299085259688818,0.94,0.9456857397126435
segment,exp,104,101,0.017696462013631658,0.9217391304347826,0.019962102536579627,0.92,0.9469716349315161
segment,exp,104,102,0.011714670181776169,0.9403726708074535,0.01447176572466758,0.9228571428571428,0.9462178967960396
segment,exp,104,103,0.008030178540303735,0.9633540372670808,0.010761322827627241,0.9428571428571428,0.9453965627076613
segment,exp,104,104,0.008243009443504284,0.9627329192546584,0.011381443990083081,0.9428571428571428,0.9451580157957461
segment,exp,104,105,0.010168415043465216,0.9552795031055901,0.013085194958019603,0.9428571428571428,0.9454629520248331
segment,exp,104,106,0.00826049879380465,0.9639751552795031,0.010824914727655621,0.9457142857142857,0.9449170070828278
segment,exp,104,107,0.009456378362592284,0.9565217391304348,0.012428140995122865,0.9342857142857143,0.9448561026734779
segment,exp,104,108,0.008813490203800057,0.9608695652173913,0.012029966456287716,0.9485714285714286,0.9450658708959089
segment,exp,104,109,0.007915503576985396,0.9633540372670808,0.010797181924914814,0.9485714285714286,0.944579332089963
segment,exp,104,110,0.008243415385379553,0.9695652173913043,0.010834510207147685,0.9428571428571428,0.9460066123166072
segment,exp,104,111,0.008036393991758229,0.9633540372670808,0.010653998455037084,0.9485714285714286,0.9442747670892945
segment,exp,104,112,0.007901008104621705,0.9652173913043478,0.010689291188952262,0.94,0.9444254202965271
segment,exp,104,113,0.008455242354884039,0.9639751552795031,0.010585871813866313,0.9542857142857143,0.9441939749349271
segment,exp,104,114,0.0077131172529464895,0.9664596273291925,0.010738776954580396,0.9428571428571428,0.9438111511938234
segment,exp,104,115,0.0077497042544832796,0.9652173913043478,0.010274986968315665,0.9485714285714286,0.9437263539311825
segment,exp,104,116,0.007937284968542384,0.9664596273291925,0.010879772349949201,0.9514285714285714,0.9440995234733713
segment,exp,104,117,0.007650034991108465,0.9664596273291925,0.01070191271388697,0.94,0.9436137881320873
segment,exp,104,118,0.007882531711021639,0.9652173913043478,0.010993042361425504,0.9428571428571428,0.9435984727069167
segment,exp,104,119,0.007610387045034598,0.9664596273291925,0.010099166112043529,0.9542857142857143,0.943211394058871
segment,exp,104,120,0.007317773349474306,0.9677018633540373,0.01025908085658956,0.9457142857142857,0.9430481163892215
segment,exp,104,121,0.00847418651514127,0.9614906832298137,0.011640283925923037,0.9428571428571428,0.9436981166392594
segment,exp,104,122,0.007914970595889496,0.9658385093167702,0.010438658187670112,0.9542857142857143,0.9432726872825203
segment,exp,104,123,0.0077230155632848204,0.9664596273291925,0.010573878538768346,0.9485714285714286,0.9442241976481306
segment,exp,104,124,0.00719686583652988,0.9695652173913043,0.010107374023819553,0.9485714285714286,0.9427237972930085
segment,exp,104,125,0.008684280637610722,0.9583850931677018,0.010464855196848451,0.9514285714285714,0.9431033376557765
segment,exp,104,126,0.0086857108665777,0.9627329192546584,0.010919882153169752,0.9542857142857143,0.9427061238433244
segment,exp,104,127,0.007146212379402779,0.970807453416149,0.010013544952388938,0.9514285714285714,0.9421288550050423
segment,exp,104,128,0.00962656600919067,0.9577639751552796,0.012502190993314477,0.9371428571428572,0.9432820057055664
segment,exp,104,129,0.007566652093679018,0.9677018633540373,0.010674780563799922,0.9485714285714286,0.9418516788216034
segment,exp,104,130,0.006897995049387893,0.9714285714285714,0.009952295071086347,0.9485714285714286,0.9417943853956842
segment,exp,104,131,0.007160040484990946,0.9677018633540373,0.00987597530060926,0.9542857142857143,0.9418375371288672
segment,exp,104,132,0.007097093029972827,0.9677018633540373,0.009783341542130446,0.9542857142857143,0.941553546859185
segment,exp,104,133,0.010912816273535762,0.9478260869565217,0.01381391434015227,0.9342857142857143,0.9419727195678916
segment,exp,104,134,0.008271887505120751,0.9590062111801242,0.010542400143803324,0.9514285714285714,0.9417283831834513
segment,exp,104,135,0.006950126153376525,0.9726708074534162,0.01023833287355355,0.9571428571428572,0.9416866242234486
segment,exp,104,136,0.011664740151061209,0.94472049689441,0.013612361722167848,0.9428571428571428,0.9431235614035745
segment,exp,104,137,0.0069791283374039115,0.968944099378882,0.009693955384910415,0.9542857142857143,0.940924957327069
segment,exp,104,138,0.00831610800977832,0.9670807453416149,0.010635032687826567,0.9514285714285714,0.9428595762288084
segment,exp,104,139,0.00736505643994993,0.9714285714285714,0.010180270759912796,0.9514285714285714,0.9414251679114036
segment,exp,104,140,0.00764757442035238,0.9677018633540373,0.010600687462297679,0.9485714285714286,0.9409368479720597
segment,exp,104,141,0.007027803560048719,0.9701863354037267,0.009987676623442712,0.9542857142857143,0.9414091938591297
segment,exp,104,142,0.006798559168582058,0.9701863354037267,0.009921311683280068,0.9485714285714286,0.9438488627221387
segment,exp,104,143,0.006587157301354068,0.9720496894409938,0.00992691785472379,0.9542857142857143,0.9403474336387991
segment,exp,104,144,0.007242452875901691,0.968944099378882,0.010503917130985667,0.9514285714285714,0.9428661881518821
segment,exp,104,145,0.020387662020728434,0.9099378881987578,0.021865275717456577,0.92,0.9414446864406689
segment,exp,104,146,0.00647140771036979,0.970807453416149,0.0099079735098063,0.9485714285714286,0.9398610409913862
segment,exp,104,147,0.01876448652417391,0.9192546583850931,0.02050922977573987,0.9171428571428571,0.9420575941811435
segment,exp,104,148,0.008830197414435536,0.9596273291925466,0.011708736396537344,0.9457142857142857,0.9404109328858745
segment,exp,104,149,0.006480410515322571,0.970807453416149,0.0096099892275806,0.9514285714285714,0.9395115832022449
segment,exp,104,150,0.008286839535212562,0.9583850931677018,0.011305201027548844,0.9457142857142857,0.9399690635141308
segment,exp,104,151,0.007225804759842414,0.9670807453416149,0.010170156322174318,0.9542857142857143,0.9399474632691515
segment,exp,104,152,0.006559926799977725,0.9726708074534162,0.009502272418759764,0.9457142857142857,0.9392531108448787
segment,exp,104,153,0.006315391706944109,0.9739130434782609,0.009524041071040951,0.9514285714285714,0.9391623340926518
segment,exp,104,154,0.006765149644978395,0.9670807453416149,0.00953515408945895,0.9514285714285714,0.9391211267153713
segment,exp,104,155,0.011587659657719449,0.9490683229813665,0.012589968575208436,0.94,0.9393632002726399
segment,exp,104,156,0.006587378856043629,0.970807453416149,0.010085092110050986,0.9514285714285714,0.9391630331860864
segment,exp,104,157,0.006341063911982587,0.9739130434782609,0.009737220745748927,0.9542857142857143,0.938624824865663
segment,exp,104,158,0.006395077324788129,0.9732919254658385,0.009533728042314723,0.9514285714285714,0.9386271708019783
segment,exp,104,159,0.00611311215188171,0.9739130434782609,0.009570292570795086,0.9542857142857143,0.9385159447281729
segment,exp,104,160,0.006422975991462854,0.9726708074534162,0.009631254682823796,0.9514285714285714,0.9391635888813772
segment,exp,104,161,0.006104677950848196,0.9732919254658385,0.009494022169899405,0.9485714285714286,0.9382912985426036
segment,exp,104,162,0.008291032961198406,0.9608695652173913,0.010458194796695904,0.9485714285714286,0.9383749839666063
segment,exp,104,163,0.006133911950289554,0.9732919254658385,0.009761977376846831,0.9514285714285714,0.9380846054901932
segment,exp,104,164,0.006622605337306829,0.970807453416149,0.009408380056649034,0.9457142857142857,0.9381265274748571
segment,exp,104,165,0.008665648053595406,0.968944099378882,0.011910545810972433,0.9514285714285714,0.938970537610006
segment,exp,104,166,0.010346387139104123,0.9527950310559006,0.011862108511406557,0.9428571428571428,0.9382318023439296
segment,exp,104,167,0.0059454460663826425,0.9739130434782609,0.00933100082378328,0.9514285714285714,0.9377505407426276
segment,exp,104,168,0.007125804969801625,0.968944099378882,0.009943254403942465,0.9542857142857143,0.9388544584691586
segment,exp,104,169,0.006049415762583325,0.9732919254658385,0.009289547054755999,0.9485714285714286,0.9376154237433553
segment,exp,104,170,0.006173720128147904,0.9714285714285714,0.00931350466955306,0.9542857142857143,0.9402954338979506
segment,exp,104,171,0.005934656289864546,0.9726708074534162,0.009505684372349341,0.9485714285714286,0.9373860154648386
segment,exp,104,172,0.006064936495545919,0.9732919254658385,0.009538656322380974,0.9514285714285714,0.9391008321225776
segment,exp,104,173,0.005872112510049996,0.9739130434782609,0.009207432236868495,0.9542857142857143,0.937196645131389
segment,exp,104,174,0.00941368659830472,0.9559006211180124,0.01137665407175492,0.9457142857142857,0.9375216998423158
segment,exp,104,175,0.006199226305534706,0.9751552795031055,0.009460881669289817,0.9485714285714286,0.9371531184315124
segment,exp,104,176,0.006295960131188042,0.9714285714285714,0.010004465543885236,0.9485714285714286,0.9382195324779439
segment,exp,104,177,0.006144176992981999,0.9732919254658385,0.00942676070388072,0.9571428571428572,0.9368335181849617
segment,exp,104,178,0.010047287832240008,0.9521739130434783,0.011736381357023214,0.9428571428571428,0.9373091136777572
segment,exp,104,179,0.00609099334860026,0.9732919254658385,0.009495525771431501,0.9514285714285714,0.9374082624875871
segment,exp,104,180,0.013832951132104353,0.9354037267080745,0.016311847553657305,0.9228571428571428,0.9370504035902613
segment,exp,104,181,0.010023437112093716,0.9521739130434783,0.0111878317122312,0.9457142857142857,0.939256740036557
segment,exp,104,182,0.016388179281789386,0.9260869565217391,0.018616152522006192,0.9228571428571428,0.9394559779252575
segment,exp,104,183,0.005766695779887289,0.9745341614906833,0.009297205359263483,0.9514285714285714,0.936328726732401
segment,exp,104,184,0.005690296302858495,0.9763975155279503,0.009025493628944357,0.9542857142857143,0.9361775960626344
segment,exp,104,185,0.005651191577503526,0.9745341614906833,0.009353334304529776,0.9514285714285714,0.9361151428873457
segment,exp,104,186,0.0066493721449559385,0.9739130434782609,0.009428354173718059,0.9514285714285714,0.938861609686396
segment,exp,104,187,0.01606248832292806,0.931055900621118,0.018296920328887255,0.92,0.9370339879810704
segment,exp,104,188,0.006421443284899007,0.9714285714285714,0.010190020488237975,0.9514285714285714,0.9373648957852532
segment,exp,104,189,0.005731277046456698,0.9745341614906833,0.009265067598616209,0.9542857142857143,0.9370765102298594
segment,exp,104,190,0.005578739050551816,0.9751552795031055,0.009195690275474764,0.9514285714285714,0.9357337624802939
segment,exp,104,191,0.005722578086785926,0.9751552795031055,0.00919669584151581,0.9485714285714286,0.9356588898609176
segment,exp,104,192,0.007203366927514007,0.9695652173913043,0.010986697969101848,0.9485714285714286,0.9371462933813707
segment,exp,104,193,0.006634033412190043,0.9683229813664597,0.010383314340545714,0.9514285714285714,0.9355451696584854
segment,exp,104,194,0.007381836208796945,0.9670807453416149,0.011207068175180886,0.9457142857142857,0.9367367577777729
segment,exp,104,195,0.01191218945138915,0.9409937888198758,0.015078219213599375,0.9285714285714286,0.936175631321292
segment,exp,104,196,0.005569941011369601,0.9751552795031055,0.009246365555251233,0.9485714285714286,0.935216706092945
segment,exp,104,197,0.005552802289158483,0.9745341614906833,0.00911491814938533,0.9514285714285714,0.9352162774163411
segment,exp,104,198,0.0073157428480971395,0.9645962732919254,0.010949833944370749,0.9457142857142857,0.9350138415999358
segment,exp,104,199,0.005473719572726978,0.9757763975155279,0.009110414984360648,0.9542857142857143,0.9350358128206582
segment,exp,104,200,0.005688467647033866,0.9745341614906833,0.009440168070514237,0.9542857142857143,0.9355827014659719
segment,exp,104,201,0.005402901075823994,0.9757763975155279,0.008905324042997655,0.9542857142857143,0.9348279113180721
segment,exp,104,202,0.0060950867663165645,0.9739130434782609,0.009476673529278914,0.9485714285714286,0.9348961628758294
segment,exp,104,203,0.005451780742524198,0.9751552795031055,0.00914141725905447,0.9542857142857143,0.9347240728313769
segment,exp,104,204,0.005477080398913631,0.9745341614906833,0.009277197561030119,0.9542857142857143,0.934670814373853
segment,exp,104,205,0.006350505340083019,0.9714285714285714,0.0102117787228313,0.9571428571428572,0.9360333179196421
segment,exp,104,206,0.005955737522051919,0.9751552795031055,0.009152904717620614,0.9514285714285714,0.9343810599625564
segment,exp,104,207,0.006029257685176705,0.9701863354037267,0.009950150110495425,0.9542857142857143,0.9342925273924292
segment,exp,104,208,0.007308419985900923,0.9652173913043478,0.011076591385542843,0.9457142857142857,0.9342202857312025
segment,exp,104,209,0.0053443842076799485,0.9770186335403727,0.008908142089086536,0.9542857142857143,0.9341708952797384
segment,exp,104,210,0.013159546026680248,0.9372670807453416,0.015938878215356857,0.9228571428571428,0.9354996220949031
segment,exp,104,211,0.005392263889630145,0.9763975155279503,0.008791480285661101,0.9514285714285714,0.9339747119822082
segment,exp,104,212,0.005374797367593438,0.9763975155279503,0.008821072794711959,0.9542857142857143,0.9339839436915098
segment,exp,104,213,0.005662000919301091,0.9751552795031055,0.00909524836956406,0.9542857142857143,0.9338400380571574
segment,exp,104,214,0.005242750147091846,0.977639751552795,0.008910354469553017,0.9542857142857143,0.9337423402083505
segment,exp,104,215,0.005333995059157164,0.9763975155279503,0.009112604741947073,0.9542857142857143,0.9336803359825524
segment,exp,104,216,0.008922922434580018,0.953416149068323,0.012528883354483945,0.9428571428571428,0.9341592697678445
segment,exp,104,217,0.005472650563433598,0.9757763975155279,0.009213175540691234,0.9542857142857143,0.9335721315354606
segment,exp,104,218,0.005225556575543165,0.9757763975155279,0.008939426384816008,0.9542857142857143,0.9334522863360663
segment,exp,104,219,0.006526889261980852,0.9714285714285714,0.009665119108768239,0.9457142857142857,0.9337386213558354
segment,exp,104,220,0.005211493700698342,0.9782608695652174,0.009075242435034946,0.9571428571428572,0.9334153857713454
segment,exp,104,221,0.0055414360398596966,0.9757763975155279,0.009096298714865166,0.9542857142857143,0.9332845519088014
segment,exp,104,222,0.0052439394701487745,0.9751552795031055,0.008989563572767985,0.9571428571428572,0.9332096313908995
segment,exp,104,223,0.005330682270198858,0.9763975155279503,0.00888703205866858,0.9542857142857143,0.9344521586644855
segment,exp,104,224,0.005580451917704244,0.9732919254658385,0.009502511419671584,0.9571428571428572,0.9331198124958844
segment,exp,104,225,0.005192867432242436,0.9757763975155279,0.009008301599649953,0.9542857142857143,0.9329193477766314
segment,exp,104,226,0.0053267059393329085,0.9763975155279503,0.00934244138854838,0.9542857142857143,0.932836534406021
segment,exp,104,227,0.007333905823893052,0.9627329192546584,0.010185866208822383,0.9457142857142857,0.9332310342332308
segment,exp,104,228,0.005197281322838881,0.9757763975155279,0.009292699810892723,0.9571428571428572,0.932690182651599
segment,exp,104,229,0.005703173951217684,0.9745341614906833,0.009645037225567777,0.9542857142857143,0.9329933605305009
segment,exp,104,230,0.005236455135979688,0.9763975155279503,0.009021668230952056,0.9542857142857143,0.932586152666846
segment,exp,104,231,0.005074066692439585,0.9770186335403727,0.008927588293161468,0.9542857142857143,0.932491586139387
segment,exp,104,232,0.007444464386936234,0.9677018633540373,0.009951901202996861,0.9457142857142857,0.9342039739889278
segment,exp,104,233,0.005144948657974001,0.9757763975155279,0.009024949729079147,0.9514285714285714,0.9323231655054427
segment,exp,104,234,0.0050861305544657055,0.9757763975155279,0.008826611263132864,0.9542857142857143,0.9323255700729686
segment,exp,104,235,0.005233112384565202,0.9763975155279503,0.009162238244810082,0.9542857142857143,0.9364714935870273
segment,exp,104,236,0.00785154458453307,0.9602484472049689,0.01002305507831691,0.9457142857142857,0.932722173606859
segment,exp,104,237,0.0052918116844064365,0.9770186335403727,0.009245539067548185,0.9542857142857143,0.9321303100275219
segment,exp,104,238,0.00543753897956246,0.9739130434782609,0.009480307442466284,0.9542857142857143,0.9321887489360093
segment,exp,104,239,0.005622798645009784,0.9726708074534162,0.00963137082392685,0.9542857142857143,0.9321348542652815
segment,exp,104,240,0.008698060204786244,0.9583850931677018,0.011551732908054684,0.94,0.9325701339964885
segment,exp,104,241,0.005943190528706765,0.9745341614906833,0.01022769850729832,0.9514285714285714,0.9332267312205662
segment,exp,104,242,0.005921236755415013,0.9714285714285714,0.009091645321372466,0.9514285714285714,0.9318331759565023
segment,exp,104,243,0.005497825008975326,0.9751552795031055,0.00961393009403369,0.9571428571428572,0.9345844025912118
segment,exp,104,244,0.005574914090218247,0.9757763975155279,0.00932656421748504,0.9485714285714286,0.9337314831505511
segment,exp,104,245,0.005180789584530399,0.9763975155279503,0.009256859524536948,0.9571428571428572,0.9314423757115049
segment,exp,104,246,0.005152556775464494,0.9751552795031055,0.009175433643211285,0.9542857142857143,0.9315205284758847
segment,exp,104,247,0.00563059569943327,0.9751552795031055,0.008748756756895971,0.9514285714285714,0.9320907178738501
segment,exp,104,248,0.005632732321069841,0.9732919254658385,0.008887881681417147,0.9514285714285714,0.9313413963235944
segment,exp,104,249,0.005278739691868492,0.9763975155279503,0.008821756636933208,0.9571428571428572,0.932770756070846
segment,exp,104,250,0.004993826978459621,0.9757763975155279,0.008998827411449865,0.9571428571428572,0.9312078870581381
segment,exp,104,251,0.01131865513573462,0.9509316770186336,0.012514244632590904,0.94,0.9321678496409548
segment,exp,104,252,0.005632795743467352,0.9720496894409938,0.008993831062530091,0.9485714285714286,0.9310183158396607
segment,exp,104,253,0.005095027025734376,0.9763975155279503,0.008775862817296115,0.9542857142857143,0.9309376111629883
segment,exp,104,254,0.005578877635332288,0.9751552795031055,0.0091063437838755,0.9514285714285714,0.9309767669379563
segment,exp,104,255,0.0054716899935411,0.9732919254658385,0.00887350610372926,0.9514285714285714,0.9308196556301487
segment,exp,104,256,0.004973793841487435,0.9770186335403727,0.008967054975206513,0.9542857142857143,0.9306991037993321
segment,exp,104,257,0.005070066326847459,0.977639751552795,0.009070842193228432,0.9571428571428572,0.930781500633442
segment,exp,104,258,0.0050750734891500384,0.9770186335403727,0.009063502275322098,0.9542857142857143,0.9305842789482726
segment,exp,104,259,0.0048844986118402175,0.9763975155279503,0.008689228326102761,0.9571428571428572,0.930592171602342
segment,exp,104,260,0.004992529757973166,0.977639751552795,0.009086916922299978,0.9542857142857143,0.9304846504980324
segment,exp,104,261,0.006827020269176796,0.9745341614906833,0.01004907356480366,0.9457142857142857,0.9323816850923021
segment,exp,104,262,0.0048133071334669954,0.977639751552795,0.008666244603830753,0.9571428571428572,0.9303240439728548
segment,exp,104,263,0.005004554329837574,0.9757763975155279,0.009172195119394301,0.9571428571428572,0.9302569282197378
segment,exp,104,264,0.005116312535765529,0.9751552795031055,0.00922862949952708,0.9571428571428572,0.9317511778750837
segment,exp,104,265,0.004790899300136473,0.9795031055900622,0.008480792293112768,0.9542857142857143,0.9302436526563964
segment,exp,104,266,0.00475449237424065,0.9788819875776398,0.008471615348407497,0.9571428571428572,0.930099507988947
segment,exp,104,267,0.0050313139641049495,0.9757763975155279,0.008968497885558523,0.9542857142857143,0.9302378559431843
segment,exp,104,268,0.004829853411715043,0.9763975155279503,0.008511350498312835,0.9542857142857143,0.9326524966537914
segment,exp,104,269,0.004802637861966781,0.9770186335403727,0.008474895698067824,0.9571428571428572,0.9299666152098552
segment,exp,104,270,0.005003708186457374,0.9763975155279503,0.008539772720350364,0.9514285714285714,0.9298998287761836
segment,exp,104,271,0.004766002707484258,0.9770186335403727,0.008466741171661695,0.96,0.9297696753592126
segment,exp,104,272,0.005137686106025179,0.9757763975155279,0.009155521539513687,0.9571428571428572,0.9297507311884322
segment,exp,104,273,0.0047292715117436615,0.9801242236024845,0.00865061910836387,0.9571428571428572,0.9296574129168382
segment,exp,104,274,0.0048439516529776025,0.9795031055900622,0.008870206916317961,0.9542857142857143,0.9309109220296808
segment,exp,104,275,0.005734954443208355,0.970807453416149,0.008783769077375868,0.9514285714285714,0.9299476457204903
segment,exp,104,276,0.00470223264981159,0.977639751552795,0.008657465221271855,0.9628571428571429,0.9296103164109198
segment,exp,104,277,0.004721339515114521,0.9795031055900622,0.008718502639644162,0.9542857142857143,0.9294186786140717
segment,exp,104,278,0.004861401123378397,0.9788819875776398,0.008933861949476282,0.9542857142857143,0.9294746404253253
segment,exp,104,279,0.0046620950086050765,0.977639751552795,0.008609861707703824,0.96,0.9293334855312201
segment,exp,104,280,0.011275250736733659,0.9478260869565217,0.013963349890462155,0.9371428571428572,0.9303881034232968
segment,exp,104,281,0.004721982444374764,0.9770186335403727,0.008597314513528277,0.96,0.9292217460945054
segment,exp,104,282,0.004865538598793763,0.977639751552795,0.008992821570939573,0.9571428571428572,0.931764501635233
segment,exp,104,283,0.004724307016211782,0.9782608695652174,0.008832163516032365,0.9571428571428572,0.9330935275597256
segment,exp,104,284,0.004706206784234223,0.9788819875776398,0.008746360646098,0.9571428571428572,0.9290625115124705
segment,exp,104,285,0.004620796411446375,0.977639751552795,0.008514598208400066,0.96,0.9289449483287943
segment,exp,104,286,0.004748589890095119,0.9757763975155279,0.008535867779048415,0.9542857142857143,0.9288753524241407
segment,exp,104,287,0.004690441994069991,0.9795031055900622,0.00871006050170142,0.96,0.9288269923950376
segment,exp,104,288,0.004800041841400655,0.9782608695652174,0.008858418082470789,0.96,0.928971265096216
segment,exp,104,289,0.005284822815036172,0.9739130434782609,0.00935316205935279,0.9571428571428572,0.9287818729050215
segment,exp,104,290,0.00546679524153819,0.9745341614906833,0.008698458805888681,0.9542857142857143,0.929873349574136
segment,exp,104,291,0.004696703814737546,0.9770186335403727,0.008607301519803634,0.96,0.9286153232242115
segment,exp,104,292,0.004988185554963637,0.9757763975155279,0.009120506397692938,0.9571428571428572,0.9284868759854665
segment,exp,104,293,0.0048332961196189215,0.977639751552795,0.00882854287591187,0.9571428571428572,0.9284201867234769
segment,exp,104,294,0.004642393771505016,0.977639751552795,0.008521986265109017,0.9628571428571429,0.9283961896208839
segment,exp,104,295,0.004929411822924057,0.9751552795031055,0.008887093084270688,0.9542857142857143,0.9284305903291178
segment,exp,104,296,0.00476990107315476,0.9782608695652174,0.008728501292164863,0.96,0.9286096882092628
segment,exp,104,297,0.007649543197862811,0.9614906832298137,0.010544812939924297,0.9485714285714286,0.9285795674329719
segment,exp,104,298,0.004652360366383341,0.9763975155279503,0.00843922008033118,0.9571428571428572,0.9281873339452472
segment,exp,104,299,0.004681219955829092,0.9795031055900622,0.008775420197207024,0.96,0.9281112080883372
segment,exp,104,300,0.0045427322358841445,0.9788819875776398,0.00851748603601768,0.9628571428571429,0.9280739073499654
segment,exp,104,301,0.0046005403864517935,0.977639751552795,0.00850886332195443,0.96,0.9280567883549731
segment,exp,104,302,0.004976160986817373,0.9770186335403727,0.008552837097736118,0.9542857142857143,0.9284299524093969
segment,exp,104,303,0.004519956678715528,0.9795031055900622,0.008573312380507571,0.96,0.9279245877810253
segment,exp,104,304,0.006072482407359078,0.970807453416149,0.009247935689784985,0.9485714285714286,0.9293014150021156
segment,exp,104,305,0.0047182172159869595,0.9757763975155279,0.008568492087854384,0.9542857142857143,0.9291456843098449
segment,exp,104,306,0.0045512048553708415,0.9795031055900622,0.00862700818969108,0.96,0.9278778555894662
segment,exp,104,307,0.0044932206748781135,0.9795031055900622,0.00855702781197796,0.9628571428571429,0.927736696892068
segment,exp,104,308,0.004539703870639184,0.9763975155279503,0.008444366094952641,0.9571428571428572,0.9276916269986856
segment,exp,104,309,0.004757957045060729,0.9763975155279503,0.0085973234297658,0.9542857142857143,0.9276070346974563
segment,exp,104,310,0.00655087834616138,0.9751552795031055,0.00994624567784036,0.9485714285714286,0.9293299759871995
segment,exp,104,311,0.004685171257254279,0.9795031055900622,0.008827639773217226,0.9571428571428572,0.9274569539668379
segment,exp,104,312,0.004825829805522932,0.9782608695652174,0.009013127422511551,0.9571428571428572,0.9275516016718367
segment,exp,104,313,0.004532387850123236,0.9795031055900622,0.008562407721850074,0.9571428571428572,0.9273621159940018
segment,exp,104,314,0.005077943143068179,0.9763975155279503,0.008704232873989552,0.9514285714285714,0.9274213908297313
segment,exp,104,315,0.004627886768424758,0.9757763975155279,0.008552113666104774,0.9542857142857143,0.9272768463984885
segment,exp,104,316,0.004557457496395178,0.9795031055900622,0.008778185265348952,0.9571428571428572,0.927200751225959
segment,exp,104,317,0.004460487178631452,0.9795031055900622,0.00862452067863218,0.96,0.9271840927725806
segment,exp,104,318,0.005447406420168695,0.9726708074534162,0.00890881162081567,0.9514285714285714,0.9272065930224859
segment,exp,104,319,0.004526001788730189,0.9795031055900622,0.008636162270353666,0.9571428571428572,0.9270478204311505
segment,exp,104,320,0.0049530033004399525,0.9757763975155279,0.00919658134712627,0.9628571428571429,0.9270011597581376
segment,exp,104,321,0.004454139886605475,0.9795031055900622,0.008472470855595118,0.96,0.9269531113707403
segment,exp,104,322,0.006886337051325248,0.9633540372670808,0.010298213496692923,0.9514285714285714,0.9286087386477317
segment,exp,104,323,0.004443747119366302,0.9782608695652174,0.00845629294894861,0.96,0.9281885011586084
segment,exp,104,324,0.004446352924937637,0.9788819875776398,0.00859818288247512,0.9628571428571429,0.9269163018775445
segment,exp,104,325,0.004531389825308583,0.9770186335403727,0.008474504870756268,0.9571428571428572,0.9268303102287488
segment,exp,104,326,0.0043931510465324035,0.9788819875776398,0.008493769270892798,0.96,0.9267233407472534
segment,exp,104,327,0.0044250052616702324,0.977639751552795,0.008562735506031921,0.96,0.9268400961269412
segment,exp,104,328,0.004503520432436866,0.9763975155279503,0.00844440478956711,0.9571428571428572,0.9266532284522863
segment,exp,104,329,0.004724773343212215,0.9763975155279503,0.008643210071911427,0.9542857142857143,0.9280167153645998
segment,exp,104,330,0.00559204838909208,0.9726708074534162,0.008923872920088742,0.9514285714285714,0.926649545887215
segment,exp,104,331,0.004381292045092574,0.9795031055900622,0.008539170650713463,0.9571428571428572,0.9264900635960113
segment,exp,104,332,0.004672188410043273,0.9763975155279503,0.008742980247838752,0.9542857142857143,0.9264109975371712
segment,exp,104,333,0.0045683446224622365,0.977639751552795,0.008476730880617853,0.9571428571428572,0.9263721949431155
segment,exp,104,334,0.0044026989537868455,0.9795031055900622,0.00845723864380624,0.9571428571428572,0.9263251323626722
segment,exp,104,335,0.004484425129492586,0.9763975155279503,0.008385218965482019,0.96,0.9262656492728104
segment,exp,104,336,0.004647486060822763,0.9763975155279503,0.008437426925114427,0.9542857142857143,0.9262262279922286
segment,exp,104,337,0.004485471643908462,0.9763975155279503,0.008349249236583886,0.9571428571428572,0.9278980403542003
segment,exp,104,338,0.0043707585007549035,0.9788819875776398,0.00847116059952727,0.9571428571428572,0.9260769661166391
segment,exp,104,339,0.004565842793657854,0.9763975155279503,0.008304225616938552,0.9571428571428572,0.9260568461278433
segment,exp,104,340,0.005680711072227515,0.9757763975155279,0.00893422709107274,0.9514285714285714,0.9289930470439561
segment,exp,104,341,0.004494871370565153,0.9757763975155279,0.008441257782502756,0.9542857142857143,0.9259634037344647
segment,exp,104,342,0.004344536860207675,0.9795031055900622,0.008400091466486091,0.9628571428571429,0.9259340221446687
segment,exp,104,343,0.004641578280021323,0.9757763975155279,0.00852320597974729,0.9542857142857143,0.9260027528608986
segment,exp,104,344,0.0043681945375363355,0.9770186335403727,0.008324138152062363,0.96,0.925864714972056
segment,exp,104,345,0.004685224865633521,0.9763975155279503,0.008520810241588054,0.9542857142857143,0.9258314187941281
segment,exp,104,346,0.0043313289054081605,0.9770186335403727,0.00845068698077541,0.96,0.9257339202620496
segment,exp,104,347,0.014486662320021378,0.9335403726708075,0.016839049065914016,0.92,0.9268464934388377
segment,exp,104,348,0.004475037775455431,0.9763975155279503,0.00847740125880111,0.9571428571428572,0.9269349804414224
segment,exp,104,349,0.004899866681292461,0.9770186335403727,0.008386346594183127,0.96,0.9267548740575207
segment,exp,104,350,0.004450372956687082,0.9782608695652174,0.008506086713761225,0.96,0.9270109586319955
segment,exp,105,1,0.11364275414525901,0.30869565217391304,0.11399830457248476,0.29714285714285715,0.9929394483549205
segment,exp,105,2,0.08858647841225457,0.5167701863354037,0.08859533521663972,0.5257142857142857,0.9881213203847258
segment,exp,105,3,0.05878370725055421,0.8186335403726708,0.05930443289583455,0.8171428571428572,0.9835117020378608
segment,exp,105,4,0.04500716458620105,0.8055900621118013,0.045006560535444474,0.8057142857142857,0.9777987688853907
segment,exp,105,5,0.039615331163738776,0.8229813664596274,0.04074382173019603,0.8057142857142857,0.9778231292931022
segment,exp,105,6,0.03513280636915066,0.822360248447205,0.03590407424972905,0.8371428571428572,0.9752261505703423
segment,exp,105,7,0.036352472663082384,0.8285714285714286,0.0381979769820941,0.8142857142857143,0.9745060665760993
segment,exp,105,8,0.027241855333523066,0.8937888198757764,0.028099289891687175,0.9,0.97078204872532
segment,exp,105,9,0.0249044611358532,0.9031055900621118,0.025826930831029955,0.9057142857142857,0.9711927975844776
segment,exp,105,10,0.02089259711705985,0.9285714285714286,0.022139899534860473,0.9257142857142857,0.9689567478233606
segment,exp,105,11,0.020054222004484753,0.924223602484472,0.020918800138223913,0.9114285714285715,0.9687657659589278
segment,exp,105,12,0.020119526341950456,0.9204968944099379,0.021107492092411934,0.9142857142857143,0.9680981578885675
segment,exp,105,13,0.02046306366765175,0.9267080745341615,0.022186028726525656,0.9171428571428571,0.967141837011761
segment,exp,105,14,0.018105470048633363,0.9298136645962732,0.01930934737756916,0.9228571428571428,0.9667077614364806
segment,exp,105,15,0.018195091661978236,0.9279503105590062,0.01964520184745172,0.9285714285714286,0.9682780729527252
segment,exp,105,16,0.018781274667024336,0.9236024844720497,0.019573892846381002,0.9142857142857143,0.9668383059119058
segment,exp,105,17,0.017232118976437404,0.9347826086956522,0.01897318878216138,0.9257142857142857,0.9656800865113834
segment,exp,105,18,0.028052417773943752,0.8981366459627329,0.03088238050848713,0.8742857142857143,0.9654540450622463
segment,exp,105,19,0.018919588258745252,0.9316770186335404,0.021179623562557325,0.9285714285714286,0.9636668124689949
segment,exp,105,20,0.017777573775454112,0.9236024844720497,0.018798952102897046,0.9142857142857143,0.9632592975640116
segment,exp,105,21,0.017574800534236105,0.9260869565217391,0.019301113490172127,0.9257142857142857,0.9636863500446982
segment,exp,105,22,0.018465458114633668,0.9347826086956522,0.020985290461115087,0.9285714285714286,0.9654085057555112
segment,exp,105,23,0.0153231405896504,0.937888198757764,0.01694316023341631,0.9285714285714286,0.9617449609104981
segment,exp,105,24,0.048941436369841315,0.8136645962732919,0.05175690274355231,0.8028571428571428,0.9636266219183464
segment,exp,105,25,0.018905362368174226,0.9180124223602485,0.020127040838436742,0.9171428571428571,0.9618011851792095
segment,exp,105,26,0.015887881390275492,0.9347826086956522,0.018218241247094945,0.9171428571428571,0.9608498184495993
segment,exp,105,27,0.01621990565135423,0.9273291925465839,0.017520540053812546,0.9228571428571428,0.9615809876595369
segment,exp,105,28,0.01598108074829519,0.9341614906832298,0.017521843902248712,0.9228571428571428,0.960049587724672
segment,exp,105,29,0.014409429148769047,0.9385093167701863,0.01654342476630806,0.9142857142857143,0.9594222381889118
segment,exp,105,30,0.014061313380810625,0.937888198757764,0.016023683825846305,0.9342857142857143,0.9591101459675454
segment,exp,105,31,0.014062821010248513,0.9422360248447205,0.016088981054958023,0.9257142857142857,0.9588285551664312
segment,exp,105,32,0.015308953039276015,0.9354037267080745,0.01678998353319506,0.9314285714285714,0.9585384849540401
segment,exp,105,33,0.022419494217318297,0.9093167701863354,0.025689551416253228,0.8857142857142857,0.960932591183992
segment,exp,105,34,0.0155151853760048,0.9316770186335404,0.01709704685483669,0.9228571428571428,0.9604036709978183
segment,exp,105,35,0.014094755140103483,0.9484472049689441,0.01664058314487463,0.94,0.9580424536387212
segment,exp,105,36,0.013713075558260466,0.9385093167701863,0.01598908685403615,0.9314285714285714,0.9577369387516803
segment,exp,105,37,0.01300649000867122,0.9385093167701863,0.015172159085365258,0.9314285714285714,0.9569565324292555
segment,exp,105,38,0.012855708944068595,0.9422360248447205,0.015051450270855825,0.9314285714285714,0.9567816884878656
segment,exp,105,39,0.014988090742887004,0.9298136645962732,0.017518708766118173,0.9228571428571428,0.9585113424579714
segment,exp,105,40,0.020201787490500524,0.9118012422360249,0.023349291328609464,0.8971428571428571,0.9570937778081541
segment,exp,105,41,0.012520439413196674,0.9490683229813665,0.015065125127724167,0.9428571428571428,0.9558840084827089
segment,exp,105,42,0.012403002296415385,0.9503105590062112,0.015046813842829309,0.9428571428571428,0.9558054345995417
segment,exp,105,43,0.012120787531456482,0.94472049689441,0.014521160779182007,0.9314285714285714,0.9554361405472164
segment,exp,105,44,0.01333589242705629,0.9391304347826087,0.015173761449629964,0.9314285714285714,0.9553628624510265
segment,exp,105,45,0.012309314642856398,0.9478260869565217,0.014469189361788344,0.94,0.9572003892857559
segment,exp,105,46,0.015589479157918015,0.9347826086956522,0.01718019451181771,0.9342857142857143,0.9562146928135301
segment,exp,105,47,0.012986301936462384,0.9416149068322981,0.015468852236681516,0.9314285714285714,0.9564936000093309
segment,exp,105,48,0.012646437088090512,0.9391304347826087,0.014634846720553289,0.9342857142857143,0.954202884466395
segment,exp,105,49,0.012251145190614413,0.9440993788819876,0.014459649062001168,0.9342857142857143,0.9540384571093652
segment,exp,105,50,0.01852915527470309,0.922360248447205,0.02219117358632689,0.9114285714285715,0.9543861901099988
segment,exp,105,51,0.011280823095462786,0.9490683229813665,0.013987450700497893,0.9371428571428572,0.9534244165498286
segment,exp,105,52,0.01827410957229757,0.9180124223602485,0.019269338040809512,0.9257142857142857,0.9556831025819708
segment,exp,105,53,0.016216727481711435,0.9279503105590062,0.019292041510742892,0.9228571428571428,0.9548786480926403
segment,exp,105,54,0.011925850586597501,0.9521739130434783,0.014516125326925318,0.9342857142857143,0.9546578034012879
segment,exp,105,55,0.011229957742077967,0.9472049689440993,0.013891019748514163,0.9371428571428572,0.952896890460559
segment,exp,105,56,0.011464017516211419,0.9515527950310559,0.01437745723196413,0.9314285714285714,0.9530061715819549
segment,exp,105,57,0.01075530402891562,0.9546583850931677,0.01378683386763002,0.9428571428571428,0.9521734141088962
segment,exp,105,58,0.010984840190933558,0.9540372670807453,0.01410805159044189,0.9428571428571428,0.9521810586087285
segment,exp,105,59,0.015460698472547975,0.924223602484472,0.018636242798329046,0.9114285714285715,0.9546193832082149
segment,exp,105,60,0.011194628219092714,0.9521739130434783,0.013975044684276098,0.94,0.9535496190955145
segment,exp,105,61,0.01056654777604291,0.9552795031055901,0.013349156097974095,0.9371428571428572,0.9527096605429513
segment,exp,105,62,0.010518430105445654,0.9546583850931677,0.013663874258525449,0.9428571428571428,0.9513942720004719
segment,exp,105,63,0.01217678081182576,0.9490683229813665,0.01566580045451098,0.9314285714285714,0.9510796381955361
segment,exp,105,64,0.010625445900658576,0.9590062111801242,0.013244084497850157,0.94,0.9508870832661487
segment,exp,105,65,0.011093392026890421,0.9540372670807453,0.01423553840603115,0.94,0.9509296408630405
segment,exp,105,66,0.012046578123180775,0.9509316770186336,0.015320563134695077,0.9371428571428572,0.9529034308766908
segment,exp,105,67,0.013297865138667701,0.9341614906832298,0.015719925109025493,0.92,0.9534130920828154
segment,exp,105,68,0.009927849587102064,0.9565217391304348,0.012852509796175091,0.9371428571428572,0.9501107388916669
segment,exp,105,69,0.010346260755276683,0.9521739130434783,0.013597984443089647,0.94,0.950800922372883
segment,exp,105,70,0.01313394170828518,0.9329192546583851,0.01630208539612046,0.9228571428571428,0.9514950207613945
segment,exp,105,71,0.010064029197518459,0.9546583850931677,0.013004442098946528,0.9285714285714286,0.9496354087029382
segment,exp,105,72,0.011906847696237214,0.9503105590062112,0.014559598156219818,0.9371428571428572,0.9513489579356015
segment,exp,105,73,0.009662239131353867,0.9596273291925466,0.012797489421084074,0.9342857142857143,0.949327098490879
segment,exp,105,74,0.012338481680173917,0.9465838509316771,0.014657942814051349,0.9371428571428572,0.9529787629289623
segment,exp,105,75,0.009917513132810479,0.9602484472049689,0.012933284461437766,0.9371428571428572,0.9518655961635168
segment,exp,105,76,0.009378362690871037,0.9602484472049689,0.012510080534853153,0.9371428571428572,0.950242756505816
segment,exp,105,77,0.010059992369277888,0.9583850931677018,0.013080335516798573,0.9371428571428572,0.9489604991487931
segment,exp,105,78,0.013158863079529444,0.9422360248447205,0.016816930617350394,0.9342857142857143,0.9490080459401996
segment,exp,105,79,0.009468439314204576,0.9596273291925466,0.012871088331659921,0.9371428571428572,0.9486337619725762
segment,exp,105,80,0.011313912990423945,0.9496894409937888,0.013968189403463662,0.9371428571428572,0.9485658209941953
segment,exp,105,81,0.01046557835262551,0.9515527950310559,0.013043780174429682,0.9342857142857143,0.9485772764528927
segment,exp,105,82,0.012375043420627124,0.9472049689440993,0.016111040782152492,0.9342857142857143,0.9483692253377758
segment,exp,105,83,0.015569793703987547,0.9316770186335404,0.01756768883554831,0.9371428571428572,0.9484761918252588
segment,exp,105,84,0.009531619129300397,0.9583850931677018,0.013092986796853856,0.9314285714285714,0.947565193372366
segment,exp,105,85,0.009353272980797817,0.9602484472049689,0.01273042239674869,0.9428571428571428,0.9489776892939339
segment,exp,105,86,0.019733164751156686,0.9149068322981366,0.02305913781702297,0.9085714285714286,0.9524869759807956
segment,exp,105,87,0.009598632307469466,0.9590062111801242,0.01282055182973163,0.94,0.9480093837436601
segment,exp,105,88,0.008796436492809534,0.9633540372670808,0.012079415349390289,0.9371428571428572,0.9467995242363748
segment,exp,105,89,0.011136606891793679,0.9527950310559006,0.013755188983714665,0.9457142857142857,0.9470544470455722
segment,exp,105,90,0.019990429601973184,0.9186335403726708,0.02316770609370765,0.9085714285714286,0.9472932699409037
segment,exp,105,91,0.009345391051034161,0.9633540372670808,0.01237179582644376,0.9457142857142857,0.948150700530256
segment,exp,105,92,0.008505258197342876,0.9652173913043478,0.011910842869480118,0.94,0.9461875046793047
segment,exp,105,93,0.018191528170298423,0.9204968944099379,0.021255846189206482,0.9,0.9474182198452582
segment,exp,105,94,0.009715680824625293,0.9608695652173913,0.013088539596777802,0.9371428571428572,0.9468117216642412
segment,exp,105,95,0.013245577141062753,0.9341614906832298,0.01628459833491485,0.92,0.9472193615581302
segment,exp,105,96,0.00839301050568864,0.9645962732919254,0.011692739649928466,0.9457142857142857,0.9455922128510191
segment,exp,105,97,0.008723102870164314,0.9639751552795031,0.011662545580566595,0.9457142857142857,0.9456932586337374
segment,exp,105,98,0.00856525354821187,0.9633540372670808,0.012006686239098365,0.9428571428571428,0.9453688805900263
segment,exp,105,99,0.012366677769690599,0.94472049689441,0.014618313859354724,0.9314285714285714,0.9461771977444374
segment,exp,105,100,0.008233362631265851,0.9652173913043478,0.011767263303795255,0.9428571428571428,0.945022296066331
segment,exp,105,101,0.00902611567450657,0.9633540372670808,0.012218272205243007,0.9485714285714286,0.9452259261193398
segment,exp,105,102,0.008700756018735812,0.9627329192546584,0.011574555521877224,0.94,0.9452139138610615
segment,exp,105,103,0.013259689263569543,0.9372670807453416,0.016136484347538966,0.92,0.9458172972197936
segment,exp,105,104,0.008850240926876295,0.9639751552795031,0.01162883685679659,0.9457142857142857,0.9444428630144791
segment,exp,105,105,0.008499496794720939,0.9627329192546584,0.011464873295189163,0.9428571428571428,0.9458235696553499
segment,exp,105,106,0.007921892326380499,0.9652173913043478,0.011176720249459187,0.9428571428571428,0.9441413374797042
segment,exp,105,107,0.008050276437063885,0.9652173913043478,0.01115889146932725,0.9428571428571428,0.9440689871724764
segment,exp,105,108,0.007961546551216038,0.9652173913043478,0.011181253833330773,0.9428571428571428,0.944016409043124
segment,exp,105,109,0.008949245246997356,0.9627329192546584,0.011981740736175132,0.9457142857142857,0.9445281030819153
segment,exp,105,110,0.008227682122628649,0.9639751552795031,0.011688415972431617,0.94,0.9453757510602371
segment,exp,105,111,0.007950370866854038,0.9645962732919254,0.011450195044891746,0.9428571428571428,0.9434794665860001
segment,exp,105,112,0.007802670231493938,0.9664596273291925,0.01130420172992359,0.9457142857142857,0.9434173964782389
segment,exp,105,113,0.008074300914082925,0.9639751552795031,0.011519204979643597,0.9428571428571428,0.9435803754299362
segment,exp,105,114,0.008698917376438095,0.9658385093167702,0.011497507811877736,0.9485714285714286,0.9434414318356299
segment,exp,105,115,0.007998667453064816,0.9652173913043478,0.011375584501195411,0.9428571428571428,0.9430794205904172
segment,exp,105,116,0.007877189126061621,0.9677018633540373,0.010887306688899832,0.9457142857142857,0.9451526040632403
segment,exp,105,117,0.008033911269800475,0.9639751552795031,0.01110407568250515,0.9428571428571428,0.9431525258495944
segment,exp,105,118,0.0077024119643924,0.9652173913043478,0.011016904123628745,0.94,0.9428513989322791
segment,exp,105,119,0.007472542570854388,0.9683229813664597,0.01088934257583561,0.9485714285714286,0.9425139589826383
segment,exp,105,120,0.00814861610207619,0.9645962732919254,0.011591093257702615,0.94,0.9423542272408625
segment,exp,105,121,0.01083767878097695,0.9527950310559006,0.013333728850378257,0.94,0.9427207900567575
segment,exp,105,122,0.015316410946094912,0.931055900621118,0.017665617898292307,0.9142857142857143,0.9442154311299463
segment,exp,105,123,0.008343649285575759,0.9658385093167702,0.011020717605318645,0.9514285714285714,0.9435814229928642
segment,exp,105,124,0.013308580537441167,0.9360248447204969,0.01638982568770949,0.9228571428571428,0.9441115814402535
segment,exp,105,125,0.0074497500631762175,0.9677018633540373,0.010817887763057355,0.9428571428571428,0.9417730598006482
segment,exp,105,126,0.008939153134994788,0.9559006211180124,0.01239106362009214,0.9428571428571428,0.9416234478280354
segment,exp,105,127,0.0160387875735127,0.9360248447204969,0.016896794751595483,0.9314285714285714,0.9447534932359019
segment,exp,105,128,0.007844179364327077,0.9658385093167702,0.011404911965060474,0.9428571428571428,0.941636059795313
segment,exp,105,129,0.00786831414488109,0.9664596273291925,0.011375665053551655,0.9428571428571428,0.941739017490831
segment,exp,105,130,0.007211216155018399,0.9670807453416149,0.010665279654136219,0.9428571428571428,0.9411304788826337
segment,exp,105,131,0.012522809113334164,0.9465838509316771,0.014919972851090953,0.94,0.9431870997290335
segment,exp,105,132,0.007073223064913066,0.9701863354037267,0.010483565540240687,0.9485714285714286,0.9409820271438313
segment,exp,105,133,0.007163589268077992,0.9677018633540373,0.010493633076733769,0.9457142857142857,0.940886316584651
segment,exp,105,134,0.008958970522074946,0.9577639751552796,0.011405330526011415,0.9514285714285714,0.9414455035965006
segment,exp,105,135,0.008043136133302176,0.9645962732919254,0.01180058577385434,0.94,0.9408887875592675
segment,exp,105,136,0.007615644538096178,0.9664596273291925,0.010581560385462969,0.9485714285714286,0.9405333620441609
segment,exp,105,137,0.009586542387807928,0.9565217391304348,0.012275492799642533,0.9457142857142857,0.9409608651562046
segment,exp,105,138,0.010274129791453607,0.9478260869565217,0.013737900891547198,0.9428571428571428,0.9409975099925048
segment,exp,105,139,0.007001720345405171,0.9701863354037267,0.010647578651391168,0.9457142857142857,0.9401190262352978
segment,exp,105,140,0.00786038736752399,0.9677018633540373,0.010643339994433359,0.9485714285714286,0.9403331234718281
segment,exp,105,141,0.007581980086789023,0.9670807453416149,0.01064732513536779,0.9457142857142857,0.9404192965889315
segment,exp,105,142,0.025081966840718433,0.901863354037267,0.026304365223347365,0.9057142857142857,0.9415929323867418
segment,exp,105,143,0.007866882343610078,0.9670807453416149,0.011201353034952543,0.9457142857142857,0.9411991387687649
segment,exp,105,144,0.008110387082869788,0.9639751552795031,0.011138753373616273,0.9457142857142857,0.9412631883846416
segment,exp,105,145,0.011207691642328843,0.9422360248447205,0.014399856244221129,0.9257142857142857,0.9401031126035078
segment,exp,105,146,0.007112797972400062,0.968944099378882,0.010285160809961327,0.9485714285714286,0.9394580774283363
segment,exp,105,147,0.008304672763262237,0.9614906832298137,0.01066458933832386,0.9485714285714286,0.9412180813817992
segment,exp,105,148,0.006775329283669367,0.9714285714285714,0.010206191367865177,0.9485714285714286,0.9390785813651349
segment,exp,105,149,0.007056148118300938,0.968944099378882,0.010591829586975524,0.9457142857142857,0.9391628495231307
segment,exp,105,150,0.00663099824426702,0.9701863354037267,0.010090977521314638,0.9457142857142857,0.9401783933500644
segment,exp,105,151,0.006815328524151592,0.970807453416149,0.010340622419036372,0.9457142857142857,0.9387309332064909
segment,exp,105,152,0.0076840958787001016,0.9664596273291925,0.010004500020949813,0.9514285714285714,0.9408096895109981
segment,exp,105,153,0.006705272934686655,0.9739130434782609,0.009778745942450002,0.9514285714285714,0.9384900055043316
segment,exp,105,154,0.006949846075128838,0.970807453416149,0.010409442974740845,0.9514285714285714,0.9384148219615207
segment,exp,105,155,0.01177098137414714,0.9440993788819876,0.014543473074386954,0.9228571428571428,0.9395079195684287
segment,exp,105,156,0.006372896455291168,0.9726708074534162,0.009402028909724943,0.9571428571428572,0.9381668970050946
segment,exp,105,157,0.007777769490237532,0.9652173913043478,0.010409508938017939,0.9514285714285714,0.9387511742836098
segment,exp,105,158,0.006718626874618439,0.9732919254658385,0.00996007881518282,0.9542857142857143,0.939816148333242
segment,exp,105,159,0.007183194072591941,0.968944099378882,0.00997545913005111,0.9514285714285714,0.9379555245753777
segment,exp,105,160,0.014117960024857684,0.9329192546583851,0.016746901771502388,0.92,0.9388621178276136
segment,exp,105,161,0.007126272953219564,0.9683229813664597,0.010597333228744663,0.9514285714285714,0.9379601111338355
segment,exp,105,162,0.006146522586902159,0.9745341614906833,0.00962985198066802,0.9542857142857143,0.9374836856517115
segment,exp,105,163,0.006119647881257917,0.9751552795031055,0.00949853439566789,0.9514285714285714,0.9373592268750478
segment,exp,105,164,0.0061262092940262275,0.9751552795031055,0.00943475076608129,0.9514285714285714,0.9372080971366694
segment,exp,105,165,0.010728516025763992,0.9465838509316771,0.013275478296543972,0.9342857142857143,0.9397669545939052
segment,exp,105,166,0.006496265538213706,0.9720496894409938,0.00949541325214944,0.9542857142857143,0.9370067351516497
segment,exp,105,167,0.009235648164886262,0.9571428571428572,0.010858486524369104,0.9485714285714286,0.9389901460746263
segment,exp,105,168,0.006518600911037725,0.9726708074534162,0.010071366189741509,0.9542857142857143,0.9367999655066914
segment,exp,105,169,0.008736784547252732,0.9583850931677018,0.012332164514045861,0.94,0.9372340045114739
segment,exp,105,170,0.006893515728746289,0.9701863354037267,0.009865438745485936,0.9542857142857143,0.9383784259733479
segment,exp,105,171,0.006158689911011228,0.9763975155279503,0.009301929844882779,0.9542857142857143,0.9379831389451142
segment,exp,105,172,0.00899480784758878,0.9583850931677018,0.01081182349577048,0.9514285714285714,0.9371643435377894
segment,exp,105,173,0.006176367692977399,0.9720496894409938,0.009263541737686351,0.9542857142857143,0.9362388403261543
segment,exp,105,174,0.011100198148187036,0.9465838509316771,0.013201268439574589,0.94,0.9374790441034776
segment,exp,105,175,0.007542560399770173,0.9664596273291925,0.010311926888130115,0.9485714285714286,0.9363499119642819
segment,exp,105,176,0.006810274007748219,0.970807453416149,0.010513551827477742,0.9542857142857143,0.9366534981662862
segment,exp,105,177,0.007989067630600548,0.962111801242236,0.011130368586918927,0.9485714285714286,0.936130798425292
segment,exp,105,178,0.005921455849998106,0.9751552795031055,0.009272693314237784,0.9542857142857143,0.9372283432195131
segment,exp,105,179,0.006191719621720174,0.9720496894409938,0.009423397596534558,0.9542857142857143,0.9357257296168635
segment,exp,105,180,0.005697383325124949,0.9751552795031055,0.009283786988563735,0.9542857142857143,0.9369913884158313
segment,exp,105,181,0.005957435583236487,0.9751552795031055,0.00928158784779059,0.9542857142857143,0.9359938024614631
segment,exp,105,182,0.007065152690273099,0.9670807453416149,0.01044414427893074,0.9514285714285714,0.9354443513839513
segment,exp,105,183,0.005669068682816801,0.9757763975155279,0.009371957909263684,0.9542857142857143,0.9352162141681378
segment,exp,105,184,0.005701544742840577,0.9745341614906833,0.009292971521017483,0.9542857142857143,0.9351105833877307
segment,exp,105,185,0.009957933272226566,0.9540372670807453,0.011648584476304708,0.9428571428571428,0.9360905038543945
segment,exp,105,186,0.00813635627327478,0.9670807453416149,0.011318702734789847,0.9485714285714286,0.9358151220884731
segment,exp,105,187,0.005749536153448458,0.9782608695652174,0.009535456577991722,0.9514285714285714,0.9350209048451756
segment,exp,105,188,0.005680690498424983,0.9751552795031055,0.009564486662136414,0.9514285714285714,0.9360897171287486
segment,exp,105,189,0.005935844162791113,0.9732919254658385,0.009768500473219246,0.9542857142857143,0.9346551969817078
segment,exp,105,190,0.005523191098062494,0.9763975155279503,0.009263515035944442,0.9542857142857143,0.934598011994697
segment,exp,105,191,0.01359379468345412,0.9354037267080745,0.016459580352438517,0.9228571428571428,0.9356538000048469
segment,exp,105,192,0.005762632287194687,0.9751552795031055,0.009567609496785118,0.9542857142857143,0.9356979089848311
segment,exp,105,193,0.0076352067680337775,0.9652173913043478,0.010060276773767075,0.9514285714285714,0.934617751555586
segment,exp,105,194,0.007865084919621982,0.962111801242236,0.009925953252461294,0.9485714285714286,0.9355275171699268
segment,exp,105,195,0.006290798908750144,0.9701863354037267,0.009541977692785567,0.9514285714285714,0.9343959044915242
segment,exp,105,196,0.005643808176778352,0.9751552795031055,0.00969392725579959,0.9542857142857143,0.9341844950656143
segment,exp,105,197,0.006316700790969728,0.9701863354037267,0.01011044912561562,0.9542857142857143,0.9340230009135484
segment,exp,105,198,0.005508223212219584,0.9763975155279503,0.009272500740935002,0.9542857142857143,0.9338825799471311
segment,exp,105,199,0.005527015307038705,0.9745341614906833,0.009249243187084918,0.9571428571428572,0.9339585153012595
segment,exp,105,200,0.006946660073537788,0.9726708074534162,0.010619247111062905,0.9485714285714286,0.9340384632618848
segment,exp,105,201,0.00889346650803226,0.9583850931677018,0.011064166144905335,0.9485714285714286,0.9340115200875819
segment,exp,105,202,0.0066825568005304935,0.968944099378882,0.010041804185736372,0.9485714285714286,0.9340023807502305
segment,exp,105,203,0.00562367532358363,0.9757763975155279,0.009506661937360003,0.9514285714285714,0.9334422110000757
segment,exp,105,204,0.006275189002526307,0.9720496894409938,0.010338602477121022,0.9542857142857143,0.9334863044398232
segment,exp,105,205,0.00536189756782721,0.9757763975155279,0.009314062903694059,0.9514285714285714,0.933213567359958
segment,exp,105,206,0.010883801995156213,0.9440993788819876,0.014348276026593332,0.9285714285714286,0.9339952480602123
segment,exp,105,207,0.006105615697741754,0.970807453416149,0.009420396254009804,0.9514285714285714,0.9340166987502128
segment,exp,105,208,0.013953705146120597,0.937888198757764,0.016444606925881226,0.92,0.9352228808479878
segment,exp,105,209,0.005531361616720882,0.9745341614906833,0.00947980508721368,0.9542857142857143,0.9328184639872624
segment,exp,105,210,0.005248722663999541,0.9770186335403727,0.009308302429038308,0.9542857142857143,0.9342094016674378
segment,exp,105,211,0.006684827489848568,0.9677018633540373,0.010059369737951095,0.9485714285714286,0.9328007317679952
segment,exp,105,212,0.005468260235458998,0.9739130434782609,0.009201134939143136,0.9542857142857143,0.9326305293650654
segment,exp,105,213,0.00518527627477025,0.9757763975155279,0.00915621585263909,0.9571428571428572,0.9325716567677055
segment,exp,105,214,0.0059930196506118045,0.9751552795031055,0.009511636506478079,0.9514285714285714,0.9325141444197703
segment,exp,105,215,0.0058254418582024585,0.9720496894409938,0.009302369944784684,0.9514285714285714,0.9353360951329247
segment,exp,105,216,0.005242224187186958,0.9770186335403727,0.00915435161920224,0.9514285714285714,0.9323487544372805
segment,exp,105,217,0.005818378422198104,0.9720496894409938,0.009698588132001255,0.9542857142857143,0.9323263342289452
segment,exp,105,218,0.005128982842495279,0.9782608695652174,0.009141202426481164,0.9542857142857143,0.9321586922559594
segment,exp,105,219,0.006736326921291207,0.9695652173913043,0.009870549209454163,0.9485714285714286,0.933618501928086
segment,exp,105,220,0.0052168554712080295,0.9751552795031055,0.009201985370894238,0.9514285714285714,0.9320618677811686
segment,exp,105,221,0.0073425897486095095,0.9677018633540373,0.011196073568217857,0.9457142857142857,0.9337060870271667
segment,exp,105,222,0.00731362063588376,0.970807453416149,0.01000376959298765,0.9514285714285714,0.9337453205936123
segment,exp,105,223,0.005088304822450731,0.9763975155279503,0.008974641711392613,0.9571428571428572,0.9343360720059107
segment,exp,105,224,0.006842066310243625,0.9739130434782609,0.00981338482952953,0.9542857142857143,0.9333369522586249
segment,exp,105,225,0.0052935867489284985,0.9751552795031055,0.009062459379688415,0.9542857142857143,0.9315606378370639
segment,exp,105,226,0.0066755964469771495,0.9695652173913043,0.010137898424154293,0.9514285714285714,0.9319890889641049
segment,exp,105,227,0.0050744654974701695,0.9751552795031055,0.008992385015513738,0.9542857142857143,0.9313934611054225
segment,exp,105,228,0.005016827878106953,0.9763975155279503,0.0090488913355296,0.9571428571428572,0.9316170763197955
segment,exp,105,229,0.005119245283776855,0.977639751552795,0.008885015609828219,0.9571428571428572,0.9326123279586782
segment,exp,105,230,0.00945921628150972,0.9565217391304348,0.011966852189725452,0.94,0.9319416310799553
segment,exp,105,231,0.005134718914347098,0.9770186335403727,0.009150698238435133,0.9571428571428572,0.9324638798145254
segment,exp,105,232,0.005134725018169743,0.9751552795031055,0.008937456617990136,0.9542857142857143,0.9310471788187007
segment,exp,105,233,0.004976014402048563,0.977639751552795,0.008913536148086869,0.9571428571428572,0.9309628377617698
segment,exp,105,234,0.004981927179604162,0.977639751552795,0.00913823394661477,0.9542857142857143,0.9308984468470788
segment,exp,105,235,0.005596534876486558,0.9751552795031055,0.00926199938800438,0.9514285714285714,0.9335899844910516
segment,exp,105,236,0.011533490654174413,0.9440993788819876,0.015054531466527831,0.9285714285714286,0.9321935476499663
segment,exp,105,237,0.005388691200298397,0.9763975155279503,0.00919889281540446,0.9542857142857143,0.932159609039145
segment,exp,105,238,0.005360449585706058,0.9757763975155279,0.009306369120535573,0.9542857142857143,0.9307303171498392
segment,exp,105,239,0.005286997441894042,0.9757763975155279,0.009289254048677047,0.9514285714285714,0.9305105317259803
segment,exp,105,240,0.006028706462176105,0.9751552795031055,0.009777834724355899,0.9542857142857143,0.9310598560126395
segment,exp,105,241,0.006826286156297593,0.9670807453416149,0.010212254566785045,0.9485714285714286,0.9311824223219204
segment,exp,105,242,0.007231485422971132,0.968944099378882,0.010924585705431547,0.9428571428571428,0.9336051645866482
segment,exp,105,243,0.005997875350899492,0.9714285714285714,0.010216945667289826,0.9542857142857143,0.9304417394938109
segment,exp,105,244,0.01334219228337969,0.937888198757764,0.016409973467215067,0.9228571428571428,0.9310116273683735
segment,exp,105,245,0.00494425795201392,0.9782608695652174,0.009179684458316602,0.9542857142857143,0.9300602129161052
segment,exp,105,246,0.007960312937613652,0.9590062111801242,0.012010780908664104,0.9428571428571428,0.9303385886122038
segment,exp,105,247,0.007246627320612096,0.9658385093167702,0.011480411528358585,0.9428571428571428,0.9303041262357113
segment,exp,105,248,0.012191985257031005,0.9422360248447205,0.015624960723246767,0.9285714285714286,0.9314150048077289
segment,exp,105,249,0.0049201474542013585,0.9788819875776398,0.009124996530690498,0.9542857142857143,0.9299269187831336
segment,exp,105,250,0.004970664756372984,0.9788819875776398,0.009274716781716793,0.9542857142857143,0.9297142023222902
segment,exp,105,251,0.004805137352150385,0.9788819875776398,0.008948248266202474,0.9571428571428572,0.9309680515411297
segment,exp,105,252,0.004957963514879503,0.9757763975155279,0.008947377085530908,0.9542857142857143,0.9296304909701808
segment,exp,105,253,0.004840548088151225,0.9788819875776398,0.009152448581980758,0.9571428571428572,0.9294985347772801
segment,exp,105,254,0.005290166547371845,0.9739130434782609,0.009699309598271198,0.9542857142857143,0.9294663885820585
segment,exp,105,255,0.004763712356114199,0.9770186335403727,0.009074259543642393,0.9571428571428572,0.9308995811799823
segment,exp,105,256,0.005333995133831173,0.9745341614906833,0.009756199611362587,0.9542857142857143,0.9307556279179641
segment,exp,105,257,0.007025142244487798,0.9664596273291925,0.01125115341226408,0.9485714285714286,0.9296990341228307
segment,exp,105,258,0.004749779600512585,0.977639751552795,0.009069974669517058,0.9571428571428572,0.9292532639094457
segment,exp,105,259,0.00471078043406213,0.9782608695652174,0.009078654104383448,0.9571428571428572,0.9291070145996738
segment,exp,105,260,0.004790848690145728,0.9788819875776398,0.00921488322020187,0.9571428571428572,0.9290909022187929
segment,exp,105,261,0.004967681642960646,0.9763975155279503,0.009065674239752639,0.9542857142857143,0.9290095274899811
segment,exp,105,262,0.005092320563937084,0.9732919254658385,0.009679324139713744,0.9514285714285714,0.9294047043585817
segment,exp,105,263,0.0048009995753230525,0.9770186335403727,0.009275441794184842,0.9542857142857143,0.9288457010214621
segment,exp,105,264,0.004774346607078264,0.9788819875776398,0.009237383211345861,0.9542857142857143,0.9288160054987494
segment,exp,105,265,0.007511246939159792,0.9677018633540373,0.01094454782748125,0.9457142857142857,0.9305406710723361
segment,exp,105,266,0.004950324515939925,0.9770186335403727,0.009076712014414231,0.9542857142857143,0.9286450006232032
segment,exp,105,267,0.004689052360649666,0.977639751552795,0.009234408680570958,0.9571428571428572,0.9286998178416076
segment,exp,105,268,0.005308425673900425,0.9751552795031055,0.009747144612955476,0.9542857142857143,0.9285071309491905
segment,exp,105,269,0.004915764658078857,0.9770186335403727,0.009063432372882698,0.9542857142857143,0.9285624404777094
segment,exp,105,270,0.0046550027938412186,0.9788819875776398,0.008932504035679068,0.9571428571428572,0.9283972930846286
segment,exp,105,271,0.0046663043120709746,0.9770186335403727,0.008965839721268883,0.9571428571428572,0.9283648725999913
segment,exp,105,272,0.004686879570140485,0.9801242236024845,0.00916849934908938,0.9571428571428572,0.9282896135186295
segment,exp,105,273,0.00517097374193599,0.9763975155279503,0.00924743839429523,0.9542857142857143,0.9295489647034604
segment,exp,105,274,0.006140234110463574,0.968944099378882,0.01004157402292091,0.9485714285714286,0.9298989799532336
segment,exp,105,275,0.00472979906923986,0.9795031055900622,0.009194482931914173,0.9542857142857143,0.9281152195332729
segment,exp,105,276,0.00561342420246303,0.9732919254658385,0.01026495663276886,0.9514285714285714,0.9281778786827155
segment,exp,105,277,0.004672654687846881,0.9763975155279503,0.009005021962479957,0.9542857142857143,0.9279768540208229
segment,exp,105,278,0.004639628389631936,0.9795031055900622,0.009094630398293406,0.9571428571428572,0.9278864641741743
segment,exp,105,279,0.004563443284234586,0.9795031055900622,0.008951852074522404,0.96,0.9278326155794253
segment,exp,105,280,0.004569584888907522,0.9801242236024845,0.00900066271603324,0.96,0.9277662484208862
segment,exp,105,281,0.004569769524103227,0.9782608695652174,0.008996337968660105,0.9571428571428572,0.9276806780596744
segment,exp,105,282,0.006832728318426471,0.9645962732919254,0.01034832594206622,0.9457142857142857,0.9296345852434182
segment,exp,105,283,0.004789277748348291,0.9795031055900622,0.00957549920106103,0.9514285714285714,0.9287262844299091
segment,exp,105,284,0.011278217645660811,0.9465838509316771,0.01465112250139404,0.9257142857142857,0.9293491217812829
segment,exp,105,285,0.004716272362974756,0.977639751552795,0.009082046289936113,0.96,0.9274897196861392
segment,exp,105,286,0.004594119223475229,0.9782608695652174,0.00899935544949701,0.96,0.9287384130764282
segment,exp,105,287,0.004589734535514289,0.9782608695652174,0.009064608306970715,0.96,0.9274005835215968
segment,exp,105,288,0.005050930682049019,0.9763975155279503,0.009085193188858701,0.9514285714285714,0.9272740772479395
segment,exp,105,289,0.004538807737378578,0.9807453416149068,0.008966055611523615,0.96,0.9272375143722603
segment,exp,105,290,0.004528557637901923,0.9801242236024845,0.008999770125689994,0.9571428571428572,0.9271669051980334
segment,exp,105,291,0.006543288920798533,0.9701863354037267,0.01109928400916197,0.9457142857142857,0.9288658354700164
segment,exp,105,292,0.004558832942514314,0.977639751552795,0.008742545851523538,0.9571428571428572,0.9270621598010284
segment,exp,105,293,0.004629251703966525,0.9795031055900622,0.0091574203338247,0.9542857142857143,0.9285088687043901
segment,exp,105,294,0.004484445635488129,0.9788819875776398,0.008862258847521563,0.9571428571428572,0.9269268136480168
segment,exp,105,295,0.004684762769264697,0.9782608695652174,0.009299153234721228,0.9542857142857143,0.9268968580441476
segment,exp,105,296,0.004617370089482257,0.977639751552795,0.008924028282696136,0.9571428571428572,0.9268347096535265
segment,exp,105,297,0.0045098557966449975,0.9795031055900622,0.009075217559776779,0.9571428571428572,0.9268255679421543
segment,exp,105,298,0.004616735290527599,0.9763975155279503,0.009206888853518991,0.9542857142857143,0.9268975961357874
segment,exp,105,299,0.004465061196266377,0.9801242236024845,0.008975076061870367,0.96,0.9266633573432769
segment,exp,105,300,0.004702580468133412,0.9770186335403727,0.009193020513943453,0.9542857142857143,0.9266835414262515
segment,exp,105,301,0.005535161063070696,0.9739130434782609,0.009474666777323396,0.9485714285714286,0.9266058506426198
segment,exp,105,302,0.0044232843674149,0.9795031055900622,0.008892227578417464,0.9571428571428572,0.9265796424710546
segment,exp,105,303,0.004603250767741916,0.9763975155279503,0.009020805271337166,0.9542857142857143,0.9264856101623945
segment,exp,105,304,0.004745604225107373,0.9763975155279503,0.00917853727012739,0.9542857142857143,0.9263784388587699
segment,exp,105,305,0.0044676936815575925,0.9801242236024845,0.008932396488594988,0.96,0.9263438840336845
segment,exp,105,306,0.0045809582734058505,0.9801242236024845,0.009255789629853324,0.9542857142857143,0.926281999760056
segment,exp,105,307,0.004442053388029317,0.9801242236024845,0.008910317309817195,0.96,0.9262120918428964
segment,exp,105,308,0.004787106484648087,0.9770186335403727,0.009143199643451295,0.9485714285714286,0.9274927834011824
segment,exp,105,309,0.005597516263200459,0.9751552795031055,0.010521679706257494,0.9514285714285714,0.9275648430749966
segment,exp,105,310,0.004399276916026677,0.9788819875776398,0.00883902603188109,0.9571428571428572,0.9260801146308238
segment,exp,105,311,0.004446564788046869,0.9807453416149068,0.009048630796414735,0.96,0.9260827781325653
segment,exp,105,312,0.007870325899919867,0.9627329192546584,0.011686007768656931,0.9428571428571428,0.926277523877053
segment,exp,105,313,0.005218529301204135,0.9745341614906833,0.009421121771293053,0.9485714285714286,0.9263089613609855
segment,exp,105,314,0.004527352441694545,0.9801242236024845,0.009200655702007678,0.9571428571428572,0.9270036957510597
segment,exp,105,315,0.004363179298903183,0.9788819875776398,0.008851721721438317,0.9542857142857143,0.9258184044506017
segment,exp,105,316,0.004419511506186964,0.9782608695652174,0.00912447715147574,0.9571428571428572,0.9257242753511961
segment,exp,105,317,0.0046818318275623294,0.9770186335403727,0.009125289943493481,0.9514285714285714,0.9256542205661213
segment,exp,105,318,0.004412595571947496,0.9788819875776398,0.009017563915581417,0.96,0.9255897678461368
segment,exp,105,319,0.004409512780977653,0.9813664596273292,0.009005431327050093,0.96,0.9255579425206545
segment,exp,105,320,0.004321563080173695,0.9807453416149068,0.00885354487153649,0.9571428571428572,0.9256296731314628
segment,exp,105,321,0.00853284675145788,0.9559006211180124,0.012894354111745332,0.9371428571428572,0.9272203607269406
segment,exp,105,322,0.004375201839919121,0.977639751552795,0.008974103882826684,0.96,0.9254005228731543
segment,exp,105,323,0.009640636355153342,0.9509316770186336,0.013651519102803244,0.9342857142857143,0.9257510835789489
segment,exp,105,324,0.004366020385900615,0.9813664596273292,0.008931171036844432,0.9571428571428572,0.9252916242363606
segment,exp,105,325,0.004491857220778614,0.9795031055900622,0.00912867258903559,0.9542857142857143,0.9252565859850137
segment,exp,105,326,0.0056735148230089814,0.9701863354037267,0.00945686360435554,0.9485714285714286,0.9258033572709745
segment,exp,105,327,0.00456066771550144,0.9770186335403727,0.008942429131030976,0.9514285714285714,0.9251153245829358
segment,exp,105,328,0.004275029777744358,0.9801242236024845,0.00880526517279216,0.9571428571428572,0.9250542174423774
segment,exp,105,329,0.005298977382066512,0.9739130434782609,0.009860691023548843,0.9514285714285714,0.9250585441211465
segment,exp,105,330,0.004423789655282446,0.9795031055900622,0.008658457615234998,0.9542857142857143,0.9250577084584694
segment,exp,105,331,0.004311771946296793,0.9795031055900622,0.00872933834833039,0.9542857142857143,0.9249704136162304
segment,exp,105,332,0.0055916224879915865,0.9720496894409938,0.009609403819330297,0.9485714285714286,0.925191357610263
segment,exp,105,333,0.005589370381273181,0.9745341614906833,0.010187998410705824,0.9542857142857143,0.9253411990844379
segment,exp,105,334,0.005255748897669667,0.9795031055900622,0.00941625275274212,0.9542857142857143,0.9251721329577173
segment,exp,105,335,0.0044682007868491955,0.9788819875776398,0.008828462858751832,0.9542857142857143,0.9249932693752441
segment,exp,105,336,0.004326138619712534,0.9813664596273292,0.008960697811326971,0.9571428571428572,0.9246651625826522
segment,exp,105,337,0.004441118832666389,0.9801242236024845,0.009077351466453356,0.9514285714285714,0.9247418200495795
segment,exp,105,338,0.004244513252032812,0.9807453416149068,0.00876850268159234,0.9571428571428572,0.9271541837324058
segment,exp,105,339,0.01156891379324934,0.9453416149068323,0.014738072475836849,0.9228571428571428,0.9257282181196507
segment,exp,105,340,0.004268402447396297,0.9795031055900622,0.008564707984699783,0.9571428571428572,0.9257411874091774
segment,exp,105,341,0.00429918402832934,0.9795031055900622,0.008592634908429639,0.9542857142857143,0.9243938840077056
segment,exp,105,342,0.004197714482818405,0.9801242236024845,0.008629895096375005,0.9571428571428572,0.9243048669921983
segment,exp,105,343,0.004272087598488169,0.9788819875776398,0.008643651576330099,0.9542857142857143,0.924270298462436
segment,exp,105,344,0.004633498143188333,0.9763975155279503,0.009297271771983534,0.9514285714285714,0.9244825772110886
segment,exp,105,345,0.0072283054370332845,0.9695652173913043,0.01044376117546334,0.9514285714285714,0.9259163399042689
segment,exp,105,346,0.005649300499452035,0.9714285714285714,0.009374535330765635,0.9457142857142857,0.9242978084168914
segment,exp,105,347,0.004399856074473517,0.9788819875776398,0.009229755557033583,0.9514285714285714,0.924054167592187
segment,exp,105,348,0.004215440401299406,0.9788819875776398,0.008758812932584192,0.9571428571428572,0.9253200830544631
segment,exp,105,349,0.004213596660443899,0.9795031055900622,0.00882990519012713,0.9571428571428572,0.9241728985424456
segment,exp,105,350,0.004191171658509312,0.9795031055900622,0.008757618163927179,0.9571428571428572,0.923913292862229
segment,exp,106,1,0.1140948281977517,0.2751552795031056,0.11319866172677018,0.28,0.9918066886804804
segment,exp,106,2,0.09963926041421574,0.36770186335403726,0.09878542844800042,0.38571428571428573,0.9908645719858745
segment,exp,106,3,0.07180568057146412,0.5695652173913044,0.07086423642328021,0.58,0.9841145409456918
segment,exp,106,4,0.057467239815232635,0.7291925465838509,0.05714216033570203,0.7142857142857143,0.9811763130886952
segment,exp,106,5,0.05381240123303367,0.7372670807453416,0.053529520961819774,0.7285714285714285,0.98387878542877
segment,exp,106,6,0.05118711598920799,0.7546583850931677,0.05124105477784251,0.7657142857142857,0.9782438099645626
segment,exp,106,7,0.0516551057801007,0.7403726708074534,0.053230896689484185,0.7257142857142858,0.9785801629575627
segment,exp,106,8,0.05214286599166932,0.8316770186335404,0.052954898765485,0.82,0.9747554492718745
segment,exp,106,9,0.03892073710865809,0.8118012422360248,0.0414116079538185,0.7857142857142857,0.9726367973667518
segment,exp,106,10,0.0414989080997527,0.8180124223602484,0.043716874446766814,0.7971428571428572,0.9706523362284659
segment,exp,106,11,0.021471896708928864,0.9236024844720497,0.022620459698295153,0.9171428571428571,0.9694156247120361
segment,exp,106,12,0.019968784142185902,0.9229813664596274,0.02082476780627351,0.9142857142857143,0.9682491137606679
segment,exp,106,13,0.02009768852251278,0.9273291925465839,0.021250320790018165,0.92,0.9697161040598515
segment,exp,106,14,0.018903877653481588,0.931055900621118,0.02031804998755261,0.9142857142857143,0.96897572153936
segment,exp,106,15,0.019134925039170275,0.9254658385093167,0.021199584012128417,0.9257142857142857,0.9655458301324749
segment,exp,106,16,0.019313375962826455,0.929192546583851,0.020726482398200914,0.9171428571428571,0.9670472794917113
segment,exp,106,17,0.021596033111059947,0.9062111801242236,0.02261736203696471,0.9,0.9660018496542746
segment,exp,106,18,0.01708180568630803,0.9347826086956522,0.018569922262386757,0.9228571428571428,0.9661611492364426
segment,exp,106,19,0.019375252585314674,0.9167701863354037,0.020483449252340014,0.92,0.9661346253552217
segment,exp,106,20,0.016315639486864996,0.9366459627329192,0.01803960303467324,0.9314285714285714,0.9666029994101526
segment,exp,106,21,0.015370163385539582,0.9366459627329192,0.01714195587002253,0.9285714285714286,0.9654397285195166
segment,exp,106,22,0.015172032377268083,0.9360248447204969,0.017002496626023173,0.9257142857142857,0.9630751103993034
segment,exp,106,23,0.01502108040621524,0.94472049689441,0.016973459587964947,0.9342857142857143,0.962050221010713
segment,exp,106,24,0.014747968701591197,0.9391304347826087,0.016557951349816233,0.9285714285714286,0.9629985037875483
segment,exp,106,25,0.01670720872800142,0.9298136645962732,0.018131249593264318,0.9228571428571428,0.9638829286416256
segment,exp,106,26,0.01597921901166594,0.9329192546583851,0.01724279978618872,0.9228571428571428,0.9614061829497209
segment,exp,106,27,0.017079460795149177,0.9335403726708075,0.01992791317215302,0.9342857142857143,0.9607325569595879
segment,exp,106,28,0.019731488192994768,0.9142857142857143,0.022598794738535564,0.9,0.9608995640753883
segment,exp,106,29,0.013950058862168546,0.9465838509316771,0.016365318286465376,0.9342857142857143,0.9597900741059171
segment,exp,106,30,0.013899804710506227,0.9478260869565217,0.016363738982724974,0.9371428571428572,0.9609557238351365
segment,exp,106,31,0.013471403764359532,0.9472049689440993,0.016162063155253335,0.9342857142857143,0.9593162771879462
segment,exp,106,32,0.014681300575768828,0.9385093167701863,0.016799924867207622,0.9257142857142857,0.9608215504287596
segment,exp,106,33,0.013182051376935877,0.9372670807453416,0.015426934333791546,0.9285714285714286,0.9620001017567407
segment,exp,106,34,0.014067336479552784,0.9366459627329192,0.01622258259855842,0.9257142857142857,0.9613908745245927
segment,exp,106,35,0.012706063879294896,0.9503105590062112,0.015083934141224623,0.94,0.9580351126036452
segment,exp,106,36,0.012784197004703042,0.94472049689441,0.01493239302023057,0.9371428571428572,0.958213526363839
segment,exp,106,37,0.02072669215718786,0.9099378881987578,0.023976526427192266,0.8971428571428571,0.9598673599617399
segment,exp,106,38,0.01228272667810554,0.9453416149068323,0.014875760463111311,0.9314285714285714,0.9577758725671909
segment,exp,106,39,0.012386510450227836,0.9503105590062112,0.015273388609902166,0.9371428571428572,0.9578695960118591
segment,exp,106,40,0.012277051900201532,0.9416149068322981,0.014806489762721762,0.9285714285714286,0.9567426899162583
segment,exp,106,41,0.02958481671225348,0.8782608695652174,0.03251103253628647,0.8685714285714285,0.9585649636044994
segment,exp,106,42,0.011891245548262978,0.9478260869565217,0.014671207527096886,0.9342857142857143,0.9563882975301671
segment,exp,106,43,0.014834770705832756,0.937888198757764,0.01784482928675464,0.9257142857142857,0.9565080239230134
segment,exp,106,44,0.011613226488718676,0.9496894409937888,0.014332791025157797,0.9371428571428572,0.9562814843653873
segment,exp,106,45,0.014455797339483495,0.9360248447204969,0.017557168294146747,0.9257142857142857,0.9563971841121207
segment,exp,106,46,0.011455228512727181,0.9509316770186336,0.014355857490904938,0.9371428571428572,0.955337756474145
segment,exp,106,47,0.011669294556481183,0.9490683229813665,0.01445659931680442,0.9257142857142857,0.9572133104653461
segment,exp,106,48,0.011438854308863605,0.9503105590062112,0.014366961361139768,0.9342857142857143,0.9551150960789337
segment,exp,106,49,0.011466886046701699,0.9503105590062112,0.014795742963257695,0.94,0.9564803329915499
segment,exp,106,50,0.01619717069757088,0.9236024844720497,0.019672113551899708,0.9114285714285715,0.9549225455700892
segment,exp,106,51,0.014115321694098237,0.9360248447204969,0.01658826243859341,0.9314285714285714,0.9565715717596616
segment,exp,106,52,0.010817213892017686,0.9503105590062112,0.014125752054696204,0.9342857142857143,0.9541472106825133
segment,exp,106,53,0.011001744121500148,0.9496894409937888,0.014008807815064696,0.9257142857142857,0.9539536143257294
segment,exp,106,54,0.01095143004819995,0.9509316770186336,0.013844715945678316,0.9314285714285714,0.9566848230273978
segment,exp,106,55,0.014519900075726984,0.9273291925465839,0.01789555014490662,0.92,0.954366308276114
segment,exp,106,56,0.016528979978549782,0.9192546583850931,0.019879556256107333,0.9114285714285715,0.9541089272785552
segment,exp,106,57,0.013402682277320242,0.937888198757764,0.015906367288079395,0.9257142857142857,0.9563044928796111
segment,exp,106,58,0.01351392521162696,0.9366459627329192,0.016090870019441858,0.92,0.953593085925359
segment,exp,106,59,0.012075255200725863,0.9434782608695652,0.015670672534457187,0.9371428571428572,0.9528959965479756
segment,exp,106,60,0.010620430985496927,0.9515527950310559,0.013721107773885674,0.9314285714285714,0.9534026260155928
segment,exp,106,61,0.01773710038764607,0.915527950310559,0.021030139303589677,0.9,0.9536031404721469
segment,exp,106,62,0.010689985579705807,0.9515527950310559,0.01365064896214967,0.9257142857142857,0.9524419930149014
segment,exp,106,63,0.011778217925661616,0.9496894409937888,0.01504926761787667,0.9428571428571428,0.9530034529084656
segment,exp,106,64,0.010387182742200626,0.953416149068323,0.013810439342592143,0.9457142857142857,0.9527425895789912
segment,exp,106,65,0.010793528462809952,0.9527950310559006,0.014212772455200784,0.9428571428571428,0.9521599923414044
segment,exp,106,66,0.012831362115101996,0.9409937888198758,0.01557749667161337,0.9285714285714286,0.9520134793116317
segment,exp,106,67,0.012448798511508418,0.9403726708074535,0.015063808691851097,0.9314285714285714,0.9521168604561917
segment,exp,106,68,0.009908900328750131,0.9552795031055901,0.013252023612170897,0.9428571428571428,0.9538498492007573
segment,exp,106,69,0.010324919252232502,0.953416149068323,0.013351328184702105,0.9342857142857143,0.9512168465652059
segment,exp,106,70,0.010435656191843756,0.9527950310559006,0.013583395825626085,0.9428571428571428,0.9513166563735251
segment,exp,106,71,0.009877345466829848,0.9577639751552796,0.012990009954017499,0.94,0.9508662086769788
segment,exp,106,72,0.009673298445152557,0.9540372670807453,0.012923363457282035,0.94,0.950932169523599
segment,exp,106,73,0.009888156141622445,0.9546583850931677,0.013293045999234263,0.9428571428571428,0.9507873084245604
segment,exp,106,74,0.00951879422987222,0.9583850931677018,0.012955274096310802,0.94,0.9504418933096535
segment,exp,106,75,0.009462696045812076,0.9565217391304348,0.012960213236964259,0.9428571428571428,0.9502306340397546
segment,exp,106,76,0.009506633264782594,0.9583850931677018,0.012940010135420722,0.9371428571428572,0.9501225779885449
segment,exp,106,77,0.009746922104964258,0.9565217391304348,0.013143896478417424,0.9314285714285714,0.9499806021694746
segment,exp,106,78,0.011258720110679816,0.9496894409937888,0.014524415034253125,0.9342857142857143,0.9506561357225612
segment,exp,106,79,0.01563592405572329,0.924223602484472,0.019077019732366793,0.9114285714285715,0.9504733617417572
segment,exp,106,80,0.009740416772679679,0.9559006211180124,0.013122198960096181,0.9428571428571428,0.9503286077926542
segment,exp,106,81,0.010726068873073908,0.9515527950310559,0.013697755337060366,0.94,0.9507248417215399
segment,exp,106,82,0.009532757642454344,0.9565217391304348,0.012818272382847261,0.9428571428571428,0.9498099194728334
segment,exp,106,83,0.013660316451406158,0.9428571428571428,0.016145434951078768,0.9285714285714286,0.9499264235095201
segment,exp,106,84,0.009402663294150616,0.9565217391304348,0.01307466095604393,0.9428571428571428,0.9488858948172371
segment,exp,106,85,0.009079104021662997,0.9596273291925466,0.012718831301347459,0.9457142857142857,0.9488474315550405
segment,exp,106,86,0.010721159749362415,0.94472049689441,0.014321724508190522,0.94,0.9492274342808508
segment,exp,106,87,0.013403438213075188,0.9366459627329192,0.017306795256231286,0.9342857142857143,0.9498530749201304
segment,exp,106,88,0.010153690355788407,0.953416149068323,0.01398572305594129,0.94,0.9508021887140199
segment,exp,106,89,0.010083357653748567,0.9571428571428572,0.013690495025463961,0.9342857142857143,0.9493335332458144
segment,exp,106,90,0.00958774164904147,0.9590062111801242,0.013011352317244458,0.9428571428571428,0.9484771172010644
segment,exp,106,91,0.010813213864520678,0.9465838509316771,0.014513544699643733,0.9428571428571428,0.9484892827314797
segment,exp,106,92,0.01352236579056779,0.94472049689441,0.016365349615377868,0.9428571428571428,0.9489161369533206
segment,exp,106,93,0.008850198141803628,0.9602484472049689,0.012523810693272935,0.94,0.9475624423054883
segment,exp,106,94,0.009791068331310281,0.9565217391304348,0.013374060913096484,0.9314285714285714,0.9474554033624242
segment,exp,106,95,0.009156857437754861,0.9577639751552796,0.01274660786970946,0.9314285714285714,0.9473039441494312
segment,exp,106,96,0.013520915236909509,0.9329192546583851,0.01701905266392065,0.9228571428571428,0.9482698107058966
segment,exp,106,97,0.012714395569540581,0.9341614906832298,0.016363138973043367,0.9228571428571428,0.9481661647090454
segment,exp,106,98,0.009238643999995532,0.9590062111801242,0.013038169055701097,0.9371428571428572,0.948539366221167
segment,exp,106,99,0.008506119348709816,0.9614906832298137,0.012375325057539383,0.9371428571428572,0.9481136361650674
segment,exp,106,100,0.009503113594983136,0.9608695652173913,0.013067808335190344,0.9342857142857143,0.9501062571688081
segment,exp,106,101,0.009416422903431095,0.9590062111801242,0.013229623344967417,0.9371428571428572,0.9473463381859936
segment,exp,106,102,0.01496193145543361,0.9329192546583851,0.01762895022978373,0.9228571428571428,0.9503270684306457
segment,exp,106,103,0.008429476775340016,0.9608695652173913,0.012739798921587626,0.9371428571428572,0.9462998633489675
segment,exp,106,104,0.008972184623098331,0.9614906832298137,0.012606217597519601,0.9371428571428572,0.9486671327421405
segment,exp,106,105,0.008760325552070534,0.9608695652173913,0.0128638476799093,0.9342857142857143,0.9462598134103807
segment,exp,106,106,0.00829900243916885,0.9652173913043478,0.01247852231019972,0.9371428571428572,0.9458775400799962
segment,exp,106,107,0.009158520880395744,0.962111801242236,0.01292103171396819,0.9371428571428572,0.946264959686688
segment,exp,106,108,0.008292004788639553,0.9645962732919254,0.012320079567083968,0.9371428571428572,0.9455367574976804
segment,exp,106,109,0.014729008126098139,0.9279503105590062,0.018201407111115862,0.9114285714285715,0.9460130552036076
segment,exp,106,110,0.008162629492063967,0.9614906832298137,0.01203189734146696,0.9371428571428572,0.9452676225123214
segment,exp,106,111,0.008966623108216065,0.9614906832298137,0.012842132208849161,0.94,0.9452532484865998
segment,exp,106,112,0.008894126091510222,0.9614906832298137,0.012560638793184047,0.9342857142857143,0.945268708196019
segment,exp,106,113,0.012477728765074032,0.9459627329192547,0.015653324863982396,0.9257142857142857,0.9473881420227486
segment,exp,106,114,0.008256003298407444,0.9633540372670808,0.012322048994355453,0.94,0.9448162176255408
segment,exp,106,115,0.013309763404172155,0.9335403726708075,0.017125162277755946,0.9142857142857143,0.9462554195058834
segment,exp,106,116,0.008636059724849094,0.9627329192546584,0.011752289062809037,0.9428571428571428,0.9464821528839199
segment,exp,106,117,0.007798753609798444,0.9677018633540373,0.011618066944249354,0.9428571428571428,0.9454500970246611
segment,exp,106,118,0.007815936579180881,0.9645962732919254,0.011682261169101597,0.94,0.9441255563531212
segment,exp,106,119,0.007809800646062311,0.9645962732919254,0.011763721083902319,0.9428571428571428,0.9455238978017321
segment,exp,106,120,0.007876513189891058,0.9645962732919254,0.011591191065794886,0.9428571428571428,0.9439382695430245
segment,exp,106,121,0.007744275013583927,0.9670807453416149,0.011387781119000667,0.9457142857142857,0.9437180516152471
segment,exp,106,122,0.008502032356620549,0.9645962732919254,0.01207023718474294,0.9342857142857143,0.9446923871078922
segment,exp,106,123,0.009479832913941602,0.9608695652173913,0.013348321034663881,0.9428571428571428,0.9454508912116276
segment,exp,106,124,0.008439450756884419,0.9614906832298137,0.012011326717065304,0.94,0.9436188202032998
segment,exp,106,125,0.007579462433893044,0.9677018633540373,0.0112033157365388,0.9485714285714286,0.9434787602810631
segment,exp,106,126,0.0078054580309877015,0.9677018633540373,0.011846705276191227,0.9542857142857143,0.943065026658903
segment,exp,106,127,0.0078135464054558,0.968944099378882,0.011922319503852268,0.9514285714285714,0.9431367596765834
segment,exp,106,128,0.00733530508345221,0.9695652173913043,0.011546945459561435,0.9485714285714286,0.9428984202645785
segment,exp,106,129,0.007460848181395774,0.9677018633540373,0.011626863122950115,0.9514285714285714,0.9442435047040083
segment,exp,106,130,0.008799078577797652,0.9608695652173913,0.012879314667799518,0.9457142857142857,0.9434153827264103
segment,exp,106,131,0.009708100104010988,0.9521739130434783,0.01370380336493588,0.94,0.9440046171032338
segment,exp,106,132,0.007328091969480712,0.9683229813664597,0.01144518122682162,0.9514285714285714,0.9422732697848951
segment,exp,106,133,0.0072411038712917935,0.9683229813664597,0.011235801022425608,0.9457142857142857,0.9422251695094884
segment,exp,106,134,0.015640302310406293,0.9273291925465839,0.019205154192452382,0.9114285714285715,0.9433727710882711
segment,exp,106,135,0.007182489139089311,0.970807453416149,0.011453927767854978,0.9571428571428572,0.9421195028733748
segment,exp,106,136,0.007424717187624126,0.9683229813664597,0.011371814603382047,0.9514285714285714,0.9432129051743314
segment,exp,106,137,0.007425676059503387,0.9677018633540373,0.01156247028443765,0.9457142857142857,0.9418321596942874
segment,exp,106,138,0.007306999235810941,0.9683229813664597,0.011161073614812946,0.9457142857142857,0.9417537309372195
segment,exp,106,139,0.009937382368536949,0.9540372670807453,0.013620975883349554,0.9342857142857143,0.9419348399168574
segment,exp,106,140,0.008964861537843732,0.9614906832298137,0.012952461073075945,0.9457142857142857,0.9433076142023095
segment,exp,106,141,0.010774801274923515,0.9515527950310559,0.01377815997898034,0.9371428571428572,0.9432756338531552
segment,exp,106,142,0.0071614364462514735,0.968944099378882,0.011393142947780464,0.9514285714285714,0.9412974401465511
segment,exp,106,143,0.0070207745285771955,0.9701863354037267,0.011553259754745485,0.9514285714285714,0.941090427130213
segment,exp,106,144,0.006903853757838971,0.970807453416149,0.01099314750856101,0.9542857142857143,0.9408994589041195
segment,exp,106,145,0.00733316327298345,0.9670807453416149,0.011448728245068773,0.9514285714285714,0.9406930393621087
segment,exp,106,146,0.0074508714030854335,0.9683229813664597,0.011607961417243781,0.9514285714285714,0.9405258894168741
segment,exp,106,147,0.007815661624680949,0.970807453416149,0.01185793193825955,0.9428571428571428,0.9408429532864065
segment,exp,106,148,0.011117943636195927,0.9453416149068323,0.01451579525297969,0.9285714285714286,0.9411021113110389
segment,exp,106,149,0.006912337068974791,0.9720496894409938,0.01121294855435712,0.9514285714285714,0.9409247965607072
segment,exp,106,150,0.006652707703213799,0.9720496894409938,0.010826383753043251,0.9485714285714286,0.9402417591036816
segment,exp,106,151,0.007890002330968534,0.9614906832298137,0.011518152418583243,0.9542857142857143,0.9407899580721312
segment,exp,106,152,0.0072218574598660245,0.970807453416149,0.01127872230369845,0.9542857142857143,0.9400527843851242
segment,exp,106,153,0.006584044903290888,0.9701863354037267,0.010671584980164179,0.9571428571428572,0.9400277888444571
segment,exp,106,154,0.006776328824627063,0.9683229813664597,0.01078829111683471,0.9514285714285714,0.9397908162711202
segment,exp,106,155,0.006837526577775607,0.9701863354037267,0.010804636539989705,0.9514285714285714,0.9398805367315141
segment,exp,106,156,0.006701315285493282,0.9701863354037267,0.010752430018918733,0.9542857142857143,0.9396153635331558
segment,exp,106,157,0.006851905795154903,0.970807453416149,0.01052827030289396,0.9571428571428572,0.9397659033702196
segment,exp,106,158,0.012124040071567529,0.9465838509316771,0.01511254315984532,0.9314285714285714,0.9412913160878287
segment,exp,106,159,0.00720299556168572,0.9683229813664597,0.011212749116095898,0.9485714285714286,0.9392365742446422
segment,exp,106,160,0.009749215285840924,0.9546583850931677,0.013556760978350858,0.94,0.9395826480130646
segment,exp,106,161,0.00681539784288875,0.968944099378882,0.01096271365033528,0.9428571428571428,0.9392273013355675
segment,exp,106,162,0.006446487011295729,0.9714285714285714,0.010760728344596623,0.9485714285714286,0.9388257350597028
segment,exp,106,163,0.006372526230234969,0.970807453416149,0.010663415957192621,0.9542857142857143,0.9386937875614637
segment,exp,106,164,0.0072880712744041775,0.968944099378882,0.011267930371668662,0.9571428571428572,0.939305226409993
segment,exp,106,165,0.011344361160580527,0.9515527950310559,0.014041612626165493,0.9314285714285714,0.9397600453643757
segment,exp,106,166,0.006477316254845176,0.9695652173913043,0.010730447553352802,0.9485714285714286,0.9384898623302668
segment,exp,106,167,0.007842949566873423,0.9633540372670808,0.011700432043325798,0.9428571428571428,0.9383018978385607
segment,exp,106,168,0.007082834164496961,0.970807453416149,0.011376862246587353,0.9542857142857143,0.938442135459977
segment,exp,106,169,0.006317486408717101,0.9720496894409938,0.010519641271885247,0.9571428571428572,0.9382441413778914
segment,exp,106,170,0.006297127528638572,0.9701863354037267,0.010651638826211464,0.9485714285714286,0.9380304220445217
segment,exp,106,171,0.006250650417606872,0.9732919254658385,0.010580822929523408,0.9485714285714286,0.9379289120645861
segment,exp,106,172,0.006304419681100124,0.968944099378882,0.010500595061226452,0.9485714285714286,0.9379581919963824
segment,exp,106,173,0.006116614436781142,0.9732919254658385,0.0104032281017071,0.9514285714285714,0.9377035876343804
segment,exp,106,174,0.007590611390192949,0.9658385093167702,0.011724309291171067,0.94,0.9383855182126856
segment,exp,106,175,0.00697781177046087,0.968944099378882,0.010901928878051305,0.9571428571428572,0.9378469543560847
segment,exp,106,176,0.006152142022138835,0.9732919254658385,0.010571783307099762,0.9514285714285714,0.937403109929315
segment,exp,106,177,0.006574735601132573,0.968944099378882,0.01073927565755719,0.9457142857142857,0.9373390769889012
segment,exp,106,178,0.006244183130228352,0.970807453416149,0.010404184158897996,0.9542857142857143,0.9385123346691355
segment,exp,106,179,0.007575495175731665,0.9658385093167702,0.011986135068250884,0.94,0.9378262398515561
segment,exp,106,180,0.006866428742393377,0.9695652173913043,0.010910886059586976,0.9485714285714286,0.9371500757828857
segment,exp,106,181,0.006760936854019278,0.9683229813664597,0.0109375515373843,0.9428571428571428,0.9371010413518455
segment,exp,106,182,0.006098239841665724,0.9714285714285714,0.010289134181713863,0.9514285714285714,0.936933550220293
segment,exp,106,183,0.009480456486749524,0.9540372670807453,0.013365548971532734,0.9371428571428572,0.9379669089975791
segment,exp,106,184,0.00595118595755155,0.9726708074534162,0.010162064211170763,0.9514285714285714,0.9367243411660576
segment,exp,106,185,0.006246101438056658,0.970807453416149,0.010554641669744496,0.9542857142857143,0.936614378295457
segment,exp,106,186,0.006117686902580542,0.9732919254658385,0.010708308215515133,0.9485714285714286,0.9382865979208419
segment,exp,106,187,0.0060023303574668835,0.9714285714285714,0.010127537219426459,0.9571428571428572,0.9378696649955159
segment,exp,106,188,0.014977267684494583,0.9341614906832298,0.017492864767409484,0.9228571428571428,0.9377959309461656
segment,exp,106,189,0.006961189652828479,0.9683229813664597,0.010954630364585155,0.9542857142857143,0.9363435792042268
segment,exp,106,190,0.00585395786412523,0.9751552795031055,0.010433945396709636,0.9514285714285714,0.9362826391282586
segment,exp,106,191,0.0072683873085147566,0.9677018633540373,0.011613274877598381,0.9514285714285714,0.9379165877204803
segment,exp,106,192,0.006200902404264811,0.9714285714285714,0.010646697640101708,0.9514285714285714,0.9363010370854248
segment,exp,106,193,0.005785846506923127,0.9726708074534162,0.010295468199777377,0.9514285714285714,0.9359333998756159
segment,exp,106,194,0.007297615572950593,0.9652173913043478,0.011005311996242167,0.9457142857142857,0.9362545740052169
segment,exp,106,195,0.006066675133323891,0.970807453416149,0.010498600133865972,0.9542857142857143,0.9359357731284615
segment,exp,106,196,0.006348665697075048,0.968944099378882,0.010734255642053782,0.9485714285714286,0.9358740784271944
segment,exp,106,197,0.005750601801217876,0.9745341614906833,0.010420950434463696,0.9514285714285714,0.9356732817320073
segment,exp,106,198,0.005740694913721309,0.9751552795031055,0.01019849558510117,0.9485714285714286,0.9356315098125848
segment,exp,106,199,0.006299257233729596,0.970807453416149,0.010483014171812943,0.9457142857142857,0.9367163025120667
segment,exp,106,200,0.005794603737443346,0.9739130434782609,0.010296982332041639,0.9542857142857143,0.9354741878348075
segment,exp,106,201,0.006126892356347183,0.9714285714285714,0.010472092682212874,0.9542857142857143,0.9352603331011806
segment,exp,106,202,0.006485131039622733,0.9677018633540373,0.01072306375482535,0.9457142857142857,0.9352614917172414
segment,exp,106,203,0.0058863004683570065,0.970807453416149,0.010380497007723014,0.9542857142857143,0.935039546499758
segment,exp,106,204,0.006042825873598241,0.9714285714285714,0.010336406012551416,0.9542857142857143,0.9350658678241454
segment,exp,106,205,0.005584099709888038,0.9739130434782609,0.0100763655234322,0.9542857142857143,0.9349264972552959
segment,exp,106,206,0.0066478435176543504,0.9732919254658385,0.010509444058786493,0.9514285714285714,0.9363740259782735
segment,exp,106,207,0.005649709072485845,0.9745341614906833,0.010049765182194427,0.9542857142857143,0.9348548396297319
segment,exp,106,208,0.0057179657229905825,0.9720496894409938,0.010116413339598975,0.9542857142857143,0.9360951165203585
segment,exp,106,209,0.005560709342025456,0.9757763975155279,0.010010462049580072,0.9571428571428572,0.9346017341382005
segment,exp,106,210,0.007152341134481114,0.9652173913043478,0.01152210660738063,0.9485714285714286,0.9348266495165827
segment,exp,106,211,0.0055377469688568035,0.9770186335403727,0.010001004974153547,0.9542857142857143,0.9345140804824079
segment,exp,106,212,0.005680821235596705,0.9745341614906833,0.010164739702376835,0.9542857142857143,0.9343618120450761
segment,exp,106,213,0.009399655471227902,0.953416149068323,0.013057186906121492,0.9457142857142857,0.9373111481322707
segment,exp,106,214,0.005521219771225159,0.9745341614906833,0.01008345530803732,0.9542857142857143,0.9342918803322984
segment,exp,106,215,0.00855240503817922,0.9577639751552796,0.013214053670399944,0.9342857142857143,0.9352944157135692
segment,exp,106,216,0.005659988278359422,0.9739130434782609,0.010212517920165427,0.9514285714285714,0.9340624928262709
segment,exp,106,217,0.01146694878604357,0.9465838509316771,0.01506339655516782,0.9257142857142857,0.9351882010145893
segment,exp,106,218,0.00554374065288063,0.9763975155279503,0.010098407236055224,0.9514285714285714,0.9339223688812044
segment,exp,106,219,0.005637943698413081,0.9720496894409938,0.010080898421609636,0.9571428571428572,0.9339304893791728
segment,exp,106,220,0.005586775311353939,0.9720496894409938,0.01001042540382791,0.9514285714285714,0.9338257979267253
segment,exp,106,221,0.005496808009277972,0.9757763975155279,0.010015022700538181,0.9514285714285714,0.9336626060020135
segment,exp,106,222,0.0072511176906340635,0.9664596273291925,0.011037394739685624,0.94,0.9339355775760244
segment,exp,106,223,0.005361420386257736,0.9751552795031055,0.009791105768652143,0.9542857142857143,0.9335697228096
segment,exp,106,224,0.005454133083332763,0.9751552795031055,0.009988544096282897,0.9542857142857143,0.9334566747054523
segment,exp,106,225,0.0054220738627317995,0.9757763975155279,0.009959216113706738,0.9514285714285714,0.9335537431503338
segment,exp,106,226,0.005767945276924054,0.9745341614906833,0.010067521877391733,0.9542857142857143,0.9335235902989403
segment,exp,106,227,0.006137205849503169,0.9701863354037267,0.01047711759462847,0.9542857142857143,0.9332679757530314
segment,exp,106,228,0.006657516731639406,0.968944099378882,0.010776367987649966,0.94,0.9332061073431627
segment,exp,106,229,0.0053289765148543475,0.9745341614906833,0.009813746111533163,0.9542857142857143,0.9331399058622695
segment,exp,106,230,0.005823779573697445,0.970807453416149,0.010009770650540543,0.9542857142857143,0.933377923628377
segment,exp,106,231,0.005475579222244817,0.9757763975155279,0.01005977980943004,0.9542857142857143,0.9329778763402125
segment,exp,106,232,0.007619649748435118,0.9652173913043478,0.010676856092531667,0.9428571428571428,0.9343834134971697
segment,exp,106,233,0.006302451993794606,0.9732919254658385,0.010965209679896403,0.94,0.9337840078920301
segment,exp,106,234,0.005501148966780023,0.9739130434782609,0.01000046154181674,0.9514285714285714,0.9329017540064701
segment,exp,106,235,0.005394547700489953,0.9751552795031055,0.009888400100155088,0.9514285714285714,0.9327177528806666
segment,exp,106,236,0.005316288243210201,0.9739130434782609,0.009788581350680163,0.9542857142857143,0.9329076270832183
segment,exp,106,237,0.006486154731218775,0.9695652173913043,0.01070896763561193,0.94,0.9327893180072454
segment,exp,106,238,0.005339492265252469,0.9757763975155279,0.009936243619468436,0.9514285714285714,0.9325084717861886
segment,exp,106,239,0.00551803418896309,0.9739130434782609,0.009857411436327098,0.9542857142857143,0.9327657654806605
segment,exp,106,240,0.006129759789422128,0.9720496894409938,0.010513850257637906,0.9428571428571428,0.93392846766011
segment,exp,106,241,0.005649928730005581,0.9745341614906833,0.010075311075384997,0.9514285714285714,0.9323540946443373
segment,exp,106,242,0.005790332344066641,0.9745341614906833,0.01030299639677476,0.9457142857142857,0.9324841651972327
segment,exp,106,243,0.005437752573876685,0.9751552795031055,0.00988100333769383,0.9514285714285714,0.9322720610029949
segment,exp,106,244,0.006184214665424762,0.9683229813664597,0.010520349276138508,0.9485714285714286,0.9341167808520788
segment,exp,106,245,0.005343326063588968,0.9751552795031055,0.009854150945032723,0.9542857142857143,0.9322479615313786
segment,exp,106,246,0.0061921724990543206,0.970807453416149,0.010383073982117557,0.9428571428571428,0.9320872057982645
segment,exp,106,247,0.005399811430004767,0.9763975155279503,0.009968014246204112,0.9514285714285714,0.9320983724823918
segment,exp,106,248,0.005364790170533292,0.9751552795031055,0.009941643775634166,0.9514285714285714,0.9318930234730495
segment,exp,106,249,0.005260254585257008,0.9757763975155279,0.010221393971554821,0.9485714285714286,0.9322778028533979
segment,exp,106,250,0.006174886836080802,0.9701863354037267,0.010176546953486585,0.9428571428571428,0.9318384017046221
segment,exp,106,251,0.00596807114734234,0.9714285714285714,0.010400281528531822,0.9542857142857143,0.9316626332085901
segment,exp,106,252,0.005084218465356389,0.9788819875776398,0.009582283433018571,0.9514285714285714,0.931618731090373
segment,exp,106,253,0.005197176897375128,0.9770186335403727,0.00961971677697445,0.9514285714285714,0.931708099374928
segment,exp,106,254,0.005309952352896187,0.9726708074534162,0.009891006060113285,0.9542857142857143,0.9315765227476407
segment,exp,106,255,0.005316335131198225,0.9757763975155279,0.009931738163313261,0.9485714285714286,0.9314599957140731
segment,exp,106,256,0.005120995479526717,0.977639751552795,0.009683408629289672,0.9542857142857143,0.9327115077743121
segment,exp,106,257,0.005525904122349129,0.9782608695652174,0.010334259348765137,0.9428571428571428,0.9335197277984482
segment,exp,106,258,0.0056806753144103645,0.9739130434782609,0.01007945004773774,0.9485714285714286,0.9328931108019644
segment,exp,106,259,0.005781053662656524,0.9763975155279503,0.010513720175362146,0.9457142857142857,0.9330560237763166
segment,exp,106,260,0.005113933779506476,0.9763975155279503,0.009741780937526963,0.9542857142857143,0.9311411081610027
segment,exp,106,261,0.00904627907411976,0.9583850931677018,0.01316276556872376,0.9342857142857143,0.9316826638376526
segment,exp,106,262,0.006068012224262107,0.9720496894409938,0.010414071671433676,0.9571428571428572,0.9314067051270435
segment,exp,106,263,0.005022911282325576,0.9763975155279503,0.009456769749118977,0.9542857142857143,0.9310624368186925
segment,exp,106,264,0.005004050790466042,0.9763975155279503,0.009520285789464704,0.9571428571428572,0.9309251166273915
segment,exp,106,265,0.004996300467049125,0.9782608695652174,0.009625092959117752,0.9542857142857143,0.9308761030606725
segment,exp,106,266,0.005065649576858889,0.9751552795031055,0.009549085504585577,0.9514285714285714,0.9308267315437024
segment,exp,106,267,0.004938774254949829,0.9782608695652174,0.009489924602158775,0.9571428571428572,0.9309065742854593
segment,exp,106,268,0.02180427101916874,0.908695652173913,0.023705379945756954,0.9085714285714286,0.9332390943680271
segment,exp,106,269,0.00837764833854885,0.9608695652173913,0.012293371741889728,0.9342857142857143,0.9321915977276766
segment,exp,106,270,0.004929367334261464,0.9763975155279503,0.009663953354294416,0.9542857142857143,0.9305572712770663
segment,exp,106,271,0.00488039810669576,0.9782608695652174,0.009515392938446686,0.9542857142857143,0.9304784796554526
segment,exp,106,272,0.006639537801642874,0.968944099378882,0.01057224370925197,0.9428571428571428,0.9306282378511429
segment,exp,106,273,0.005749350644845939,0.9763975155279503,0.010312619406943353,0.9514285714285714,0.93345947056816
segment,exp,106,274,0.005569096053626522,0.9757763975155279,0.010689997022720306,0.9514285714285714,0.9319826801589356
segment,exp,106,275,0.004984116122924266,0.9763975155279503,0.009824278246002223,0.9514285714285714,0.9303542466002067
segment,exp,106,276,0.004884166504053427,0.977639751552795,0.009714329221248442,0.9542857142857143,0.9314285668595196
segment,exp,106,277,0.00987507540112488,0.9515527950310559,0.013345062728372506,0.94,0.9304869800535595
segment,exp,106,278,0.00861936833428616,0.9571428571428572,0.012314088888685862,0.9457142857142857,0.9311564528188149
segment,exp,106,279,0.004839326522890361,0.9757763975155279,0.009505485992785999,0.9542857142857143,0.9300605560286017
segment,exp,106,280,0.0051680283240421255,0.9770186335403727,0.009731846502736546,0.9457142857142857,0.9315490324320216
segment,exp,106,281,0.005059354058124613,0.9751552795031055,0.00971421330409786,0.9542857142857143,0.9299057694168115
segment,exp,106,282,0.004802508406899415,0.9770186335403727,0.009404981122610163,0.9542857142857143,0.9300187473222413
segment,exp,106,283,0.006815326264560151,0.968944099378882,0.011264483532174067,0.9314285714285714,0.9303257884475167
segment,exp,106,284,0.0048873916478633555,0.977639751552795,0.00960590583426974,0.9514285714285714,0.9297764835252658
segment,exp,106,285,0.004876481946291341,0.9770186335403727,0.009446250210590897,0.9542857142857143,0.929771238350598
segment,exp,106,286,0.004865412033748471,0.9763975155279503,0.00947351122337625,0.9514285714285714,0.9297173343380329
segment,exp,106,287,0.00576903781428908,0.9714285714285714,0.010075547833100197,0.9428571428571428,0.9300258983392445
segment,exp,106,288,0.006887422184128506,0.9695652173913043,0.011247636735363668,0.9542857142857143,0.9301164368763475
segment,exp,106,289,0.004823029075036567,0.9788819875776398,0.009531471490765366,0.9542857142857143,0.9297752245286808
segment,exp,106,290,0.005567213486303153,0.9745341614906833,0.010208177787310372,0.9571428571428572,0.9294029227700086
segment,exp,106,291,0.004785455708094504,0.9770186335403727,0.009253070898082619,0.9571428571428572,0.929458601632052
segment,exp,106,292,0.004747061182689981,0.9770186335403727,0.009274150672954014,0.9571428571428572,0.9307765871141866
segment,exp,106,293,0.004736410067694482,0.9770186335403727,0.009353255977802146,0.9571428571428572,0.9292987618716964
segment,exp,106,294,0.009436833730997721,0.9565217391304348,0.012501877429580954,0.9428571428571428,0.9309308523089982
segment,exp,106,295,0.005113087758055179,0.9770186335403727,0.00968360767872414,0.9514285714285714,0.930600071577147
segment,exp,106,296,0.0047916163818782255,0.9788819875776398,0.00949604519837767,0.9542857142857143,0.9291565510070287
segment,exp,106,297,0.005089392639703938,0.9763975155279503,0.00958589414812841,0.9542857142857143,0.9291217444703102
segment,exp,106,298,0.005031204360627795,0.9763975155279503,0.00974846131344926,0.9542857142857143,0.929073244004539
segment,exp,106,299,0.006691682735335648,0.9726708074534162,0.01120688930547098,0.9514285714285714,0.9293684048201059
segment,exp,106,300,0.004665366963891471,0.9763975155279503,0.009347658695009337,0.9571428571428572,0.928970124711195
segment,exp,106,301,0.004953553034258868,0.9770186335403727,0.009531487958382817,0.9514285714285714,0.9290294504893188
segment,exp,106,302,0.004689387562883236,0.9782608695652174,0.009283692227630872,0.9571428571428572,0.9288636893601919
segment,exp,106,303,0.004745446315987982,0.9788819875776398,0.009479178347642418,0.9542857142857143,0.9287524857181984
segment,exp,106,304,0.004659978031085871,0.9807453416149068,0.009303634576634565,0.9542857142857143,0.9287010611430548
segment,exp,106,305,0.004710812174044633,0.9782608695652174,0.009344462658764435,0.9542857142857143,0.9286815100298934
segment,exp,106,306,0.005684584689843739,0.9757763975155279,0.010243889210893647,0.9514285714285714,0.9292137270433055
segment,exp,106,307,0.010669832996182665,0.9515527950310559,0.013087691697789113,0.9428571428571428,0.9294376739547761
segment,exp,106,308,0.004681815472048261,0.9795031055900622,0.009075704242254255,0.9571428571428572,0.9285238089023634
segment,exp,106,309,0.0055156755189179904,0.9763975155279503,0.010166179117950666,0.96,0.9286401601949468
segment,exp,106,310,0.004683033739393974,0.9770186335403727,0.00923501410441587,0.9571428571428572,0.9284088451730357
segment,exp,106,311,0.004620256698432715,0.977639751552795,0.009066407000527616,0.9571428571428572,0.9284925204059804
segment,exp,106,312,0.005193532591546517,0.9770186335403727,0.009532446479460997,0.9485714285714286,0.9284346358474068
segment,exp,106,313,0.0050848038816099445,0.9757763975155279,0.009496407164461474,0.9571428571428572,0.9296450549430623
segment,exp,106,314,0.004619611062328139,0.9782608695652174,0.009308523487878825,0.9542857142857143,0.9282078113301389
segment,exp,106,315,0.00468647520571903,0.9770186335403727,0.00932163190631023,0.9542857142857143,0.9282271582259186
segment,exp,106,316,0.004496153864049354,0.9795031055900622,0.009143015564320558,0.9571428571428572,0.9281704703064781
segment,exp,106,317,0.006664711982889268,0.9652173913043478,0.010577932974203764,0.9514285714285714,0.9282724970026585
segment,exp,106,318,0.004518820059061534,0.9782608695652174,0.009295859089388249,0.9571428571428572,0.927966021218672
segment,exp,106,319,0.004506067971830651,0.9788819875776398,0.009262756888393493,0.9571428571428572,0.929283075386762
segment,exp,106,320,0.00566203189586114,0.9739130434782609,0.01041218924447525,0.9514285714285714,0.9281889427005069
segment,exp,106,321,0.004705202687121408,0.9770186335403727,0.00926003458251124,0.9571428571428572,0.9279473587397573
segment,exp,106,322,0.004870164739099408,0.977639751552795,0.009356968087729428,0.9542857142857143,0.9277795225272478
segment,exp,106,323,0.004653958878625773,0.9770186335403727,0.009210630405069307,0.9571428571428572,0.927886256756962
segment,exp,106,324,0.004555772584946063,0.9782608695652174,0.009053567818860454,0.96,0.927670226295072
segment,exp,106,325,0.004568741584180344,0.9795031055900622,0.009203131175835278,0.96,0.9279073156447214
segment,exp,106,326,0.004567365424816724,0.9782608695652174,0.009341270327226472,0.9542857142857143,0.9275609887327446
segment,exp,106,327,0.004476117069127897,0.9782608695652174,0.00910526018585413,0.96,0.9275250750360367
segment,exp,106,328,0.0047098536667117595,0.9770186335403727,0.009470178830932856,0.9514285714285714,0.9278512777982371
segment,exp,106,329,0.004451614827258603,0.9795031055900622,0.009160755818000951,0.9542857142857143,0.9287449309854566
segment,exp,106,330,0.005698514331072793,0.9757763975155279,0.01041030760131629,0.9514285714285714,0.9278503891960813
segment,exp,106,331,0.005530089148723005,0.9788819875776398,0.01029455809777851,0.9514285714285714,0.9307958466812043
segment,exp,106,332,0.004486245718930491,0.9788819875776398,0.009057638270156715,0.96,0.927300457351203
segment,exp,106,333,0.004493500768774874,0.977639751552795,0.009213230877093949,0.96,0.9271651578904703
segment,exp,106,334,0.005025946231679491,0.9788819875776398,0.009444403622042368,0.9571428571428572,0.9275967948838487
segment,exp,106,335,0.00444914930151048,0.9782608695652174,0.009226817418771379,0.9542857142857143,0.9270867234419341
segment,exp,106,336,0.004448059136878067,0.9782608695652174,0.009124366270222123,0.96,0.9270803969122301
segment,exp,106,337,0.004349696161952594,0.9801242236024845,0.009109702842616982,0.9628571428571429,0.926963261122637
segment,exp,106,338,0.00433857833768951,0.9801242236024845,0.009065864088586815,0.9628571428571429,0.9282967803073859
segment,exp,106,339,0.00450255256863549,0.9782608695652174,0.009054647003287473,0.96,0.926891774001689
segment,exp,106,340,0.004401752030319749,0.9788819875776398,0.009195425027955843,0.9571428571428572,0.9268223042167347
segment,exp,106,341,0.004523475298140384,0.9770186335403727,0.009195107693035923,0.9542857142857143,0.9268122493864601
segment,exp,106,342,0.004513195215080891,0.9795031055900622,0.009004044493589936,0.9571428571428572,0.9267552567635737
segment,exp,106,343,0.0043407351525313175,0.9795031055900622,0.008939145927980318,0.96,0.9281203765057333
segment,exp,106,344,0.006382723260198665,0.9695652173913043,0.010171658255391939,0.9485714285714286,0.9268837338974617
segment,exp,106,345,0.004347867944727399,0.9813664596273292,0.009092943254679516,0.96,0.926564912208053
segment,exp,106,346,0.004307152813441201,0.9807453416149068,0.009056138101636363,0.9628571428571429,0.9265409709332556
segment,exp,106,347,0.005017972007291056,0.9751552795031055,0.009701017274977432,0.96,0.9266232308470387
segment,exp,106,348,0.004274970233753067,0.9807453416149068,0.008997034469796683,0.9628571428571429,0.9264253464155409
segment,exp,106,349,0.004290754489859883,0.9795031055900622,0.008915267784061593,0.9628571428571429,0.9263852243155516
segment,exp,106,350,0.004290927427344703,0.9788819875776398,0.009002716766866044,0.9571428571428572,0.926333714135932
segment,exp,107,1,0.09416252458285111,0.562111801242236,0.093409026412008,0.5571428571428572,0.990980985798156
segment,exp,107,2,0.06626223077263751,0.6503105590062112,0.06545672386619321,0.6485714285714286,0.9916117893211435
segment,exp,107,3,0.05742170979364986,0.6527950310559006,0.055736430698697666,0.6428571428571429,0.9802576566177317
segment,exp,107,4,0.04118194136618642,0.8652173913043478,0.0403109368882003,0.8685714285714285,0.9796857414399074
segment,exp,107,5,0.03278658784423765,0.8919254658385093,0.0321938274950645,0.8942857142857142,0.9758083920748386
segment,exp,107,6,0.028921304983580306,0.8925465838509317,0.0284409202084563,0.9057142857142857,0.973403044103165
segment,exp,107,7,0.031667255640250684,0.8714285714285714,0.03091758276980966,0.8885714285714286,0.9729281807938098
segment,exp,107,8,0.025444239224700863,0.906832298136646,0.026331262481733734,0.9114285714285715,0.97206177086472
segment,exp,107,9,0.021166309502184264,0.9254658385093167,0.02207379894108141,0.9142857142857143,0.9693967470726211
segment,exp,107,10,0.02131034937151906,0.9142857142857143,0.021712688377971898,0.9142857142857143,0.9688208759084748
segment,exp,107,11,0.023136908276512203,0.9043478260869565,0.024344214637406863,0.8885714285714286,0.9717832400057503
segment,exp,107,12,0.021482064842416868,0.9124223602484473,0.021758825638046844,0.9142857142857143,0.9687415630693853
segment,exp,107,13,0.019094994414647178,0.9267080745341615,0.020745335342574004,0.9285714285714286,0.9670135297092954
segment,exp,107,14,0.01777391688994577,0.9316770186335404,0.018778394991802737,0.9228571428571428,0.9659365240634168
segment,exp,107,15,0.019204304328467366,0.9273291925465839,0.020223255879022545,0.9171428571428571,0.9672377772637938
segment,exp,107,16,0.017082635089098495,0.9316770186335404,0.018405044137222614,0.92,0.9648553067370368
segment,exp,107,17,0.018160181494647487,0.9267080745341615,0.01881889675142646,0.9142857142857143,0.9646813533894184
segment,exp,107,18,0.018295422183262872,0.9229813664596274,0.019262011767191813,0.9171428571428571,0.9654597693266813
segment,exp,107,19,0.016700742215196678,0.9329192546583851,0.018503325428344538,0.9228571428571428,0.9636615173228252
segment,exp,107,20,0.015491686726599119,0.9366459627329192,0.01730643101119361,0.9228571428571428,0.9628425238985481
segment,exp,107,21,0.027661650780466136,0.884472049689441,0.030864010403046885,0.8742857142857143,0.9640454080668687
segment,exp,107,22,0.021264858902872847,0.9130434782608695,0.024408949381224353,0.8971428571428571,0.9632767960198919
segment,exp,107,23,0.017911697078290715,0.9316770186335404,0.01949822690317529,0.9228571428571428,0.9665864194356728
segment,exp,107,24,0.015563149968785857,0.9322981366459627,0.01704278628659058,0.9285714285714286,0.9613007835249177
segment,exp,107,25,0.01887908789573289,0.9366459627329192,0.021279905835080996,0.9285714285714286,0.9634613861274997
segment,exp,107,26,0.014719981898830904,0.937888198757764,0.01693450875535687,0.9257142857142857,0.9610614125838923
segment,exp,107,27,0.01736337012171219,0.9248447204968944,0.01836231569140838,0.92,0.9610252134598435
segment,exp,107,28,0.01411816279164577,0.9397515527950311,0.01626844366929563,0.9314285714285714,0.9601451545118299
segment,exp,107,29,0.01416843864743241,0.9440993788819876,0.016533524425422157,0.9314285714285714,0.9599939377993133
segment,exp,107,30,0.014006487572392645,0.9385093167701863,0.01608294152308329,0.9228571428571428,0.9626697940040844
segment,exp,107,31,0.01571043679390086,0.9391304347826087,0.018460636153469892,0.9314285714285714,0.9593138091054833
segment,exp,107,32,0.016258799826175344,0.9273291925465839,0.01781844485800175,0.9171428571428571,0.9606147972706621
segment,exp,107,33,0.013446403114007249,0.937888198757764,0.015657937894937198,0.9257142857142857,0.9585954109263081
segment,exp,107,34,0.013290424093173771,0.9366459627329192,0.015777112508016344,0.9171428571428571,0.9589084298134944
segment,exp,107,35,0.013294965767903585,0.9422360248447205,0.016032019712202413,0.9285714285714286,0.9585939265209648
segment,exp,107,36,0.012845033070103803,0.9409937888198758,0.01542857137235895,0.9228571428571428,0.9578383912393839
segment,exp,107,37,0.012831813661756047,0.9385093167701863,0.014893254661069338,0.9285714285714286,0.9577025668899629
segment,exp,107,38,0.012435263090821274,0.9434782608695652,0.014865047029759562,0.9314285714285714,0.9572340017204006
segment,exp,107,39,0.014398540135751023,0.937888198757764,0.017216890489822983,0.9228571428571428,0.9577782902312318
segment,exp,107,40,0.013303084124972433,0.9503105590062112,0.016169232302472573,0.94,0.9573351082517446
segment,exp,107,41,0.013179652939759808,0.9372670807453416,0.015293553320861273,0.9314285714285714,0.9569853719257606
segment,exp,107,42,0.0129127808123614,0.9490683229813665,0.01586279510888376,0.9342857142857143,0.9571197647711482
segment,exp,107,43,0.0149379996163074,0.9360248447204969,0.01674252745280092,0.9285714285714286,0.9582154625269151
segment,exp,107,44,0.011779081268121617,0.9521739130434783,0.014729260129261165,0.94,0.9557917055819894
segment,exp,107,45,0.01178063474749785,0.9472049689440993,0.014715054348104464,0.9285714285714286,0.9575350329046255
segment,exp,107,46,0.013584814460924213,0.9472049689440993,0.01632813318527725,0.9342857142857143,0.9572258125149823
segment,exp,107,47,0.01208484011294005,0.9397515527950311,0.014540954473761619,0.9342857142857143,0.9554009291461757
segment,exp,107,48,0.012392454966094936,0.9391304347826087,0.014549605714488644,0.9257142857142857,0.9569493217827545
segment,exp,107,49,0.014242815370147394,0.9329192546583851,0.016104984196338552,0.9228571428571428,0.9563470327977528
segment,exp,107,50,0.011091528028457016,0.9496894409937888,0.014002239385367269,0.9371428571428572,0.9546063996927261
segment,exp,107,51,0.01168157690519719,0.9503105590062112,0.014708246938158734,0.94,0.9561677258648852
segment,exp,107,52,0.010895119770902939,0.9509316770186336,0.013900372572988455,0.94,0.9541045868296116
segment,exp,107,53,0.010934112014942855,0.9546583850931677,0.013894088300845386,0.9428571428571428,0.953859884056176
segment,exp,107,54,0.010806540660183345,0.9521739130434783,0.013883339991942273,0.94,0.954835159740412
segment,exp,107,55,0.01123366161989508,0.9496894409937888,0.013876460731149448,0.9314285714285714,0.9535042677582943
segment,exp,107,56,0.01135039164158823,0.9540372670807453,0.014524868399162262,0.9428571428571428,0.9551565519726375
segment,exp,107,57,0.011202103980116784,0.9459627329192547,0.01406239658663238,0.9371428571428572,0.9536989656422357
segment,exp,107,58,0.01261230889889663,0.9416149068322981,0.015098753746411448,0.9342857142857143,0.9541689704610358
segment,exp,107,59,0.011327919030793963,0.9478260869565217,0.014173932753080735,0.9342857142857143,0.953048566908482
segment,exp,107,60,0.010444104341652953,0.9521739130434783,0.013418064958660906,0.94,0.9527192368688202
segment,exp,107,61,0.01339393055789512,0.9335403726708075,0.016692496963182587,0.9257142857142857,0.9527693693514
segment,exp,107,62,0.012612930305574695,0.9459627329192547,0.016066707667344412,0.9428571428571428,0.9527546026418316
segment,exp,107,63,0.010975145161404198,0.9509316770186336,0.01453838481700214,0.9428571428571428,0.9525460878375878
segment,exp,107,64,0.012866380838139508,0.9347826086956522,0.015870944437634694,0.9285714285714286,0.9538227246869412
segment,exp,107,65,0.010750528246540048,0.9515527950310559,0.014100377306088296,0.94,0.951988499335315
segment,exp,107,66,0.011122921530593766,0.9515527950310559,0.01447879505271458,0.9428571428571428,0.9521205793985121
segment,exp,107,67,0.010019150336429904,0.9546583850931677,0.013151254768272657,0.94,0.952895320723607
segment,exp,107,68,0.010200414360894661,0.9521739130434783,0.01353612426271059,0.94,0.9528887958507669
segment,exp,107,69,0.009879868218178437,0.9546583850931677,0.013121808868318678,0.9428571428571428,0.9509623109288808
segment,exp,107,70,0.00990716452679172,0.9559006211180124,0.013049289907941755,0.9428571428571428,0.9509084370885598
segment,exp,107,71,0.013976198731523493,0.931055900621118,0.017490882202960596,0.9257142857142857,0.9533466058773649
segment,exp,107,72,0.010064302385647069,0.9521739130434783,0.013075058050594019,0.9342857142857143,0.9520417575307609
segment,exp,107,73,0.009740663194688345,0.9552795031055901,0.013113260953504185,0.9457142857142857,0.9504368612266089
segment,exp,107,74,0.009825333262570997,0.9515527950310559,0.012860597360800223,0.94,0.951226085700191
segment,exp,107,75,0.01059081221867167,0.9527950310559006,0.013402565217062649,0.9371428571428572,0.9516281907823022
segment,exp,107,76,0.009759999645950503,0.9552795031055901,0.012969297512615628,0.94,0.9540484984172691
segment,exp,107,77,0.00959589784901436,0.9552795031055901,0.012767829203808779,0.94,0.9511229227641864
segment,exp,107,78,0.009534891550875925,0.9565217391304348,0.012803359159975401,0.94,0.949710978212895
segment,exp,107,79,0.009442230780685321,0.9552795031055901,0.012772961195601283,0.94,0.9494374372582759
segment,exp,107,80,0.011752435381051073,0.9440993788819876,0.014239893985193115,0.9371428571428572,0.9497025817742044
segment,exp,107,81,0.010576192532913236,0.9490683229813665,0.014140183782595623,0.94,0.9491362497880788
segment,exp,107,82,0.009364864337363644,0.9559006211180124,0.012741136503377461,0.94,0.9489900418551563
segment,exp,107,83,0.010869491319792205,0.94472049689441,0.014406123671843083,0.94,0.9492826644745295
segment,exp,107,84,0.010497348610370064,0.9472049689440993,0.013621893805540339,0.9428571428571428,0.9490844675857905
segment,exp,107,85,0.009482669344711783,0.9546583850931677,0.012807228723873892,0.9371428571428572,0.9501098896328131
segment,exp,107,86,0.009264845037458546,0.9559006211180124,0.012659735678683996,0.94,0.9484891964809424
segment,exp,107,87,0.011267092188284615,0.9434782608695652,0.01490977332952622,0.94,0.9485544446560853
segment,exp,107,88,0.011107305789626707,0.9440993788819876,0.014583960225370101,0.9342857142857143,0.9522086732528139
segment,exp,107,89,0.011083829169454638,0.9440993788819876,0.013372562555198624,0.9428571428571428,0.9488957684149478
segment,exp,107,90,0.013524954275061158,0.9403726708074535,0.01562860102388029,0.9314285714285714,0.948790245709103
segment,exp,107,91,0.010029501256797066,0.9521739130434783,0.013097080410080035,0.94,0.9478772253247577
segment,exp,107,92,0.009100271255856553,0.9602484472049689,0.012697673158175512,0.9428571428571428,0.949026606483823
segment,exp,107,93,0.008936830842754043,0.9596273291925466,0.012548724988979286,0.94,0.9474290129378181
segment,exp,107,94,0.008997003642359695,0.9583850931677018,0.012668531658240521,0.94,0.9473323713451532
segment,exp,107,95,0.009382114106054985,0.9583850931677018,0.012518949698225501,0.94,0.947882697238416
segment,exp,107,96,0.01275644706572673,0.9341614906832298,0.01631387448393195,0.9285714285714286,0.94786659110575
segment,exp,107,97,0.009079980400890312,0.9590062111801242,0.012885903712387186,0.9457142857142857,0.9471079649461206
segment,exp,107,98,0.009197367920399815,0.9608695652173913,0.012807178347816703,0.94,0.9471242352433897
segment,exp,107,99,0.009707033552204864,0.9540372670807453,0.013060531689476943,0.9371428571428572,0.9467867315359958
segment,exp,107,100,0.008881736190211383,0.9583850931677018,0.012555844360732387,0.94,0.9464450481381234
segment,exp,107,101,0.015563514629568493,0.9267080745341615,0.019559391154213138,0.9114285714285715,0.9475826063777206
segment,exp,107,102,0.009166777821040657,0.9571428571428572,0.013071247415993909,0.9428571428571428,0.9462726486057726
segment,exp,107,103,0.011931839131446317,0.94472049689441,0.014329078477369625,0.9342857142857143,0.9483407115385957
segment,exp,107,104,0.010102273130705133,0.9496894409937888,0.013772708539447776,0.9428571428571428,0.946730215092869
segment,exp,107,105,0.00976153754762496,0.9571428571428572,0.013579407851227783,0.9342857142857143,0.9465446292779899
segment,exp,107,106,0.00943843699890033,0.9565217391304348,0.01295788554650852,0.94,0.9474602859719755
segment,exp,107,107,0.008559027686860942,0.9602484472049689,0.012385962488114197,0.94,0.9459593225620931
segment,exp,107,108,0.008616290948143148,0.9608695652173913,0.012469150483426762,0.9428571428571428,0.9456226343322113
segment,exp,107,109,0.02111994747565768,0.9080745341614906,0.024508076205155306,0.8971428571428571,0.9494159117368893
segment,exp,107,110,0.012826247129694572,0.94472049689441,0.01534774263414465,0.9285714285714286,0.9475615194698537
segment,exp,107,111,0.014497695695250935,0.9372670807453416,0.01653507788907634,0.9257142857142857,0.9477473862273608
segment,exp,107,112,0.00841391485951814,0.9645962732919254,0.012400350689215541,0.9371428571428572,0.945103106350932
segment,exp,107,113,0.008441051792182689,0.9627329192546584,0.012423395917348222,0.9428571428571428,0.9450777377412674
segment,exp,107,114,0.008640664074575444,0.9608695652173913,0.012495585169602159,0.9342857142857143,0.9474828165277166
segment,exp,107,115,0.008298468718007405,0.9614906832298137,0.012157575669261409,0.9428571428571428,0.9445774531437968
segment,exp,107,116,0.008376124437874425,0.9596273291925466,0.012367651790213098,0.9428571428571428,0.9445746147948676
segment,exp,107,117,0.009041885359859503,0.9633540372670808,0.012889310241273171,0.9457142857142857,0.9445613032588441
segment,exp,107,118,0.008846551455784083,0.9596273291925466,0.012287832076414705,0.94,0.9442526420851443
segment,exp,107,119,0.008045878769328883,0.9658385093167702,0.012250886542305058,0.94,0.944114307992393
segment,exp,107,120,0.00808725751726593,0.9670807453416149,0.012135082162333354,0.9457142857142857,0.9439411407929977
segment,exp,107,121,0.01336416537758468,0.9440993788819876,0.015858198819142317,0.9257142857142857,0.9476662920955329
segment,exp,107,122,0.010573672045952161,0.953416149068323,0.0143129233846186,0.94,0.9440875151360675
segment,exp,107,123,0.007937354535241442,0.9645962732919254,0.011814741864163456,0.94,0.9435350230070201
segment,exp,107,124,0.00833734130882157,0.962111801242236,0.012136820400786112,0.9342857142857143,0.9446419557062499
segment,exp,107,125,0.0198177053496592,0.9111801242236025,0.02304835723558247,0.9028571428571428,0.9460947813340717
segment,exp,107,126,0.01011450945628505,0.9521739130434783,0.013992811672817691,0.9371428571428572,0.9440118718345684
segment,exp,107,127,0.00831862135934419,0.9627329192546584,0.01234719881496775,0.9428571428571428,0.9431985783502408
segment,exp,107,128,0.007958433758345396,0.9639751552795031,0.011485956698128805,0.9514285714285714,0.9442178646638965
segment,exp,107,129,0.007598989428759232,0.9683229813664597,0.011495897023770196,0.9542857142857143,0.942823301051081
segment,exp,107,130,0.007631272713057507,0.9664596273291925,0.011448930416172067,0.9514285714285714,0.9427921077072612
segment,exp,107,131,0.008636527489063387,0.9627329192546584,0.011548510708480883,0.9457142857142857,0.9439205027630994
segment,exp,107,132,0.007632703915579369,0.9658385093167702,0.011212605170111734,0.9485714285714286,0.9424736533569505
segment,exp,107,133,0.0074424126008363735,0.9683229813664597,0.011277972801632966,0.9457142857142857,0.9424008935938707
segment,exp,107,134,0.007477566768045317,0.9714285714285714,0.011249917243286492,0.9542857142857143,0.9422611145005101
segment,exp,107,135,0.007722789039157008,0.9677018633540373,0.011517573292618174,0.9485714285714286,0.9434581012717912
segment,exp,107,136,0.008386564986459637,0.9639751552795031,0.011442239769266603,0.9542857142857143,0.9431064509911229
segment,exp,107,137,0.01705121762516045,0.9236024844720497,0.020304211629217774,0.9142857142857143,0.9430403861789005
segment,exp,107,138,0.010444273296927532,0.9596273291925466,0.012814640247728128,0.94,0.9436416198274977
segment,exp,107,139,0.013440574409599214,0.9341614906832298,0.016749293978144557,0.9228571428571428,0.9466520397032425
segment,exp,107,140,0.00713533030191121,0.970807453416149,0.010578087581686345,0.9514285714285714,0.9415871754114287
segment,exp,107,141,0.007570798420892073,0.9670807453416149,0.011234495776179113,0.9485714285714286,0.9414084525888838
segment,exp,107,142,0.007347952569529476,0.9683229813664597,0.011103052961684071,0.9542857142857143,0.9440094765319974
segment,exp,107,143,0.007140975768403825,0.9670807453416149,0.010721738897976698,0.9514285714285714,0.9412133139445792
segment,exp,107,144,0.008195903116984182,0.9633540372670808,0.01161384624849444,0.9457142857142857,0.9413269938608628
segment,exp,107,145,0.00737569257573195,0.9720496894409938,0.011137322817612134,0.9485714285714286,0.9440727929157873
segment,exp,107,146,0.007030468528937458,0.9720496894409938,0.01050763197538246,0.9542857142857143,0.9423077008196722
segment,exp,107,147,0.007352981402154816,0.9683229813664597,0.01093277512000357,0.9514285714285714,0.9424840006995177
segment,exp,107,148,0.007344406107948972,0.9726708074534162,0.010833832177731869,0.9514285714285714,0.9408826858831336
segment,exp,107,149,0.007186636795496175,0.9670807453416149,0.01051679503645278,0.9514285714285714,0.9406977840096171
segment,exp,107,150,0.008155426100457946,0.9639751552795031,0.011262257067112121,0.9485714285714286,0.9405139244308246
segment,exp,107,151,0.00665966727540574,0.9720496894409938,0.010232947659894347,0.9571428571428572,0.9404673168748131
segment,exp,107,152,0.0067803684378501105,0.9701863354037267,0.0102564203688305,0.9542857142857143,0.9401629882787034
segment,exp,107,153,0.00675077146015392,0.9683229813664597,0.010401128668215392,0.9514285714285714,0.9400441995640262
segment,exp,107,154,0.006562645158073011,0.9720496894409938,0.0102691795657865,0.9571428571428572,0.939983361480547
segment,exp,107,155,0.006512656737678037,0.9720496894409938,0.010153079060530219,0.9542857142857143,0.93982774934281
segment,exp,107,156,0.007011597056210944,0.970807453416149,0.010732611821758315,0.9542857142857143,0.9397384848946857
segment,exp,107,157,0.007757903181379065,0.9695652173913043,0.011147214628105931,0.9514285714285714,0.9399433649178941
segment,exp,107,158,0.006454139722331703,0.9732919254658385,0.010250449074253489,0.9514285714285714,0.9397309766826891
segment,exp,107,159,0.0064159161665674645,0.9739130434782609,0.010100506493542974,0.9542857142857143,0.9393865132440093
segment,exp,107,160,0.006410258212213108,0.9720496894409938,0.010018595185344786,0.9542857142857143,0.939389570930347
segment,exp,107,161,0.01193590005156523,0.9372670807453416,0.015254113500166061,0.9257142857142857,0.9399029219818227
segment,exp,107,162,0.008472777685817336,0.9614906832298137,0.011642495955961781,0.9457142857142857,0.9393831046161899
segment,exp,107,163,0.006450431940709785,0.9720496894409938,0.010157103904351336,0.9542857142857143,0.9389875057899282
segment,exp,107,164,0.006565658790568565,0.9726708074534162,0.010571096227268824,0.9485714285714286,0.9391661143682565
segment,exp,107,165,0.006344096832163395,0.9739130434782609,0.010115709215948872,0.9571428571428572,0.9388613466498984
segment,exp,107,166,0.006702034694671252,0.9701863354037267,0.010604504354926322,0.9542857142857143,0.9387748911511172
segment,exp,107,167,0.006442928544080493,0.9720496894409938,0.010363459427577318,0.9542857142857143,0.9385301527436916
segment,exp,107,168,0.006162911390217642,0.9732919254658385,0.010104023152500618,0.9514285714285714,0.9385028118429205
segment,exp,107,169,0.006403386737926383,0.9739130434782609,0.010136602362867958,0.9542857142857143,0.939790581158141
segment,exp,107,170,0.014428558701270685,0.9304347826086956,0.017263332597537467,0.9171428571428571,0.9406432561850019
segment,exp,107,171,0.007415172048977247,0.9658385093167702,0.011170177012273769,0.94,0.9405406189583828
segment,exp,107,172,0.0065385496164086536,0.9701863354037267,0.01023767903578795,0.9514285714285714,0.9384363278300891
segment,exp,107,173,0.0067387651723846784,0.9695652173913043,0.010288897837897975,0.9514285714285714,0.9381556777933892
segment,exp,107,174,0.005994876201255766,0.9770186335403727,0.009821472494346513,0.96,0.9379082011543266
segment,exp,107,175,0.00893546425326328,0.9590062111801242,0.011684324405561913,0.9457142857142857,0.9382127167164797
segment,exp,107,176,0.006130107467633704,0.9720496894409938,0.010069013863360034,0.9514285714285714,0.937645049186964
segment,exp,107,177,0.006227756311785182,0.9720496894409938,0.010206854321402772,0.9542857142857143,0.9375741885325671
segment,exp,107,178,0.005916259020546143,0.9751552795031055,0.009864904982156532,0.9542857142857143,0.9374269516853767
segment,exp,107,179,0.006287012599308519,0.970807453416149,0.010039079528680193,0.9542857142857143,0.9374430887277607
segment,exp,107,180,0.005889250538504681,0.9757763975155279,0.009851986184329491,0.9542857142857143,0.9372939097665813
segment,exp,107,181,0.006435739721714331,0.9714285714285714,0.0102782853177247,0.9514285714285714,0.9372218018902209
segment,exp,107,182,0.01159815565906283,0.9496894409937888,0.013705650719403497,0.9285714285714286,0.9397471339394048
segment,exp,107,183,0.01209982651341552,0.9434782608695652,0.015321784817530076,0.9285714285714286,0.9382721423453214
segment,exp,107,184,0.006933298924370779,0.970807453416149,0.010771466503049458,0.9457142857142857,0.937264096118194
segment,exp,107,185,0.00583742425596123,0.9751552795031055,0.009710914376411995,0.9571428571428572,0.9369142517431562
segment,exp,107,186,0.006467455610343497,0.9732919254658385,0.010206494587352453,0.9542857142857143,0.9370063524575895
segment,exp,107,187,0.005902797282045105,0.9732919254658385,0.00992492938743434,0.9542857142857143,0.9365424041443429
segment,exp,107,188,0.008883564347732305,0.9596273291925466,0.011712132829293044,0.9485714285714286,0.9382545535380805
segment,exp,107,189,0.00622909483538125,0.9720496894409938,0.010272525480254445,0.9542857142857143,0.9363913590336036
segment,exp,107,190,0.007379304565160803,0.970807453416149,0.011440229295623092,0.9514285714285714,0.9370397656626157
segment,exp,107,191,0.005921525799439076,0.9739130434782609,0.009945219883546592,0.9542857142857143,0.9363051444171144
segment,exp,107,192,0.005726888152235481,0.9757763975155279,0.009786705717918264,0.9571428571428572,0.9361343257066378
segment,exp,107,193,0.006296786147644138,0.9683229813664597,0.010292764737396343,0.9514285714285714,0.9365059715249768
segment,exp,107,194,0.005590004673300333,0.9782608695652174,0.009740444189812358,0.9571428571428572,0.9359301102825025
segment,exp,107,195,0.005842332801101493,0.9751552795031055,0.010020742862022109,0.9571428571428572,0.9364934804924463
segment,exp,107,196,0.006022438990648086,0.9720496894409938,0.01013382231604183,0.9542857142857143,0.9358279810535322
segment,exp,107,197,0.005670872268682336,0.9745341614906833,0.009646080769708777,0.9571428571428572,0.9372464845362777
segment,exp,107,198,0.005638673715310504,0.9751552795031055,0.009778336294800643,0.9542857142857143,0.9356253246596852
segment,exp,107,199,0.005523214420514503,0.9757763975155279,0.009607736834358001,0.9571428571428572,0.935516166262856
segment,exp,107,200,0.006116645803865441,0.9757763975155279,0.009455432133350213,0.9542857142857143,0.935870090717707
segment,exp,107,201,0.007459270918513976,0.9695652173913043,0.011181872945812117,0.9428571428571428,0.9370509442731798
segment,exp,107,202,0.015855270660551677,0.9273291925465839,0.01864629509834007,0.9228571428571428,0.9363917110252611
segment,exp,107,203,0.0054667794336131035,0.977639751552795,0.009521281108848699,0.9542857142857143,0.9351498969331431
segment,exp,107,204,0.0054787396190999526,0.9770186335403727,0.009673243573710931,0.9571428571428572,0.9350777479248251
segment,exp,107,205,0.005391083898403658,0.9770186335403727,0.009559650018565076,0.9571428571428572,0.935007929008281
segment,exp,107,206,0.010185049201265249,0.9478260869565217,0.013881872811721504,0.9371428571428572,0.9366901279303914
segment,exp,107,207,0.005593182447102153,0.9745341614906833,0.00970552307028622,0.9514285714285714,0.9348598586491154
segment,exp,107,208,0.0063757424831585655,0.9720496894409938,0.010349777904495039,0.9428571428571428,0.9347068548514986
segment,exp,107,209,0.005511008992308104,0.9751552795031055,0.00969364993720043,0.9542857142857143,0.9346407289320928
segment,exp,107,210,0.00535335243593525,0.977639751552795,0.00971930104826187,0.9485714285714286,0.934514725665429
segment,exp,107,211,0.005592434152780473,0.9757763975155279,0.009852361376980395,0.9542857142857143,0.9345656467264702
segment,exp,107,212,0.006265068207787007,0.9695652173913043,0.010086393073908058,0.9542857142857143,0.9358374810569289
segment,exp,107,213,0.0053226763905727505,0.9788819875776398,0.009451158369662779,0.9571428571428572,0.9343889801459936
segment,exp,107,214,0.005473245186577557,0.9770186335403727,0.009681791352767996,0.9542857142857143,0.934199193306423
segment,exp,107,215,0.005355819203978873,0.9788819875776398,0.009721653452842122,0.9542857142857143,0.9341035990956595
segment,exp,107,216,0.005282120634448992,0.9782608695652174,0.009759270216131677,0.9542857142857143,0.9341950261310195
segment,exp,107,217,0.008577401332842292,0.9602484472049689,0.012496492633047815,0.9457142857142857,0.9343943819580236
segment,exp,107,218,0.0052321685927272385,0.9770186335403727,0.009523323401295511,0.9571428571428572,0.9339435850278944
segment,exp,107,219,0.005594783559149706,0.9757763975155279,0.009770177365636,0.9485714285714286,0.9338511105071947
segment,exp,107,220,0.005296302502388961,0.9763975155279503,0.009655834185465737,0.9542857142857143,0.9337870860059512
segment,exp,107,221,0.00580144642227016,0.9739130434782609,0.009779672171843659,0.9485714285714286,0.9337034480144362
segment,exp,107,222,0.005880086001753165,0.9745341614906833,0.009991730539342252,0.9428571428571428,0.9337014985907653
segment,exp,107,223,0.009519590533503021,0.9521739130434783,0.013631851528105808,0.9342857142857143,0.9354591226249144
segment,exp,107,224,0.005229524517959344,0.9782608695652174,0.009667364801638339,0.9514285714285714,0.9336808716371553
segment,exp,107,225,0.005704237614783216,0.9751552795031055,0.00978297352005674,0.9628571428571429,0.9341174126612525
segment,exp,107,226,0.005142170153029553,0.9801242236024845,0.00959432392451692,0.9571428571428572,0.9334416684843289
segment,exp,107,227,0.009439747884847733,0.9577639751552796,0.012645017050436953,0.9371428571428572,0.9349334229072602
segment,exp,107,228,0.00567823991230352,0.9763975155279503,0.009877930078856458,0.9514285714285714,0.933295915280471
segment,exp,107,229,0.005188356993823552,0.9788819875776398,0.009525358182220117,0.9514285714285714,0.9330921538880583
segment,exp,107,230,0.005001121943912137,0.9782608695652174,0.009447170606697175,0.9542857142857143,0.9330084883595566
segment,exp,107,231,0.009184024657528673,0.9527950310559006,0.013190990437735717,0.94,0.9348251354781013
segment,exp,107,232,0.00564321172927805,0.9795031055900622,0.010059010764848364,0.9542857142857143,0.9350706208884318
segment,exp,107,233,0.0051166276392374315,0.9795031055900622,0.009400524520663393,0.96,0.9329173045356318
segment,exp,107,234,0.007304331323183863,0.9714285714285714,0.011665863222000089,0.9514285714285714,0.9354759735420488
segment,exp,107,235,0.005314151124407567,0.9801242236024845,0.009685958344137019,0.9571428571428572,0.9334145905151281
segment,exp,107,236,0.006040750845029459,0.9782608695652174,0.01017094512485015,0.9542857142857143,0.9337292480289312
segment,exp,107,237,0.005152493438995471,0.9782608695652174,0.009508213778171756,0.9514285714285714,0.9324258856929807
segment,exp,107,238,0.005006403296377047,0.9801242236024845,0.009242713112584433,0.9628571428571429,0.9326265715988654
segment,exp,107,239,0.004829402065802087,0.9807453416149068,0.009211480220221512,0.9571428571428572,0.9338230943858405
segment,exp,107,240,0.01138942446038259,0.9434782608695652,0.014959475890939815,0.9257142857142857,0.9328856670324874
segment,exp,107,241,0.005119302276131291,0.9801242236024845,0.009289456120887801,0.9542857142857143,0.9323326432493972
segment,exp,107,242,0.006409680651195741,0.9770186335403727,0.010917576546261744,0.9514285714285714,0.9327554575209376
segment,exp,107,243,0.009184094399115907,0.9546583850931677,0.013047205526442132,0.94,0.9326780243254883
segment,exp,107,244,0.004638218480139148,0.9801242236024845,0.008794258823414036,0.9542857142857143,0.9318701964468553
segment,exp,107,245,0.004942259327363956,0.9801242236024845,0.008954035555714652,0.9571428571428572,0.9319108784383745
segment,exp,107,246,0.00459265833157365,0.9807453416149068,0.008737128699420872,0.96,0.9317228473526951
segment,exp,107,247,0.004558558257750707,0.9819875776397515,0.008643895716174708,0.9542857142857143,0.9316631740703137
segment,exp,107,248,0.007018199088928352,0.968944099378882,0.00997472143793375,0.9571428571428572,0.9321422305209492
segment,exp,107,249,0.0046295873461497435,0.9819875776397515,0.008742574802922249,0.96,0.9315560367027805
segment,exp,107,250,0.004485271055452888,0.984472049689441,0.008640443258663822,0.9571428571428572,0.9314221145130865
segment,exp,107,251,0.004917200718148484,0.9801242236024845,0.009084895222140888,0.9542857142857143,0.9336137373373433
segment,exp,107,252,0.010433932966468754,0.9478260869565217,0.014089961902641219,0.9285714285714286,0.9328792618498508
segment,exp,107,253,0.006561411457638387,0.9695652173913043,0.010713507487039111,0.9457142857142857,0.9317704998632645
segment,exp,107,254,0.005168399694574048,0.9795031055900622,0.009193235207561068,0.9514285714285714,0.9311183601055143
segment,exp,107,255,0.004483582958165316,0.9826086956521739,0.008698647740304556,0.9571428571428572,0.931125496877592
segment,exp,107,256,0.0055372538443776475,0.9751552795031055,0.009393176944095402,0.9514285714285714,0.9324941295430438
segment,exp,107,257,0.004356050803787698,0.9857142857142858,0.00849224219719379,0.9628571428571429,0.9309944751767416
segment,exp,107,258,0.004334545203108291,0.9826086956521739,0.008592437534268265,0.9628571428571429,0.9307834668874063
segment,exp,107,259,0.006267696188489029,0.9720496894409938,0.009843018034624276,0.9514285714285714,0.9310432397540125
segment,exp,107,260,0.004485164669377107,0.9826086956521739,0.008518053410019847,0.96,0.9328167255507996
segment,exp,107,261,0.004271747114272151,0.9850931677018634,0.008341337985769932,0.9657142857142857,0.9305605646205463
segment,exp,107,262,0.004795480701793979,0.9807453416149068,0.008883533575859873,0.9628571428571429,0.930816657473754
segment,exp,107,263,0.0043722110250719575,0.9832298136645963,0.008508966803874083,0.9657142857142857,0.9304688506135078
segment,exp,107,264,0.004462163045050082,0.9801242236024845,0.00864402413114744,0.9628571428571429,0.9303927741643643
segment,exp,107,265,0.004472247092135638,0.9819875776397515,0.008709667912803646,0.9571428571428572,0.9302813823875755
segment,exp,107,266,0.004505044408220287,0.9826086956521739,0.008560829952224852,0.9628571428571429,0.930325876820294
segment,exp,107,267,0.004907644711828213,0.9801242236024845,0.008687086586276618,0.96,0.9303315570569216
segment,exp,107,268,0.004540364623464426,0.9819875776397515,0.008567578988375216,0.9657142857142857,0.931816437685627
segment,exp,107,269,0.005489821750318821,0.9795031055900622,0.00967341545104233,0.9571428571428572,0.9305529294526943
segment,exp,107,270,0.00466691517494806,0.9819875776397515,0.008496771627390627,0.9657142857142857,0.9300228845177303
segment,exp,107,271,0.0041506556852183634,0.984472049689441,0.008169468896790277,0.9685714285714285,0.9298588551644478
segment,exp,107,272,0.004827146815534745,0.9813664596273292,0.009000508726358547,0.9628571428571429,0.9320183159406129
segment,exp,107,273,0.00815500702346528,0.9652173913043478,0.011954974983523457,0.9514285714285714,0.9305775541233076
segment,exp,107,274,0.004424152694025621,0.9819875776397515,0.00828362451116717,0.9628571428571429,0.9296211330827848
segment,exp,107,275,0.004322026669509108,0.9838509316770186,0.008433693253265996,0.9628571428571429,0.9295294055203394
segment,exp,107,276,0.004678329046597389,0.9788819875776398,0.00838126000940411,0.9628571428571429,0.9296349613112395
segment,exp,107,277,0.004570108984353041,0.9807453416149068,0.008680157364906852,0.9628571428571429,0.9295919904687469
segment,exp,107,278,0.011234629863132131,0.9484472049689441,0.01421958155766339,0.9314285714285714,0.9299347299623028
segment,exp,107,279,0.005078911123695895,0.9801242236024845,0.009205241046761504,0.9571428571428572,0.9298412142656416
segment,exp,107,280,0.004063692392471555,0.9832298136645963,0.008125339653166155,0.9657142857142857,0.9292868121776909
segment,exp,107,281,0.004225668456550784,0.9826086956521739,0.008265737993633452,0.9685714285714285,0.9290972648310633
segment,exp,107,282,0.00423545172960446,0.9832298136645963,0.008209199636029523,0.9628571428571429,0.9302525590850276
segment,exp,107,283,0.004194715255650716,0.9826086956521739,0.008404024610278601,0.9628571428571429,0.9292477035793991
segment,exp,107,284,0.004124232030162768,0.9832298136645963,0.008099497525171709,0.9657142857142857,0.928907311779517
segment,exp,107,285,0.006744294481267988,0.9683229813664597,0.010797405588140916,0.9485714285714286,0.9294475849495641
segment,exp,107,286,0.00420422797462832,0.9838509316770186,0.008331442143532868,0.96,0.9288776365479845
segment,exp,107,287,0.0040852373229215986,0.9826086956521739,0.0081364746310907,0.9657142857142857,0.9287563257453656
segment,exp,107,288,0.010245871918949307,0.9546583850931677,0.013949333054387142,0.9371428571428572,0.9301289907529703
segment,exp,107,289,0.004065016317784228,0.9826086956521739,0.00812311231893907,0.9657142857142857,0.9286512076266575
segment,exp,107,290,0.01136112119180176,0.9484472049689441,0.014247544571328147,0.9371428571428572,0.9296365966284553
segment,exp,107,291,0.004404226400196701,0.9813664596273292,0.008305783784810566,0.9628571428571429,0.9283952518934148
segment,exp,107,292,0.004171280810471176,0.9832298136645963,0.008313701730832386,0.9628571428571429,0.9283523149024052
segment,exp,107,293,0.004303010796199961,0.9807453416149068,0.008425830222138045,0.9628571428571429,0.9283800867698836
segment,exp,107,294,0.003977153725181693,0.9838509316770186,0.007937149893133096,0.9657142857142857,0.9296953977055838
segment,exp,107,295,0.004152645520087289,0.9826086956521739,0.008273974548499792,0.9657142857142857,0.9281897125342763
segment,exp,107,296,0.004211772740176216,0.9826086956521739,0.008125768057473306,0.9685714285714285,0.9281045098654884
segment,exp,107,297,0.004032620434416037,0.9826086956521739,0.008072145319547221,0.9685714285714285,0.9279960517406534
segment,exp,107,298,0.0038835134786471617,0.9832298136645963,0.008018554929940977,0.9657142857142857,0.9279636141247875
segment,exp,107,299,0.004038647616146416,0.9832298136645963,0.008218684871510498,0.9657142857142857,0.9305494024108535
segment,exp,107,300,0.0038605098865516444,0.984472049689441,0.008000513408512072,0.9685714285714285,0.9278291288843266
segment,exp,107,301,0.006577215846273202,0.970807453416149,0.009813580558445738,0.9514285714285714,0.9281771270643379
segment,exp,107,302,0.005971966915423895,0.9795031055900622,0.010059706767642985,0.9542857142857143,0.929435583179074
segment,exp,107,303,0.0048251777787195055,0.977639751552795,0.008422615035186518,0.9628571428571429,0.9277784602539648
segment,exp,107,304,0.003817366250517119,0.9832298136645963,0.007908270756556672,0.9714285714285714,0.9275473527912628
segment,exp,107,305,0.004538184365127535,0.9807453416149068,0.008820866889776556,0.9657142857142857,0.927695530199899
segment,exp,107,306,0.009487319704158826,0.9559006211180124,0.012993764674572845,0.94,0.9293330037822719
segment,exp,107,307,0.0047018829792402185,0.9813664596273292,0.008352116339653066,0.9628571428571429,0.9291472180482238
segment,exp,107,308,0.004790269303138223,0.9801242236024845,0.00899375580877718,0.9657142857142857,0.9271913767684907
segment,exp,107,309,0.0038365999621187185,0.9857142857142858,0.007940237335171003,0.9685714285714285,0.927244696668011
segment,exp,107,310,0.003894404502251924,0.9826086956521739,0.008061130448314403,0.9657142857142857,0.9271021543591432
segment,exp,107,311,0.004110310067101877,0.9819875776397515,0.0082529115451579,0.9657142857142857,0.9285416426177784
segment,exp,107,312,0.0037369877178153785,0.9832298136645963,0.007822036605309697,0.9714285714285714,0.9283930585936174
segment,exp,107,313,0.003780480092429618,0.9857142857142858,0.007873015162390475,0.9714285714285714,0.9269952131326663
segment,exp,107,314,0.003723903164556943,0.9850931677018634,0.0077874532027753934,0.9714285714285714,0.9268485115589744
segment,exp,107,315,0.003860621683275093,0.9826086956521739,0.007856292457729586,0.9657142857142857,0.9269950069032286
segment,exp,107,316,0.00395693637775247,0.9832298136645963,0.00815221104338626,0.9657142857142857,0.9267293168920048
segment,exp,107,317,0.003696959315354602,0.9857142857142858,0.007827942489160628,0.9714285714285714,0.9266826612297863
segment,exp,107,318,0.003828245414523205,0.984472049689441,0.007954732710839631,0.9714285714285714,0.9266219080193455
segment,exp,107,319,0.0045398078190409625,0.9813664596273292,0.008872551896017995,0.9657142857142857,0.9296000059024855
segment,exp,107,320,0.00411643246724383,0.9813664596273292,0.008195708779975927,0.9657142857142857,0.926610901591357
segment,exp,107,321,0.003732081770919438,0.9832298136645963,0.007738327480901835,0.9685714285714285,0.9265417153081358
segment,exp,107,322,0.003949821392082028,0.9832298136645963,0.008073777009137641,0.9657142857142857,0.9264175639113188
segment,exp,107,323,0.003663831864340754,0.9857142857142858,0.00782041562715113,0.9714285714285714,0.926320323160275
segment,exp,107,324,0.0038543021399375073,0.9826086956521739,0.007851503813356382,0.9685714285714285,0.9262908558702255
segment,exp,107,325,0.004153618904285107,0.9819875776397515,0.008375241495493974,0.9628571428571429,0.9263302313906635
segment,exp,107,326,0.0037883992869439842,0.9819875776397515,0.007832432562710155,0.9714285714285714,0.9261921880959858
segment,exp,107,327,0.003710726152717628,0.9850931677018634,0.007929671797576593,0.9657142857142857,0.9261004283448002
segment,exp,107,328,0.00501525989010143,0.9782608695652174,0.008697668755932447,0.9571428571428572,0.9264467322144612
segment,exp,107,329,0.0037355374006039404,0.9819875776397515,0.007915566179374927,0.9657142857142857,0.9260428094105684
segment,exp,107,330,0.003642751602624794,0.984472049689441,0.00785907964246124,0.9714285714285714,0.9260636931475911
segment,exp,107,331,0.003968321765218837,0.9826086956521739,0.008019129894411031,0.9685714285714285,0.9258921483706148
segment,exp,107,332,0.0035949260162871457,0.9850931677018634,0.007818627464397276,0.9742857142857143,0.9258466630111845
segment,exp,107,333,0.0038272226283353017,0.9832298136645963,0.008028910312673177,0.9685714285714285,0.9258168176532666
segment,exp,107,334,0.0040564961873251655,0.9826086956521739,0.008082866770066565,0.9657142857142857,0.925736244574764
segment,exp,107,335,0.0037385426003831894,0.9819875776397515,0.007810459174789366,0.9685714285714285,0.9270070384282524
segment,exp,107,336,0.0035910777172691983,0.984472049689441,0.007804289698145441,0.9714285714285714,0.9256081032177773
segment,exp,107,337,0.0035786599890557168,0.9832298136645963,0.0078015191804074215,0.9714285714285714,0.9255709430442418
segment,exp,107,338,0.003672628531591144,0.984472049689441,0.007936120202755912,0.9714285714285714,0.925481138085854
segment,exp,107,339,0.0037841496369920174,0.9832298136645963,0.008132287671688233,0.9657142857142857,0.9254526618792743
segment,exp,107,340,0.003724845422430381,0.9826086956521739,0.007858132438122802,0.9685714285714285,0.9254159338545509
segment,exp,107,341,0.0036133859678686383,0.9832298136645963,0.00784515827088338,0.9714285714285714,0.9253478497722462
segment,exp,107,342,0.0035999264397475975,0.9850931677018634,0.007909579410418047,0.9685714285714285,0.9252761226840585
segment,exp,107,343,0.004035432968437607,0.9826086956521739,0.008137332282418473,0.9685714285714285,0.925273743050742
segment,exp,107,344,0.0035574419776940864,0.9850931677018634,0.007785467952059457,0.9714285714285714,0.9251810147929903
segment,exp,107,345,0.009190367701650482,0.9559006211180124,0.012345482147377549,0.9485714285714286,0.925815059044373
segment,exp,107,346,0.003863412792859312,0.9813664596273292,0.008029658732901875,0.9657142857142857,0.9251920881215481
segment,exp,107,347,0.004109411576702861,0.9819875776397515,0.008154525680210557,0.9657142857142857,0.9250340452267177
segment,exp,107,348,0.004103395383158496,0.9819875776397515,0.008229031169884602,0.9657142857142857,0.9250660601043944
segment,exp,107,349,0.005029291266699128,0.9826086956521739,0.009296462500324124,0.96,0.9269212313383792
segment,exp,107,350,0.0042584723512651005,0.9826086956521739,0.008693379382246602,0.9685714285714285,0.9250216912010861
segment,exp,108,1,0.09032470116596664,0.5242236024844721,0.09028800972460521,0.5085714285714286,0.9930119203644676
segment,exp,108,2,0.07368338760464711,0.6217391304347826,0.07396225063582922,0.6114285714285714,0.9903607838857653
segment,exp,108,3,0.07464388599283767,0.6956521739130435,0.07290951758815464,0.7,0.9836947167017447
segment,exp,108,4,0.05206747433845775,0.7776397515527951,0.05326291981752543,0.7857142857142857,0.9864809919942837
segment,exp,108,5,0.04238305861737308,0.8093167701863354,0.0423114079282226,0.7971428571428572,0.9765607642398985
segment,exp,108,6,0.03657664828136357,0.815527950310559,0.03754512574964834,0.8057142857142857,0.97386030270731
segment,exp,108,7,0.034178120178948855,0.8552795031055901,0.03586522717564937,0.8457142857142858,0.9776527552921259
segment,exp,108,8,0.026031619499045998,0.9236024844720497,0.02693354294098461,0.9142857142857143,0.9725407966724076
segment,exp,108,9,0.023403497372454108,0.922360248447205,0.0250769126778962,0.9057142857142857,0.9716512199996726
segment,exp,108,10,0.021931484552100165,0.9099378881987578,0.023395628875219315,0.9057142857142857,0.9709799871921262
segment,exp,108,11,0.04587192155249985,0.8167701863354038,0.0484786233012248,0.8,0.9722559890390521
segment,exp,108,12,0.019266258202104525,0.9267080745341615,0.02039906955869531,0.9114285714285715,0.967640932127118
segment,exp,108,13,0.024628629535390443,0.8838509316770187,0.02552002697766661,0.8885714285714286,0.9696557442215373
segment,exp,108,14,0.018167100094150537,0.9273291925465839,0.01972457648674987,0.9142857142857143,0.9675526567103953
segment,exp,108,15,0.022073523182645678,0.9031055900621118,0.02340480530481306,0.9028571428571428,0.9696454269903917
segment,exp,108,16,0.02089321350776926,0.9161490683229814,0.02368571696696676,0.8942857142857142,0.970153653063776
segment,exp,108,17,0.01785765508762656,0.9279503105590062,0.01948936446568534,0.92,0.9672882101695613
segment,exp,108,18,0.01775019640628567,0.9229813664596274,0.019153944377295392,0.92,0.9662244888912975
segment,exp,108,19,0.017397537406672214,0.9273291925465839,0.019083211329770308,0.9257142857142857,0.9647588139273545
segment,exp,108,20,0.016038634941596845,0.9335403726708075,0.017633847054723883,0.9285714285714286,0.9640603793085174
segment,exp,108,21,0.015410863391411666,0.937888198757764,0.017596582995442124,0.9171428571428571,0.9642513391571874
segment,exp,108,22,0.015168028837635171,0.9372670807453416,0.0170876514610149,0.9228571428571428,0.9642638658099745
segment,exp,108,23,0.021553192093561994,0.9130434782608695,0.024971985451538694,0.9228571428571428,0.9645303730131779
segment,exp,108,24,0.017174853789502117,0.9347826086956522,0.019952101289165358,0.9257142857142857,0.9650304792214408
segment,exp,108,25,0.015936023369124298,0.9335403726708075,0.017822701878852248,0.9257142857142857,0.9635956484424235
segment,exp,108,26,0.016375088407842655,0.937888198757764,0.018214337074173186,0.9314285714285714,0.9652942330348754
segment,exp,108,27,0.014127549832302147,0.9416149068322981,0.01641995090624032,0.9342857142857143,0.9607912895120432
segment,exp,108,28,0.014248362794752688,0.9360248447204969,0.016168921658606058,0.9228571428571428,0.9607963772588596
segment,exp,108,29,0.015189717121066294,0.9366459627329192,0.016846329356528713,0.9257142857142857,0.9603400344549605
segment,exp,108,30,0.015466129209549838,0.9329192546583851,0.016849035809552482,0.9285714285714286,0.9603867959719805
segment,exp,108,31,0.014095810863553122,0.9347826086956522,0.015921986024852668,0.9257142857142857,0.9604600019489087
segment,exp,108,32,0.01411323233858212,0.9385093167701863,0.015978121707441565,0.9285714285714286,0.9608256258634306
segment,exp,108,33,0.013641727929290283,0.9465838509316771,0.016235368387712,0.9342857142857143,0.959090007542732
segment,exp,108,34,0.013629711676413834,0.9385093167701863,0.015444640811472593,0.9285714285714286,0.9587538830956376
segment,exp,108,35,0.013598309709613846,0.937888198757764,0.01567611784026133,0.9228571428571428,0.9585018659416827
segment,exp,108,36,0.018722043798137685,0.9198757763975155,0.021935438700604902,0.9114285714285715,0.9589792931536928
segment,exp,108,37,0.017046926638008546,0.9254658385093167,0.02028558150432703,0.9142857142857143,0.9597597643022266
segment,exp,108,38,0.013927490233112384,0.9360248447204969,0.015774292488394907,0.9285714285714286,0.957865136889512
segment,exp,108,39,0.012436682593191768,0.9434782608695652,0.014775364082907201,0.9314285714285714,0.9589742544790729
segment,exp,108,40,0.01353692342503624,0.9453416149068323,0.016511077113480554,0.9257142857142857,0.9573284133351004
segment,exp,108,41,0.012146432124880435,0.9509316770186336,0.015042215803331722,0.9371428571428572,0.9571266194157318
segment,exp,108,42,0.012172626062638624,0.9428571428571428,0.01457964164254308,0.9314285714285714,0.9568601124965374
segment,exp,108,43,0.012052772507173497,0.9428571428571428,0.014561683889540766,0.9285714285714286,0.9569631912312264
segment,exp,108,44,0.013267008686654527,0.9465838509316771,0.015890622580467143,0.9314285714285714,0.9569202937825387
segment,exp,108,45,0.017367701309594023,0.9204968944099379,0.019260417588662572,0.92,0.958204477053052
segment,exp,108,46,0.012005691708328568,0.9416149068322981,0.01438719646642991,0.9285714285714286,0.9557827586731804
segment,exp,108,47,0.011356750348807997,0.9509316770186336,0.014088509869335979,0.9371428571428572,0.9556242739460193
segment,exp,108,48,0.013712306912925151,0.9354037267080745,0.015707994759376155,0.9342857142857143,0.9572484871116675
segment,exp,108,49,0.013255300165255857,0.9366459627329192,0.01531099360475248,0.9314285714285714,0.9571491073288806
segment,exp,108,50,0.012513644612569758,0.9422360248447205,0.014938359291775243,0.9314285714285714,0.9578283713417602
segment,exp,108,51,0.011325547875658804,0.9527950310559006,0.01440309936845319,0.94,0.9550003127130076
segment,exp,108,52,0.011968780997112103,0.9422360248447205,0.01434697116834637,0.9342857142857143,0.9564874232028242
segment,exp,108,53,0.0144633154746103,0.9335403726708075,0.01622469770387444,0.9285714285714286,0.9567322271276273
segment,exp,108,54,0.010835026727942685,0.9515527950310559,0.013733320601955805,0.9428571428571428,0.9556075669567724
segment,exp,108,55,0.012330552519267624,0.9422360248447205,0.015400519666511073,0.9314285714285714,0.9537580436134331
segment,exp,108,56,0.011841663269313425,0.9472049689440993,0.014491263378646597,0.9314285714285714,0.9551042488793378
segment,exp,108,57,0.011825324986933741,0.9484472049689441,0.014401391443926938,0.9342857142857143,0.9563750236403126
segment,exp,108,58,0.011174706666624882,0.9490683229813665,0.013944961351250494,0.94,0.9534874941101998
segment,exp,108,59,0.010998044259351124,0.9478260869565217,0.013758204787545228,0.9285714285714286,0.953504228505808
segment,exp,108,60,0.010477733020658497,0.953416149068323,0.013504442816063245,0.9428571428571428,0.9530336079836927
segment,exp,108,61,0.013078809591511182,0.9372670807453416,0.016286572157249084,0.9371428571428572,0.9532640158380399
segment,exp,108,62,0.012377968417667497,0.9478260869565217,0.014750830491181397,0.9371428571428572,0.9531192639938723
segment,exp,108,63,0.013677739991205213,0.9465838509316771,0.01704713257848444,0.9342857142857143,0.9533768818934348
segment,exp,108,64,0.010652714082221793,0.9509316770186336,0.01378942629890726,0.9428571428571428,0.9528724039639577
segment,exp,108,65,0.010564311526402222,0.9496894409937888,0.013522084564242264,0.9342857142857143,0.9535928027839479
segment,exp,108,66,0.01161332686127544,0.9484472049689441,0.014841801638522991,0.9371428571428572,0.9521387177278481
segment,exp,108,67,0.011409596576042562,0.9453416149068323,0.014102593449147468,0.9371428571428572,0.9531855489858888
segment,exp,108,68,0.010542648788154836,0.9503105590062112,0.013271786142104067,0.9342857142857143,0.9517639481244168
segment,exp,108,69,0.010025397732703514,0.9540372670807453,0.013122164432223382,0.9428571428571428,0.9514262749850231
segment,exp,108,70,0.01136883834023736,0.9440993788819876,0.01397157115270479,0.9342857142857143,0.9515567477183001
segment,exp,108,71,0.010736673985343857,0.9490683229813665,0.013426300990947661,0.94,0.95121653362956
segment,exp,108,72,0.011051177655879126,0.9465838509316771,0.01413842627714126,0.9371428571428572,0.9516439726440686
segment,exp,108,73,0.010067333368090337,0.9521739130434783,0.013257926528160957,0.94,0.9524014484096381
segment,exp,108,74,0.009783059805377558,0.9546583850931677,0.012944119644280131,0.9428571428571428,0.9506304254029138
segment,exp,108,75,0.009921863371155236,0.9521739130434783,0.012998113543834545,0.94,0.952109001293744
segment,exp,108,76,0.011760998530766564,0.9440993788819876,0.014843710741720638,0.9371428571428572,0.9525798987978995
segment,exp,108,77,0.016172007306850183,0.9304347826086956,0.01944597148046,0.92,0.9526680537227029
segment,exp,108,78,0.010204337506636248,0.9509316770186336,0.013354751655492022,0.9371428571428572,0.9518324462471754
segment,exp,108,79,0.011316628528681169,0.9465838509316771,0.013870503025648722,0.9342857142857143,0.9503913140870545
segment,exp,108,80,0.010230464581722781,0.9503105590062112,0.013145489895946952,0.9342857142857143,0.9499620740982809
segment,exp,108,81,0.01053378853571994,0.953416149068323,0.013492522301354571,0.9342857142857143,0.9530368576901668
segment,exp,108,82,0.010478320094221649,0.9527950310559006,0.013818800840599617,0.94,0.9497283802282079
segment,exp,108,83,0.00979640117431463,0.9571428571428572,0.013031226716122266,0.94,0.9507183301667631
segment,exp,108,84,0.009371754948303158,0.9552795031055901,0.012674143201364802,0.94,0.9491795066142094
segment,exp,108,85,0.020928506971836076,0.9043478260869565,0.023935248321436592,0.9,0.9502505366965197
segment,exp,108,86,0.010130459732435128,0.9503105590062112,0.013479348581625908,0.94,0.949060928801827
segment,exp,108,87,0.013481054009123831,0.9385093167701863,0.015561280920585042,0.9428571428571428,0.9505121321977921
segment,exp,108,88,0.009297005342861424,0.9571428571428572,0.01258237932719785,0.94,0.9506250917622177
segment,exp,108,89,0.009355710260810874,0.9565217391304348,0.012628047867065634,0.9371428571428572,0.9487628315621854
segment,exp,108,90,0.010189522098282272,0.9527950310559006,0.013637668166291637,0.94,0.949077721866639
segment,exp,108,91,0.009091687822803987,0.9565217391304348,0.012413596719874477,0.94,0.9482251251797315
segment,exp,108,92,0.009236893150578476,0.9590062111801242,0.012721380845983512,0.94,0.9492237485422245
segment,exp,108,93,0.011595364624327016,0.9484472049689441,0.01396673084797201,0.94,0.9484913982476395
segment,exp,108,94,0.008982058427373658,0.9608695652173913,0.01240358361846406,0.9428571428571428,0.9492614315719063
segment,exp,108,95,0.010163830242117856,0.9521739130434783,0.01302533756540353,0.9371428571428572,0.9491993909888232
segment,exp,108,96,0.014981378876358588,0.929192546583851,0.018127131578055945,0.9142857142857143,0.9480442298540686
segment,exp,108,97,0.009312829269998497,0.9602484472049689,0.012408549800127022,0.94,0.9488368095409414
segment,exp,108,98,0.00950547480680276,0.9577639751552796,0.012934526803609724,0.94,0.9476535773045921
segment,exp,108,99,0.009111095364025292,0.9583850931677018,0.012392728481067128,0.94,0.9484686323748046
segment,exp,108,100,0.01062940550801037,0.9515527950310559,0.013993577860035973,0.9371428571428572,0.9482626570717296
segment,exp,108,101,0.009550765025266755,0.9577639751552796,0.012648917740897795,0.9342857142857143,0.9470294670920879
segment,exp,108,102,0.00957840518260088,0.9546583850931677,0.013016290209985222,0.9371428571428572,0.9484888312162478
segment,exp,108,103,0.008748601612016819,0.9608695652173913,0.011978230978445097,0.94,0.9466421471891706
segment,exp,108,104,0.008632458464679773,0.9627329192546584,0.012213671640586036,0.9342857142857143,0.9465090388855801
segment,exp,108,105,0.00922344267059583,0.9590062111801242,0.012366277155940911,0.9371428571428572,0.9473461418568584
segment,exp,108,106,0.009599898931256819,0.9583850931677018,0.013097913272488148,0.94,0.9464748535624622
segment,exp,108,107,0.008889564355957983,0.9608695652173913,0.012047242773151124,0.94,0.9466151861891022
segment,exp,108,108,0.011233892375339017,0.9496894409937888,0.013545142126800117,0.9428571428571428,0.9480093921340937
segment,exp,108,109,0.009007111282357006,0.9590062111801242,0.012856456998500448,0.9371428571428572,0.9458629511645028
segment,exp,108,110,0.008374951297491582,0.962111801242236,0.012108245915529975,0.9371428571428572,0.9473374281798852
segment,exp,108,111,0.008271332581043418,0.9639751552795031,0.012104727672865596,0.9428571428571428,0.9456224902442111
segment,exp,108,112,0.00982561712297955,0.9559006211180124,0.012655873352312228,0.9457142857142857,0.9459257619955288
segment,exp,108,113,0.008308851022260307,0.9627329192546584,0.011999091735282968,0.94,0.9454145689890103
segment,exp,108,114,0.009719001656075794,0.9552795031055901,0.01285193034007287,0.9457142857142857,0.9455996771935274
segment,exp,108,115,0.008227580435552292,0.9639751552795031,0.01198288302126552,0.9371428571428572,0.945155316006601
segment,exp,108,116,0.01941509163666294,0.9173913043478261,0.02262985382549812,0.9085714285714286,0.9465384400158956
segment,exp,108,117,0.008064944531470032,0.9652173913043478,0.01194300521742138,0.94,0.9451140563364285
segment,exp,108,118,0.0082415301515627,0.9670807453416149,0.012115410051889076,0.9371428571428572,0.9448523863689813
segment,exp,108,119,0.007887126943831044,0.9658385093167702,0.01168485151450169,0.94,0.9446153561612374
segment,exp,108,120,0.007920206882126534,0.9645962732919254,0.011771189802966275,0.9428571428571428,0.9444880326117548
segment,exp,108,121,0.008085306088648034,0.9645962732919254,0.011641209918382274,0.9457142857142857,0.9445090784765648
segment,exp,108,122,0.00783213827126437,0.9652173913043478,0.011721356780560209,0.9428571428571428,0.9443037490300777
segment,exp,108,123,0.008262503300788475,0.9627329192546584,0.012126139658237564,0.9428571428571428,0.9443597179295893
segment,exp,108,124,0.007880840465715721,0.9633540372670808,0.011722157232314344,0.9428571428571428,0.9439648621130805
segment,exp,108,125,0.007842550248129385,0.9645962732919254,0.011311751237551008,0.9485714285714286,0.9440781061728248
segment,exp,108,126,0.007634000670236555,0.9658385093167702,0.01125318525236441,0.9457142857142857,0.9436983102262978
segment,exp,108,127,0.009155585506451918,0.9645962732919254,0.01171673076438025,0.9457142857142857,0.9501479269364208
segment,exp,108,128,0.012615966740522318,0.9372670807453416,0.016324718853425523,0.92,0.9445440935491369
segment,exp,108,129,0.008234804098823332,0.9658385093167702,0.011180380572703043,0.9514285714285714,0.9433342896704888
segment,exp,108,130,0.009380800939691939,0.9590062111801242,0.011800397005665136,0.9485714285714286,0.9439123649491465
segment,exp,108,131,0.007606035665708763,0.968944099378882,0.010924205873044103,0.9542857142857143,0.9444194126408698
segment,exp,108,132,0.009945588521730329,0.9652173913043478,0.012638407906685297,0.9428571428571428,0.9448687270822537
segment,exp,108,133,0.012626197718803968,0.937888198757764,0.015950066961305267,0.9285714285714286,0.9434859308544196
segment,exp,108,134,0.009508733312461506,0.9540372670807453,0.013119622989937721,0.9428571428571428,0.9430948526628326
segment,exp,108,135,0.008392112889087625,0.9664596273291925,0.01229346968308675,0.9457142857142857,0.9433374021562894
segment,exp,108,136,0.007717708720229933,0.9658385093167702,0.011424430179988452,0.9428571428571428,0.942437131704375
segment,exp,108,137,0.014630675543374175,0.9285714285714286,0.01796670668951719,0.9171428571428571,0.9432969396324313
segment,exp,108,138,0.013510863733378476,0.9329192546583851,0.017059052021025783,0.92,0.9447087863907865
segment,exp,108,139,0.007340591747449943,0.9714285714285714,0.010379994753402568,0.9542857142857143,0.9426169599763221
segment,exp,108,140,0.007132692857061135,0.970807453416149,0.010733871464608113,0.9542857142857143,0.94255148758928
segment,exp,108,141,0.007785661857832973,0.9677018633540373,0.010607418753421576,0.9514285714285714,0.9433344348563882
segment,exp,108,142,0.006802032772167459,0.9726708074534162,0.010474353938320288,0.9514285714285714,0.9415169585969472
segment,exp,108,143,0.007255857086744907,0.9701863354037267,0.010755607649604896,0.9514285714285714,0.9433024545494453
segment,exp,108,144,0.006747900072863345,0.9726708074534162,0.010317564966017176,0.9514285714285714,0.9427320080990828
segment,exp,108,145,0.006947884777929051,0.970807453416149,0.010444180839827656,0.9542857142857143,0.9416026122572784
segment,exp,108,146,0.007651398273839412,0.9670807453416149,0.010333648023932756,0.9485714285714286,0.9426276483835019
segment,exp,108,147,0.0068146295257617735,0.970807453416149,0.010186801816343755,0.9514285714285714,0.9415996848380175
segment,exp,108,148,0.006637869748495654,0.9732919254658385,0.009973682454110384,0.9514285714285714,0.9409205361681084
segment,exp,108,149,0.00743482628320742,0.9677018633540373,0.010993750587828692,0.9514285714285714,0.940746512040853
segment,exp,108,150,0.011209149019386785,0.9490683229813665,0.012992520469606599,0.9428571428571428,0.940985275203336
segment,exp,108,151,0.015819420853256654,0.9273291925465839,0.01894319609573472,0.9142857142857143,0.9425437218616991
segment,exp,108,152,0.01242470482924634,0.9391304347826087,0.01536307935311094,0.9228571428571428,0.9409603234288874
segment,exp,108,153,0.006529993173031024,0.9714285714285714,0.01018022681214945,0.9514285714285714,0.9403198051614684
segment,exp,108,154,0.006414414036988157,0.9732919254658385,0.009994900812418203,0.9514285714285714,0.9401326335222675
segment,exp,108,155,0.006398033106087307,0.9751552795031055,0.009989994259968807,0.9542857142857143,0.9427398400373812
segment,exp,108,156,0.007456069241485954,0.968944099378882,0.011193583122060695,0.9485714285714286,0.9403215493610129
segment,exp,108,157,0.0073150606060851595,0.9683229813664597,0.010982797727820412,0.9514285714285714,0.940583572436434
segment,exp,108,158,0.007590708335525562,0.9658385093167702,0.01116240139345734,0.9485714285714286,0.9414081119505741
segment,exp,108,159,0.006362782012598097,0.9714285714285714,0.010144510197175528,0.9542857142857143,0.9395315763488414
segment,exp,108,160,0.009663167772835482,0.9515527950310559,0.013328625502109132,0.9428571428571428,0.9398609657308703
segment,exp,108,161,0.006851604855378581,0.9701863354037267,0.010082370478205887,0.9514285714285714,0.939389308328437
segment,exp,108,162,0.006398113841582707,0.9714285714285714,0.010228523549029346,0.9542857142857143,0.9394468937796272
segment,exp,108,163,0.007955793113520928,0.9652173913043478,0.011516263315528701,0.9514285714285714,0.9426764531186154
segment,exp,108,164,0.0062998590672918905,0.9714285714285714,0.009704135817767422,0.9542857142857143,0.9390606864574652
segment,exp,108,165,0.006178003556134749,0.9751552795031055,0.009943820512260938,0.9514285714285714,0.9390733359419274
segment,exp,108,166,0.006653461065619754,0.9739130434782609,0.010309872147595848,0.9571428571428572,0.9387582324593436
segment,exp,108,167,0.006071080139908846,0.9745341614906833,0.00974431695704672,0.9542857142857143,0.9387515390984679
segment,exp,108,168,0.0061377597513914885,0.9745341614906833,0.009826248645402203,0.9514285714285714,0.9385488656881136
segment,exp,108,169,0.006425224882917923,0.9720496894409938,0.009888769714314237,0.9514285714285714,0.9385503847239226
segment,exp,108,170,0.006786034093080388,0.9720496894409938,0.010295697287945984,0.9542857142857143,0.9383539185390516
segment,exp,108,171,0.006814866875639704,0.9726708074534162,0.010447950938652683,0.9514285714285714,0.9384433380125795
segment,exp,108,172,0.006480973749286065,0.9720496894409938,0.010001326429841372,0.9514285714285714,0.9384146567647724
segment,exp,108,173,0.006353531349883396,0.9726708074534162,0.01030376220730679,0.9542857142857143,0.9382593564919094
segment,exp,108,174,0.0074747613789466144,0.968944099378882,0.011302126545078043,0.9514285714285714,0.9384302067896831
segment,exp,108,175,0.012746738795422133,0.9409937888198758,0.015450125010636511,0.9257142857142857,0.9385080220114077
segment,exp,108,176,0.006627098363174421,0.9714285714285714,0.010495244352577785,0.9514285714285714,0.9381091588697823
segment,exp,108,177,0.0058678627654102184,0.9751552795031055,0.009660246798513,0.9514285714285714,0.937658997091642
segment,exp,108,178,0.012743193833229747,0.9453416149068323,0.014289490627380006,0.9342857142857143,0.9384012265456521
segment,exp,108,179,0.006333187445682682,0.9732919254658385,0.010283746426162177,0.9514285714285714,0.9374176084765522
segment,exp,108,180,0.01680684251125673,0.9260869565217391,0.01951699450969626,0.9142857142857143,0.9398974475383033
segment,exp,108,181,0.006538985119567043,0.9720496894409938,0.01002905998973055,0.9514285714285714,0.9376210286144269
segment,exp,108,182,0.005740844775474966,0.9763975155279503,0.00946185734025419,0.9542857142857143,0.9371264679749253
segment,exp,108,183,0.006457446845809306,0.9739130434782609,0.010208181054711784,0.9542857142857143,0.9390036419388265
segment,exp,108,184,0.005876361352319365,0.9745341614906833,0.00973348746447001,0.9485714285714286,0.9370190335851438
segment,exp,108,185,0.006712375305047327,0.9701863354037267,0.009694144645078558,0.9542857142857143,0.9378275975281158
segment,exp,108,186,0.005833187455890603,0.9763975155279503,0.009464049999881066,0.9514285714285714,0.9367532009288733
segment,exp,108,187,0.005689859507056407,0.9757763975155279,0.009502684900330132,0.9571428571428572,0.9366645450049109
segment,exp,108,188,0.00580095011223395,0.977639751552795,0.009596718803547849,0.9571428571428572,0.9367468847444794
segment,exp,108,189,0.006138474542348201,0.9739130434782609,0.010179614875528147,0.9571428571428572,0.9364831856670726
segment,exp,108,190,0.006198699408926967,0.9751552795031055,0.009956156384089412,0.9571428571428572,0.9368589859441954
segment,exp,108,191,0.005895773131926297,0.9726708074534162,0.009599506440621427,0.9542857142857143,0.9363186324633614
segment,exp,108,192,0.005783265052457136,0.9726708074534162,0.009836112992601582,0.9514285714285714,0.9364677014166802
segment,exp,108,193,0.005950506639328097,0.9745341614906833,0.010001260892696873,0.9514285714285714,0.9377737754929066
segment,exp,108,194,0.006144743097882555,0.9745341614906833,0.009514659956510841,0.9542857142857143,0.9364696250269453
segment,exp,108,195,0.006008178139259553,0.9751552795031055,0.009743028464278387,0.9514285714285714,0.9358924404448352
segment,exp,108,196,0.005542820035644727,0.9751552795031055,0.009531984491257138,0.9514285714285714,0.9358452892342203
segment,exp,108,197,0.007540554215537595,0.9627329192546584,0.0110962059938967,0.9485714285714286,0.9361507423722472
segment,exp,108,198,0.005693474482332769,0.9751552795031055,0.009743828394011396,0.9514285714285714,0.9357173369613364
segment,exp,108,199,0.005728481585195331,0.9726708074534162,0.009653542047847258,0.9542857142857143,0.9356116657136947
segment,exp,108,200,0.00554889309292543,0.9751552795031055,0.009401919026040859,0.9542857142857143,0.9369238167039993
segment,exp,108,201,0.006103564735315921,0.9732919254658385,0.010115859661787211,0.9514285714285714,0.9355741022362924
segment,exp,108,202,0.005487972906318449,0.9745341614906833,0.009802750539182942,0.9514285714285714,0.9353122231737985
segment,exp,108,203,0.005457926948120395,0.9757763975155279,0.009732698711859182,0.9514285714285714,0.9353743270131933
segment,exp,108,204,0.006575791277689143,0.970807453416149,0.010470656184148504,0.9542857142857143,0.9352088627725815
segment,exp,108,205,0.005454296039883795,0.9757763975155279,0.00945366323907441,0.9571428571428572,0.9353268318888275
segment,exp,108,206,0.005442919563058639,0.9763975155279503,0.009767844408468547,0.9571428571428572,0.9350135527478863
segment,exp,108,207,0.010061847142249088,0.953416149068323,0.012167882796002958,0.94,0.9367516787732818
segment,exp,108,208,0.005363072150570387,0.9757763975155279,0.009479683504080537,0.9514285714285714,0.9348448859716602
segment,exp,108,209,0.005428566895768495,0.9763975155279503,0.009505105412734319,0.9514285714285714,0.9347677381982259
segment,exp,108,210,0.005455945822089645,0.9751552795031055,0.009510789268663052,0.9542857142857143,0.9347439634393578
segment,exp,108,211,0.006050724161764295,0.9739130434782609,0.010334848987996038,0.9542857142857143,0.9350528226415179
segment,exp,108,212,0.005453817786765088,0.977639751552795,0.009721261871330211,0.9571428571428572,0.934666695287834
segment,exp,108,213,0.008118574725020204,0.9602484472049689,0.011744509889351558,0.9457142857142857,0.9349273509210702
segment,exp,108,214,0.0052706547715558015,0.9763975155279503,0.009361336651108944,0.96,0.9343472251800745
segment,exp,108,215,0.0057160403841820554,0.9739130434782609,0.009480963206188249,0.9571428571428572,0.9345904971521664
segment,exp,108,216,0.005334453623242884,0.9751552795031055,0.009244476749688535,0.9542857142857143,0.9341970217564366
segment,exp,108,217,0.0056112179086001196,0.9745341614906833,0.009693514298799954,0.9514285714285714,0.9342470481091446
segment,exp,108,218,0.005231967729388589,0.9751552795031055,0.00934463772042839,0.9514285714285714,0.9340619186442344
segment,exp,108,219,0.0054061601538531,0.9770186335403727,0.009591229500277259,0.9542857142857143,0.9339468245231345
segment,exp,108,220,0.00539563330812708,0.9757763975155279,0.009306402732366154,0.9542857142857143,0.9338945893157643
segment,exp,108,221,0.005169888218461895,0.9770186335403727,0.009353798019803426,0.9514285714285714,0.9338462416595307
segment,exp,108,222,0.0082537301589531,0.962111801242236,0.010797267526917577,0.9485714285714286,0.9341356764623193
segment,exp,108,223,0.00557374451388734,0.9720496894409938,0.009305162084786689,0.9542857142857143,0.9350522345728541
segment,exp,108,224,0.005242448991118349,0.9782608695652174,0.009249492229001713,0.9514285714285714,0.9336359362248772
segment,exp,108,225,0.012188754538023013,0.9397515527950311,0.015912813734707817,0.9314285714285714,0.9346341860416616
segment,exp,108,226,0.007586870486047211,0.9633540372670808,0.010530594683169222,0.9485714285714286,0.9334736226524339
segment,exp,108,227,0.005072229205064693,0.977639751552795,0.009254945259856836,0.9542857142857143,0.9333711456437368
segment,exp,108,228,0.0052084855974800755,0.9795031055900622,0.009259176533956122,0.9571428571428572,0.9350306913460614
segment,exp,108,229,0.006305960280629658,0.9695652173913043,0.010088686571714453,0.9485714285714286,0.9334439505407492
segment,exp,108,230,0.005509887127794547,0.9763975155279503,0.009776212399354675,0.9485714285714286,0.9340167301505445
segment,exp,108,231,0.006165470934162583,0.9726708074534162,0.010459253202838704,0.9571428571428572,0.9347080826476162
segment,exp,108,232,0.005170676071527101,0.9757763975155279,0.009314677475258984,0.9542857142857143,0.9330296718886919
segment,exp,108,233,0.005213718622077818,0.9770186335403727,0.009528029077077844,0.9542857142857143,0.9329300268405107
segment,exp,108,234,0.005270843289100131,0.9757763975155279,0.009645714811435254,0.9542857142857143,0.9328451232708763
segment,exp,108,235,0.005244767190287964,0.9770186335403727,0.009498347956084258,0.9542857142857143,0.9327964590547678
segment,exp,108,236,0.005216357446161428,0.9763975155279503,0.009397627982992233,0.9542857142857143,0.9327110911732538
segment,exp,108,237,0.0050304276593700304,0.977639751552795,0.009238516814773045,0.9571428571428572,0.9327919851860407
segment,exp,108,238,0.005040035478642068,0.977639751552795,0.009307451337192517,0.9542857142857143,0.9339673783991863
segment,exp,108,239,0.007034147953466074,0.9677018633540373,0.010247785397202768,0.9485714285714286,0.9353310024881297
segment,exp,108,240,0.006918500567931702,0.9658385093167702,0.010730896937833427,0.9485714285714286,0.9326660274637928
segment,exp,108,241,0.0053214303174848486,0.9770186335403727,0.009803277649233366,0.9542857142857143,0.9334870414213728
segment,exp,108,242,0.004955065781549223,0.9788819875776398,0.009361197444055853,0.9542857142857143,0.9336033921979553
segment,exp,108,243,0.005522215173164742,0.9745341614906833,0.00965037242786265,0.9485714285714286,0.932186987349726
segment,exp,108,244,0.005155726024451619,0.977639751552795,0.009360547671846605,0.9542857142857143,0.9320961665249028
segment,exp,108,245,0.006713126336236616,0.9701863354037267,0.010396642978394002,0.9457142857142857,0.9321692025118726
segment,exp,108,246,0.004965947165907778,0.9782608695652174,0.009214760970092316,0.9571428571428572,0.9319464851098596
segment,exp,108,247,0.004832971414943907,0.9819875776397515,0.009332313946774095,0.9571428571428572,0.9342320892182384
segment,exp,108,248,0.004768559902893437,0.9801242236024845,0.00907031939013791,0.9542857142857143,0.9317814908715181
segment,exp,108,249,0.005701212928140068,0.9751552795031055,0.010037279964552783,0.96,0.931752011530828
segment,exp,108,250,0.004779976784213418,0.9801242236024845,0.009289294026585,0.9542857142857143,0.9315995960712733
segment,exp,108,251,0.005065084859110348,0.9782608695652174,0.009313827796834652,0.9571428571428572,0.931561307131504
segment,exp,108,252,0.0050011355714494376,0.9795031055900622,0.009517477798042198,0.96,0.9314248892628663
segment,exp,108,253,0.006461336263919047,0.9714285714285714,0.010731911200328556,0.9514285714285714,0.9314501497591477
segment,exp,108,254,0.004650285168076439,0.9819875776397515,0.009043335825299781,0.9628571428571429,0.9316057313552654
segment,exp,108,255,0.00484682834672251,0.9801242236024845,0.009233339598793496,0.9571428571428572,0.9314734347112252
segment,exp,108,256,0.00463984233257909,0.9795031055900622,0.009063796806224841,0.9571428571428572,0.9312252934819952
segment,exp,108,257,0.004621148373049612,0.9813664596273292,0.008906462271194841,0.9571428571428572,0.931390103379923
segment,exp,108,258,0.0070566787661998165,0.9683229813664597,0.009807611351862536,0.9571428571428572,0.931211257375347
segment,exp,108,259,0.004965525174854528,0.9782608695652174,0.009324941754409307,0.96,0.9323328242633286
segment,exp,108,260,0.004760803615040603,0.9788819875776398,0.008934952176558798,0.9571428571428572,0.9308816624067761
segment,exp,108,261,0.004766894922369108,0.9782608695652174,0.00925138079354179,0.9571428571428572,0.9309043918927155
segment,exp,108,262,0.004683119502320256,0.9782608695652174,0.008800920869388345,0.9571428571428572,0.9307264883257699
segment,exp,108,263,0.004429836391371584,0.9826086956521739,0.008708445331145209,0.96,0.9306507976822408
segment,exp,108,264,0.006738163479394306,0.968944099378882,0.011173655015025817,0.9485714285714286,0.9311963210459827
segment,exp,108,265,0.004451360758136673,0.9807453416149068,0.00869094439333797,0.96,0.9305812143213968
segment,exp,108,266,0.004401699821566346,0.9826086956521739,0.008935789485728691,0.9571428571428572,0.9304040893525132
segment,exp,108,267,0.004374725696797697,0.9807453416149068,0.008750091232597087,0.96,0.9303137879868738
segment,exp,108,268,0.004464019673410072,0.984472049689441,0.00850424572180856,0.9657142857142857,0.9303355269493648
segment,exp,108,269,0.00530111810949269,0.9782608695652174,0.008890893018667134,0.96,0.930751828661183
segment,exp,108,270,0.024934512754462405,0.9024844720496894,0.02659377402788909,0.8914285714285715,0.9323638493132718
segment,exp,108,271,0.004394310317051563,0.9819875776397515,0.008707235522567166,0.9571428571428572,0.9300074307134115
segment,exp,108,272,0.004327507798090955,0.9813664596273292,0.008733396762657542,0.9571428571428572,0.9298597775682104
segment,exp,108,273,0.004267377911975603,0.984472049689441,0.008524543595598972,0.96,0.9297880655315836
segment,exp,108,274,0.005440641473689066,0.9757763975155279,0.009903442659762259,0.9571428571428572,0.9300206080457805
segment,exp,108,275,0.0065556402413414604,0.9683229813664597,0.010712615664504646,0.9514285714285714,0.9305296302291318
segment,exp,108,276,0.0046242980971925715,0.9807453416149068,0.008845752415798385,0.9542857142857143,0.9298634613672441
segment,exp,108,277,0.004784360732681592,0.9813664596273292,0.008773662359433077,0.9657142857142857,0.9297534096645632
segment,exp,108,278,0.01101937282532174,0.953416149068323,0.01330835482598769,0.9457142857142857,0.9312034561949051
segment,exp,108,279,0.00421915782156985,0.9857142857142858,0.008458936136403064,0.96,0.9292884216385914
segment,exp,108,280,0.004632687240884091,0.9782608695652174,0.009188986329825958,0.96,0.9292840513906876
segment,exp,108,281,0.004198646512621149,0.9832298136645963,0.008513409934550622,0.96,0.92924521067576
segment,exp,108,282,0.004349028723814912,0.9819875776397515,0.008814955424042408,0.9571428571428572,0.9292004264002687
segment,exp,108,283,0.007942503721844527,0.9683229813664597,0.011220474354928088,0.9485714285714286,0.9315513388033636
segment,exp,108,284,0.004139341742232127,0.984472049689441,0.008448485162813614,0.9628571428571429,0.9290173265173669
segment,exp,108,285,0.004317477989251187,0.9832298136645963,0.008693131734305063,0.96,0.9303923566980521
segment,exp,108,286,0.004629949788906192,0.9801242236024845,0.00898874047635392,0.9514285714285714,0.9288094838740975
segment,exp,108,287,0.004107752680383051,0.9826086956521739,0.008440920395317342,0.9571428571428572,0.9287578019296565
segment,exp,108,288,0.004799140467853744,0.977639751552795,0.008416624724569437,0.9571428571428572,0.9293242667383226
segment,exp,108,289,0.004120702046522823,0.9826086956521739,0.008623759892207438,0.9628571428571429,0.9287104523901115
segment,exp,108,290,0.004460015334404179,0.9801242236024845,0.008632516348908551,0.9571428571428572,0.9285267130069578
segment,exp,108,291,0.004033288154134198,0.9850931677018634,0.008286103374364046,0.96,0.9284351128177286
segment,exp,108,292,0.004190096842604678,0.9826086956521739,0.008576391075722466,0.96,0.9284294290852765
segment,exp,108,293,0.004064180359710737,0.9832298136645963,0.008351623513786325,0.9571428571428572,0.9285054528298508
segment,exp,108,294,0.0065969491213125645,0.9695652173913043,0.009317360034113284,0.9571428571428572,0.9287098461007127
segment,exp,108,295,0.0070998640223774254,0.9670807453416149,0.011152200244755328,0.9542857142857143,0.9286349347220855
segment,exp,108,296,0.0079009588796855,0.9639751552795031,0.010314293507739675,0.9571428571428572,0.9285441028059067
segment,exp,108,297,0.004276367855045157,0.9813664596273292,0.00853523272631413,0.9571428571428572,0.9293940150598652
segment,exp,108,298,0.004073357272471656,0.9832298136645963,0.008372845785262496,0.9628571428571429,0.9279745518274816
segment,exp,108,299,0.004060231636540144,0.9826086956521739,0.008476921798081091,0.9571428571428572,0.9279790585052398
segment,exp,108,300,0.004164267147585611,0.9807453416149068,0.008489304954982613,0.96,0.9279373979292245
segment,exp,108,301,0.004213797401699524,0.9813664596273292,0.008710701670299286,0.96,0.9277207781409738
segment,exp,108,302,0.0039416359385711815,0.9857142857142858,0.008275459621813456,0.96,0.927693199028823
segment,exp,108,303,0.0041385957451285085,0.9807453416149068,0.008274255063292277,0.9571428571428572,0.927881694540754
segment,exp,108,304,0.004547529749937024,0.984472049689441,0.008522274869450867,0.96,0.9279081213875497
segment,exp,108,305,0.005916387848605057,0.9732919254658385,0.0091107797311467,0.9571428571428572,0.9280782632823079
segment,exp,108,306,0.00404191382212938,0.984472049689441,0.008616485610294385,0.9571428571428572,0.9274937722279484
segment,exp,108,307,0.0038434470873914307,0.9850931677018634,0.008362510708170016,0.96,0.9273359914176408
segment,exp,108,308,0.004672416495863695,0.9782608695652174,0.008818800826896588,0.96,0.9273773809671999
segment,exp,108,309,0.0038396836539588627,0.9838509316770186,0.00841039953552458,0.9628571428571429,0.9272344295526158
segment,exp,108,310,0.004827331349598017,0.9763975155279503,0.008682483513564699,0.96,0.9273845784068806
segment,exp,108,311,0.0038522219861820703,0.9838509316770186,0.008506662719915941,0.96,0.9270918940624062
segment,exp,108,312,0.003944001180303959,0.9832298136645963,0.00854278897661278,0.96,0.9270143777285845
segment,exp,108,313,0.003932320749313011,0.9832298136645963,0.008501577703930724,0.96,0.927042309313876
segment,exp,108,314,0.00409092065178047,0.9832298136645963,0.008829414303875243,0.96,0.9270081334117698
segment,exp,108,315,0.004595611455013192,0.9813664596273292,0.00859509963593541,0.9628571428571429,0.9271551676786367
segment,exp,108,316,0.0038391881244507955,0.9832298136645963,0.008387830943723763,0.9628571428571429,0.926804934842943
segment,exp,108,317,0.003906417896466086,0.9850931677018634,0.008601208471831575,0.96,0.9267497689600008
segment,exp,108,318,0.003819898808540873,0.984472049689441,0.008607889529554873,0.96,0.9268194394365458
segment,exp,108,319,0.0041984130527005165,0.9819875776397515,0.009163729818742888,0.9571428571428572,0.9269266644225329
segment,exp,108,320,0.00418574231429346,0.9813664596273292,0.008554081276303154,0.9628571428571429,0.9265972600576494
segment,exp,108,321,0.004548146258930591,0.9801242236024845,0.009358539883110464,0.96,0.9264522702543737
segment,exp,108,322,0.003770606804541525,0.9838509316770186,0.008374911704295388,0.9628571428571429,0.9264709781675691
segment,exp,108,323,0.004213111248011728,0.9832298136645963,0.008595368681240558,0.9628571428571429,0.9277419851614969
segment,exp,108,324,0.003741611394833632,0.984472049689441,0.008327706631904732,0.96,0.926327077204288
segment,exp,108,325,0.003783363207107934,0.984472049689441,0.008567922098660896,0.96,0.9264035613890668
segment,exp,108,326,0.0037629565184663337,0.9850931677018634,0.008284670489224063,0.9628571428571429,0.9263900999436092
segment,exp,108,327,0.003726227121664225,0.984472049689441,0.008450624995725348,0.9628571428571429,0.9261319417144919
segment,exp,108,328,0.0037130507272505886,0.9832298136645963,0.008271955267186406,0.9628571428571429,0.9260771090480777
segment,exp,108,329,0.008942874661948905,0.9577639751552796,0.012712548712355703,0.9457142857142857,0.9263442423829159
segment,exp,108,330,0.005063764002950252,0.9745341614906833,0.008984864503339851,0.9571428571428572,0.9261640408716012
segment,exp,108,331,0.00815520210082259,0.9627329192546584,0.010195988486678124,0.9514285714285714,0.9272785677016598
segment,exp,108,332,0.0036345766134776624,0.9857142857142858,0.008377349930362411,0.9657142857142857,0.9257885778295583
segment,exp,108,333,0.004035113007056112,0.9819875776397515,0.008372264459861408,0.9657142857142857,0.9258815984996723
segment,exp,108,334,0.003662375624839281,0.9832298136645963,0.008364271768079442,0.9628571428571429,0.925717695250986
segment,exp,108,335,0.0038159416197044937,0.9819875776397515,0.008296209324150879,0.96,0.9256631517043926
segment,exp,108,336,0.003899394947233635,0.9826086956521739,0.008359118956170796,0.9628571428571429,0.9255793613656976
segment,exp,108,337,0.0037998282033614573,0.9813664596273292,0.008221043571757954,0.96,0.9255282502245897
segment,exp,108,338,0.004222090425770124,0.9819875776397515,0.008548353833449271,0.9657142857142857,0.9271427913465787
segment,exp,108,339,0.003754273910700796,0.9819875776397515,0.00817146540973192,0.9628571428571429,0.925407674314411
segment,exp,108,340,0.003736225965346631,0.9819875776397515,0.008238293080140811,0.9628571428571429,0.9268160384932266
segment,exp,108,341,0.006761957521682691,0.9677018633540373,0.009806147886276996,0.9571428571428572,0.9271747629241736
segment,exp,108,342,0.003574103483436281,0.9857142857142858,0.008296273187160228,0.9628571428571429,0.9253851841411206
segment,exp,108,343,0.003718357770731195,0.9826086956521739,0.008365438028117688,0.9628571428571429,0.9253108803928618
segment,exp,108,344,0.00460254407712729,0.9770186335403727,0.008591827923927611,0.9628571428571429,0.9252164633258219
segment,exp,108,345,0.0044394450443492744,0.9782608695652174,0.00859728551436272,0.96,0.9251137051055238
segment,exp,108,346,0.006145962636375029,0.9720496894409938,0.01006484247908188,0.9514285714285714,0.9268241756272823
segment,exp,108,347,0.009300646423349868,0.9552795031055901,0.013217956554677881,0.94,0.9269411217336775
segment,exp,108,348,0.0035608144257977,0.984472049689441,0.008377572945397864,0.9628571428571429,0.924904884563796
segment,exp,108,349,0.003574088234529521,0.9850931677018634,0.008223879871776715,0.9628571428571429,0.9248076370994055
segment,exp,108,350,0.003517144283626563,0.9850931677018634,0.008110831796870445,0.9628571428571429,0.924785919234777
segment,exp,109,1,0.09015408833553214,0.5614906832298137,0.08918295080432517,0.5571428571428572,0.991052389798344
segment,exp,109,2,0.0769312316282573,0.5701863354037268,0.07726943933880982,0.6028571428571429,0.9860285209053884
segment,exp,109,3,0.0631513948766062,0.6422360248447205,0.0629671531365094,0.6228571428571429,0.9810981524615818
segment,exp,109,4,0.0513590862346286,0.739751552795031,0.05105498150460578,0.7428571428571429,0.9798887612737851
segment,exp,109,5,0.04604153442913009,0.7509316770186335,0.04583356956654409,0.76,0.9767784049261983
segment,exp,109,6,0.037409213725068766,0.8577639751552795,0.03667451614736537,0.8542857142857143,0.9775558558323489
segment,exp,109,7,0.03522266912423746,0.8472049689440994,0.03578526766701759,0.8371428571428572,0.9770180395325662
segment,exp,109,8,0.027898322482116333,0.8975155279503105,0.028992548796733703,0.8857142857142857,0.9729334488907456
segment,exp,109,9,0.03404398965405944,0.8478260869565217,0.03635579421894918,0.8171428571428572,0.9714173223893862
segment,exp,109,10,0.030552461398792554,0.867080745341615,0.030080223612952865,0.8657142857142858,0.9705865674954214
segment,exp,109,11,0.03522829089119247,0.868944099378882,0.0379522485980301,0.84,0.9699013428236342
segment,exp,109,12,0.021385127745561134,0.9161490683229814,0.02256210549693203,0.9114285714285715,0.9677068960691245
segment,exp,109,13,0.018438765130322932,0.9335403726708075,0.01987014007296978,0.9257142857142857,0.9665221032965706
segment,exp,109,14,0.02228936702307136,0.9062111801242236,0.023537391311302478,0.9028571428571428,0.9691178358048729
segment,exp,109,15,0.017547065375712347,0.9316770186335404,0.0186856843706837,0.9257142857142857,0.9654548291588482
segment,exp,109,16,0.017565049391672957,0.9279503105590062,0.018821169131135292,0.9171428571428571,0.9654301121626638
segment,exp,109,17,0.02011814299090283,0.9142857142857143,0.020738484624394978,0.9142857142857143,0.9643385440129214
segment,exp,109,18,0.020468530989414115,0.9298136645962732,0.022907030126253242,0.9228571428571428,0.9640594907766703
segment,exp,109,19,0.01754169858962168,0.9335403726708075,0.019156004645768346,0.9257142857142857,0.963880622431582
segment,exp,109,20,0.01663677273355254,0.9298136645962732,0.01782175839868903,0.9257142857142857,0.9628310086728125
segment,exp,109,21,0.016077424252464247,0.9409937888198758,0.017840081787377348,0.9314285714285714,0.9624118543901019
segment,exp,109,22,0.022166190411003345,0.9074534161490683,0.023177491387779997,0.9142857142857143,0.9676299260267015
segment,exp,109,23,0.016607075988203445,0.9354037267080745,0.017750295539303358,0.9228571428571428,0.962521692266487
segment,exp,109,24,0.015042759990191331,0.9329192546583851,0.016731742819472293,0.9228571428571428,0.961414277319527
segment,exp,109,25,0.014802227323749176,0.9385093167701863,0.01684369433470302,0.9257142857142857,0.9621133510669965
segment,exp,109,26,0.014603660848941795,0.9372670807453416,0.01641782774280751,0.9285714285714286,0.9606194069097438
segment,exp,109,27,0.014224535494301454,0.9372670807453416,0.016241250099379677,0.9257142857142857,0.9605446123032706
segment,exp,109,28,0.01432301253308677,0.9366459627329192,0.015893064600231172,0.9285714285714286,0.9599476364788303
segment,exp,109,29,0.014135599133618573,0.9372670807453416,0.015800187233359714,0.9285714285714286,0.9595546776043785
segment,exp,109,30,0.014886598357414028,0.937888198757764,0.01658973172554256,0.9257142857142857,0.9607370841844679
segment,exp,109,31,0.029355170645694414,0.8906832298136645,0.03225248001812786,0.8771428571428571,0.9615361726195646
segment,exp,109,32,0.014903421162143368,0.9354037267080745,0.016669899276469696,0.9228571428571428,0.9601496589093217
segment,exp,109,33,0.013166699847206913,0.9484472049689441,0.01550544515032423,0.9371428571428572,0.9582652739630159
segment,exp,109,34,0.015243661820164855,0.9341614906832298,0.0168402092512106,0.9228571428571428,0.9581144259298439
segment,exp,109,35,0.012697221728975285,0.9478260869565217,0.015012804886946724,0.9342857142857143,0.9575859672001782
segment,exp,109,36,0.01572670642426251,0.9267080745341615,0.017040104242404,0.9171428571428571,0.9589941260283619
segment,exp,109,37,0.017563229061559802,0.9217391304347826,0.02009905634034114,0.9171428571428571,0.9573826301519709
segment,exp,109,38,0.017520821856915683,0.9167701863354037,0.019831680756411892,0.9085714285714286,0.9574694055473429
segment,exp,109,39,0.014292013230918749,0.9428571428571428,0.01680208701832224,0.9257142857142857,0.9566750210983292
segment,exp,109,40,0.01735218960681061,0.9192546583850931,0.01850693454471043,0.9142857142857143,0.9592113840213854
segment,exp,109,41,0.013446717210545545,0.9409937888198758,0.0157569345233889,0.9228571428571428,0.9578200041632237
segment,exp,109,42,0.012648376204857576,0.9428571428571428,0.014758456458666509,0.9314285714285714,0.9572390071213465
segment,exp,109,43,0.014011772935382017,0.9391304347826087,0.015852340314724843,0.9285714285714286,0.9571639843794135
segment,exp,109,44,0.014239708039746772,0.9416149068322981,0.016032716879129903,0.9342857142857143,0.9605419477532153
segment,exp,109,45,0.01232791163014025,0.9416149068322981,0.01449576780693805,0.9285714285714286,0.9550412305296815
segment,exp,109,46,0.0145826118486566,0.9347826086956522,0.017249179844404352,0.9285714285714286,0.9558711206732521
segment,exp,109,47,0.012630087866797415,0.9453416149068323,0.014809678916038365,0.9371428571428572,0.9561555877489618
segment,exp,109,48,0.01127554360843242,0.9490683229813665,0.013789215369824215,0.94,0.9555093299819469
segment,exp,109,49,0.011167389030868556,0.9472049689440993,0.013757448715140565,0.9342857142857143,0.954060121145006
segment,exp,109,50,0.017517966948064515,0.9161490683229814,0.020146852012294745,0.9085714285714286,0.95535003028945
segment,exp,109,51,0.011062271328515852,0.9509316770186336,0.013591994396803425,0.94,0.9537734297840269
segment,exp,109,52,0.01115358310292882,0.9503105590062112,0.013436380945216564,0.9371428571428572,0.9540589395023702
segment,exp,109,53,0.015773277206162322,0.9285714285714286,0.01702732372756396,0.9257142857142857,0.9548099393593792
segment,exp,109,54,0.010744447294964168,0.9515527950310559,0.013454086223690598,0.94,0.9530210735662118
segment,exp,109,55,0.011357827419792011,0.9472049689440993,0.013696542592663008,0.9342857142857143,0.9527312104900442
segment,exp,109,56,0.011084235022695963,0.9496894409937888,0.013851783805127322,0.94,0.9532937321174578
segment,exp,109,57,0.011766254235973833,0.9465838509316771,0.014402648268857302,0.94,0.9528795564070102
segment,exp,109,58,0.010459092655146943,0.9521739130434783,0.013071822577900814,0.9428571428571428,0.9521614285964607
segment,exp,109,59,0.01065646860481552,0.9503105590062112,0.013427373169276611,0.9428571428571428,0.9526902090168654
segment,exp,109,60,0.015809623446815604,0.9248447204968944,0.01881778004941969,0.92,0.9521936379215634
segment,exp,109,61,0.010527475715251198,0.9515527950310559,0.013351901909268863,0.9428571428571428,0.9517566847354394
segment,exp,109,62,0.012719780304050805,0.9403726708074535,0.015540056416756187,0.9285714285714286,0.9522290103506348
segment,exp,109,63,0.010726547328417229,0.9496894409937888,0.013415277759908917,0.9342857142857143,0.951295116525941
segment,exp,109,64,0.011760958212688608,0.9440993788819876,0.014157238417893708,0.94,0.9531048536393191
segment,exp,109,65,0.01053017907962158,0.9515527950310559,0.013467890907640098,0.9457142857142857,0.951412173882791
segment,exp,109,66,0.011347316183628187,0.9472049689440993,0.014203420628329437,0.9371428571428572,0.9523822962030892
segment,exp,109,67,0.009965832020006461,0.9546583850931677,0.012723656130065417,0.9428571428571428,0.9505213743636022
segment,exp,109,68,0.010341543427605477,0.9559006211180124,0.012939187482062972,0.94,0.9505947202829832
segment,exp,109,69,0.010087312349487752,0.9515527950310559,0.012902246716098284,0.9457142857142857,0.950184113457607
segment,exp,109,70,0.00985230911155179,0.9540372670807453,0.012733203099136428,0.9428571428571428,0.9529257440376038
segment,exp,109,71,0.01032920524473729,0.9503105590062112,0.01316649320395971,0.94,0.9535958893635215
segment,exp,109,72,0.010725917031395023,0.9496894409937888,0.01334685467164868,0.94,0.949776445043583
segment,exp,109,73,0.010070782284374385,0.9521739130434783,0.012802248349275673,0.9371428571428572,0.9496707525987613
segment,exp,109,74,0.0160388464641824,0.9211180124223602,0.018925756505176694,0.9114285714285715,0.9526305256486692
segment,exp,109,75,0.010533315708155175,0.9484472049689441,0.013045103356814641,0.9371428571428572,0.9500944340298109
segment,exp,109,76,0.010019159796711079,0.9515527950310559,0.013009238980753252,0.9428571428571428,0.9490963338884052
segment,exp,109,77,0.00966179852106605,0.9552795031055901,0.01264145108708737,0.9428571428571428,0.9495553825733246
segment,exp,109,78,0.010634396644320991,0.9515527950310559,0.013332040182805838,0.94,0.9489668170951808
segment,exp,109,79,0.009812568032157352,0.9540372670807453,0.0125953634478329,0.9428571428571428,0.9490614250779102
segment,exp,109,80,0.009939482894149518,0.9503105590062112,0.012890461942850212,0.9428571428571428,0.9484445916891575
segment,exp,109,81,0.009916725709698735,0.9527950310559006,0.012953193810634667,0.9428571428571428,0.950023991535247
segment,exp,109,82,0.00973607616171147,0.953416149068323,0.01268623384188246,0.94,0.9482238576206558
segment,exp,109,83,0.009626814975602072,0.953416149068323,0.012681910362353195,0.94,0.9481812189202379
segment,exp,109,84,0.011719373504085187,0.9385093167701863,0.01471556879294605,0.94,0.9525457310363996
segment,exp,109,85,0.011001468165553547,0.9453416149068323,0.013020129186972196,0.94,0.9488033920343866
segment,exp,109,86,0.01098010363604601,0.9527950310559006,0.013797695063212581,0.9342857142857143,0.9497664675154079
segment,exp,109,87,0.010813073973808308,0.9509316770186336,0.01360062275148143,0.9342857142857143,0.9485126884490197
segment,exp,109,88,0.009453804619919116,0.9546583850931677,0.012370338857453459,0.94,0.9475627751287037
segment,exp,109,89,0.00967044963653362,0.9546583850931677,0.01272646669857143,0.9428571428571428,0.94731391662221
segment,exp,109,90,0.010197027723882058,0.9509316770186336,0.013234369363358768,0.94,0.9470703607805251
segment,exp,109,91,0.009909674459159534,0.9527950310559006,0.013638163202481894,0.94,0.9474848550367724
segment,exp,109,92,0.00915020199793275,0.9596273291925466,0.01241219817353184,0.9457142857142857,0.9468021970338005
segment,exp,109,93,0.009714919881147772,0.9527950310559006,0.012645878905226548,0.94,0.9467655298275137
segment,exp,109,94,0.012999163576025917,0.9385093167701863,0.014826733387400882,0.9428571428571428,0.9506401039376217
segment,exp,109,95,0.010015771496130761,0.9527950310559006,0.012869317408740087,0.9371428571428572,0.9464480767583793
segment,exp,109,96,0.009349971205944668,0.9546583850931677,0.01247025688938946,0.94,0.9463627271372359
segment,exp,109,97,0.009062195655011571,0.9559006211180124,0.012132272290053113,0.9457142857142857,0.9462368956290467
segment,exp,109,98,0.012169912535562709,0.9372670807453416,0.015105216624009645,0.9285714285714286,0.9466931491741785
segment,exp,109,99,0.014474185588863134,0.9260869565217391,0.017440514172049604,0.9171428571428571,0.9484405486859715
segment,exp,109,100,0.009782447208478331,0.9540372670807453,0.012910950445366465,0.9428571428571428,0.946085313615423
segment,exp,109,101,0.009792055466453292,0.9559006211180124,0.0127190393265588,0.9428571428571428,0.9472283813337502
segment,exp,109,102,0.009055018126448417,0.9565217391304348,0.0122179442100503,0.9457142857142857,0.9472889487269107
segment,exp,109,103,0.01593449951604167,0.9217391304347826,0.018776559122903675,0.9171428571428571,0.9473265700483121
segment,exp,109,104,0.009448358293911082,0.9552795031055901,0.012612602028187517,0.9371428571428572,0.9467593369481536
segment,exp,109,105,0.009343293241490936,0.9577639751552796,0.012548787576519524,0.94,0.9470336130927648
segment,exp,109,106,0.008838605387262609,0.9583850931677018,0.011819506127213228,0.9457142857142857,0.9450602216372419
segment,exp,109,107,0.008702900849945405,0.9571428571428572,0.01186899481872358,0.9457142857142857,0.9476445267154662
segment,exp,109,108,0.008979088470218829,0.9571428571428572,0.01174107740260374,0.9428571428571428,0.9450611642425432
segment,exp,109,109,0.01173794559367984,0.9391304347826087,0.014702651419764939,0.9371428571428572,0.945039268018319
segment,exp,109,110,0.00897770028618663,0.9590062111801242,0.012126780266947865,0.9428571428571428,0.945270342232398
segment,exp,109,111,0.0105778691419362,0.9490683229813665,0.013393370659899616,0.94,0.9448489201484854
segment,exp,109,112,0.008890111365219383,0.9552795031055901,0.012101631356076979,0.94,0.9446814435053668
segment,exp,109,113,0.009515383984317966,0.9571428571428572,0.012621264787664304,0.9428571428571428,0.9458754742005829
segment,exp,109,114,0.008896513271231135,0.9559006211180124,0.012156479474055959,0.9457142857142857,0.9458516075746694
segment,exp,109,115,0.009223398745221595,0.9565217391304348,0.012514625733704147,0.9428571428571428,0.9453863130456936
segment,exp,109,116,0.009439244538476298,0.9540372670807453,0.01236659914271074,0.9457142857142857,0.9453573155825162
segment,exp,109,117,0.009099590646562867,0.9571428571428572,0.01213631645148602,0.9428571428571428,0.9438444068779862
segment,exp,109,118,0.008960479550974232,0.9577639751552796,0.012308843486449108,0.9428571428571428,0.9451592036368154
segment,exp,109,119,0.0090367389675849,0.9596273291925466,0.012447256029063939,0.94,0.9449723586282696
segment,exp,109,120,0.008550670504555845,0.9571428571428572,0.012036547059105483,0.94,0.943464736952639
segment,exp,109,121,0.008852423201237386,0.9546583850931677,0.012065988380392993,0.94,0.9448095535425118
segment,exp,109,122,0.008776181840446822,0.9571428571428572,0.012176966826722372,0.94,0.9433262579560797
segment,exp,109,123,0.009271749439428503,0.9571428571428572,0.011875354291502311,0.9457142857142857,0.9463039597597481
segment,exp,109,124,0.008600664557514959,0.9608695652173913,0.011784455706564312,0.9457142857142857,0.9445538342476549
segment,exp,109,125,0.008361456686380973,0.9577639751552796,0.011728256334776855,0.9457142857142857,0.9429913398062609
segment,exp,109,126,0.008296758835490555,0.9590062111801242,0.011746310551027778,0.9428571428571428,0.9441695400059555
segment,exp,109,127,0.00847074532577238,0.9608695652173913,0.011941844012580595,0.9428571428571428,0.9442181570939727
segment,exp,109,128,0.008318636794740365,0.9596273291925466,0.011732986921966731,0.94,0.9426490432014482
segment,exp,109,129,0.008696320581835774,0.9583850931677018,0.012046502023940482,0.9457142857142857,0.9428405900973637
segment,exp,109,130,0.013394896955186957,0.9385093167701863,0.01574270458277715,0.9257142857142857,0.9432914538647469
segment,exp,109,131,0.008982672669903508,0.9596273291925466,0.012104539239364357,0.9485714285714286,0.9438232728001862
segment,exp,109,132,0.008300125272389484,0.9590062111801242,0.011895151544368043,0.9428571428571428,0.9422123483050922
segment,exp,109,133,0.014225204787395631,0.9267080745341615,0.01748717581595656,0.9171428571428571,0.9438718078883708
segment,exp,109,134,0.008445567085519058,0.9590062111801242,0.011867345267659632,0.94,0.9420509261742395
segment,exp,109,135,0.01121389723927952,0.9416149068322981,0.014543785750550523,0.9342857142857143,0.9424121301397554
segment,exp,109,136,0.009200978972847112,0.9559006211180124,0.01149416088243982,0.9542857142857143,0.9433452783090186
segment,exp,109,137,0.008657930389453434,0.9596273291925466,0.012287514658987569,0.9457142857142857,0.941862978362815
segment,exp,109,138,0.008036380354098894,0.9602484472049689,0.0114243529167576,0.9457142857142857,0.941619280509964
segment,exp,109,139,0.008589271242073308,0.9596273291925466,0.012122634644886469,0.9457142857142857,0.9417107634860021
segment,exp,109,140,0.008362766490871086,0.9596273291925466,0.011603866891260339,0.9485714285714286,0.9414374373770344
segment,exp,109,141,0.008372415136428942,0.9608695652173913,0.011882796865895719,0.9428571428571428,0.9413843083041193
segment,exp,109,142,0.009052876299990126,0.9565217391304348,0.012689478654244402,0.94,0.9412551390961912
segment,exp,109,143,0.008760499603733794,0.9596273291925466,0.012092704248387045,0.9428571428571428,0.942056618787031
segment,exp,109,144,0.012418706424928266,0.9453416149068323,0.014792131584095303,0.9485714285714286,0.9455100584903549
segment,exp,109,145,0.008379766876082188,0.9590062111801242,0.011942114799692066,0.9428571428571428,0.9410335013291312
segment,exp,109,146,0.007950223064475306,0.9590062111801242,0.011423693122074575,0.9457142857142857,0.9421825526374507
segment,exp,109,147,0.008320835217356708,0.9596273291925466,0.011895324820447029,0.9457142857142857,0.9423997939777006
segment,exp,109,148,0.010675696547126492,0.9552795031055901,0.013513974974951038,0.9428571428571428,0.9426333717306251
segment,exp,109,149,0.008115794450240375,0.9596273291925466,0.011616416121185243,0.9457142857142857,0.9421933555509887
segment,exp,109,150,0.007892439056305085,0.9614906832298137,0.01147887073182662,0.9428571428571428,0.941973310044488
segment,exp,109,151,0.012075600421469757,0.9453416149068323,0.01427070180761543,0.9314285714285714,0.9427555839402953
segment,exp,109,152,0.007785648573372662,0.9627329192546584,0.011534437007183623,0.9457142857142857,0.9402002075520087
segment,exp,109,153,0.007981132866070148,0.9608695652173913,0.011401434989206557,0.9485714285714286,0.9401103168186383
segment,exp,109,154,0.007849802192003746,0.9633540372670808,0.011535472581316325,0.9428571428571428,0.9400307889114707
segment,exp,109,155,0.00786696911407163,0.9627329192546584,0.011183171101265824,0.9485714285714286,0.9401164074965844
segment,exp,109,156,0.009741217498819043,0.9496894409937888,0.01323393608844922,0.94,0.9399716297966846
segment,exp,109,157,0.012709122548327732,0.937888198757764,0.016007816661761612,0.9228571428571428,0.9432553377531164
segment,exp,109,158,0.007658894959003893,0.9627329192546584,0.011001545877350822,0.9542857142857143,0.9408946385172696
segment,exp,109,159,0.007637815007313491,0.962111801242236,0.010951872192047081,0.9542857142857143,0.9395172193610871
segment,exp,109,160,0.007619938285769821,0.9670807453416149,0.010856843371596004,0.9542857142857143,0.9393552395827894
segment,exp,109,161,0.00831572512113731,0.9596273291925466,0.011910572036946359,0.9485714285714286,0.9393436525388389
segment,exp,109,162,0.00816284968971561,0.962111801242236,0.01175719339397034,0.9457142857142857,0.9392623697739306
segment,exp,109,163,0.008559467875036374,0.9571428571428572,0.011432720282186056,0.9485714285714286,0.9392582953225619
segment,exp,109,164,0.010268471145035657,0.9509316770186336,0.013720295457997978,0.9314285714285714,0.9428465872385362
segment,exp,109,165,0.007426913289926304,0.9677018633540373,0.010814469811717293,0.9542857142857143,0.9388238598347505
segment,exp,109,166,0.007617379371652895,0.9670807453416149,0.011137463820233466,0.9514285714285714,0.940129874517072
segment,exp,109,167,0.007806027468686307,0.9645962732919254,0.011176616384644868,0.9514285714285714,0.9388310502307116
segment,exp,109,168,0.010408887676385292,0.9515527950310559,0.014238226590197215,0.9342857142857143,0.9389227985731637
segment,exp,109,169,0.007566571534957516,0.9664596273291925,0.011330353504957914,0.9514285714285714,0.938578417494921
segment,exp,109,170,0.007677539604283482,0.9664596273291925,0.011414606017484754,0.9457142857142857,0.9396293344413358
segment,exp,109,171,0.01482787460382759,0.9316770186335404,0.017743725427937142,0.9171428571428571,0.9392359514051198
segment,exp,109,172,0.007184810098897855,0.9670807453416149,0.010984790700335026,0.9428571428571428,0.9380506626798818
segment,exp,109,173,0.007429127261782897,0.9664596273291925,0.01109997036071262,0.9485714285714286,0.9393817729793238
segment,exp,109,174,0.007948103137237926,0.9664596273291925,0.011457209027425376,0.9428571428571428,0.9394883751655252
segment,exp,109,175,0.009140970531453118,0.9552795031055901,0.012907034950952972,0.9371428571428572,0.9381673896605852
segment,exp,109,176,0.007170668566651314,0.9670807453416149,0.01101269405026623,0.9485714285714286,0.93764118500381
segment,exp,109,177,0.012427443080664381,0.9360248447204969,0.01612470951957753,0.92,0.9385617648054798
segment,exp,109,178,0.011113043107092763,0.9521739130434783,0.013861615378213656,0.9428571428571428,0.9392298217007594
segment,exp,109,179,0.009385863723293045,0.953416149068323,0.013173838890186928,0.9342857142857143,0.9373770668189387
segment,exp,109,180,0.0069393445187129225,0.968944099378882,0.010862211571173746,0.9428571428571428,0.9372094186697241
segment,exp,109,181,0.007029096463659701,0.9677018633540373,0.010771561937196875,0.9457142857142857,0.937090708783416
segment,exp,109,182,0.0068822027715478885,0.9683229813664597,0.01070639265743472,0.9457142857142857,0.9369934029829323
segment,exp,109,183,0.011105502782603806,0.9478260869565217,0.013538382419275385,0.9314285714285714,0.9375192187058276
segment,exp,109,184,0.009336046380056574,0.9540372670807453,0.013641370987833362,0.9342857142857143,0.9382715012338829
segment,exp,109,185,0.007425255963477784,0.9645962732919254,0.011548158020613656,0.9428571428571428,0.9366445553945854
segment,exp,109,186,0.012646343725696842,0.9440993788819876,0.015257917897541627,0.9257142857142857,0.9374074890453985
segment,exp,109,187,0.006934590187069642,0.9683229813664597,0.011291241149320511,0.9428571428571428,0.9364529766659381
segment,exp,109,188,0.00668251271870524,0.9714285714285714,0.010880079052977417,0.9457142857142857,0.9363060111699106
segment,exp,109,189,0.014329710008679362,0.931055900621118,0.017598238430665242,0.9114285714285715,0.9367721308605464
segment,exp,109,190,0.012096092029998453,0.9372670807453416,0.016155161261344538,0.9171428571428571,0.9368172058576583
segment,exp,109,191,0.00828619500048401,0.9565217391304348,0.012489946146725193,0.9428571428571428,0.9364065697766875
segment,exp,109,192,0.008624344388766638,0.9602484472049689,0.013121610604855272,0.9342857142857143,0.9363898150733606
segment,exp,109,193,0.011304114640203011,0.9496894409937888,0.01378100972606997,0.9457142857142857,0.9381114007483664
segment,exp,109,194,0.009072981961281963,0.9559006211180124,0.012485411198367902,0.9428571428571428,0.9357502504433586
segment,exp,109,195,0.0069477433219126234,0.970807453416149,0.011399155123200094,0.9485714285714286,0.935985734917747
segment,exp,109,196,0.006513949919112516,0.9720496894409938,0.010969814954274374,0.9457142857142857,0.9353846361230153
segment,exp,109,197,0.012891982718406799,0.9440993788819876,0.015458620739110819,0.9285714285714286,0.935969911077413
segment,exp,109,198,0.006546451951764277,0.970807453416149,0.010858876517111184,0.9485714285714286,0.9351773739280531
segment,exp,109,199,0.006633714228618223,0.9695652173913043,0.01133469503939777,0.9485714285714286,0.9353086663874468
segment,exp,109,200,0.008012038352745074,0.9658385093167702,0.01184837520909076,0.9457142857142857,0.9362093094739797
segment,exp,109,201,0.009303737690428181,0.9677018633540373,0.012959390961019232,0.9428571428571428,0.9386028524303413
segment,exp,109,202,0.006513397596728859,0.9714285714285714,0.010893613601315865,0.9485714285714286,0.9347556498533809
segment,exp,109,203,0.006358326707300402,0.9714285714285714,0.010688935530216081,0.9485714285714286,0.9346966642668144
segment,exp,109,204,0.0071459029648913855,0.9683229813664597,0.011621587800533042,0.9485714285714286,0.9355272077066831
segment,exp,109,205,0.006279860869366976,0.9745341614906833,0.010744255898641043,0.9514285714285714,0.9354457299661272
segment,exp,109,206,0.006430979733311322,0.9726708074534162,0.010820288018456872,0.9514285714285714,0.934407065516319
segment,exp,109,207,0.010141178008392619,0.9521739130434783,0.013528474163207623,0.9371428571428572,0.9350856848238903
segment,exp,109,208,0.006406709177990651,0.9720496894409938,0.011078322854376115,0.9485714285714286,0.9341838415311058
segment,exp,109,209,0.006062236873544652,0.9745341614906833,0.010472435718083867,0.9485714285714286,0.9341651804971279
segment,exp,109,210,0.0061767527469082355,0.9745341614906833,0.010366659986126492,0.9542857142857143,0.9342312411914251
segment,exp,109,211,0.009399560362309463,0.9577639751552796,0.013741131374823193,0.9342857142857143,0.9347429540783524
segment,exp,109,212,0.007109697056042974,0.968944099378882,0.011495436951713098,0.9514285714285714,0.9341910821443373
segment,exp,109,213,0.007273305233782736,0.9677018633540373,0.011405887635519906,0.9428571428571428,0.9357933531306829
segment,exp,109,214,0.006031536178013501,0.9757763975155279,0.010453520763443571,0.9514285714285714,0.9336795290410405
segment,exp,109,215,0.007995687093049986,0.9614906832298137,0.01225373721681929,0.9485714285714286,0.9344308957263362
segment,exp,109,216,0.006233217079665314,0.9739130434782609,0.010650472273367627,0.9514285714285714,0.9334911524856985
segment,exp,109,217,0.007364496696260066,0.9677018633540373,0.011869092230860136,0.94,0.9350807841344866
segment,exp,109,218,0.005947686160675932,0.9751552795031055,0.010293851740451578,0.9514285714285714,0.9333318290162975
segment,exp,109,219,0.008496885722592355,0.9608695652173913,0.011455239314189753,0.9457142857142857,0.9335908774338598
segment,exp,109,220,0.0059067520720463606,0.9757763975155279,0.010243891112264852,0.9485714285714286,0.9332049657200547
segment,exp,109,221,0.005768097061185075,0.9763975155279503,0.010087742093870379,0.9542857142857143,0.9329999153075319
segment,exp,109,222,0.008115106708824435,0.9633540372670808,0.012563371945109402,0.9428571428571428,0.9337494676117284
segment,exp,109,223,0.005812035762724276,0.9757763975155279,0.010322597072600904,0.9542857142857143,0.9328434133821751
segment,exp,109,224,0.015125789432821108,0.9316770186335404,0.018228400876971692,0.9171428571428571,0.9353166057988495
segment,exp,109,225,0.005732286667358844,0.9763975155279503,0.009937974227860611,0.9571428571428572,0.9328031591467566
segment,exp,109,226,0.005670059237155573,0.9770186335403727,0.009956590817434208,0.9571428571428572,0.932595545984639
segment,exp,109,227,0.006564619080002687,0.9670807453416149,0.010427053229322256,0.9542857142857143,0.9325256842786949
segment,exp,109,228,0.00647440382562887,0.9732919254658385,0.010803964976302321,0.96,0.9324052776543011
segment,exp,109,229,0.005721070224150804,0.9745341614906833,0.00998329559751178,0.9571428571428572,0.9323479546197349
segment,exp,109,230,0.005760226192313745,0.9757763975155279,0.009945009273904648,0.9571428571428572,0.9325760782622856
segment,exp,109,231,0.005634256951033191,0.9770186335403727,0.009716701848748985,0.96,0.9322317821352538
segment,exp,109,232,0.005591324645200602,0.977639751552795,0.009711996771132013,0.9628571428571429,0.9321646347300633
segment,exp,109,233,0.005710322007624221,0.9757763975155279,0.00984410085747146,0.9571428571428572,0.9320245628639089
segment,exp,109,234,0.005847733014845377,0.9739130434782609,0.009973967773037289,0.9542857142857143,0.9321104680052381
segment,exp,109,235,0.005590516137305251,0.9745341614906833,0.009678379629539446,0.9628571428571429,0.9344316203442997
segment,exp,109,236,0.005724039087804616,0.9732919254658385,0.009705336294413055,0.9571428571428572,0.9331314974653804
segment,exp,109,237,0.005617110275364742,0.9763975155279503,0.009733178676993302,0.9542857142857143,0.9316711406223053
segment,exp,109,238,0.005823026441959031,0.9732919254658385,0.009756465656938346,0.9571428571428572,0.9329953980054568
segment,exp,109,239,0.007262146635762977,0.9677018633540373,0.011323424879466495,0.9457142857142857,0.9319005778264101
segment,exp,109,240,0.006351122861051215,0.9714285714285714,0.010554760765686311,0.9542857142857143,0.931997268897307
segment,exp,109,241,0.005436225101176525,0.9751552795031055,0.009636131781876474,0.9628571428571429,0.9313561454748289
segment,exp,109,242,0.005799088630280945,0.9770186335403727,0.009972151398691075,0.9628571428571429,0.9330403203216863
segment,exp,109,243,0.006084716890876962,0.9726708074534162,0.010229593750906183,0.9628571428571429,0.9311659675197633
segment,exp,109,244,0.005421292224672571,0.9745341614906833,0.009641122636372356,0.9628571428571429,0.9311150651234598
segment,exp,109,245,0.008803071351099877,0.9577639751552796,0.012044070955321923,0.9428571428571428,0.9315505113750832
segment,exp,109,246,0.005490376078093117,0.9745341614906833,0.009791020370552902,0.9657142857142857,0.9326033813694252
segment,exp,109,247,0.005289188724926028,0.9763975155279503,0.00955473863687503,0.9628571428571429,0.9309432265945713
segment,exp,109,248,0.00557132017600701,0.977639751552795,0.009341736741507203,0.96,0.9311099495624012
segment,exp,109,249,0.005313512063662775,0.9757763975155279,0.00938121336635571,0.96,0.9307841448051819
segment,exp,109,250,0.0057190969992374765,0.9732919254658385,0.009455483984718611,0.9571428571428572,0.9308247367425545
segment,exp,109,251,0.006950942944718966,0.9701863354037267,0.011034377808549786,0.9485714285714286,0.9312266789938071
segment,exp,109,252,0.005375153135361088,0.9763975155279503,0.009351057575464792,0.96,0.9305844642529395
segment,exp,109,253,0.005210887485080004,0.9763975155279503,0.009195171183665375,0.9628571428571429,0.9303665425319514
segment,exp,109,254,0.007211650773897621,0.9670807453416149,0.01033646736864385,0.9457142857142857,0.9305333203537101
segment,exp,109,255,0.009997209917832591,0.9484472049689441,0.013767328486550514,0.9342857142857143,0.9308384031203697
segment,exp,109,256,0.005312162580853403,0.9745341614906833,0.009540191023398528,0.9571428571428572,0.9301512899680329
segment,exp,109,257,0.005228361645754526,0.9770186335403727,0.009254338050855153,0.9657142857142857,0.9301675604948803
segment,exp,109,258,0.0055218294242655366,0.9732919254658385,0.009533510956510626,0.96,0.9300847125278594
segment,exp,109,259,0.005092773284859808,0.9782608695652174,0.00916259592817505,0.9657142857142857,0.9299514629913538
segment,exp,109,260,0.005141036224739692,0.977639751552795,0.00914260604076097,0.9657142857142857,0.9299365585884752
segment,exp,109,261,0.00521376888993998,0.9757763975155279,0.009375303372682489,0.9542857142857143,0.9298125926722316
segment,exp,109,262,0.005046515458889525,0.977639751552795,0.009151336703650918,0.96,0.9297391846082427
segment,exp,109,263,0.005131644167205631,0.9763975155279503,0.009258891571449223,0.9657142857142857,0.9299375547592519
segment,exp,109,264,0.005501634397724564,0.9739130434782609,0.009457830872942856,0.9542857142857143,0.9296179449208767
segment,exp,109,265,0.005094188429974432,0.9770186335403727,0.009201407753854179,0.9542857142857143,0.9296449873764964
segment,exp,109,266,0.006528306388211276,0.9695652173913043,0.010374359919317672,0.9542857142857143,0.930034240983904
segment,exp,109,267,0.005219546347864798,0.9763975155279503,0.009419825648528168,0.9628571428571429,0.9294328985116029
segment,exp,109,268,0.005543578591075268,0.9757763975155279,0.009736173763396779,0.96,0.9300106026767239
segment,exp,109,269,0.005730804505886195,0.9745341614906833,0.010081517917280097,0.96,0.9307551341620307
segment,exp,109,270,0.004968845204842036,0.9770186335403727,0.00914283729335979,0.9628571428571429,0.9291856995431224
segment,exp,109,271,0.0050451125567693034,0.9763975155279503,0.009007982355384905,0.9657142857142857,0.9291898886068081
segment,exp,109,272,0.005079568583880327,0.9757763975155279,0.00898057465598139,0.96,0.9290263426159853
segment,exp,109,273,0.005076354452999562,0.9770186335403727,0.009094153497434119,0.96,0.9290535812394347
segment,exp,109,274,0.0058324998601799235,0.9763975155279503,0.00985620346225042,0.9571428571428572,0.929221462152831
segment,exp,109,275,0.005604351261693739,0.9739130434782609,0.009734476075833396,0.9657142857142857,0.9289505431174265
segment,exp,109,276,0.0051823403018179635,0.9732919254658385,0.009182650785811725,0.96,0.9287404746312704
segment,exp,109,277,0.011999682300414712,0.9440993788819876,0.014867441945365364,0.9285714285714286,0.9296593073526802
segment,exp,109,278,0.005779881283255798,0.9732919254658385,0.010039302089264956,0.9542857142857143,0.9287546240897945
segment,exp,109,279,0.004893663524322535,0.9788819875776398,0.008969349929451441,0.9657142857142857,0.92851081955862
segment,exp,109,280,0.007638942487227211,0.9639751552795031,0.01090894691869869,0.9428571428571428,0.9289076462977452
segment,exp,109,281,0.005154966809641823,0.9757763975155279,0.009367521843999818,0.9571428571428572,0.9288331064250009
segment,exp,109,282,0.006913747945884471,0.9664596273291925,0.011241829617733581,0.9514285714285714,0.9290293186732502
segment,exp,109,283,0.005461667079445492,0.9739130434782609,0.00954232209193969,0.96,0.9293908468316602
segment,exp,109,284,0.004828556821331029,0.9782608695652174,0.008967027938408758,0.96,0.929605591025395
segment,exp,109,285,0.004846073686384475,0.9782608695652174,0.009046523502435464,0.96,0.9281928733190403
segment,exp,109,286,0.005715685130786133,0.9732919254658385,0.010146066591157429,0.9542857142857143,0.9311519056081599
segment,exp,109,287,0.011327602204249094,0.9490683229813665,0.014757409819346274,0.9371428571428572,0.9286461795933155
segment,exp,109,288,0.0049550046629787525,0.9763975155279503,0.009268017490135411,0.9542857142857143,0.9279351175996966
segment,exp,109,289,0.0050651322746823576,0.9745341614906833,0.009296199072085596,0.9514285714285714,0.9292839230464554
segment,exp,109,290,0.004838909491463895,0.9770186335403727,0.008963420274215128,0.96,0.927768410225743
segment,exp,109,291,0.004813804970428312,0.9782608695652174,0.009035873183878045,0.9657142857142857,0.9290059623785991
segment,exp,109,292,0.004869048126484478,0.977639751552795,0.008929012660502573,0.9657142857142857,0.9277262975840912
segment,exp,109,293,0.004802768008038087,0.9782608695652174,0.008971612500129346,0.9628571428571429,0.9276483198995858
segment,exp,109,294,0.0055936608570868514,0.9732919254658385,0.009731557721458502,0.9657142857142857,0.929210614934738
segment,exp,109,295,0.0053558502732027335,0.9739130434782609,0.009445527441539694,0.96,0.9289173349295313
segment,exp,109,296,0.005204191031746908,0.9739130434782609,0.009418835721081268,0.9514285714285714,0.9275439310731307
segment,exp,109,297,0.0048044394429035695,0.9788819875776398,0.009002712699611545,0.9657142857142857,0.9273207065912019
segment,exp,109,298,0.0050309916062636646,0.9732919254658385,0.009170404243045006,0.96,0.9273001177650926
segment,exp,109,299,0.004933209394450704,0.9745341614906833,0.008983275807909981,0.9542857142857143,0.9272935679660078
segment,exp,109,300,0.004817783249757047,0.9782608695652174,0.008938368874678092,0.9657142857142857,0.9284866916894121
segment,exp,109,301,0.004793603987619897,0.9757763975155279,0.00901748886330277,0.9571428571428572,0.9284386318697608
segment,exp,109,302,0.007956385884976812,0.9608695652173913,0.0120527227459086,0.9428571428571428,0.927479463251601
segment,exp,109,303,0.004781158542951452,0.9763975155279503,0.009002280871657069,0.96,0.9269766215261117
segment,exp,109,304,0.004885950412146158,0.9770186335403727,0.00915961449784786,0.9571428571428572,0.9269163729740738
segment,exp,109,305,0.004984872723710455,0.9739130434782609,0.009070944158884634,0.9571428571428572,0.9268962762082196
segment,exp,109,306,0.007223477001431547,0.9633540372670808,0.011501132200821792,0.9542857142857143,0.9276436000324254
segment,exp,109,307,0.0048017994277509,0.9770186335403727,0.009164028537205843,0.96,0.9267038231436467
segment,exp,109,308,0.005453105473180771,0.9714285714285714,0.009433727876691245,0.9542857142857143,0.9287947295836027
segment,exp,109,309,0.009295273853437454,0.9521739130434783,0.012400130634893404,0.9514285714285714,0.9271653046358098
segment,exp,109,310,0.004643617858297298,0.9782608695652174,0.009049286323467175,0.9657142857142857,0.9279615031492953
segment,exp,109,311,0.004763692912361597,0.9770186335403727,0.008772878734571419,0.9628571428571429,0.9278304956182053
segment,exp,109,312,0.004766326863502791,0.9751552795031055,0.008894447749606273,0.96,0.926483229476833
segment,exp,109,313,0.004659170483935629,0.9770186335403727,0.008850053638384524,0.96,0.9264410932075319
segment,exp,109,314,0.0045846907967234144,0.9782608695652174,0.0088456350778744,0.96,0.9263539174569702
segment,exp,109,315,0.004657606231702284,0.9782608695652174,0.008828479002703856,0.9685714285714285,0.9263501807857801
segment,exp,109,316,0.004591567429930693,0.9770186335403727,0.008860877697369542,0.96,0.9275884903342065
segment,exp,109,317,0.010404816609377738,0.9527950310559006,0.012577071125967669,0.9342857142857143,0.927229147120742
segment,exp,109,318,0.005026823640381254,0.9745341614906833,0.009142996012799985,0.9542857142857143,0.9261715352168101
segment,exp,109,319,0.004685407040454579,0.9770186335403727,0.00884855942343103,0.9685714285714285,0.9261718940700139
segment,exp,109,320,0.0068144290058636085,0.9677018633540373,0.010822773233491368,0.9514285714285714,0.927821607296555
segment,exp,109,321,0.004681350682873125,0.977639751552795,0.008964289150750997,0.96,0.9259775524232166
segment,exp,109,322,0.004605476795246789,0.9757763975155279,0.008907106248106603,0.9657142857142857,0.9259755545491928
segment,exp,109,323,0.004580024687796089,0.9770186335403727,0.008806611915274182,0.9628571428571429,0.9258633964768714
segment,exp,109,324,0.004932744140137796,0.9739130434782609,0.009067491125902024,0.9571428571428572,0.9258604173604918
segment,exp,109,325,0.004546911356351529,0.977639751552795,0.008798845871271483,0.9657142857142857,0.9257661412674114
segment,exp,109,326,0.0062934267702624575,0.9701863354037267,0.010496393088793254,0.9571428571428572,0.9274164532522878
segment,exp,109,327,0.005238950666084087,0.9751552795031055,0.009321170173001131,0.9542857142857143,0.9257499742547051
segment,exp,109,328,0.004582393331181651,0.9770186335403727,0.009022550501465037,0.9628571428571429,0.9257211544162606
segment,exp,109,329,0.004580088448576362,0.9782608695652174,0.008992077769121774,0.9628571428571429,0.9259255591522625
segment,exp,109,330,0.004652389262015295,0.9763975155279503,0.008906098340069129,0.96,0.9255271216718783
segment,exp,109,331,0.010638815379045022,0.9478260869565217,0.013651365272519317,0.94,0.9260901726295012
segment,exp,109,332,0.004781092704270112,0.9757763975155279,0.009187886886180332,0.96,0.9267853847413405
segment,exp,109,333,0.0044707584826895845,0.9770186335403727,0.008842667220100091,0.9628571428571429,0.9253471772403663
segment,exp,109,334,0.005774130332937141,0.9726708074534162,0.009600561593856888,0.96,0.9256690098600203
segment,exp,109,335,0.004651617727650181,0.9770186335403727,0.00916915090745719,0.9571428571428572,0.9252055003474687
segment,exp,109,336,0.0060962480811224615,0.9695652173913043,0.00979159247253591,0.9514285714285714,0.9254415462237893
segment,exp,109,337,0.0044681333308912476,0.9770186335403727,0.008831959971070693,0.9657142857142857,0.9251260645682164
segment,exp,109,338,0.004550525803566646,0.9763975155279503,0.008927849264245538,0.96,0.9251733083039102
segment,exp,109,339,0.004434888176398203,0.977639751552795,0.008916071098339988,0.9628571428571429,0.9250641167650047
segment,exp,109,340,0.004536868370548903,0.9757763975155279,0.008912378927141211,0.96,0.9250383281018091
segment,exp,109,341,0.004471952317741515,0.9770186335403727,0.008812669987464576,0.96,0.9249779427394214
segment,exp,109,342,0.0045390724951109105,0.9770186335403727,0.009062059846482637,0.96,0.9248897913151314
segment,exp,109,343,0.004483116798494538,0.9782608695652174,0.008907265766077983,0.9628571428571429,0.9248557414916249
segment,exp,109,344,0.004484011554404598,0.9788819875776398,0.009079096888153657,0.9628571428571429,0.924809230342271
segment,exp,109,345,0.004493333159519645,0.977639751552795,0.009056474848400038,0.9628571428571429,0.9247781534753277
segment,exp,109,346,0.004495987263966183,0.9782608695652174,0.008862633940073599,0.9628571428571429,0.9247615940357093
segment,exp,109,347,0.006057454342627271,0.9701863354037267,0.009666062985117492,0.9514285714285714,0.9254501017301745
segment,exp,109,348,0.004482996648124605,0.9770186335403727,0.008772139334230628,0.9628571428571429,0.9245959066498661
segment,exp,109,349,0.005646786004428506,0.9732919254658385,0.009852915336511935,0.9542857142857143,0.9245146210401253
segment,exp,109,350,0.006213073412475462,0.9720496894409938,0.010207630143384227,0.9514285714285714,0.9264472127548756
segment,exp,110,1,0.10816009749369865,0.4062111801242236,0.10836079429551838,0.39714285714285713,0.9933261566328291
segment,exp,110,2,0.08362850917984326,0.4937888198757764,0.08323805347810288,0.5057142857142857,0.9891576103014506
segment,exp,110,3,0.06947279767086514,0.7043478260869566,0.0687611734714485,0.7028571428571428,0.9861110321783296
segment,exp,110,4,0.06282077531727207,0.6577639751552795,0.06159324435071359,0.6542857142857142,0.9833096733198662
segment,exp,110,5,0.05421632131362107,0.7080745341614907,0.054457885727782894,0.7085714285714285,0.9862250543442581
segment,exp,110,6,0.040567087853393136,0.8583850931677018,0.039903195585196574,0.8714285714285714,0.977450256915498
segment,exp,110,7,0.03128308744494533,0.8850931677018633,0.03113052378229437,0.8971428571428571,0.9757174402278842
segment,exp,110,8,0.028816855661567158,0.9006211180124224,0.029512865773995683,0.9057142857142857,0.9736085042455377
segment,exp,110,9,0.027857354699869274,0.9192546583850931,0.02950786008646497,0.9171428571428571,0.9725541104209126
segment,exp,110,10,0.027305431457192504,0.8925465838509317,0.028940033664970444,0.8771428571428571,0.9720431615097873
segment,exp,110,11,0.025255231622333434,0.9080745341614906,0.027233111827833736,0.8971428571428571,0.9702688469753318
segment,exp,110,12,0.020876490280802337,0.929192546583851,0.022591827379907836,0.9142857142857143,0.9701987553861356
segment,exp,110,13,0.02105406379958741,0.9198757763975155,0.021753455286349078,0.9142857142857143,0.9682323394662566
segment,exp,110,14,0.02113942522143534,0.9229813664596274,0.023155098728402945,0.9142857142857143,0.9687194424110462
segment,exp,110,15,0.020287212694277617,0.9248447204968944,0.0226518859611916,0.92,0.9679338311598314
segment,exp,110,16,0.019735819937690118,0.9161490683229814,0.02076519971405515,0.9114285714285715,0.9689657285971266
segment,exp,110,17,0.018260202009953187,0.9316770186335404,0.019658987599431476,0.9228571428571428,0.9670071603491963
segment,exp,110,18,0.01786998012476404,0.929192546583851,0.019296601267517543,0.9228571428571428,0.96536251402177
segment,exp,110,19,0.017525514697010705,0.9285714285714286,0.018774550880536176,0.9171428571428571,0.9638551929862064
segment,exp,110,20,0.01604650669726062,0.9354037267080745,0.017584765885679383,0.9257142857142857,0.9632697717362425
segment,exp,110,21,0.016043782033054076,0.9360248447204969,0.017711731845124184,0.9257142857142857,0.9656545481053707
segment,exp,110,22,0.017616807761099824,0.9354037267080745,0.019178807634092628,0.9228571428571428,0.9688165384342747
segment,exp,110,23,0.017992211632228954,0.9409937888198758,0.020349780380705226,0.9371428571428572,0.9645428475254079
segment,exp,110,24,0.018159689037571657,0.9248447204968944,0.01997056587976072,0.9142857142857143,0.9624124793842767
segment,exp,110,25,0.01653837977964438,0.9335403726708075,0.017963795491508054,0.9228571428571428,0.9632026358978609
segment,exp,110,26,0.016889049934983212,0.9285714285714286,0.018599022019413138,0.9171428571428571,0.9632000587822354
segment,exp,110,27,0.01594739402696038,0.9316770186335404,0.01746062633228524,0.92,0.9618653587054504
segment,exp,110,28,0.016909243647270145,0.9335403726708075,0.01944992548751671,0.9342857142857143,0.9630344530095455
segment,exp,110,29,0.014566779958944004,0.9360248447204969,0.016298740233826447,0.9257142857142857,0.9605978802321011
segment,exp,110,30,0.015263766531705355,0.9347826086956522,0.016893625454067997,0.9257142857142857,0.9598194240918898
segment,exp,110,31,0.015132927670594957,0.9385093167701863,0.01756210779762918,0.9314285714285714,0.9601483667916924
segment,exp,110,32,0.014003149323227292,0.9459627329192547,0.016384564831226276,0.9314285714285714,0.958936018054417
segment,exp,110,33,0.014185731438428608,0.937888198757764,0.015984198606384118,0.9285714285714286,0.958955227926409
segment,exp,110,34,0.014034753499105138,0.9385093167701863,0.015856847687317717,0.9285714285714286,0.960090443567441
segment,exp,110,35,0.016866263419078716,0.9229813664596274,0.017903590930040236,0.92,0.9603290778578893
segment,exp,110,36,0.014102368750319194,0.9366459627329192,0.015937065435751824,0.9257142857142857,0.9579438230028929
segment,exp,110,37,0.014352288919062468,0.9366459627329192,0.01612182966001647,0.9257142857142857,0.9593721532374221
segment,exp,110,38,0.01328629089879195,0.9391304347826087,0.01530826084264779,0.9314285714285714,0.9573966337115426
segment,exp,110,39,0.012927142421606166,0.9385093167701863,0.015143445357014411,0.9314285714285714,0.9572466749465008
segment,exp,110,40,0.013643533790410469,0.9434782608695652,0.01617712978947821,0.9314285714285714,0.9569756997888235
segment,exp,110,41,0.013135935569419246,0.9391304347826087,0.015281461659291739,0.9285714285714286,0.9570950092795812
segment,exp,110,42,0.013550628807272744,0.9496894409937888,0.015953286664809354,0.9342857142857143,0.9617131373381871
segment,exp,110,43,0.01272017667673196,0.9403726708074535,0.015040449706964203,0.9257142857142857,0.9561569524695916
segment,exp,110,44,0.013093322506113298,0.9409937888198758,0.015139236899355616,0.9314285714285714,0.956017603949682
segment,exp,110,45,0.013199010367924953,0.9409937888198758,0.01529562934252273,0.9342857142857143,0.9573079869052229
segment,exp,110,46,0.014154856180876996,0.9322981366459627,0.016733227024251507,0.9285714285714286,0.956390433363494
segment,exp,110,47,0.012404679756090567,0.9465838509316771,0.015111444602357122,0.9342857142857143,0.9571557970317087
segment,exp,110,48,0.012003149489522436,0.9527950310559006,0.014593280721242463,0.94,0.9569771284566764
segment,exp,110,49,0.014719163993411702,0.931055900621118,0.017520753064750313,0.9314285714285714,0.9551028102678364
segment,exp,110,50,0.014312174641807859,0.9298136645962732,0.015959696326972878,0.9171428571428571,0.9558120669067262
segment,exp,110,51,0.013523350164411052,0.9416149068322981,0.01564308134077096,0.9342857142857143,0.9561321107903162
segment,exp,110,52,0.011503261864557862,0.9490683229813665,0.013926412569815813,0.9371428571428572,0.9540701823795905
segment,exp,110,53,0.011809406743150869,0.9521739130434783,0.014495678611797569,0.9371428571428572,0.956373823816261
segment,exp,110,54,0.012997174312806621,0.9403726708074535,0.015133375672981689,0.9342857142857143,0.9560575114502173
segment,exp,110,55,0.011155101509309848,0.9559006211180124,0.013765449574282525,0.9371428571428572,0.9552488186286718
segment,exp,110,56,0.011399788028218298,0.953416149068323,0.014196803159121427,0.9428571428571428,0.953901443430895
segment,exp,110,57,0.010965372620586824,0.9527950310559006,0.013417164598378726,0.9371428571428572,0.9531115511924557
segment,exp,110,58,0.010447831369939497,0.9565217391304348,0.01340648032541654,0.9342857142857143,0.9527602762281481
segment,exp,110,59,0.01680206055538698,0.9229813664596274,0.019707161442437768,0.9114285714285715,0.9530007545819903
segment,exp,110,60,0.010799790104724564,0.9527950310559006,0.013236937627331986,0.94,0.9532883204327771
segment,exp,110,61,0.02048559894220308,0.9074534161490683,0.023091764678342765,0.9,0.9549797910025841
segment,exp,110,62,0.010415105499268962,0.9540372670807453,0.013037130477047926,0.9342857142857143,0.9521636686509383
segment,exp,110,63,0.010574795477817294,0.9571428571428572,0.013258247399693758,0.9457142857142857,0.952086063555608
segment,exp,110,64,0.01014242265712662,0.9577639751552796,0.013173468663897714,0.94,0.9534995632083183
segment,exp,110,65,0.012578803296175774,0.9403726708074535,0.014459078675791548,0.94,0.9518974984283216
segment,exp,110,66,0.010089512846000381,0.9577639751552796,0.01332647385816108,0.9342857142857143,0.9529552002550838
segment,exp,110,67,0.016803604378405924,0.9267080745341615,0.019833845898991745,0.9114285714285715,0.9518619294709924
segment,exp,110,68,0.009999047661729283,0.9559006211180124,0.012969749791895639,0.9371428571428572,0.9512565653168816
segment,exp,110,69,0.009451794319907164,0.9583850931677018,0.01255988161276166,0.94,0.9505225852464111
segment,exp,110,70,0.00986085436059202,0.9571428571428572,0.012746541832600055,0.94,0.95048546473462
segment,exp,110,71,0.010629321647875998,0.9540372670807453,0.01371426556191565,0.94,0.9508412494344615
segment,exp,110,72,0.016732712854807003,0.924223602484472,0.019716324904820094,0.9057142857142857,0.9513087593915489
segment,exp,110,73,0.009613540548926446,0.9596273291925466,0.012709112258380534,0.9428571428571428,0.9497815018632515
segment,exp,110,74,0.00935411022977801,0.9596273291925466,0.012478782699949655,0.9428571428571428,0.9498740470200145
segment,exp,110,75,0.009407551903592642,0.9590062111801242,0.01278782310375878,0.9428571428571428,0.949785575588302
segment,exp,110,76,0.009595673448344378,0.9596273291925466,0.012925081438773755,0.9428571428571428,0.9492848489408101
segment,exp,110,77,0.011971899942301394,0.94472049689441,0.013990729961803049,0.9428571428571428,0.9499765605898378
segment,exp,110,78,0.008957405107321246,0.9608695652173913,0.012107526694928766,0.9457142857142857,0.9489219682362474
segment,exp,110,79,0.009483415030476538,0.9577639751552796,0.012613187928324776,0.94,0.9487869467749573
segment,exp,110,80,0.014222003911733219,0.9316770186335404,0.017131380334712554,0.9228571428571428,0.9527086047308202
segment,exp,110,81,0.009734305096570283,0.9639751552795031,0.012414058349452868,0.9457142857142857,0.9505995461405046
segment,exp,110,82,0.008674861699998024,0.962111801242236,0.011752310854367334,0.9457142857142857,0.9483893289355444
segment,exp,110,83,0.008712009376152628,0.9602484472049689,0.011865256726698154,0.9428571428571428,0.9490591045019469
segment,exp,110,84,0.008733113226161009,0.962111801242236,0.012175860202733244,0.9457142857142857,0.9481786644825547
segment,exp,110,85,0.009052041874346658,0.9590062111801242,0.012182540274315368,0.9485714285714286,0.9486387511338377
segment,exp,110,86,0.008803653196916006,0.9627329192546584,0.011814037812650892,0.94,0.9477960515898327
segment,exp,110,87,0.00916744366123639,0.962111801242236,0.011887071282366667,0.9457142857142857,0.9493192900299371
segment,exp,110,88,0.009579199995029708,0.9645962732919254,0.012347842996898183,0.9457142857142857,0.9483541181066409
segment,exp,110,89,0.013231893643157919,0.9329192546583851,0.01625597842759156,0.9228571428571428,0.9487982011473527
segment,exp,110,90,0.008528824514420648,0.9645962732919254,0.011396725440504608,0.9457142857142857,0.9473389856043731
segment,exp,110,91,0.011369418516687383,0.9459627329192547,0.013607698465631498,0.94,0.9482557999276444
segment,exp,110,92,0.008229868107880135,0.9664596273291925,0.01121402788984611,0.9542857142857143,0.9468602977366329
segment,exp,110,93,0.008827642944148093,0.9608695652173913,0.011386802059691933,0.9457142857142857,0.9469387546960315
segment,exp,110,94,0.009709943901347618,0.9521739130434783,0.01289642785859257,0.9428571428571428,0.9471720635376984
segment,exp,110,95,0.008235095269245289,0.962111801242236,0.011323131469086431,0.9457142857142857,0.9464353764828105
segment,exp,110,96,0.008271621489372,0.9633540372670808,0.01147375585444981,0.9457142857142857,0.9462614759641915
segment,exp,110,97,0.008180933376386276,0.9658385093167702,0.011038124530020059,0.9485714285714286,0.9461486549289446
segment,exp,110,98,0.00849463508149671,0.9633540372670808,0.011463995532310246,0.9514285714285714,0.946538701777399
segment,exp,110,99,0.008314353405524607,0.9670807453416149,0.011315459146938057,0.9542857142857143,0.946736242181386
segment,exp,110,100,0.009907421298532478,0.9602484472049689,0.012517191714608102,0.9485714285714286,0.9462201029845061
segment,exp,110,101,0.008121436446896899,0.9652173913043478,0.011192424018042978,0.9485714285714286,0.9456302611942338
segment,exp,110,102,0.010198307913694752,0.9496894409937888,0.013274679854035455,0.9371428571428572,0.945498436139951
segment,exp,110,103,0.00861500796276443,0.9670807453416149,0.01171201855864613,0.9485714285714286,0.9465518986255526
segment,exp,110,104,0.008757073556032592,0.9614906832298137,0.011376505686217984,0.9542857142857143,0.9461169766865628
segment,exp,110,105,0.008158627800675423,0.9633540372670808,0.011046152114011751,0.9485714285714286,0.9451349568947413
segment,exp,110,106,0.007470761401005814,0.9695652173913043,0.010571423261173375,0.9571428571428572,0.9449077840083887
segment,exp,110,107,0.0076463815400148565,0.9695652173913043,0.01062333317193243,0.9542857142857143,0.9448329423464656
segment,exp,110,108,0.007430035910725731,0.9701863354037267,0.010555496019363455,0.9485714285714286,0.9449876970394127
segment,exp,110,109,0.008021909518042507,0.9664596273291925,0.010708699565894327,0.9514285714285714,0.9451516999951111
segment,exp,110,110,0.007673994995857573,0.968944099378882,0.010671210786629257,0.9542857142857143,0.9447459200479833
segment,exp,110,111,0.008796180951201896,0.9602484472049689,0.011482508771277553,0.9514285714285714,0.9444249396329176
segment,exp,110,112,0.007377285981483539,0.968944099378882,0.010565849178768493,0.9514285714285714,0.9441353701238294
segment,exp,110,113,0.007216458223655755,0.9701863354037267,0.010314278820463258,0.9485714285714286,0.944153329716157
segment,exp,110,114,0.017265713192316165,0.9285714285714286,0.018802965312046557,0.9142857142857143,0.946210020150868
segment,exp,110,115,0.015241779026307679,0.9316770186335404,0.01777889216647678,0.9171428571428571,0.9461235645512627
segment,exp,110,116,0.007307346052652829,0.968944099378882,0.010410959089104103,0.9514285714285714,0.9437228275417262
segment,exp,110,117,0.007385180167449866,0.9695652173913043,0.010423517722834149,0.9542857142857143,0.943656670165037
segment,exp,110,118,0.008171433947775919,0.9645962732919254,0.010844681484868356,0.9542857142857143,0.9441452018206651
segment,exp,110,119,0.0071003377077164895,0.9714285714285714,0.010286230559528056,0.9514285714285714,0.943711975282424
segment,exp,110,120,0.006999631835904173,0.970807453416149,0.01033796277807468,0.9514285714285714,0.9438617200317269
segment,exp,110,121,0.01692906876700583,0.9260869565217391,0.019596231800067785,0.9171428571428571,0.945620404307554
segment,exp,110,122,0.012540154505349278,0.9385093167701863,0.015601073729266201,0.9228571428571428,0.9439438931941532
segment,exp,110,123,0.007490718995328841,0.968944099378882,0.010936393211470616,0.9514285714285714,0.9431343165208654
segment,exp,110,124,0.007036393904038713,0.968944099378882,0.010347800907285253,0.9514285714285714,0.9426710076641827
segment,exp,110,125,0.008615751623631868,0.9577639751552796,0.011451765197608899,0.9485714285714286,0.94279242737428
segment,exp,110,126,0.007663917872138693,0.9695652173913043,0.010799877975468676,0.9514285714285714,0.9441202922488534
segment,exp,110,127,0.0070090060488431786,0.9701863354037267,0.010474728274887721,0.9485714285714286,0.9424893382777699
segment,exp,110,128,0.006774839760122479,0.9726708074534162,0.010288565300294221,0.9542857142857143,0.9422000928245513
segment,exp,110,129,0.006875304412085855,0.9720496894409938,0.010401434036907131,0.9485714285714286,0.9421171541097483
segment,exp,110,130,0.009041596663426717,0.9602484472049689,0.011875131079679774,0.9514285714285714,0.9423178821945596
segment,exp,110,131,0.006643686372181692,0.970807453416149,0.010147668064019217,0.9514285714285714,0.9418520811475608
segment,exp,110,132,0.007277574722239037,0.9714285714285714,0.010909693238081863,0.9542857142857143,0.9428111921038933
segment,exp,110,133,0.007167140124802375,0.9701863354037267,0.01073868777103783,0.9514285714285714,0.9417455950288496
segment,exp,110,134,0.006709294423697056,0.9720496894409938,0.010319923902902388,0.9542857142857143,0.9415821929993788
segment,exp,110,135,0.007442855066510106,0.9701863354037267,0.010828372292425744,0.9542857142857143,0.9421692779419809
segment,exp,110,136,0.006629572376166547,0.9714285714285714,0.010124818811642107,0.9514285714285714,0.942934443950571
segment,exp,110,137,0.006772976593289175,0.9701863354037267,0.01031718472163119,0.9485714285714286,0.9412439075311502
segment,exp,110,138,0.006811296183981661,0.9695652173913043,0.010293861017627807,0.9514285714285714,0.9412474730405822
segment,exp,110,139,0.007034565820041635,0.9695652173913043,0.010728147333492942,0.9485714285714286,0.9415355947019614
segment,exp,110,140,0.00679593084835044,0.9726708074534162,0.010339648989261544,0.9514285714285714,0.9413080846964765
segment,exp,110,141,0.006518692000310976,0.9720496894409938,0.01027365717820469,0.9542857142857143,0.9408638505531763
segment,exp,110,142,0.006525872953856261,0.9695652173913043,0.01015811636061635,0.9514285714285714,0.9407219529812588
segment,exp,110,143,0.006599414691554733,0.9695652173913043,0.010294471742780175,0.9514285714285714,0.9407957387800274
segment,exp,110,144,0.006888500265608433,0.9701863354037267,0.010690220002247909,0.9485714285714286,0.9425127365547303
segment,exp,110,145,0.009626202710986834,0.9527950310559006,0.013118733176409426,0.9371428571428572,0.9411238693318448
segment,exp,110,146,0.0062901828540500694,0.9739130434782609,0.010029701413895855,0.9542857142857143,0.9404413685143405
segment,exp,110,147,0.007932631469051437,0.9658385093167702,0.011597577354981304,0.9485714285714286,0.9429248757416226
segment,exp,110,148,0.006262158888568105,0.9739130434782609,0.010051441871395096,0.9514285714285714,0.9414743837452367
segment,exp,110,149,0.007225187589682522,0.9677018633540373,0.010782396871482537,0.9485714285714286,0.9403973369985507
segment,exp,110,150,0.006344162939222404,0.9726708074534162,0.010120635179433455,0.9514285714285714,0.9399093704131369
segment,exp,110,151,0.019123469028387977,0.9173913043478261,0.021555414630738085,0.9114285714285715,0.9415585036269756
segment,exp,110,152,0.00651550967919116,0.970807453416149,0.010203762145538194,0.9514285714285714,0.941103598069072
segment,exp,110,153,0.00857468251277494,0.9608695652173913,0.011670079908830904,0.9485714285714286,0.9398680362793359
segment,exp,110,154,0.006824159113737793,0.9677018633540373,0.010394087878006985,0.9514285714285714,0.9397602690644747
segment,exp,110,155,0.006303857385032877,0.9726708074534162,0.010279018079759788,0.9514285714285714,0.9394325214027013
segment,exp,110,156,0.006742135463301784,0.968944099378882,0.010448005477607903,0.9485714285714286,0.9394548462942219
segment,exp,110,157,0.007653964960342816,0.9639751552795031,0.011182469634707563,0.9485714285714286,0.9396428276438414
segment,exp,110,158,0.006603701671548417,0.9683229813664597,0.010373839240928499,0.9514285714285714,0.939508120694214
segment,exp,110,159,0.006176504691830454,0.9720496894409938,0.010027769916637942,0.9514285714285714,0.9391396929894729
segment,exp,110,160,0.006034186240567937,0.9745341614906833,0.010035352706806833,0.9542857142857143,0.9390606991203522
segment,exp,110,161,0.016359404959766635,0.9285714285714286,0.019172844374867486,0.9171428571428571,0.9400377199060115
segment,exp,110,162,0.005997317672714897,0.9739130434782609,0.009914631044657115,0.9542857142857143,0.9388736891265287
segment,exp,110,163,0.007809752864301038,0.9639751552795031,0.011073658900440715,0.9485714285714286,0.9391503682063062
segment,exp,110,164,0.006559126973678793,0.970807453416149,0.010648708563418286,0.9485714285714286,0.9385986854654478
segment,exp,110,165,0.005969423580586978,0.9739130434782609,0.010027729892971321,0.9514285714285714,0.938629798618525
segment,exp,110,166,0.006398047711640965,0.970807453416149,0.01066728711173082,0.9457142857142857,0.9408361522080327
segment,exp,110,167,0.006461019026434596,0.9739130434782609,0.010889931417487207,0.9514285714285714,0.9390922026941977
segment,exp,110,168,0.007397976556855194,0.9664596273291925,0.010896549824772658,0.9457142857142857,0.9385139467213466
segment,exp,110,169,0.007780014263364091,0.9652173913043478,0.011030360234541422,0.9485714285714286,0.9381801635902788
segment,exp,110,170,0.007866567560886077,0.9664596273291925,0.011550829052569147,0.9485714285714286,0.940361948421179
segment,exp,110,171,0.006015038678233762,0.9751552795031055,0.01005092492998929,0.9542857142857143,0.9381361850801403
segment,exp,110,172,0.006216598292544434,0.9714285714285714,0.009939589019901053,0.9514285714285714,0.9379017078116748
segment,exp,110,173,0.005885236975613957,0.9745341614906833,0.00993481473966245,0.9514285714285714,0.9378209552912675
segment,exp,110,174,0.00575851799672488,0.9763975155279503,0.009991370332131442,0.9514285714285714,0.9377430145046423
segment,exp,110,175,0.011201866441689171,0.9527950310559006,0.013488055181468174,0.94,0.9388863741820401
segment,exp,110,176,0.005976502035905527,0.9732919254658385,0.010049772740786956,0.9542857142857143,0.9377158554780174
segment,exp,110,177,0.0056820260253467305,0.9763975155279503,0.009939692874270984,0.9542857142857143,0.93746167519218
segment,exp,110,178,0.006752666994936886,0.9701863354037267,0.010953728972038312,0.9485714285714286,0.9374079960331089
segment,exp,110,179,0.005849668331170365,0.9757763975155279,0.010150830831967118,0.9542857142857143,0.9373764519906812
segment,exp,110,180,0.009855912986938352,0.9552795031055901,0.013840119047572548,0.9342857142857143,0.9378829599691544
segment,exp,110,181,0.006008660737152053,0.9739130434782609,0.010197276735381422,0.9542857142857143,0.9374157341102582
segment,exp,110,182,0.006453709869333748,0.9695652173913043,0.010492484572720426,0.9485714285714286,0.9372041057600083
segment,exp,110,183,0.009600663405194249,0.9590062111801242,0.013033860319178945,0.9428571428571428,0.9385326972122117
segment,exp,110,184,0.00903299005578796,0.962111801242236,0.012066458204373187,0.9428571428571428,0.9377074107396587
segment,exp,110,185,0.005534138273381089,0.9807453416149068,0.010064492860876571,0.9514285714285714,0.9367110008333681
segment,exp,110,186,0.005546610670086224,0.9763975155279503,0.010044095216181815,0.9514285714285714,0.9366385025947974
segment,exp,110,187,0.006153897955722406,0.9739130434782609,0.010444290464455141,0.9457142857142857,0.9383177424214387
segment,exp,110,188,0.006251285757824168,0.9732919254658385,0.010845831722060014,0.9485714285714286,0.93939643214845
segment,exp,110,189,0.0059038908512484955,0.9745341614906833,0.010124603681185779,0.9542857142857143,0.93681968889068
segment,exp,110,190,0.005421663873023507,0.9763975155279503,0.009881406008318244,0.9542857142857143,0.9363804520706854
segment,exp,110,191,0.014210547466766463,0.9360248447204969,0.017710895237756957,0.92,0.9377077303661351
segment,exp,110,192,0.005397616550305905,0.9788819875776398,0.009669020937405936,0.9571428571428572,0.9375397342245604
segment,exp,110,193,0.005249706658824991,0.9795031055900622,0.009521849450790728,0.96,0.9361125365455347
segment,exp,110,194,0.010765796517055696,0.9527950310559006,0.013733836176773845,0.9342857142857143,0.9364930271039207
segment,exp,110,195,0.006514476952776022,0.970807453416149,0.010851807093288751,0.9457142857142857,0.9370666331994751
segment,exp,110,196,0.005434552865072178,0.9782608695652174,0.009612591446707251,0.9571428571428572,0.9359329271317403
segment,exp,110,197,0.005215560256157168,0.9788819875776398,0.009492098946449971,0.9571428571428572,0.9356897706623184
segment,exp,110,198,0.005206803708836688,0.9782608695652174,0.009611890698612449,0.9571428571428572,0.9356854883033703
segment,exp,110,199,0.007504522667747082,0.9670807453416149,0.011356386563375068,0.9542857142857143,0.9358783429388338
segment,exp,110,200,0.005325042128338157,0.9801242236024845,0.009914043541342373,0.9542857142857143,0.9384676859599161
segment,exp,110,201,0.007171997429700607,0.9695652173913043,0.010396724720389014,0.9485714285714286,0.935905497923828
segment,exp,110,202,0.0052623207837536505,0.977639751552795,0.009756715705871855,0.9542857142857143,0.9352747964615925
segment,exp,110,203,0.005209864677477674,0.9795031055900622,0.009398940416012384,0.9571428571428572,0.9352917955606337
segment,exp,110,204,0.0050286179697131925,0.9807453416149068,0.00950783029652573,0.96,0.9351583997540192
segment,exp,110,205,0.00534652114114588,0.9788819875776398,0.009571730445724704,0.9571428571428572,0.9352125892647172
segment,exp,110,206,0.005327727366638723,0.9801242236024845,0.009489107637416849,0.9571428571428572,0.9350998390840501
segment,exp,110,207,0.004889241597800954,0.9819875776397515,0.009192459892579021,0.96,0.9348366767311671
segment,exp,110,208,0.005009216477117321,0.9807453416149068,0.009265228834239714,0.96,0.9348001108100018
segment,exp,110,209,0.004900683975816275,0.9801242236024845,0.00941350259451985,0.9571428571428572,0.9347722588635315
segment,exp,110,210,0.0055941192560953566,0.9751552795031055,0.010500499628219204,0.9514285714285714,0.9362791087287096
segment,exp,110,211,0.005125317146499369,0.9795031055900622,0.009706399324998321,0.9542857142857143,0.9358888158751038
segment,exp,110,212,0.004936956011988645,0.9801242236024845,0.009419600346128692,0.9571428571428572,0.9344230589921653
segment,exp,110,213,0.0048660438214319845,0.9807453416149068,0.009267481292992054,0.96,0.9346368409641659
segment,exp,110,214,0.010704754654040353,0.9559006211180124,0.013200701600805071,0.9371428571428572,0.9353664551286562
segment,exp,110,215,0.005146820574724239,0.9795031055900622,0.00983834150995107,0.9542857142857143,0.9343056951364702
segment,exp,110,216,0.004701467808300734,0.9826086956521739,0.00933726985330179,0.96,0.9340752294327787
segment,exp,110,217,0.004710742803169797,0.9819875776397515,0.009161190660840382,0.9628571428571429,0.9340484425443341
segment,exp,110,218,0.00483348819659448,0.9801242236024845,0.009387143511624507,0.9571428571428572,0.9347965135942093
segment,exp,110,219,0.0047308248440533366,0.9832298136645963,0.009523369618611065,0.96,0.9339484571401593
segment,exp,110,220,0.004892007954290748,0.9801242236024845,0.009560148634670716,0.9571428571428572,0.9338427775962574
segment,exp,110,221,0.004637095003217608,0.9819875776397515,0.009359583974725326,0.9628571428571429,0.9350227214715667
segment,exp,110,222,0.00831179958987234,0.9639751552795031,0.012321477677471437,0.94,0.9346036711338077
segment,exp,110,223,0.005309949601457343,0.9795031055900622,0.009824546263252448,0.9571428571428572,0.9336223017281735
segment,exp,110,224,0.005303439798196232,0.9751552795031055,0.009706347564419711,0.9571428571428572,0.9336939771506277
segment,exp,110,225,0.004582544157088533,0.9819875776397515,0.009273347784900951,0.96,0.9333385434529724
segment,exp,110,226,0.007877180609957528,0.9670807453416149,0.011396957536232679,0.9514285714285714,0.9337970638605597
segment,exp,110,227,0.005426160555263298,0.9770186335403727,0.009524882645958906,0.9571428571428572,0.9333374174658596
segment,exp,110,228,0.004500228798198995,0.9826086956521739,0.009169694240265444,0.96,0.934413651684828
segment,exp,110,229,0.010730384195607696,0.9478260869565217,0.014993790476329875,0.9314285714285714,0.933733303823943
segment,exp,110,230,0.004767117048906677,0.9801242236024845,0.009873686835837866,0.96,0.9335103157057995
segment,exp,110,231,0.004913705353790964,0.9788819875776398,0.009614185938248553,0.9542857142857143,0.9328274914183502
segment,exp,110,232,0.005306636988893749,0.9788819875776398,0.010235420417558445,0.96,0.9345507758536835
segment,exp,110,233,0.0052427040311784495,0.9788819875776398,0.010082954638191801,0.9571428571428572,0.9329468800056531
segment,exp,110,234,0.004432017187781534,0.9832298136645963,0.009190958241326493,0.96,0.9325694324042149
segment,exp,110,235,0.005101377005441272,0.9795031055900622,0.009647034096878643,0.9571428571428572,0.932901889865328
segment,exp,110,236,0.004612353486711332,0.9819875776397515,0.00951416696374575,0.9571428571428572,0.9324012001557656
segment,exp,110,237,0.004538533689069129,0.9813664596273292,0.009207672062125118,0.9628571428571429,0.9324300013805197
segment,exp,110,238,0.0046474859996429255,0.9807453416149068,0.00947560622361194,0.9571428571428572,0.9323948725958007
segment,exp,110,239,0.011386208342091923,0.9459627329192547,0.015488639873515625,0.9314285714285714,0.9329644686777878
segment,exp,110,240,0.005824041380143009,0.9751552795031055,0.010765341576860286,0.9514285714285714,0.9325012559290832
segment,exp,110,241,0.004335216752217973,0.9832298136645963,0.009240573994157904,0.96,0.9321116252377262
segment,exp,110,242,0.004310198472513525,0.9813664596273292,0.009125691310958745,0.96,0.9319427842730369
segment,exp,110,243,0.004392996802463021,0.9801242236024845,0.009285721764057788,0.9571428571428572,0.9319141134030351
segment,exp,110,244,0.004310612101463666,0.9826086956521739,0.009079885787921665,0.96,0.931875967111828
segment,exp,110,245,0.004430256860046897,0.9807453416149068,0.009248862561819617,0.9571428571428572,0.9317580410705603
segment,exp,110,246,0.004652436258166202,0.9788819875776398,0.009450912183543526,0.9571428571428572,0.9316600623056054
segment,exp,110,247,0.0096336238637048,0.9577639751552796,0.012530376873375073,0.9428571428571428,0.932165116554418
segment,exp,110,248,0.004652425025473262,0.9838509316770186,0.009534419243195919,0.96,0.9336751782362875
segment,exp,110,249,0.004459147366708842,0.9807453416149068,0.009256306338054432,0.9571428571428572,0.9314279991192947
segment,exp,110,250,0.004949480271604775,0.9801242236024845,0.009906482741529311,0.96,0.9335068248499586
segment,exp,110,251,0.00422121655845238,0.9857142857142858,0.009226937787846312,0.96,0.9312811398185655
segment,exp,110,252,0.00428307802678931,0.9857142857142858,0.0093666044269329,0.96,0.9315298315620686
segment,exp,110,253,0.007740748421076748,0.9627329192546584,0.012682213473328542,0.9428571428571428,0.932286238322075
segment,exp,110,254,0.0043812128983051375,0.9826086956521739,0.009695263367770046,0.96,0.9316324930742833
segment,exp,110,255,0.0043116769413527305,0.9801242236024845,0.009384979787886511,0.9571428571428572,0.931136134601494
segment,exp,110,256,0.004166454194212305,0.9832298136645963,0.009279032896318914,0.9571428571428572,0.9309367065136694
segment,exp,110,257,0.004288973942612787,0.984472049689441,0.009206777975523823,0.9628571428571429,0.9309331364367329
segment,exp,110,258,0.00415349857964247,0.9850931677018634,0.00924648390904114,0.96,0.9308149611166509
segment,exp,110,259,0.006105872736053629,0.9732919254658385,0.011069349200595971,0.9514285714285714,0.9321585824706555
segment,exp,110,260,0.007769518077287166,0.9645962732919254,0.01242738507939019,0.9428571428571428,0.9312714195510956
segment,exp,110,261,0.009803669591710418,0.953416149068323,0.014311369898904407,0.94,0.9317926367207543
segment,exp,110,262,0.010825351366266868,0.9472049689440993,0.014562240095761673,0.9285714285714286,0.9319591085819742
segment,exp,110,263,0.005258042221950437,0.9788819875776398,0.010043495480605043,0.96,0.930839685448729
segment,exp,110,264,0.012387671732916468,0.9440993788819876,0.01645656310073193,0.9314285714285714,0.9316914638887717
segment,exp,110,265,0.004582272863265328,0.9807453416149068,0.009399776959008035,0.9571428571428572,0.930328845616561
segment,exp,110,266,0.004482345164481173,0.9788819875776398,0.00926768963214959,0.9571428571428572,0.9301706720726285
segment,exp,110,267,0.004168825678044245,0.9813664596273292,0.009194965676509273,0.9628571428571429,0.9301160078301608
segment,exp,110,268,0.004131704365439743,0.984472049689441,0.009263504901930763,0.96,0.9301261752319808
segment,exp,110,269,0.014043869418097526,0.9397515527950311,0.017761994376700025,0.9285714285714286,0.931025640359773
segment,exp,110,270,0.004262236919851526,0.9819875776397515,0.009310908844515417,0.9571428571428572,0.9314744560840434
segment,exp,110,271,0.004699976938937592,0.9826086956521739,0.009684875371001657,0.96,0.9317112729355611
segment,exp,110,272,0.0040578905436694955,0.984472049689441,0.009193090195063605,0.96,0.9297533198514452
segment,exp,110,273,0.006783252628452596,0.9658385093167702,0.011833101943454691,0.9457142857142857,0.9302611482737947
segment,exp,110,274,0.009253572591136091,0.9602484472049689,0.012659852337359294,0.9457142857142857,0.930455824762694
segment,exp,110,275,0.005947075736735711,0.977639751552795,0.010820237016701454,0.9514285714285714,0.9331729029972128
segment,exp,110,276,0.004542033488623116,0.9795031055900622,0.009924537117245249,0.9628571428571429,0.929595839906672
segment,exp,110,277,0.0039647518787129955,0.9832298136645963,0.00924743876203779,0.9628571428571429,0.9295540163346951
segment,exp,110,278,0.01026686451461039,0.9509316770186336,0.014790905231259092,0.9371428571428572,0.9299464670781511
segment,exp,110,279,0.004070968552599466,0.9826086956521739,0.009398828510058911,0.9571428571428572,0.9292537678724113
segment,exp,110,280,0.004181668616312722,0.9857142857142858,0.0093189873033257,0.9657142857142857,0.9304714398390161
segment,exp,110,281,0.003904319812453058,0.9850931677018634,0.009225792521499559,0.96,0.9291894861095399
segment,exp,110,282,0.00402546035320734,0.984472049689441,0.00944182423670001,0.9628571428571429,0.929305784688237
segment,exp,110,283,0.004030095515470473,0.9807453416149068,0.009385971540777553,0.9628571428571429,0.9290665332922396
segment,exp,110,284,0.004184178260873804,0.9819875776397515,0.00940810382540956,0.9571428571428572,0.9289726935711402
segment,exp,110,285,0.011441235757403818,0.9459627329192547,0.015774430655780262,0.9342857142857143,0.9307321114546981
segment,exp,110,286,0.003986016861395984,0.9826086956521739,0.009342816225127264,0.9628571428571429,0.9289417495462166
segment,exp,110,287,0.004075670091635414,0.9826086956521739,0.009574163682257313,0.9542857142857143,0.9287971511331625
segment,exp,110,288,0.003930080099555247,0.9819875776397515,0.009252950369428206,0.96,0.9287139740252629
segment,exp,110,289,0.003872982144627784,0.9857142857142858,0.009268401093326488,0.9571428571428572,0.9286585432059976
segment,exp,110,290,0.004158037548378126,0.9819875776397515,0.009774406910148355,0.9542857142857143,0.9289470871506591
segment,exp,110,291,0.004520770465115222,0.9782608695652174,0.00957803802164721,0.9571428571428572,0.9286694106548604
segment,exp,110,292,0.004221047312099508,0.9813664596273292,0.009473658142681021,0.9571428571428572,0.9285971662657619
segment,exp,110,293,0.003911673452073814,0.9850931677018634,0.009358826029667294,0.96,0.9284979241793715
segment,exp,110,294,0.0041385035128437605,0.9813664596273292,0.009628777084280652,0.9571428571428572,0.9283086224270981
segment,exp,110,295,0.004033319919777291,0.9819875776397515,0.009385246419595927,0.96,0.9282837180892037
segment,exp,110,296,0.00470935014509634,0.9788819875776398,0.010469699445877528,0.9571428571428572,0.9295909826790818
segment,exp,110,297,0.00426022888600747,0.9838509316770186,0.010015837858924159,0.9542857142857143,0.9284266536535923
segment,exp,110,298,0.009461594085639591,0.9559006211180124,0.013711506965987448,0.9371428571428572,0.9285046611346783
segment,exp,110,299,0.003777113635671042,0.9857142857142858,0.009394355435523022,0.96,0.9280764782283538
segment,exp,110,300,0.005849575906432992,0.9726708074534162,0.01067251023007403,0.9485714285714286,0.9283135825892568
segment,exp,110,301,0.00497414642174287,0.9782608695652174,0.010458736028099585,0.9542857142857143,0.9292366016823882
segment,exp,110,302,0.0037842467242673217,0.9857142857142858,0.009382711505150798,0.96,0.9278824330799892
segment,exp,110,303,0.004823016264795913,0.9788819875776398,0.009985370717352612,0.9485714285714286,0.9278907826962474
segment,exp,110,304,0.003919645611117968,0.9826086956521739,0.009412493660604246,0.96,0.9279046848454366
segment,exp,110,305,0.003763134488532391,0.9857142857142858,0.009438159301481196,0.96,0.9277106137967956
segment,exp,110,306,0.004259317687947932,0.9813664596273292,0.010018749597902605,0.9542857142857143,0.927590073370963
segment,exp,110,307,0.0038721741982837977,0.984472049689441,0.009491838423315302,0.96,0.9275509937206499
segment,exp,110,308,0.0037639478771945185,0.984472049689441,0.009380811120656753,0.96,0.927532257845132
segment,exp,110,309,0.003757130597116601,0.9832298136645963,0.00937945165592082,0.96,0.9274508769843577
segment,exp,110,310,0.0037567165524549726,0.9850931677018634,0.009327545231848108,0.9628571428571429,0.9288309940351045
segment,exp,110,311,0.0037524583712674193,0.9850931677018634,0.009204989775789048,0.96,0.9274360589194025
segment,exp,110,312,0.003889025047717039,0.9826086956521739,0.009420710357221387,0.96,0.9273659406606463
segment,exp,110,313,0.0037086345980090634,0.9850931677018634,0.009291863889158454,0.9628571428571429,0.9273062479028643
segment,exp,110,314,0.0037087248616356895,0.984472049689441,0.009444071240364699,0.96,0.9271884305890485
segment,exp,110,315,0.004065646115180503,0.9819875776397515,0.009722061691669384,0.9542857142857143,0.9271605944649778
segment,exp,110,316,0.003665361853040728,0.984472049689441,0.009403950665562391,0.96,0.9271450534568485
segment,exp,110,317,0.004469369287449324,0.9795031055900622,0.010096039183839512,0.9571428571428572,0.9272869776069869
segment,exp,110,318,0.0037025001151764552,0.9850931677018634,0.00948676071479581,0.96,0.9269943092356911
segment,exp,110,319,0.0036835512759392235,0.984472049689441,0.009355404575208769,0.96,0.9269237974423038
segment,exp,110,320,0.004692448873427616,0.9832298136645963,0.01005260257222061,0.9542857142857143,0.9274587523980935
segment,exp,110,321,0.0038418847918011262,0.9826086956521739,0.00936476166493555,0.96,0.9268012886999184
segment,exp,110,322,0.004417123803448292,0.9795031055900622,0.010137876397776857,0.96,0.9267092231134968
segment,exp,110,323,0.003722297824721396,0.9857142857142858,0.009399961579949316,0.96,0.9266972287432015
segment,exp,110,324,0.0037439626944466104,0.9850931677018634,0.009593814335914377,0.9571428571428572,0.927035308936696
segment,exp,110,325,0.003652861872389025,0.9826086956521739,0.009327006590814842,0.96,0.9265802226426988
segment,exp,110,326,0.003736324244075687,0.9838509316770186,0.009445635404146413,0.96,0.9265683490046308
segment,exp,110,327,0.0043766976756832434,0.9795031055900622,0.009861111922155047,0.9542857142857143,0.927252277858764
segment,exp,110,328,0.004123133382250966,0.9813664596273292,0.009893140739993632,0.9542857142857143,0.9265004229853157
segment,exp,110,329,0.0037900204759667992,0.9826086956521739,0.009723758366932227,0.9571428571428572,0.9264298915008254
segment,exp,110,330,0.010954494733888997,0.9490683229813665,0.015334369477288015,0.9314285714285714,0.9271206289573255
segment,exp,110,331,0.0036730282467052505,0.9838509316770186,0.00957947711344171,0.96,0.9262656026777168
segment,exp,110,332,0.005130363376367859,0.9770186335403727,0.010918336207705078,0.9571428571428572,0.926212822169547
segment,exp,110,333,0.0038831640512819892,0.9838509316770186,0.009863582393524422,0.96,0.9264422650747526
segment,exp,110,334,0.0036199258727577094,0.9838509316770186,0.009498038021840913,0.96,0.9261291618742937
segment,exp,110,335,0.004089946670085309,0.9813664596273292,0.009879011751032856,0.9542857142857143,0.9261116650247212
segment,exp,110,336,0.0038198754497077597,0.9838509316770186,0.00983681489086378,0.9542857142857143,0.9273176379692006
segment,exp,110,337,0.0037846616190668906,0.9832298136645963,0.009603002427809345,0.9571428571428572,0.9260109139787517
segment,exp,110,338,0.00381742752535161,0.9819875776397515,0.009711461845187518,0.9542857142857143,0.9259076459407132
segment,exp,110,339,0.0037193045589232776,0.9850931677018634,0.009576444192093695,0.9571428571428572,0.9272196346097422
segment,exp,110,340,0.009285185265632398,0.9565217391304348,0.014436936173132051,0.9371428571428572,0.9274751142605386
segment,exp,110,341,0.003541624904929795,0.9838509316770186,0.009409236131730326,0.96,0.9256866222582787
segment,exp,110,342,0.003611701566194919,0.9850931677018634,0.009484068053072586,0.9542857142857143,0.925782619562363
segment,exp,110,343,0.0035935913811762517,0.9850931677018634,0.009329456212024429,0.9571428571428572,0.925650508083987
segment,exp,110,344,0.003504459005838169,0.984472049689441,0.00937719200307185,0.9571428571428572,0.925684365795842
segment,exp,110,345,0.004455639618826965,0.9801242236024845,0.010123906217393931,0.96,0.9257705861411625
segment,exp,110,346,0.003498626431919444,0.984472049689441,0.009413998944890615,0.96,0.9254687618061045
segment,exp,110,347,0.005702220950164566,0.9726708074534162,0.010509497962591124,0.9457142857142857,0.925860638390638
segment,exp,110,348,0.0035340385574222986,0.9832298136645963,0.009492178118630694,0.9571428571428572,0.9253521648882767
segment,exp,110,349,0.006323111299120907,0.9664596273291925,0.012077427237500308,0.94,0.9267040496044429
segment,exp,110,350,0.0035104122978824636,0.9838509316770186,0.009521110527986838,0.96,0.9252454429099162
segment,exp,111,1,0.0932618542351124,0.46024844720496894,0.09300564735392529,0.4657142857142857,0.9918497296409816
segment,exp,111,2,0.08598439262129005,0.6242236024844721,0.08637532551625407,0.6171428571428571,0.9885520121346398
segment,exp,111,3,0.062359372496434105,0.6826086956521739,0.0630646329543355,0.6685714285714286,0.9862020504996408
segment,exp,111,4,0.05808140955191151,0.6503105590062112,0.05754866282866399,0.6428571428571429,0.9829009784447752
segment,exp,111,5,0.04563329252101907,0.7614906832298136,0.04639655047679891,0.7542857142857143,0.9795420496533731
segment,exp,111,6,0.06008185446037136,0.7,0.05879349607610862,0.6885714285714286,0.9785045961747628
segment,exp,111,7,0.06517821339660286,0.7875776397515528,0.0671261198247857,0.7685714285714286,0.9762405700088642
segment,exp,111,8,0.036281023290952896,0.8621118012422361,0.037716997348875174,0.8657142857142858,0.9749559791512187
segment,exp,111,9,0.02795106938853373,0.8832298136645963,0.029605915830996487,0.8571428571428571,0.9724666167397571
segment,exp,111,10,0.027605839115646635,0.8875776397515528,0.027457290524959998,0.8885714285714286,0.9726588059346515
segment,exp,111,11,0.019685883715214212,0.9211180124223602,0.02076770022770293,0.9142857142857143,0.9691754738674825
segment,exp,111,12,0.024181170575807404,0.9099378881987578,0.026291460401100076,0.8885714285714286,0.9690398661520667
segment,exp,111,13,0.020210119999697292,0.9173913043478261,0.021372634977050223,0.9171428571428571,0.9691724875927357
segment,exp,111,14,0.019632482083286926,0.9161490683229814,0.0206235976444848,0.9142857142857143,0.9675130905723355
segment,exp,111,15,0.02726149267520092,0.884472049689441,0.03055681810971248,0.8571428571428571,0.9682507598349588
segment,exp,111,16,0.01847135406504407,0.9173913043478261,0.019289365214149437,0.9114285714285715,0.9663994937417794
segment,exp,111,17,0.017695918100929485,0.9254658385093167,0.019149031655340074,0.9142857142857143,0.9655354046702908
segment,exp,111,18,0.022317321768649638,0.9037267080745341,0.025019352060068802,0.8742857142857143,0.96741137264069
segment,exp,111,19,0.01646139487000229,0.931055900621118,0.01786636642466291,0.9228571428571428,0.9674096433067081
segment,exp,111,20,0.018548283152372995,0.9279503105590062,0.02071745433991587,0.9257142857142857,0.9644973578131842
segment,exp,111,21,0.016893188510179676,0.9341614906832298,0.018977407507060874,0.9285714285714286,0.964753719771293
segment,exp,111,22,0.015391913081864158,0.9366459627329192,0.017051021286293298,0.9285714285714286,0.9635750616184019
segment,exp,111,23,0.015483307861577356,0.9329192546583851,0.017123933792582192,0.9257142857142857,0.9630546197383466
segment,exp,111,24,0.016451135266821904,0.9285714285714286,0.017686008743898772,0.9171428571428571,0.9631541192645049
segment,exp,111,25,0.014792872273693953,0.9372670807453416,0.01661384232034719,0.9285714285714286,0.963376680426699
segment,exp,111,26,0.017735536940980682,0.9316770186335404,0.019126005904005067,0.9228571428571428,0.9658862317047531
segment,exp,111,27,0.014126433383966566,0.9372670807453416,0.016013014405234043,0.9285714285714286,0.9614300744342754
segment,exp,111,28,0.014201579761302542,0.9385093167701863,0.016224920167668872,0.9285714285714286,0.9612027445829118
segment,exp,111,29,0.014947758415163647,0.9316770186335404,0.01679322525786594,0.9171428571428571,0.9620078727759732
segment,exp,111,30,0.013706809877332962,0.9422360248447205,0.01600201809836325,0.9342857142857143,0.9605294896931191
segment,exp,111,31,0.026989652858808576,0.868944099378882,0.029745682026697282,0.8514285714285714,0.9637642832186754
segment,exp,111,32,0.014155291089688476,0.9428571428571428,0.016867634633375313,0.9285714285714286,0.9607964087930554
segment,exp,111,33,0.013843893322932016,0.9459627329192547,0.016762065352925924,0.9342857142857143,0.9604821041439497
segment,exp,111,34,0.013742606686308707,0.9465838509316771,0.01634259414086956,0.9371428571428572,0.9594805973833844
segment,exp,111,35,0.015447982792464262,0.9260869565217391,0.016676449998707613,0.92,0.9614622899082396
segment,exp,111,36,0.01487321700199108,0.9428571428571428,0.016448888937626843,0.9371428571428572,0.9616962972604554
segment,exp,111,37,0.013642245410638566,0.9397515527950311,0.01557162119391507,0.9285714285714286,0.9585957594935761
segment,exp,111,38,0.01580648765155486,0.9360248447204969,0.018942502955881388,0.9228571428571428,0.9590416840060586
segment,exp,111,39,0.014052005748168108,0.9372670807453416,0.01614526844738936,0.9257142857142857,0.9613660563507276
segment,exp,111,40,0.014802670780274177,0.931055900621118,0.016547222223100955,0.92,0.9589657472243776
segment,exp,111,41,0.016866603354464042,0.9204968944099379,0.018146896940058707,0.9228571428571428,0.9601206014690145
segment,exp,111,42,0.012170832418229359,0.9472049689440993,0.014818949533834641,0.9314285714285714,0.9577156283330498
segment,exp,111,43,0.01985455371561432,0.9062111801242236,0.0227338035352633,0.8885714285714286,0.9597808026442428
segment,exp,111,44,0.01767880590441195,0.922360248447205,0.02069440758290973,0.9171428571428571,0.958786986479564
segment,exp,111,45,0.01256770317732953,0.9440993788819876,0.015172283801716934,0.9342857142857143,0.9570671156063001
segment,exp,111,46,0.011499951751729815,0.9509316770186336,0.014012193094747888,0.94,0.9565069988288858
segment,exp,111,47,0.01188203420890822,0.9490683229813665,0.014547482686951678,0.94,0.9575813237058366
segment,exp,111,48,0.01163113996611274,0.9422360248447205,0.01400037389298876,0.9285714285714286,0.9576318193408694
segment,exp,111,49,0.015843478124231557,0.9211180124223602,0.018728667960135965,0.9142857142857143,0.9599888073555276
segment,exp,111,50,0.01231112969918843,0.9484472049689441,0.015103816145770357,0.94,0.9562893276751672
segment,exp,111,51,0.017612684355294474,0.915527950310559,0.020522424452817604,0.9085714285714286,0.9561869406968613
segment,exp,111,52,0.013458175226281446,0.9360248447204969,0.01634003686741993,0.9285714285714286,0.9568846940204285
segment,exp,111,53,0.012493921909869908,0.9428571428571428,0.014646729866616304,0.94,0.9566414691145885
segment,exp,111,54,0.013928660873953993,0.9267080745341615,0.016740143477160224,0.9228571428571428,0.9575504388764914
segment,exp,111,55,0.010795225683179784,0.9484472049689441,0.01346857860738918,0.9371428571428572,0.9550723742506356
segment,exp,111,56,0.011003733103864797,0.9503105590062112,0.013899836133103622,0.94,0.9547931453710825
segment,exp,111,57,0.010441492423288743,0.9515527950310559,0.013296671261085267,0.9342857142857143,0.9545594082346791
segment,exp,111,58,0.01098303602637345,0.9509316770186336,0.014034059510957334,0.94,0.954376608390496
segment,exp,111,59,0.012125222520188163,0.9385093167701863,0.014290496464985395,0.9371428571428572,0.954727584909364
segment,exp,111,60,0.010067693232199335,0.9571428571428572,0.012972665037701295,0.9457142857142857,0.9551902274616813
segment,exp,111,61,0.011043230843427157,0.9515527950310559,0.014419397723958225,0.9428571428571428,0.9539176777268801
segment,exp,111,62,0.01824469021652644,0.9093167701863354,0.02140816401407675,0.9057142857142857,0.9548195601285785
segment,exp,111,63,0.010752344390973419,0.9515527950310559,0.013965445250693629,0.9457142857142857,0.9538945186855681
segment,exp,111,64,0.010016473875502007,0.9559006211180124,0.013147976448611808,0.9428571428571428,0.9543847080263212
segment,exp,111,65,0.010377335667358947,0.9540372670807453,0.01217678773022126,0.9428571428571428,0.954586882195541
segment,exp,111,66,0.010018346848659791,0.9546583850931677,0.012617336396093424,0.9457142857142857,0.9534334838027511
segment,exp,111,67,0.01498104837999391,0.9316770186335404,0.016480314378441083,0.92,0.953330034053009
segment,exp,111,68,0.010145797175394862,0.9546583850931677,0.012845682465132147,0.94,0.9541211028324054
segment,exp,111,69,0.009946169744783115,0.9577639751552796,0.012764739092650641,0.94,0.952511246425216
segment,exp,111,70,0.015466119694877035,0.9285714285714286,0.017522245138084477,0.92,0.952961514681309
segment,exp,111,71,0.01032526008217134,0.9540372670807453,0.013460450956395139,0.94,0.9535097803897017
segment,exp,111,72,0.012701799215869117,0.9341614906832298,0.015909627867052637,0.9257142857142857,0.9534752164992344
segment,exp,111,73,0.010760675355262024,0.9509316770186336,0.013616102968364944,0.9371428571428572,0.9529265948014148
segment,exp,111,74,0.009630753429551912,0.9608695652173913,0.013091246801511818,0.9457142857142857,0.9517790166923586
segment,exp,111,75,0.011153876349452021,0.9515527950310559,0.014721373470142246,0.9428571428571428,0.9545169752019408
segment,exp,111,76,0.009196290804517813,0.9652173913043478,0.012536245845719104,0.9457142857142857,0.951013504476487
segment,exp,111,77,0.008903475631229259,0.9639751552795031,0.012428450469292312,0.9428571428571428,0.9507196165234453
segment,exp,111,78,0.009005285667688297,0.9633540372670808,0.012490787650832691,0.9428571428571428,0.9505575077419491
segment,exp,111,79,0.011432300259246632,0.9484472049689441,0.01437286881552091,0.9371428571428572,0.9511738491166987
segment,exp,111,80,0.012080306576954877,0.9409937888198758,0.01564686841199283,0.9257142857142857,0.9510128051717746
segment,exp,111,81,0.009724699895130244,0.9590062111801242,0.013113119972936092,0.9342857142857143,0.9500850037506767
segment,exp,111,82,0.008559926938954772,0.9652173913043478,0.012420870169894072,0.94,0.9500307801812091
segment,exp,111,83,0.00887269402528597,0.9664596273291925,0.012756506600189994,0.94,0.9513794843468911
segment,exp,111,84,0.008634596349453686,0.9645962732919254,0.012931642485731417,0.9457142857142857,0.9513467159572018
segment,exp,111,85,0.008703942865732431,0.9645962732919254,0.012805382332837066,0.9457142857142857,0.9499461593083073
segment,exp,111,86,0.00827817583781308,0.9664596273291925,0.012477361547319514,0.94,0.9492905849193398
segment,exp,111,87,0.015791164598589494,0.931055900621118,0.01855843987922491,0.9171428571428571,0.9500255559441969
segment,exp,111,88,0.009830809166301172,0.9571428571428572,0.013639589033108352,0.9457142857142857,0.9503259040267453
segment,exp,111,89,0.017132412200646648,0.9186335403726708,0.018492142444915486,0.9171428571428571,0.9510134251736938
segment,exp,111,90,0.008186148730853472,0.9683229813664597,0.012255108438081879,0.9514285714285714,0.9488868941081435
segment,exp,111,91,0.011028918141592894,0.9465838509316771,0.014980030202363086,0.9342857142857143,0.9504316048396069
segment,exp,111,92,0.011098392078944664,0.9496894409937888,0.015154490538337614,0.9314285714285714,0.9490004250011707
segment,exp,111,93,0.007891988236160956,0.968944099378882,0.012125677715121564,0.9542857142857143,0.948264591718054
segment,exp,111,94,0.007527162560737181,0.9695652173913043,0.01165257552169992,0.9542857142857143,0.9480094864992483
segment,exp,111,95,0.014223972535447622,0.937888198757764,0.016742230600518694,0.92,0.948997078870866
segment,exp,111,96,0.00977901095280302,0.953416149068323,0.013677386267469198,0.9457142857142857,0.9476376266726098
segment,exp,111,97,0.00835400185450045,0.9658385093167702,0.012300552284469734,0.94,0.9480171220986617
segment,exp,111,98,0.008317055595275395,0.9664596273291925,0.012103988675509554,0.9485714285714286,0.9476012654714792
segment,exp,111,99,0.007610055241761163,0.9695652173913043,0.011559782748309575,0.9542857142857143,0.9475167153336423
segment,exp,111,100,0.007450473468522568,0.9714285714285714,0.011473693995286065,0.9514285714285714,0.9472617007131728
segment,exp,111,101,0.007337274748230782,0.970807453416149,0.011301135268509096,0.9542857142857143,0.9473914544598075
segment,exp,111,102,0.007459053818480072,0.968944099378882,0.011554778902638835,0.9571428571428572,0.9471602837129948
segment,exp,111,103,0.007539214020204365,0.9701863354037267,0.01174321577825172,0.9485714285714286,0.9470598039081443
segment,exp,111,104,0.007065478037770294,0.968944099378882,0.011373941141371458,0.9514285714285714,0.9465689640505873
segment,exp,111,105,0.010501687863537473,0.9490683229813665,0.014711732021869657,0.9342857142857143,0.9483821844635377
segment,exp,111,106,0.006994311724525269,0.9695652173913043,0.011278060464648652,0.9514285714285714,0.9462405021335922
segment,exp,111,107,0.006930051462979911,0.9701863354037267,0.011172539296687989,0.9514285714285714,0.9462836544956558
segment,exp,111,108,0.007110931163099556,0.9683229813664597,0.011285754346705534,0.9514285714285714,0.9461811106333397
segment,exp,111,109,0.009794768413763855,0.9540372670807453,0.013574747322726032,0.9428571428571428,0.94644026931844
segment,exp,111,110,0.008181751696680888,0.9652173913043478,0.011964860274618277,0.9457142857142857,0.9460390764686337
segment,exp,111,111,0.006902499447810393,0.9714285714285714,0.010888307441000628,0.9485714285714286,0.9456294781448108
segment,exp,111,112,0.007305474057517997,0.9695652173913043,0.011488076392731028,0.9514285714285714,0.9474321495448086
segment,exp,111,113,0.007050323522295836,0.9751552795031055,0.011272130309901823,0.9485714285714286,0.9454869110091647
segment,exp,111,114,0.007668379736283234,0.9670807453416149,0.011088122247704587,0.9514285714285714,0.9454472854983756
segment,exp,111,115,0.007135366301136262,0.9695652173913043,0.011257709222592477,0.9514285714285714,0.945242709926629
segment,exp,111,116,0.007749672054739455,0.9670807453416149,0.011896918213678394,0.9485714285714286,0.9450866839332717
segment,exp,111,117,0.006999964222458448,0.9695652173913043,0.010792222558675001,0.9571428571428572,0.9450742394487136
segment,exp,111,118,0.01831584996513222,0.9161490683229814,0.022087530359010205,0.9057142857142857,0.9459434950159095
segment,exp,111,119,0.009444411181591042,0.9608695652173913,0.012834568613788434,0.94,0.9452133738711801
segment,exp,111,120,0.007464418514224971,0.9670807453416149,0.011419113085247472,0.9514285714285714,0.944660181999459
segment,exp,111,121,0.006784620989966731,0.968944099378882,0.010772147343737399,0.9514285714285714,0.94543828740903
segment,exp,111,122,0.009890725801259858,0.9596273291925466,0.01267295963318523,0.9457142857142857,0.9459168584369778
segment,exp,111,123,0.007293820881625754,0.9701863354037267,0.011441416088927944,0.9542857142857143,0.9446856125178381
segment,exp,111,124,0.006475392649311573,0.9739130434782609,0.01073498179588689,0.96,0.9441355900880491
segment,exp,111,125,0.006348963829667385,0.9751552795031055,0.010600492222056451,0.9571428571428572,0.9439826878095232
segment,exp,111,126,0.007277832581198352,0.9701863354037267,0.011371959923384606,0.9514285714285714,0.944271089025284
segment,exp,111,127,0.008569229039455898,0.9608695652173913,0.011579164582676346,0.9571428571428572,0.9451584034922763
segment,exp,111,128,0.009323437036153282,0.9590062111801242,0.013279487275096515,0.9457142857142857,0.9441335520917903
segment,exp,111,129,0.00741372266679945,0.9683229813664597,0.011900256998486083,0.94,0.9440455356658091
segment,exp,111,130,0.006952024174209979,0.970807453416149,0.011252605739657744,0.9571428571428572,0.9437445783270436
segment,exp,111,131,0.006457121077810559,0.9714285714285714,0.01078491820065236,0.96,0.943510003299544
segment,exp,111,132,0.00678898662496149,0.9714285714285714,0.011133174013225665,0.9514285714285714,0.9431767743965183
segment,exp,111,133,0.007393273199357608,0.970807453416149,0.011754897293792508,0.9485714285714286,0.9440364617056961
segment,exp,111,134,0.009679406472418947,0.9583850931677018,0.012720572188590728,0.9428571428571428,0.9446184086038887
segment,exp,111,135,0.006337278454200003,0.9701863354037267,0.010726146512598747,0.9514285714285714,0.9429758299313752
segment,exp,111,136,0.00620184864022551,0.9739130434782609,0.010666314524738036,0.9542857142857143,0.9430039610806343
segment,exp,111,137,0.006168681429210692,0.9732919254658385,0.010476664673555541,0.9514285714285714,0.9426994912333159
segment,exp,111,138,0.006817579567706136,0.9726708074534162,0.011142157153381453,0.9514285714285714,0.9427826260321087
segment,exp,111,139,0.006010126353572959,0.9763975155279503,0.010257250361662517,0.9542857142857143,0.9425290848616538
segment,exp,111,140,0.006212489385013036,0.9739130434782609,0.01040942062339222,0.9485714285714286,0.942431910915997
segment,exp,111,141,0.006282992019879766,0.9726708074534162,0.010410599673267337,0.9571428571428572,0.942505917273249
segment,exp,111,142,0.006396146488860354,0.9726708074534162,0.010723482584970323,0.9542857142857143,0.9424346344033816
segment,exp,111,143,0.0060662392752635465,0.9739130434782609,0.010493344262167035,0.9514285714285714,0.9422787292744421
segment,exp,111,144,0.006033296636240194,0.9739130434782609,0.010426253455633206,0.9514285714285714,0.9422360822092054
segment,exp,111,145,0.005909292100278825,0.9745341614906833,0.010517020990706416,0.9542857142857143,0.9421460459130322
segment,exp,111,146,0.0068332867071058375,0.9701863354037267,0.011244906974562568,0.9428571428571428,0.9419381099298293
segment,exp,111,147,0.006279313803728752,0.9751552795031055,0.01082173579785211,0.9514285714285714,0.9419759408919651
segment,exp,111,148,0.006134478007586752,0.9745341614906833,0.010623714316776934,0.9542857142857143,0.94202827248236
segment,exp,111,149,0.006956439160301343,0.9720496894409938,0.011308701221220808,0.9485714285714286,0.9442550931635153
segment,exp,111,150,0.005942626660071461,0.9739130434782609,0.010496310135295693,0.9542857142857143,0.9417311591801585
segment,exp,111,151,0.008112000557401513,0.9664596273291925,0.01241789190647188,0.9457142857142857,0.9421474337604548
segment,exp,111,152,0.006253155081668274,0.9739130434782609,0.01051934464396645,0.9542857142857143,0.9414034780368778
segment,exp,111,153,0.006111332100285611,0.9720496894409938,0.010559244895754282,0.9514285714285714,0.9412416202494993
segment,exp,111,154,0.005820894230511779,0.9726708074534162,0.010335079739957247,0.9571428571428572,0.9412782536744673
segment,exp,111,155,0.006390598495998426,0.9726708074534162,0.010695687607950428,0.9514285714285714,0.9425756535701589
segment,exp,111,156,0.006544675479807014,0.9701863354037267,0.01079885090595442,0.9514285714285714,0.9409373697806566
segment,exp,111,157,0.007476982004232911,0.9633540372670808,0.011655996365320276,0.9514285714285714,0.9414463959591809
segment,exp,111,158,0.005792034859394305,0.9739130434782609,0.010199154662838035,0.9542857142857143,0.9409050676640819
segment,exp,111,159,0.005667943963708587,0.9757763975155279,0.010120546629602803,0.9542857142857143,0.9407251038552031
segment,exp,111,160,0.005942320657169561,0.9745341614906833,0.010312595037606263,0.96,0.9407982234010808
segment,exp,111,161,0.01686269574036044,0.9254658385093167,0.018828161057483025,0.9228571428571428,0.9444738286465629
segment,exp,111,162,0.010447055418194956,0.9503105590062112,0.014287161902231078,0.9314285714285714,0.9411174535310576
segment,exp,111,163,0.006079163561468875,0.9726708074534162,0.010402442913427366,0.9571428571428572,0.9403876794629448
segment,exp,111,164,0.006550255456513163,0.9720496894409938,0.010902716223742632,0.9514285714285714,0.9407445719670718
segment,exp,111,165,0.005572126743406202,0.9763975155279503,0.010057076684067974,0.9542857142857143,0.9401440723955391
segment,exp,111,166,0.006061201386082718,0.9726708074534162,0.01047308725366612,0.9485714285714286,0.9403542711171711
segment,exp,111,167,0.005493466868790858,0.9763975155279503,0.010051311415740687,0.9514285714285714,0.9399845312287542
segment,exp,111,168,0.0066158992981523645,0.9745341614906833,0.010789459908430863,0.9485714285714286,0.9427651957245481
segment,exp,111,169,0.005591954133396905,0.9770186335403727,0.010017999396408685,0.96,0.9398761039962704
segment,exp,111,170,0.006309264325584214,0.9732919254658385,0.010819848154029666,0.9485714285714286,0.939756366754081
segment,exp,111,171,0.016148408667005523,0.929192546583851,0.019641087926215616,0.9114285714285715,0.9406654611905345
segment,exp,111,172,0.005442890144746951,0.977639751552795,0.010013450499841757,0.9542857142857143,0.9396579560137981
segment,exp,111,173,0.006004130856129917,0.9739130434782609,0.010478950847068142,0.9514285714285714,0.9397785285694835
segment,exp,111,174,0.005400110199534334,0.9782608695652174,0.010043789263196864,0.9514285714285714,0.9394255388278355
segment,exp,111,175,0.005478832224877581,0.9763975155279503,0.009977159881517096,0.9542857142857143,0.9393788777755707
segment,exp,111,176,0.015978611770433537,0.9304347826086956,0.019436631504058978,0.92,0.9402596655047362
segment,exp,111,177,0.005370219584224381,0.977639751552795,0.010001495138862795,0.9542857142857143,0.9392612387890625
segment,exp,111,178,0.007998738665889626,0.9645962732919254,0.012454099668261248,0.94,0.9401209411141532
segment,exp,111,179,0.005256478364425779,0.9788819875776398,0.009909429996101685,0.9542857142857143,0.9391629402700132
segment,exp,111,180,0.00566713335406995,0.9745341614906833,0.010173208826392282,0.9571428571428572,0.9390609906462715
segment,exp,111,181,0.005374893992265541,0.9763975155279503,0.010022295052986359,0.9514285714285714,0.940372302470556
segment,exp,111,182,0.005217464123012304,0.9795031055900622,0.009881432316829957,0.9542857142857143,0.9388439093259716
segment,exp,111,183,0.005196208419677871,0.9813664596273292,0.009860844461652727,0.9571428571428572,0.9387124807012179
segment,exp,111,184,0.005282239174971622,0.9763975155279503,0.00991200627990659,0.9542857142857143,0.9386373347906369
segment,exp,111,185,0.005344477743400306,0.9788819875776398,0.010187916727556243,0.9485714285714286,0.9389304404595037
segment,exp,111,186,0.005136823914370252,0.9795031055900622,0.00980815380814689,0.9514285714285714,0.9385255926586402
segment,exp,111,187,0.005448987349485291,0.9795031055900622,0.010223637295271386,0.9457142857142857,0.938508206416445
segment,exp,111,188,0.005112943823584973,0.9795031055900622,0.009735885391361717,0.9542857142857143,0.9383227617077468
segment,exp,111,189,0.005075898799577114,0.9795031055900622,0.009704647240404056,0.9514285714285714,0.9382646184244988
segment,exp,111,190,0.0055100949370589835,0.977639751552795,0.009963620511778227,0.96,0.9385753011744141
segment,exp,111,191,0.007441238158265083,0.9658385093167702,0.011475618969471258,0.9457142857142857,0.9383975088324321
segment,exp,111,192,0.005367980280959179,0.9751552795031055,0.010042721997118278,0.9571428571428572,0.9383022338202395
segment,exp,111,193,0.005274606806803425,0.9770186335403727,0.009826563263587364,0.9514285714285714,0.9381354442418679
segment,exp,111,194,0.004969270631126263,0.9807453416149068,0.009743963625148956,0.9514285714285714,0.9378940199533025
segment,exp,111,195,0.0049426219740331834,0.9795031055900622,0.00969690121436302,0.9514285714285714,0.9379121965451998
segment,exp,111,196,0.004989511901649695,0.9795031055900622,0.009795683224050982,0.9514285714285714,0.9377357195459763
segment,exp,111,197,0.006001598184491082,0.9745341614906833,0.010484907692015906,0.9457142857142857,0.9377967165792964
segment,exp,111,198,0.004965037781509957,0.9832298136645963,0.009809516720490895,0.9571428571428572,0.938816291065834
segment,exp,111,199,0.004859432085473628,0.9832298136645963,0.009826810036718338,0.9514285714285714,0.9376246752568476
segment,exp,111,200,0.004879991205239796,0.9813664596273292,0.009582559821604036,0.9571428571428572,0.937539479729772
segment,exp,111,201,0.005246135118054956,0.977639751552795,0.009884256400918364,0.9542857142857143,0.9377254634574337
segment,exp,111,202,0.005189977660333738,0.9801242236024845,0.009923531375027802,0.9485714285714286,0.9373021641395899
segment,exp,111,203,0.005082836197091322,0.9807453416149068,0.009998955113994946,0.9514285714285714,0.9373470926403115
segment,exp,111,204,0.004734412579051871,0.9801242236024845,0.009557041275226962,0.9514285714285714,0.93716987105003
segment,exp,111,205,0.0046994468581993375,0.9819875776397515,0.009489690833160024,0.9514285714285714,0.9371378925303593
segment,exp,111,206,0.006126983417307963,0.9763975155279503,0.010735711563886174,0.9514285714285714,0.937919983158634
segment,exp,111,207,0.004723459499429728,0.9813664596273292,0.009507955091208506,0.9514285714285714,0.9369523662582813
segment,exp,111,208,0.005490219650666372,0.9770186335403727,0.01025810377844937,0.9485714285714286,0.9370845975712955
segment,exp,111,209,0.004780976171963078,0.9807453416149068,0.009637230930187906,0.9514285714285714,0.9369084338454954
segment,exp,111,210,0.00466293085718336,0.9832298136645963,0.009468102937848395,0.9542857142857143,0.9369532614166257
segment,exp,111,211,0.004865553187494896,0.9832298136645963,0.009615231414053405,0.96,0.9372284299748114
segment,exp,111,212,0.004632601528941218,0.9819875776397515,0.009323824886506075,0.9514285714285714,0.9367931082902907
segment,exp,111,213,0.004832825139894482,0.977639751552795,0.009435075399643137,0.9571428571428572,0.936581081323906
segment,exp,111,214,0.005653985981010483,0.9795031055900622,0.010147207044270174,0.96,0.9375603260378231
segment,exp,111,215,0.005051797063264235,0.9782608695652174,0.009646158385850376,0.9542857142857143,0.9365882037242366
segment,exp,111,216,0.004548820050115576,0.9832298136645963,0.00930633939331184,0.9542857142857143,0.9363343447183993
segment,exp,111,217,0.00757926611266894,0.9683229813664597,0.01162117625172111,0.9514285714285714,0.9367003997089952
segment,exp,111,218,0.00476430788880673,0.9807453416149068,0.009516633248030818,0.9542857142857143,0.9361383849129089
segment,exp,111,219,0.004669960984352454,0.9826086956521739,0.009391366331146763,0.9542857142857143,0.9361002165505289
segment,exp,111,220,0.008669829992599945,0.9658385093167702,0.011755716540309422,0.9514285714285714,0.939149993969902
segment,exp,111,221,0.004452699349729099,0.9826086956521739,0.00931111071666163,0.9542857142857143,0.9359482724768502
segment,exp,111,222,0.004838231264002046,0.9801242236024845,0.009566384063689648,0.9514285714285714,0.9359873137274998
segment,exp,111,223,0.0043699741606412264,0.9838509316770186,0.009159380484702478,0.9571428571428572,0.9358074748246344
segment,exp,111,224,0.015539763352377731,0.9298136645962732,0.018981273741385727,0.92,0.9374150802499961
segment,exp,111,225,0.006629566662946267,0.9701863354037267,0.011233620389812932,0.9485714285714286,0.936237216393749
segment,exp,111,226,0.004613748038418204,0.9813664596273292,0.009387701776918039,0.9571428571428572,0.9357757908275143
segment,exp,111,227,0.0051024555221980475,0.9788819875776398,0.009866888346547134,0.9514285714285714,0.9358585696480195
segment,exp,111,228,0.004657490185691219,0.9813664596273292,0.00944257819514147,0.96,0.9361223804830373
segment,exp,111,229,0.004325672750772401,0.984472049689441,0.009046784601359725,0.9571428571428572,0.9353671148443423
segment,exp,111,230,0.00522410983138601,0.977639751552795,0.009698531837849337,0.9542857142857143,0.9353159063742319
segment,exp,111,231,0.004244105704641253,0.9850931677018634,0.008833606760447307,0.9571428571428572,0.9353475353509977
segment,exp,111,232,0.004619330552760027,0.9826086956521739,0.009272799801397965,0.9542857142857143,0.9351217904175925
segment,exp,111,233,0.004192866030416625,0.9838509316770186,0.00895901308153038,0.9571428571428572,0.9350814580308525
segment,exp,111,234,0.0047176238710450544,0.9801242236024845,0.00939830473939125,0.9542857142857143,0.9352334730882049
segment,exp,111,235,0.00413303706984609,0.9850931677018634,0.008908110000652609,0.96,0.93492258102616
segment,exp,111,236,0.007749469834238818,0.9627329192546584,0.012114738188836214,0.9457142857142857,0.9355196588739315
segment,exp,111,237,0.004272990387838726,0.9826086956521739,0.009109662049913649,0.9571428571428572,0.9348603426052249
segment,exp,111,238,0.004140393401473325,0.984472049689441,0.008989477208784995,0.9571428571428572,0.9347596642038325
segment,exp,111,239,0.004295438584433162,0.9869565217391304,0.009127737373271954,0.9542857142857143,0.9346683128538597
segment,exp,111,240,0.004608924327859765,0.984472049689441,0.009458189499139982,0.96,0.9347399407763199
segment,exp,111,241,0.0041045595499410335,0.9850931677018634,0.008929895874240402,0.9542857142857143,0.9345414737079915
segment,exp,111,242,0.005232102859909454,0.9819875776397515,0.009912144859819448,0.9571428571428572,0.9348507521027392
segment,exp,111,243,0.004114407797553671,0.9857142857142858,0.008876968866712581,0.9571428571428572,0.9344337147114524
segment,exp,111,244,0.00433057236520929,0.9826086956521739,0.008986799105412032,0.9542857142857143,0.9343535524462454
segment,exp,111,245,0.004146043689736803,0.9838509316770186,0.008860868760093076,0.9571428571428572,0.9345060294756864
segment,exp,111,246,0.004941442968594568,0.9819875776397515,0.00964498773628091,0.9571428571428572,0.9363890548103995
segment,exp,111,247,0.004331019436707003,0.9826086956521739,0.009043244091046235,0.9542857142857143,0.9341752229205557
segment,exp,111,248,0.00397885070783884,0.984472049689441,0.008813843345689711,0.9542857142857143,0.9340687828597638
segment,exp,111,249,0.0045493349485515215,0.9832298136645963,0.009180012979092668,0.9571428571428572,0.9347580207196614
segment,exp,111,250,0.004735748914961632,0.9832298136645963,0.009449001695809194,0.96,0.9360028245259427
segment,exp,111,251,0.0043479910201076255,0.9826086956521739,0.008975488724008503,0.9542857142857143,0.9338906510383493
segment,exp,111,252,0.004971242584634186,0.9819875776397515,0.009749310648643829,0.9571428571428572,0.9337571805201659
segment,exp,111,253,0.004760220261075778,0.9813664596273292,0.009305962844519945,0.9571428571428572,0.934347463641498
segment,exp,111,254,0.0039481767298189425,0.9857142857142858,0.008718912597698839,0.96,0.9336725497221254
segment,exp,111,255,0.0043614942697074235,0.9832298136645963,0.009198156270620686,0.9542857142857143,0.9336227379093828
segment,exp,111,256,0.0041229663485428175,0.986335403726708,0.00902082937815237,0.9485714285714286,0.9335394103549665
segment,exp,111,257,0.003983267042064868,0.984472049689441,0.00880534822392376,0.9542857142857143,0.9334797362692716
segment,exp,111,258,0.003880137880206248,0.9875776397515528,0.008720106075277114,0.9542857142857143,0.9333964907018868
segment,exp,111,259,0.003989450893962723,0.9838509316770186,0.00865760803944171,0.9542857142857143,0.9335029874559075
segment,exp,111,260,0.006493766350751304,0.970807453416149,0.01125603946169398,0.9485714285714286,0.9333963489386338
segment,exp,111,261,0.005905307927409027,0.977639751552795,0.010572639188854947,0.9514285714285714,0.9352841895844412
segment,exp,111,262,0.003968987924953216,0.9838509316770186,0.008714802650033864,0.9542857142857143,0.9333400850906988
segment,exp,111,263,0.00427153882096343,0.9807453416149068,0.00896149496457144,0.9542857142857143,0.9331069044034296
segment,exp,111,264,0.004441468161632793,0.9850931677018634,0.009205475174531245,0.96,0.9345401532564093
segment,exp,111,265,0.004224544381289778,0.9832298136645963,0.00914597721212781,0.96,0.9329828513155972
segment,exp,111,266,0.0039054026326474337,0.9857142857142858,0.008687659751190992,0.9542857142857143,0.9328439777536038
segment,exp,111,267,0.003891115967191999,0.984472049689441,0.00871749518267005,0.9542857142857143,0.93281303312114
segment,exp,111,268,0.006352815728999291,0.9745341614906833,0.010210021054610137,0.96,0.9338469379941983
segment,exp,111,269,0.004111760260912792,0.9819875776397515,0.008858305339620036,0.9542857142857143,0.9326630897915347
segment,exp,111,270,0.003773092554131717,0.9850931677018634,0.008787773843270529,0.9542857142857143,0.9325767267678442
segment,exp,111,271,0.003744824014045903,0.9869565217391304,0.008686807736348104,0.9542857142857143,0.9325235461848325
segment,exp,111,272,0.0038444410548479266,0.9875776397515528,0.00874759088608087,0.9542857142857143,0.9352227831016255
segment,exp,111,273,0.004039435959343696,0.9832298136645963,0.008840258901998792,0.9571428571428572,0.9325611790053925
segment,exp,111,274,0.003737223638584535,0.9850931677018634,0.008655421882474002,0.9542857142857143,0.9323679091716974
segment,exp,111,275,0.004157798763509237,0.9826086956521739,0.009033487457302371,0.9457142857142857,0.9323457881684547
segment,exp,111,276,0.0038693253367837843,0.9838509316770186,0.008723186717155395,0.9514285714285714,0.9322586338629417
segment,exp,111,277,0.004039578561905088,0.9826086956521739,0.008823170739216114,0.9514285714285714,0.9321618012958416
segment,exp,111,278,0.007194803515589913,0.9701863354037267,0.011968904685680966,0.9457142857142857,0.9326101924466204
segment,exp,111,279,0.005452542077034751,0.9782608695652174,0.010485388656768747,0.9514285714285714,0.9325995948958199
segment,exp,111,280,0.003713100666814995,0.9850931677018634,0.008710189439719934,0.9571428571428572,0.9320084281312603
segment,exp,111,281,0.0037642875932224246,0.9850931677018634,0.008694587670895492,0.9542857142857143,0.9319004257491278
segment,exp,111,282,0.0037096473879437955,0.986335403726708,0.008794144015894177,0.9542857142857143,0.9318502742854577
segment,exp,111,283,0.010916505750817533,0.9521739130434783,0.015253315918384287,0.9285714285714286,0.9332986172537705
segment,exp,111,284,0.0036199669534132724,0.9857142857142858,0.008624426356989635,0.9571428571428572,0.9317976005066847
segment,exp,111,285,0.0036916853426777058,0.9857142857142858,0.008645170156361588,0.9542857142857143,0.9316727884085089
segment,exp,111,286,0.0036092182997480605,0.9857142857142858,0.008760465527384898,0.9542857142857143,0.9316606733457191
segment,exp,111,287,0.003573283161018443,0.9857142857142858,0.008728203045581402,0.9542857142857143,0.9316147774334694
segment,exp,111,288,0.0037144089312498283,0.9857142857142858,0.00875618913817065,0.9571428571428572,0.9314480326684588
segment,exp,111,289,0.003553670370605702,0.986335403726708,0.008694932010876856,0.9542857142857143,0.9327565150158259
segment,exp,111,290,0.0038670422239269193,0.9838509316770186,0.00893424445698811,0.9514285714285714,0.9313756015490552
segment,exp,111,291,0.0036642296780977275,0.9857142857142858,0.008729291587315263,0.96,0.9314572166313031
segment,exp,111,292,0.009902069316464635,0.9540372670807453,0.01410429627349638,0.9285714285714286,0.9322324596795077
segment,exp,111,293,0.004178886654479935,0.9838509316770186,0.009097427541551246,0.96,0.9314556619832206
segment,exp,111,294,0.0036516701424788326,0.9869565217391304,0.008833179507870761,0.9571428571428572,0.9310866885240148
segment,exp,111,295,0.003668374611151185,0.986335403726708,0.008687417955867383,0.9542857142857143,0.9310999739647525
segment,exp,111,296,0.005561882075863173,0.9751552795031055,0.010688575255939296,0.9514285714285714,0.9315444079804326
segment,exp,111,297,0.004343208318299857,0.9788819875776398,0.009053613137895877,0.9514285714285714,0.9309476702341832
segment,exp,111,298,0.006970614105311636,0.9695652173913043,0.010782384144646216,0.9542857142857143,0.9314328452553229
segment,exp,111,299,0.003511244904940183,0.9875776397515528,0.008615667334234134,0.9571428571428572,0.9307736908136887
segment,exp,111,300,0.003490354852036699,0.9869565217391304,0.008571814015697747,0.9542857142857143,0.9307044293190567
segment,exp,111,301,0.0034370718397703764,0.9869565217391304,0.008571180932751686,0.9542857142857143,0.9306804556316065
segment,exp,111,302,0.003781478831562343,0.9826086956521739,0.008685527923889306,0.9542857142857143,0.9306023028933165
segment,exp,111,303,0.003805852202948432,0.986335403726708,0.008747684200766463,0.9571428571428572,0.9309389371929531
segment,exp,111,304,0.003507330499137903,0.9888198757763975,0.008714391314708992,0.9571428571428572,0.9304444402172954
segment,exp,111,305,0.004583377150663063,0.9801242236024845,0.00982530516917601,0.9485714285714286,0.9336847501592199
segment,exp,111,306,0.004665320016682459,0.9826086956521739,0.009995690171684477,0.9514285714285714,0.9307853162941895
segment,exp,111,307,0.003627485307817884,0.9857142857142858,0.008699912003407096,0.9542857142857143,0.9303651822473552
segment,exp,111,308,0.0036204650277320617,0.986335403726708,0.008648381153723735,0.9542857142857143,0.931419259832259
segment,exp,111,309,0.0036423953224273106,0.984472049689441,0.008641591706694469,0.9542857142857143,0.930242016088557
segment,exp,111,310,0.003417231804920625,0.9850931677018634,0.008558953608282792,0.9542857142857143,0.9301420911154351
segment,exp,111,311,0.003996333234091842,0.9832298136645963,0.008822638174935917,0.9542857142857143,0.9301841335062124
segment,exp,111,312,0.003961708585441322,0.9869565217391304,0.009082371330267708,0.9571428571428572,0.9306406888936937
segment,exp,111,313,0.0036184766669838633,0.9850931677018634,0.00884143413931265,0.9542857142857143,0.9299274371581207
segment,exp,111,314,0.0033261635125960915,0.986335403726708,0.008551941574527851,0.9542857142857143,0.9299809021389146
segment,exp,111,315,0.003975269039460074,0.9826086956521739,0.009256416483558988,0.9542857142857143,0.9309210414930408
segment,exp,111,316,0.003501038385178477,0.9857142857142858,0.008550368870159945,0.9571428571428572,0.9298532429460308
segment,exp,111,317,0.0033052577598739947,0.986335403726708,0.008492032267325552,0.9542857142857143,0.9297223499579415
segment,exp,111,318,0.003734665990872498,0.986335403726708,0.008708780515957986,0.9571428571428572,0.9320801282930933
segment,exp,111,319,0.00474203525714903,0.9807453416149068,0.010050280731572726,0.9571428571428572,0.9302299529184348
segment,exp,111,320,0.003717489779473026,0.984472049689441,0.008966025531080156,0.9514285714285714,0.9296572200474215
segment,exp,111,321,0.003859648283936843,0.9857142857142858,0.009258584549471772,0.96,0.9297784153720073
segment,exp,111,322,0.00350926102934583,0.986335403726708,0.008749997829245864,0.9542857142857143,0.9294365605278374
segment,exp,111,323,0.0033533749490704074,0.9850931677018634,0.00839027148759449,0.9571428571428572,0.9294297654543079
segment,exp,111,324,0.0036496442339385418,0.986335403726708,0.008812037900697971,0.9657142857142857,0.9310666644197014
segment,exp,111,325,0.003341172860620719,0.9881987577639751,0.00853152051178633,0.9571428571428572,0.9293361440485572
segment,exp,111,326,0.0032297234033822693,0.986335403726708,0.008449977698027189,0.9571428571428572,0.9292338625667769
segment,exp,111,327,0.003552045818939211,0.9838509316770186,0.00841536953789556,0.9571428571428572,0.9292099595862268
segment,exp,111,328,0.003490987922714404,0.9857142857142858,0.008755161802984614,0.9542857142857143,0.9291014070664726
segment,exp,111,329,0.0035515130203055733,0.986335403726708,0.008810567983253354,0.9542857142857143,0.9290515896132114
segment,exp,111,330,0.0033017727442480444,0.986335403726708,0.008369921953768596,0.9571428571428572,0.9290700475485661
segment,exp,111,331,0.003232925922302174,0.9869565217391304,0.008324584992549601,0.9542857142857143,0.9303887099481877
segment,exp,111,332,0.005314726605188501,0.9757763975155279,0.0096287634997805,0.9514285714285714,0.9293157261827869
segment,exp,111,333,0.003542475775016076,0.9838509316770186,0.008515180118937978,0.9542857142857143,0.9289033159739892
segment,exp,111,334,0.0035559350828672925,0.984472049689441,0.008713335489239575,0.9542857142857143,0.9302900346759235
segment,exp,111,335,0.0034309026359249134,0.9850931677018634,0.008492629304983975,0.9514285714285714,0.9287316265654528
segment,exp,111,336,0.003548969001039322,0.9850931677018634,0.008904294593876438,0.9542857142857143,0.9286623832215581
segment,exp,111,337,0.003239910158336462,0.9857142857142858,0.008408556858586443,0.9542857142857143,0.9286188567678024
segment,exp,111,338,0.008641165169348737,0.9596273291925466,0.013325626675567479,0.9314285714285714,0.9292700761515535
segment,exp,111,339,0.0032866312865711374,0.9857142857142858,0.008175452692897912,0.9571428571428572,0.9285371955365938
segment,exp,111,340,0.0031986488371880954,0.9875776397515528,0.008317000959550031,0.9571428571428572,0.9284897644093955
segment,exp,111,341,0.004448693924538121,0.9782608695652174,0.008942621817396435,0.9542857142857143,0.9286141666526032
segment,exp,111,342,0.003300930473896312,0.9875776397515528,0.008318254744805957,0.9571428571428572,0.9285225766292631
segment,exp,111,343,0.0032114732261922015,0.9857142857142858,0.008289485399465083,0.96,0.9284050932653287
segment,exp,111,344,0.003184034473461082,0.9850931677018634,0.008188239521158913,0.9571428571428572,0.9283185019021951
segment,exp,111,345,0.0032673583675612624,0.9850931677018634,0.008266548993991396,0.9571428571428572,0.9282871160492662
segment,exp,111,346,0.003128945098907233,0.9857142857142858,0.008185116541569108,0.9542857142857143,0.9281814371077093
segment,exp,111,347,0.0036270361317892173,0.9869565217391304,0.00882058129761383,0.9571428571428572,0.9290611483721396
segment,exp,111,348,0.0032459198880400893,0.9857142857142858,0.008233663309127868,0.9571428571428572,0.9281415302732591
segment,exp,111,349,0.003194024519572772,0.9850931677018634,0.008249523804924618,0.9571428571428572,0.9281162458732305
segment,exp,111,350,0.007630960191325927,0.9627329192546584,0.012206069490693935,0.9428571428571428,0.92919223904862
segment,exp,112,1,0.10677493090240141,0.4335403726708075,0.10497661169658538,0.44285714285714284,0.990279254295518
segment,exp,112,2,0.08623822563725288,0.4254658385093168,0.08496172976886682,0.43142857142857144,0.9881262359788624
segment,exp,112,3,0.08263318391251101,0.6142857142857143,0.08159221949875897,0.6285714285714286,0.9855524313461387
segment,exp,112,4,0.04333688574774254,0.8149068322981367,0.04316203266760991,0.8171428571428572,0.9777549534287556
segment,exp,112,5,0.03277000946295564,0.8807453416149068,0.033269135573484876,0.8828571428571429,0.9752382949035341
segment,exp,112,6,0.029904887915609125,0.8819875776397516,0.03002103132927141,0.8885714285714286,0.9752119854339135
segment,exp,112,7,0.02548494776419602,0.924223602484472,0.026979296095912233,0.9114285714285715,0.9733930518344502
segment,exp,112,8,0.02881221281823473,0.8639751552795031,0.029120349654833462,0.8714285714285714,0.9728616465542308
segment,exp,112,9,0.02263151206064326,0.9267080745341615,0.02428101145693674,0.9114285714285715,0.969986098456107
segment,exp,112,10,0.02094913850962778,0.9118012422360249,0.021981958879140572,0.9114285714285715,0.9683221497936898
segment,exp,112,11,0.01849236630686617,0.9316770186335404,0.01974717492942426,0.9228571428571428,0.9684424744092145
segment,exp,112,12,0.01913493682277143,0.9316770186335404,0.020986024409424382,0.9142857142857143,0.9683406446508759
segment,exp,112,13,0.022502008920888522,0.9049689440993789,0.023777181974697623,0.9057142857142857,0.970420525558465
segment,exp,112,14,0.02313247774805381,0.9037267080745341,0.02517407044480308,0.8742857142857143,0.969026651223008
segment,exp,112,15,0.017667792693737173,0.9304347826086956,0.019505284404299404,0.9228571428571428,0.9666562928089528
segment,exp,112,16,0.024501332886546517,0.906832298136646,0.026565010835185206,0.8971428571428571,0.9684810791937037
segment,exp,112,17,0.016528483438083292,0.9347826086956522,0.01834242293775086,0.9171428571428571,0.965923165797155
segment,exp,112,18,0.01730813213811581,0.9236024844720497,0.0183894572429517,0.9171428571428571,0.963973277490794
segment,exp,112,19,0.017595935951983162,0.9329192546583851,0.020004591613026236,0.92,0.9643091612722222
segment,exp,112,20,0.016666984550927896,0.9385093167701863,0.018997292308082055,0.9285714285714286,0.9636166211991692
segment,exp,112,21,0.015163326612545562,0.937888198757764,0.01684234429986954,0.9257142857142857,0.9625568121607512
segment,exp,112,22,0.015145101334656847,0.9366459627329192,0.01722092818809383,0.9171428571428571,0.9628024540127091
segment,exp,112,23,0.014880183572948937,0.9434782608695652,0.01669075093974614,0.9342857142857143,0.9621161366632006
segment,exp,112,24,0.023775826503715403,0.9074534161490683,0.026860010267416506,0.8857142857142857,0.962593864371606
segment,exp,112,25,0.016184230173341516,0.9335403726708075,0.019453922021765338,0.9228571428571428,0.9623860491336834
segment,exp,112,26,0.014380838309931443,0.9453416149068323,0.016678950075398945,0.9371428571428572,0.9609241471454386
segment,exp,112,27,0.018709218006654052,0.9173913043478261,0.0217292523041599,0.9,0.9614763461927636
segment,exp,112,28,0.01610610176843184,0.9322981366459627,0.018382780010613074,0.9228571428571428,0.9617804186428573
segment,exp,112,29,0.013642532189057532,0.9403726708074535,0.015718725399696012,0.9257142857142857,0.96137278546374
segment,exp,112,30,0.01338424783632874,0.9472049689440993,0.015529538340767111,0.9371428571428572,0.9610690131696366
segment,exp,112,31,0.013278690889687774,0.9391304347826087,0.015699732702113976,0.9285714285714286,0.9591465283368144
segment,exp,112,32,0.013841002523954241,0.9366459627329192,0.015803313752854344,0.9285714285714286,0.9589499224920969
segment,exp,112,33,0.012891100141324777,0.9422360248447205,0.015254545822168782,0.9228571428571428,0.9587561532536976
segment,exp,112,34,0.013101295242228053,0.9422360248447205,0.015314765984008608,0.9285714285714286,0.9584778335182818
segment,exp,112,35,0.012756356253130386,0.9403726708074535,0.014950505943726627,0.9285714285714286,0.9583670672149338
segment,exp,112,36,0.015784151961112394,0.9409937888198758,0.017313996925036407,0.9285714285714286,0.9615367078082737
segment,exp,112,37,0.021281115242079044,0.9074534161490683,0.02448691213683379,0.8885714285714286,0.9588424869066683
segment,exp,112,38,0.012275888842603097,0.9515527950310559,0.014835831024566544,0.9371428571428572,0.9573690540473344
segment,exp,112,39,0.015217674952958341,0.9304347826086956,0.0181878126952233,0.9171428571428571,0.9603108644996837
segment,exp,112,40,0.01460432116969263,0.9316770186335404,0.018077748244300463,0.9228571428571428,0.9598156558075626
segment,exp,112,41,0.015518237395856694,0.9285714285714286,0.017129248638817762,0.9171428571428571,0.9591976786835171
segment,exp,112,42,0.01334615024434819,0.9465838509316771,0.016466497727508207,0.9342857142857143,0.9603101828449876
segment,exp,112,43,0.011748628353277994,0.9509316770186336,0.013899666918493526,0.9371428571428572,0.9576630939694409
segment,exp,112,44,0.011493580419251427,0.9515527950310559,0.014291564900270544,0.9371428571428572,0.9559606598421011
segment,exp,112,45,0.013383619665370678,0.9347826086956522,0.015195272959905757,0.9257142857142857,0.9568846749264374
segment,exp,112,46,0.014475725945987915,0.9322981366459627,0.01762750358949589,0.9142857142857143,0.9574015778195876
segment,exp,112,47,0.01247819868535391,0.9490683229813665,0.015028643172327863,0.9314285714285714,0.9565799457164178
segment,exp,112,48,0.024304908818653922,0.8906832298136645,0.02726403444445377,0.8771428571428571,0.9567434056168763
segment,exp,112,49,0.015318277500095708,0.9273291925465839,0.016874586984715303,0.9228571428571428,0.955427358467243
segment,exp,112,50,0.011599569178406802,0.9440993788819876,0.013934380309137342,0.9285714285714286,0.9569946294919395
segment,exp,112,51,0.01114423539837121,0.9509316770186336,0.014092885618991071,0.9342857142857143,0.9547854437044926
segment,exp,112,52,0.013538273008085,0.9360248447204969,0.017002080090691898,0.92,0.9548400945124602
segment,exp,112,53,0.015771424081094616,0.9229813664596274,0.01940202568641507,0.9085714285714286,0.9551346130003546
segment,exp,112,54,0.011239022517715986,0.9453416149068323,0.014183432635130057,0.9314285714285714,0.9543259516491384
segment,exp,112,55,0.010938342492846045,0.9521739130434783,0.013956916358270234,0.9285714285714286,0.9546458773624432
segment,exp,112,56,0.014098163407007213,0.9509316770186336,0.017227355650982316,0.9342857142857143,0.9559484641329095
segment,exp,112,57,0.010919167953094793,0.9540372670807453,0.013735640748431742,0.9371428571428572,0.9547856283601117
segment,exp,112,58,0.013710209833881725,0.9329192546583851,0.01548201384972853,0.9285714285714286,0.9559965937445314
segment,exp,112,59,0.012395126803912726,0.937888198757764,0.01451666357477092,0.9314285714285714,0.9532950073542408
segment,exp,112,60,0.010887624236083419,0.9484472049689441,0.01371162347000249,0.9342857142857143,0.9532312699070199
segment,exp,112,61,0.010352962600015147,0.9546583850931677,0.013895970403908178,0.9342857142857143,0.9529711200780566
segment,exp,112,62,0.011251742620849058,0.9527950310559006,0.014049719602565415,0.9285714285714286,0.9555397522255291
segment,exp,112,63,0.010254914322623848,0.9540372670807453,0.01315129830732207,0.9371428571428572,0.9523601565683913
segment,exp,112,64,0.010742585483334429,0.9484472049689441,0.013722226058290151,0.9371428571428572,0.952741602632839
segment,exp,112,65,0.011737797911081522,0.9484472049689441,0.014194818047819175,0.94,0.9538322948691895
segment,exp,112,66,0.010686070299754982,0.9540372670807453,0.013982332440006278,0.9342857142857143,0.9531441938941003
segment,exp,112,67,0.011155009088909897,0.9472049689440993,0.013729574395931326,0.9371428571428572,0.9519040334501692
segment,exp,112,68,0.010808017898047646,0.9527950310559006,0.014057417290874653,0.9314285714285714,0.9533385152112337
segment,exp,112,69,0.009911435447632642,0.9577639751552796,0.013042629033532312,0.9371428571428572,0.9515518098456436
segment,exp,112,70,0.010888318931236944,0.9565217391304348,0.013782097151862328,0.9342857142857143,0.9531085058467359
segment,exp,112,71,0.010022398129139961,0.9577639751552796,0.013036002532531461,0.9342857142857143,0.952607968372901
segment,exp,112,72,0.011080863433724069,0.9559006211180124,0.013707930844927205,0.94,0.9538015020276557
segment,exp,112,73,0.013254285128899462,0.9354037267080745,0.015406594107554707,0.9257142857142857,0.9528507495220467
segment,exp,112,74,0.009808648120408436,0.9577639751552796,0.012641915853706727,0.9428571428571428,0.9517548622780605
segment,exp,112,75,0.010511138407408393,0.9515527950310559,0.013214502685670601,0.9428571428571428,0.9505712173352387
segment,exp,112,76,0.012612827789954987,0.9440993788819876,0.01562872178751472,0.9342857142857143,0.9508473645681809
segment,exp,112,77,0.009355889502650799,0.9602484472049689,0.012437566933946128,0.94,0.952798524811643
segment,exp,112,78,0.009693218378292729,0.9577639751552796,0.012500128328725447,0.9428571428571428,0.9502897646962768
segment,exp,112,79,0.009363329573503304,0.9590062111801242,0.012425410382266409,0.94,0.9506294022746198
segment,exp,112,80,0.009951665214763053,0.9559006211180124,0.01286684612262466,0.94,0.951328115280865
segment,exp,112,81,0.010879883064770583,0.953416149068323,0.014049635531674935,0.9342857142857143,0.9507062919201271
segment,exp,112,82,0.010963531122240055,0.9521739130434783,0.014229446728909129,0.9314285714285714,0.9503681399362525
segment,exp,112,83,0.009401934466596673,0.9608695652173913,0.012639587248861633,0.94,0.9496254160738791
segment,exp,112,84,0.009470390925638346,0.962111801242236,0.01282580520985013,0.94,0.9503302886703993
segment,exp,112,85,0.01118641707504779,0.9503105590062112,0.014150284784614048,0.94,0.94986986482367
segment,exp,112,86,0.009331372034703973,0.9596273291925466,0.012428008486021692,0.9371428571428572,0.9491786355197169
segment,exp,112,87,0.008826498692958623,0.9639751552795031,0.012193240992332065,0.9428571428571428,0.9485574238627599
segment,exp,112,88,0.012501300630125733,0.9440993788819876,0.015158290034156804,0.9371428571428572,0.950485650119281
segment,exp,112,89,0.008614165215411333,0.9633540372670808,0.01190113026699596,0.9428571428571428,0.9496289238292157
segment,exp,112,90,0.012215022785373023,0.9440993788819876,0.014726017442446518,0.9285714285714286,0.9488601575035469
segment,exp,112,91,0.009461979563192039,0.9614906832298137,0.013128227617872927,0.9342857142857143,0.9503721138989405
segment,exp,112,92,0.008866365271324395,0.9633540372670808,0.012734379225188533,0.9371428571428572,0.9483001999352666
segment,exp,112,93,0.015943760842302274,0.9298136645962732,0.017903015589746635,0.9342857142857143,0.9499198446797353
segment,exp,112,94,0.008402498254411443,0.9633540372670808,0.011835399352893945,0.94,0.9475012934058805
segment,exp,112,95,0.010490679620565897,0.9472049689440993,0.01404728183591257,0.9285714285714286,0.948283080384112
segment,exp,112,96,0.012030990715752355,0.9440993788819876,0.014250117601690142,0.9485714285714286,0.9480652299452457
segment,exp,112,97,0.008197679196677965,0.9658385093167702,0.011702941698366257,0.94,0.9470215572692318
segment,exp,112,98,0.008156427315438504,0.9658385093167702,0.011691686728848754,0.9428571428571428,0.9468890780476905
segment,exp,112,99,0.008636624863696162,0.9670807453416149,0.012114324616216213,0.9457142857142857,0.9473557675665905
segment,exp,112,100,0.008245683850556008,0.9639751552795031,0.011704019297883193,0.9428571428571428,0.9466631896798176
segment,exp,112,101,0.009632631147578116,0.9565217391304348,0.013119721845337235,0.9342857142857143,0.9467900179408395
segment,exp,112,102,0.00808336883678368,0.9645962732919254,0.01157682911297955,0.94,0.9463537918441505
segment,exp,112,103,0.009335837143484037,0.9608695652173913,0.01242999682483713,0.9457142857142857,0.9468809245892397
segment,exp,112,104,0.007990266172628432,0.9664596273291925,0.01158041971514357,0.94,0.946254694402591
segment,exp,112,105,0.00966662400666741,0.9596273291925466,0.013125869796087836,0.9457142857142857,0.949251313369347
segment,exp,112,106,0.007958137572505818,0.9664596273291925,0.01164356736369839,0.9485714285714286,0.9470915220218084
segment,exp,112,107,0.009263710690770612,0.9627329192546584,0.012497009495038356,0.9457142857142857,0.9464211344412142
segment,exp,112,108,0.00884008294544597,0.962111801242236,0.012522557036511194,0.9428571428571428,0.9454032654735655
segment,exp,112,109,0.010657806335053916,0.9503105590062112,0.014287676433644123,0.9314285714285714,0.947821382200457
segment,exp,112,110,0.008279250104423843,0.9639751552795031,0.01142547071262814,0.9485714285714286,0.9457631572053765
segment,exp,112,111,0.010564804250642717,0.9515527950310559,0.013260047391649668,0.9428571428571428,0.9455328678614154
segment,exp,112,112,0.008497728798815095,0.9652173913043478,0.011601335848536119,0.9428571428571428,0.9464791258652735
segment,exp,112,113,0.007679112969910609,0.9677018633540373,0.011092838751206738,0.9485714285714286,0.9448146207109275
segment,exp,112,114,0.010820166822219247,0.9515527950310559,0.013362283556868733,0.9485714285714286,0.9453315694317952
segment,exp,112,115,0.007566739030308482,0.9695652173913043,0.011111049871556741,0.9457142857142857,0.944553744144452
segment,exp,112,116,0.007798270879914549,0.9677018633540373,0.011375494444950464,0.9514285714285714,0.9460735214395152
segment,exp,112,117,0.007621877096454124,0.9652173913043478,0.01130776604557401,0.9457142857142857,0.9442975044642062
segment,exp,112,118,0.008751022502162349,0.9645962732919254,0.011970122093113097,0.9514285714285714,0.9455639767439842
segment,exp,112,119,0.0074035301084560455,0.970807453416149,0.011118968305248417,0.9485714285714286,0.9442257951549418
segment,exp,112,120,0.007504584709108176,0.9726708074534162,0.011176959005534122,0.9571428571428572,0.9453097120265748
segment,exp,112,121,0.007952199047388808,0.968944099378882,0.011423837459400732,0.9542857142857143,0.9438705934143303
segment,exp,112,122,0.009056385431707954,0.9645962732919254,0.012864326475091252,0.9514285714285714,0.9440672055994354
segment,exp,112,123,0.007005312579346259,0.9726708074534162,0.011035753468417337,0.9514285714285714,0.9434849834291739
segment,exp,112,124,0.022705284776323633,0.8993788819875776,0.025020249098020215,0.8885714285714286,0.9458008352589037
segment,exp,112,125,0.007405994523838638,0.9714285714285714,0.011351553522706065,0.9542857142857143,0.9433251405748205
segment,exp,112,126,0.007338725857090283,0.9720496894409938,0.011207873366428119,0.9514285714285714,0.9430331838191859
segment,exp,112,127,0.006920470597467485,0.9751552795031055,0.01081911558376827,0.9571428571428572,0.9429590591620345
segment,exp,112,128,0.007240394917376974,0.970807453416149,0.011272158825478752,0.9485714285714286,0.9429177446489284
segment,exp,112,129,0.007531982865500272,0.9683229813664597,0.011517023427633794,0.9457142857142857,0.9427366934838155
segment,exp,112,130,0.0066521883376276505,0.9726708074534162,0.010698853592560505,0.9514285714285714,0.9425027391652157
segment,exp,112,131,0.007000364358384011,0.9720496894409938,0.011044978369032591,0.9514285714285714,0.943847102745499
segment,exp,112,132,0.007841702065439712,0.9652173913043478,0.011593383545095537,0.9485714285714286,0.9425696427126923
segment,exp,112,133,0.006571962739094724,0.9714285714285714,0.010582880348692774,0.9514285714285714,0.9421910255374231
segment,exp,112,134,0.006696369872286228,0.9739130434782609,0.010650986062017339,0.9514285714285714,0.9420239606303038
segment,exp,112,135,0.006523400515355768,0.9739130434782609,0.01057873951244935,0.9514285714285714,0.941882902038409
segment,exp,112,136,0.006685214335684605,0.9726708074534162,0.010756509524263859,0.9514285714285714,0.9418256223716112
segment,exp,112,137,0.006445503971071514,0.9739130434782609,0.010614840714666203,0.9542857142857143,0.9456597253856787
segment,exp,112,138,0.0064685069423892445,0.9726708074534162,0.010573481546654719,0.9514285714285714,0.9417950316004807
segment,exp,112,139,0.00646931172966359,0.9720496894409938,0.010693980686610089,0.9485714285714286,0.9415216465630151
segment,exp,112,140,0.006523046769563537,0.9745341614906833,0.010670396649710645,0.9514285714285714,0.9413367594726008
segment,exp,112,141,0.006703872778134837,0.9720496894409938,0.010559929233129105,0.9542857142857143,0.9418768342626088
segment,exp,112,142,0.008394145648890712,0.9596273291925466,0.012200735801384092,0.9457142857142857,0.9414310754249138
segment,exp,112,143,0.007158791477382017,0.9695652173913043,0.011079141486899124,0.9514285714285714,0.9421795710956755
segment,exp,112,144,0.006440429667143421,0.9739130434782609,0.010446288196362499,0.9485714285714286,0.9408646477958686
segment,exp,112,145,0.009057609621187864,0.9645962732919254,0.012505173440256524,0.9457142857142857,0.9417185118189113
segment,exp,112,146,0.006235920990637169,0.9732919254658385,0.010404143476401383,0.9514285714285714,0.9406171936562735
segment,exp,112,147,0.006362950778047891,0.9745341614906833,0.010572320012991306,0.9514285714285714,0.9405349859412199
segment,exp,112,148,0.006303650925454561,0.9732919254658385,0.010340337323901057,0.9514285714285714,0.9404143478792938
segment,exp,112,149,0.006204467926348379,0.9757763975155279,0.010287580292576272,0.9514285714285714,0.9403370435927516
segment,exp,112,150,0.011906578983362297,0.9428571428571428,0.015119900457243625,0.9314285714285714,0.9416149708642222
segment,exp,112,151,0.006331453684772573,0.9745341614906833,0.01030454524693771,0.9542857142857143,0.9400825949717553
segment,exp,112,152,0.008757542256851682,0.9627329192546584,0.012225629984926004,0.9542857142857143,0.9411846726020016
segment,exp,112,153,0.006501619172135076,0.9726708074534162,0.010581375145231574,0.9542857142857143,0.940149702278852
segment,exp,112,154,0.0060133784348723835,0.9745341614906833,0.010223177083432152,0.9514285714285714,0.939749829468011
segment,exp,112,155,0.007409997151095555,0.968944099378882,0.011418528242982845,0.9514285714285714,0.9398308068187209
segment,exp,112,156,0.006082536355052788,0.9757763975155279,0.010344616664780485,0.9542857142857143,0.9411303342819611
segment,exp,112,157,0.006178285795962358,0.9720496894409938,0.010441083495620559,0.9485714285714286,0.939414602853991
segment,exp,112,158,0.0060346366746690736,0.9763975155279503,0.010179518083864176,0.9542857142857143,0.9407102568530964
segment,exp,112,159,0.00887800500403279,0.9608695652173913,0.012760688055966474,0.94,0.9402293462188318
segment,exp,112,160,0.020826198803551278,0.9093167701863354,0.023293201273461926,0.9028571428571428,0.9404133309606241
segment,exp,112,161,0.0058426570428166975,0.9757763975155279,0.010168292233452744,0.9514285714285714,0.9389870314554003
segment,exp,112,162,0.005829916914670333,0.9745341614906833,0.010146920906357352,0.9514285714285714,0.9390534699069265
segment,exp,112,163,0.0149565105551553,0.9372670807453416,0.0175418307503578,0.9342857142857143,0.939888302297927
segment,exp,112,164,0.006095150000705598,0.9745341614906833,0.010350454367269684,0.9514285714285714,0.9386930894645695
segment,exp,112,165,0.006093749826932516,0.977639751552795,0.01059388300416629,0.9514285714285714,0.9388574701618548
segment,exp,112,166,0.005932314911377605,0.9763975155279503,0.010438696643326847,0.9542857142857143,0.9387681005941053
segment,exp,112,167,0.00573827373176701,0.9757763975155279,0.010151692810464071,0.9514285714285714,0.9383723133508292
segment,exp,112,168,0.00580863553468778,0.9770186335403727,0.010255222820259178,0.9485714285714286,0.938409466610298
segment,exp,112,169,0.006573154798719475,0.9720496894409938,0.010846021029235375,0.9514285714285714,0.9385855855864964
segment,exp,112,170,0.005727294085467646,0.9757763975155279,0.01007501945330963,0.9514285714285714,0.9381032208311689
segment,exp,112,171,0.006561631260937204,0.9726708074534162,0.010748048334964413,0.9514285714285714,0.9383025919826926
segment,exp,112,172,0.0060696405803569945,0.9751552795031055,0.010615940971337248,0.9514285714285714,0.9384169426894517
segment,exp,112,173,0.006148703049027967,0.9732919254658385,0.010504133805177418,0.9485714285714286,0.9380874237055288
segment,exp,112,174,0.005567525915546002,0.9770186335403727,0.009990024010020982,0.9542857142857143,0.9377366812877022
segment,exp,112,175,0.005590603717135781,0.9745341614906833,0.010025587403289325,0.9485714285714286,0.937643949023723
segment,exp,112,176,0.006537555361119707,0.970807453416149,0.010746444334200985,0.9457142857142857,0.9379008870670972
segment,exp,112,177,0.0056607627274394634,0.9732919254658385,0.010156452793063226,0.9485714285714286,0.937549844864919
segment,exp,112,178,0.00560093219477883,0.9757763975155279,0.010034143693981049,0.9542857142857143,0.9374781512489284
segment,exp,112,179,0.005580819979193604,0.9763975155279503,0.010063684935255376,0.9514285714285714,0.937560253502416
segment,exp,112,180,0.009497010092236384,0.953416149068323,0.013273847359858856,0.94,0.9377640758900725
segment,exp,112,181,0.0061709137883936074,0.9739130434782609,0.010269827414957163,0.9571428571428572,0.9379096109142158
segment,exp,112,182,0.005658226650479462,0.9745341614906833,0.01013900026197047,0.9514285714285714,0.9370222370419427
segment,exp,112,183,0.005445765602397704,0.9770186335403727,0.010015506960837535,0.9542857142857143,0.9371206376797803
segment,exp,112,184,0.005560060223889415,0.9751552795031055,0.010169965070604057,0.9514285714285714,0.9371720757766316
segment,exp,112,185,0.005390065550955355,0.9763975155279503,0.010026612029015452,0.9514285714285714,0.9367527719426133
segment,exp,112,186,0.005488738254277478,0.9770186335403727,0.010017045387467923,0.9542857142857143,0.9380304987020514
segment,exp,112,187,0.006412694716427754,0.9726708074534162,0.01073377310612289,0.9571428571428572,0.9387422354981498
segment,exp,112,188,0.015426187458840477,0.9322981366459627,0.018586503932708456,0.9228571428571428,0.9380130928407738
segment,exp,112,189,0.005793639404682679,0.9757763975155279,0.010239133691082421,0.9542857142857143,0.936460206500352
segment,exp,112,190,0.005370326507325568,0.977639751552795,0.0099464898377321,0.9542857142857143,0.9362815021608841
segment,exp,112,191,0.0053754515679283275,0.9763975155279503,0.009887567553800634,0.9485714285714286,0.9362754623234727
segment,exp,112,192,0.005521883071332384,0.9770186335403727,0.010048049594928502,0.9571428571428572,0.9361396186095168
segment,exp,112,193,0.007924305924602004,0.9614906832298137,0.012156976951595398,0.9457142857142857,0.9377736829275174
segment,exp,112,194,0.0064595648839140905,0.9701863354037267,0.010833117598914645,0.9571428571428572,0.9361207822438844
segment,exp,112,195,0.005253264262248375,0.9782608695652174,0.009796206651292199,0.9542857142857143,0.9358782251571165
segment,exp,112,196,0.005992224455706417,0.9720496894409938,0.010530541062156838,0.9514285714285714,0.9359946859734714
segment,exp,112,197,0.00523895209225307,0.9770186335403727,0.0098868773807636,0.9514285714285714,0.9357473434923756
segment,exp,112,198,0.013653480158392597,0.9372670807453416,0.01693066509306107,0.9257142857142857,0.9363042591307943
segment,exp,112,199,0.005158561927346877,0.9819875776397515,0.00981851703094989,0.9571428571428572,0.9355668259387553
segment,exp,112,200,0.009459517438218705,0.9602484472049689,0.013060913153811254,0.9514285714285714,0.9358847523545198
segment,exp,112,201,0.006176201079208839,0.9720496894409938,0.010473404210177175,0.9542857142857143,0.935371173787533
segment,exp,112,202,0.005122978407456272,0.9801242236024845,0.009783459118545558,0.9542857142857143,0.9365819316891648
segment,exp,112,203,0.005193731683456153,0.9782608695652174,0.00988491842996973,0.9542857142857143,0.935319306061832
segment,exp,112,204,0.0051906761768441,0.9782608695652174,0.009739470412417565,0.9542857142857143,0.9352001334543456
segment,exp,112,205,0.005158662793631938,0.9782608695652174,0.009809632875137544,0.9542857142857143,0.9350445954625628
segment,exp,112,206,0.005149082002576963,0.9795031055900622,0.009852553914636424,0.9571428571428572,0.9350751889904131
segment,exp,112,207,0.005594017572221441,0.9739130434782609,0.010142319273983801,0.9542857142857143,0.934977930593647
segment,exp,112,208,0.005249348382797439,0.9782608695652174,0.009887334341175303,0.9571428571428572,0.9348324253099374
segment,exp,112,209,0.005034358300954601,0.9788819875776398,0.00966456049143669,0.9542857142857143,0.9349585518790463
segment,exp,112,210,0.011879496508221746,0.9472049689440993,0.014794211589249854,0.9314285714285714,0.9366272779940962
segment,exp,112,211,0.0049918991006840255,0.9801242236024845,0.009770267547940779,0.9542857142857143,0.9345886024693364
segment,exp,112,212,0.006911571676476597,0.9726708074534162,0.011195533251553352,0.9542857142857143,0.9397081872656986
segment,exp,112,213,0.005309301237517026,0.977639751552795,0.010017329697029398,0.9542857142857143,0.9345230707761601
segment,exp,112,214,0.0052129980819332535,0.9788819875776398,0.010007807130634452,0.9542857142857143,0.9343170041265414
segment,exp,112,215,0.005242030034104417,0.9770186335403727,0.010083358709974434,0.9514285714285714,0.9342819622041965
segment,exp,112,216,0.0049004090462650566,0.9795031055900622,0.009725536241687184,0.9542857142857143,0.9341667823739993
segment,exp,112,217,0.007308974940417095,0.962111801242236,0.011847978615299947,0.9457142857142857,0.9344072830221655
segment,exp,112,218,0.004886135237627567,0.9807453416149068,0.00979237656612978,0.9542857142857143,0.9340020324984805
segment,exp,112,219,0.009366261144875002,0.9602484472049689,0.01280159107906966,0.9485714285714286,0.9347997932282633
segment,exp,112,220,0.005189260589112207,0.9757763975155279,0.010143086500674806,0.9542857142857143,0.9339308129139987
segment,exp,112,221,0.0048322906212288925,0.9801242236024845,0.00973012304483464,0.9571428571428572,0.933779460972761
segment,exp,112,222,0.004958395161546465,0.9782608695652174,0.009869752932432004,0.9542857142857143,0.9337572715214433
segment,exp,112,223,0.008919547028256607,0.9590062111801242,0.012769075612704036,0.9485714285714286,0.9341101811362786
segment,exp,112,224,0.005342466690268013,0.977639751552795,0.010055658068010159,0.9571428571428572,0.9349825842922689
segment,exp,112,225,0.004870923387263824,0.9782608695652174,0.009736304152793031,0.9542857142857143,0.9334501777930635
segment,exp,112,226,0.004928478009749333,0.9801242236024845,0.00978849202335612,0.9542857142857143,0.934832494725086
segment,exp,112,227,0.0049269348289552786,0.9782608695652174,0.009787079722016237,0.9542857142857143,0.9333343132772834
segment,exp,112,228,0.004905420765370661,0.9788819875776398,0.009798955278192783,0.9571428571428572,0.9346255343267545
segment,exp,112,229,0.005225133204481009,0.9770186335403727,0.010104044162829747,0.9514285714285714,0.933287273253196
segment,exp,112,230,0.004723288807685357,0.9801242236024845,0.009722404177114176,0.9571428571428572,0.9330538289928512
segment,exp,112,231,0.004748356193756209,0.9801242236024845,0.009750080779561993,0.9571428571428572,0.9330062637840632
segment,exp,112,232,0.004850143495178702,0.9813664596273292,0.009866183829508032,0.9571428571428572,0.9331115307468992
segment,exp,112,233,0.004877509635004372,0.9782608695652174,0.010170547284020823,0.9571428571428572,0.9332386017489396
segment,exp,112,234,0.0047476912551696416,0.9801242236024845,0.009783210887155745,0.9542857142857143,0.933048547303068
segment,exp,112,235,0.004657427575176612,0.9801242236024845,0.009716570157009765,0.9571428571428572,0.9340639200105016
segment,exp,112,236,0.004897224492917369,0.9782608695652174,0.009817725861893896,0.9542857142857143,0.9341145616803808
segment,exp,112,237,0.005048520314341753,0.977639751552795,0.010017321611906976,0.9542857142857143,0.9325314453735585
segment,exp,112,238,0.0047342960445558475,0.9788819875776398,0.009771690893795234,0.9542857142857143,0.9325231360443682
segment,exp,112,239,0.00492485450128164,0.977639751552795,0.01008193949793476,0.9542857142857143,0.9329165513189278
segment,exp,112,240,0.004694413584761144,0.9807453416149068,0.009745596235954059,0.9571428571428572,0.9323115315440759
segment,exp,112,241,0.005179641914219476,0.9763975155279503,0.010090383931289948,0.9514285714285714,0.9322871635044347
segment,exp,112,242,0.005559718635955228,0.9770186335403727,0.010657358224154322,0.9571428571428572,0.9345721661711861
segment,exp,112,243,0.004804667900156426,0.9807453416149068,0.009899865596178186,0.9542857142857143,0.9322706975112248
segment,exp,112,244,0.00455300677250163,0.9807453416149068,0.009622151714018003,0.96,0.932219973608102
segment,exp,112,245,0.00507984508015098,0.9782608695652174,0.010054958490821836,0.9542857142857143,0.9332754322261863
segment,exp,112,246,0.004792169276265794,0.9788819875776398,0.009822720897265548,0.9542857142857143,0.9333621068972299
segment,exp,112,247,0.004832364959359949,0.9770186335403727,0.009820501344799325,0.9571428571428572,0.9333045046696162
segment,exp,112,248,0.004565907626811788,0.9795031055900622,0.009644816244731727,0.9571428571428572,0.9331135478332632
segment,exp,112,249,0.0045624008257866035,0.9795031055900622,0.00966708464267484,0.9542857142857143,0.9317293614243561
segment,exp,112,250,0.004663718558556083,0.9801242236024845,0.009699786109278163,0.9571428571428572,0.9315931507448697
segment,exp,112,251,0.004516636959634186,0.9801242236024845,0.009721421859666636,0.9571428571428572,0.9316048414727793
segment,exp,112,252,0.005039068575203529,0.9763975155279503,0.010164490745767108,0.9542857142857143,0.9317619493939844
segment,exp,112,253,0.004517537561343479,0.9801242236024845,0.009669769307754006,0.9571428571428572,0.9314558090880684
segment,exp,112,254,0.007189922372771584,0.9639751552795031,0.01234992968499519,0.9485714285714286,0.9319116574237883
segment,exp,112,255,0.004509731194938706,0.9826086956521739,0.009678035375511032,0.96,0.9327907188487147
segment,exp,112,256,0.0051483264212889976,0.9770186335403727,0.010113575965668812,0.9542857142857143,0.9312515476259459
segment,exp,112,257,0.004524374845678545,0.9807453416149068,0.009724137133679556,0.96,0.9311451709664359
segment,exp,112,258,0.004440635173236109,0.9801242236024845,0.009720108025978027,0.9571428571428572,0.9310796316002464
segment,exp,112,259,0.00525555832079206,0.9757763975155279,0.010536081388111157,0.9542857142857143,0.931248016657805
segment,exp,112,260,0.004467406889585897,0.9795031055900622,0.009767499160973454,0.9571428571428572,0.9309552392684546
segment,exp,112,261,0.004986097561300241,0.9782608695652174,0.010218985323901988,0.9514285714285714,0.9309874273204733
segment,exp,112,262,0.004446349993833063,0.9813664596273292,0.00978246817198791,0.9571428571428572,0.9308255331534794
segment,exp,112,263,0.004568676597951692,0.9807453416149068,0.009908527513673542,0.9571428571428572,0.9307892733142683
segment,exp,112,264,0.004463637511190711,0.9826086956521739,0.009871114122537087,0.9571428571428572,0.930688873750459
segment,exp,112,265,0.005330110495034528,0.977639751552795,0.010662129801373054,0.9571428571428572,0.9311315050386798
segment,exp,112,266,0.0047055748525515586,0.9788819875776398,0.00999189619304532,0.9542857142857143,0.9305440644564603
segment,exp,112,267,0.004808975460462881,0.9782608695652174,0.010024277227063184,0.9485714285714286,0.9307323938843922
segment,exp,112,268,0.0043107525445352166,0.9826086956521739,0.009638212380624431,0.9571428571428572,0.9304368819096647
segment,exp,112,269,0.005951461876420665,0.9726708074534162,0.0107579931640393,0.9514285714285714,0.9320806459126001
segment,exp,112,270,0.004382191288114136,0.9801242236024845,0.009698670332950611,0.9571428571428572,0.9304341286748087
segment,exp,112,271,0.00460348702278676,0.9795031055900622,0.009964487123598091,0.9571428571428572,0.9302475688818064
segment,exp,112,272,0.0047902121112422475,0.9782608695652174,0.010159839536689363,0.9542857142857143,0.930151562709785
segment,exp,112,273,0.0042664121267881085,0.9807453416149068,0.009643127552554469,0.9571428571428572,0.9302580755292398
segment,exp,112,274,0.005564844260631186,0.9770186335403727,0.010555221162109888,0.9485714285714286,0.930465961114705
segment,exp,112,275,0.00444753282457104,0.9819875776397515,0.009837248875225696,0.9571428571428572,0.9300834512260214
segment,exp,112,276,0.004253857476851754,0.9819875776397515,0.009657075637556441,0.9571428571428572,0.9299561214806673
segment,exp,112,277,0.005371605498098479,0.9726708074534162,0.01022029097752338,0.9542857142857143,0.9315878159042531
segment,exp,112,278,0.004665945922853872,0.9782608695652174,0.009900735445453904,0.9514285714285714,0.9298839211464436
segment,exp,112,279,0.004708736332223133,0.9770186335403727,0.010031141898864785,0.9542857142857143,0.9298230678350833
segment,exp,112,280,0.005844721240339327,0.9739130434782609,0.01113559639879456,0.9542857142857143,0.9300162631936724
segment,exp,112,281,0.004410823616071787,0.9826086956521739,0.009878257341645573,0.9542857142857143,0.929866038135952
segment,exp,112,282,0.004399117673129243,0.9788819875776398,0.009873395651099664,0.9485714285714286,0.9296189665211646
segment,exp,112,283,0.007117223655344293,0.9664596273291925,0.011686500537214558,0.9457142857142857,0.9298927052116243
segment,exp,112,284,0.004300262140994088,0.9813664596273292,0.009615721624366315,0.9571428571428572,0.9296158335066396
segment,exp,112,285,0.004210037782926801,0.9801242236024845,0.009657056322922786,0.9514285714285714,0.9293605001264018
segment,exp,112,286,0.004392509586926316,0.9807453416149068,0.009859027389417994,0.9542857142857143,0.9292363671741876
segment,exp,112,287,0.0042870918154171095,0.9801242236024845,0.009652666971823083,0.9542857142857143,0.9306733334998176
segment,exp,112,288,0.004277823849623285,0.9807453416149068,0.009678594336158962,0.96,0.9292466114615471
segment,exp,112,289,0.005484314301022871,0.9751552795031055,0.010912131106810954,0.9485714285714286,0.9301379890551361
segment,exp,112,290,0.004198216276977208,0.9807453416149068,0.009659100245528584,0.9542857142857143,0.9291252273108251
segment,exp,112,291,0.004277079720054157,0.9801242236024845,0.009763635684745664,0.9514285714285714,0.9289707720651638
segment,exp,112,292,0.004266320501991284,0.9819875776397515,0.009799847105139498,0.9571428571428572,0.928908053646521
segment,exp,112,293,0.004235792542706674,0.9801242236024845,0.009702287151900637,0.9542857142857143,0.9288671956870503
segment,exp,112,294,0.004573198845417808,0.9788819875776398,0.009948478595830063,0.9514285714285714,0.9289481247781862
segment,exp,112,295,0.004488703218092413,0.9795031055900622,0.010064152369876258,0.9542857142857143,0.9287133444246864
segment,exp,112,296,0.004086023240920833,0.9832298136645963,0.009610670574584129,0.96,0.9286678789733096
segment,exp,112,297,0.006638172557935405,0.9683229813664597,0.011308789831627489,0.9485714285714286,0.9294711180311891
segment,exp,112,298,0.004233921940247539,0.9795031055900622,0.009733720870587551,0.9514285714285714,0.928555589723905
segment,exp,112,299,0.004117163789736869,0.9819875776397515,0.009765601178689928,0.9571428571428572,0.9285581314999333
segment,exp,112,300,0.004997914243466879,0.9770186335403727,0.010577054961554935,0.9571428571428572,0.9284435273447138
segment,exp,112,301,0.005892003905487081,0.9726708074534162,0.010738160483560726,0.9485714285714286,0.9286703148283673
segment,exp,112,302,0.008978809215798201,0.9540372670807453,0.014084796398770744,0.9342857142857143,0.9301900281640127
segment,exp,112,303,0.004475650023147847,0.9795031055900622,0.009790880829810217,0.9514285714285714,0.9283557880297175
segment,exp,112,304,0.011822912945736484,0.9521739130434783,0.015292700448462183,0.9371428571428572,0.9293654436159324
segment,exp,112,305,0.00971876880553076,0.9577639751552796,0.013361020132022143,0.9457142857142857,0.9290782478989553
segment,exp,112,306,0.004430496308579569,0.9782608695652174,0.009734590320948842,0.9485714285714286,0.9280787611501133
segment,exp,112,307,0.0041332443951754925,0.9788819875776398,0.009662014537212351,0.9514285714285714,0.9280054700352521
segment,exp,112,308,0.004663896007552385,0.977639751552795,0.010150790982069868,0.9485714285714286,0.9279955376865583
segment,exp,112,309,0.00399128655876029,0.9819875776397515,0.009701912990312695,0.96,0.9278754510699272
segment,exp,112,310,0.003964673603047404,0.9832298136645963,0.009638661505638543,0.96,0.9278240647384245
segment,exp,112,311,0.004048858778958704,0.9807453416149068,0.009701039142340679,0.9542857142857143,0.9277857375968509
segment,exp,112,312,0.004811521699835141,0.977639751552795,0.010137468500028227,0.9514285714285714,0.9293509665742256
segment,exp,112,313,0.003971110648094435,0.9826086956521739,0.009569626752026775,0.9542857142857143,0.9277904858740373
segment,exp,112,314,0.00418437210262348,0.9795031055900622,0.00973345195059354,0.9542857142857143,0.9277295768270725
segment,exp,112,315,0.004589219352007727,0.9788819875776398,0.010113321465588637,0.9485714285714286,0.9279081676654598
segment,exp,112,316,0.004325219650338128,0.9795031055900622,0.009765428963512549,0.9542857142857143,0.9275497799451501
segment,exp,112,317,0.003948208027974576,0.9807453416149068,0.009517533029825373,0.9542857142857143,0.9276298656513196
segment,exp,112,318,0.00846356169454359,0.962111801242236,0.012726173179474595,0.9457142857142857,0.9291018942805506
segment,exp,112,319,0.008629167730342795,0.9571428571428572,0.013224558117900308,0.9457142857142857,0.9288057972661641
segment,exp,112,320,0.00771572460820362,0.9639751552795031,0.012538387433566393,0.9485714285714286,0.9278911051727294
segment,exp,112,321,0.004048548877553929,0.9813664596273292,0.00976680331545027,0.96,0.9275001261449598
segment,exp,112,322,0.004308606940005104,0.9782608695652174,0.01000586863036413,0.9485714285714286,0.9273498298714261
segment,exp,112,323,0.004032870281730752,0.9813664596273292,0.009712698431120171,0.9571428571428572,0.9270599697053297
segment,exp,112,324,0.003890373970265505,0.9826086956521739,0.00955725972815436,0.96,0.9270614978105978
segment,exp,112,325,0.00397523439994396,0.9801242236024845,0.00961398917485317,0.9542857142857143,0.9271137558537561
segment,exp,112,326,0.004025418460471927,0.9807453416149068,0.0095278592526766,0.9542857142857143,0.9270725963943396
segment,exp,112,327,0.003953841237073941,0.9838509316770186,0.009607458872736677,0.9571428571428572,0.9268495070921803
segment,exp,112,328,0.003911948084966003,0.9807453416149068,0.009534231583566316,0.9542857142857143,0.926863786206608
segment,exp,112,329,0.00402970697846435,0.9807453416149068,0.009648781913170876,0.9485714285714286,0.9283878837122813
segment,exp,112,330,0.004886433354780896,0.9770186335403727,0.010434697051355987,0.9571428571428572,0.9267623775773323
segment,exp,112,331,0.003868311939107089,0.9832298136645963,0.009477217047679483,0.9571428571428572,0.9267992500387815
segment,exp,112,332,0.003912853489637496,0.9819875776397515,0.009544771766126007,0.9542857142857143,0.9266362121454315
segment,exp,112,333,0.008099020530308967,0.9590062111801242,0.012928925729532916,0.9457142857142857,0.9267585889282338
segment,exp,112,334,0.003891014903073723,0.9832298136645963,0.009470477222184366,0.9628571428571429,0.926515206304547
segment,exp,112,335,0.004000575399669443,0.9801242236024845,0.00951926598865482,0.9542857142857143,0.9264611878335368
segment,exp,112,336,0.003863094938745739,0.9807453416149068,0.009455194251562982,0.9571428571428572,0.9263783921983418
segment,exp,112,337,0.003870753262657021,0.9838509316770186,0.009542129192162244,0.9542857142857143,0.9263163198735275
segment,exp,112,338,0.004012423177502352,0.9807453416149068,0.009578473048817699,0.9571428571428572,0.9264465809987698
segment,exp,112,339,0.004125778975333142,0.9832298136645963,0.009654590514821022,0.9571428571428572,0.9293504806180349
segment,exp,112,340,0.00404584142177953,0.9807453416149068,0.009616603276776242,0.9514285714285714,0.9261666462986952
segment,exp,112,341,0.00483119595877662,0.9763975155279503,0.010156106747845436,0.9485714285714286,0.9264448264487367
segment,exp,112,342,0.004449131711259454,0.9795031055900622,0.010098466130869576,0.9514285714285714,0.926217989251014
segment,exp,112,343,0.003805219046816555,0.9826086956521739,0.00946150871453509,0.9542857142857143,0.9260343113847057
segment,exp,112,344,0.006783856888645753,0.9639751552795031,0.012138412906478794,0.9485714285714286,0.9266456040262406
segment,exp,112,345,0.0046646500733125,0.9751552795031055,0.009763194338956532,0.9542857142857143,0.9265481163802477
segment,exp,112,346,0.004289807449101972,0.9801242236024845,0.009973468622985978,0.9571428571428572,0.9260494904663442
segment,exp,112,347,0.003754087117209886,0.984472049689441,0.009432113333245756,0.96,0.9258190605558836
segment,exp,112,348,0.0037456109661803605,0.9819875776397515,0.00937847006077386,0.9542857142857143,0.9257572129063146
segment,exp,112,349,0.0037953942601195423,0.9826086956521739,0.009448328185727667,0.9514285714285714,0.9257173134237344
segment,exp,112,350,0.004204077009925161,0.9807453416149068,0.009872744287560672,0.9571428571428572,0.9256831756489413
segment,exp,113,1,0.1304064073559956,0.2857142857142857,0.1294260350672923,0.2857142857142857,0.9932557105768212
segment,exp,113,2,0.08935547558655962,0.5372670807453416,0.0888015342816121,0.54,0.9871666451398456
segment,exp,113,3,0.06350055773089043,0.6434782608695652,0.06236241263474732,0.6714285714285714,0.9835469482422508
segment,exp,113,4,0.0531044580534072,0.7211180124223603,0.05142406704002802,0.7257142857142858,0.980099705013415
segment,exp,113,5,0.0499882857627507,0.8006211180124223,0.0504772695622354,0.7771428571428571,0.9791178878052139
segment,exp,113,6,0.02753944266654617,0.9062111801242236,0.028003262526355616,0.9057142857142857,0.9720010171922557
segment,exp,113,7,0.026353254570478213,0.9149068322981366,0.027482215404561208,0.9,0.9728235392412659
segment,exp,113,8,0.02388129661527027,0.9074534161490683,0.025082580016829097,0.9057142857142857,0.9706494008358095
segment,exp,113,9,0.022948452411307076,0.9080745341614906,0.023368891075114757,0.9057142857142857,0.9723155380221665
segment,exp,113,10,0.022181150489350744,0.9236024844720497,0.023864982238630286,0.9114285714285715,0.968924958421166
segment,exp,113,11,0.021517050539414172,0.9111801242236025,0.022504807704552668,0.9114285714285715,0.9691042593253522
segment,exp,113,12,0.028026942384755317,0.8677018633540373,0.02817016177361164,0.88,0.9706514981309246
segment,exp,113,13,0.01855308021599185,0.929192546583851,0.0200059446944684,0.9142857142857143,0.9657643253475813
segment,exp,113,14,0.02019033298986414,0.9149068322981366,0.02066106026576027,0.9085714285714286,0.9672284026511919
segment,exp,113,15,0.017340620788887286,0.9285714285714286,0.018399472580388217,0.92,0.9646000888118247
segment,exp,113,16,0.018407405298168793,0.9322981366459627,0.020713951866852563,0.9314285714285714,0.9648382892598923
segment,exp,113,17,0.016886340743594602,0.9372670807453416,0.01881825208497172,0.9285714285714286,0.9658454727452588
segment,exp,113,18,0.022924096288916354,0.9062111801242236,0.025748540250203837,0.8828571428571429,0.9649888905800642
segment,exp,113,19,0.022539164441130285,0.9118012422360249,0.025438312050788153,0.8857142857142857,0.9657568470763398
segment,exp,113,20,0.021152309152771408,0.9037267080745341,0.021868292242934607,0.9057142857142857,0.9632942915908733
segment,exp,113,21,0.016296093476821722,0.931055900621118,0.01774045297795867,0.92,0.9619177346515132
segment,exp,113,22,0.015027726994364252,0.9397515527950311,0.016996232847965066,0.9228571428571428,0.9644999386536192
segment,exp,113,23,0.014838731017356886,0.9366459627329192,0.01660388763542419,0.9257142857142857,0.9610240207890554
segment,exp,113,24,0.014946965508215719,0.9360248447204969,0.01710271061441636,0.9285714285714286,0.9613554656636271
segment,exp,113,25,0.018872896544768356,0.9130434782608695,0.01987549382085996,0.9085714285714286,0.9611584475533556
segment,exp,113,26,0.018005445145394424,0.9347826086956522,0.020713242198682775,0.9257142857142857,0.9607928111888534
segment,exp,113,27,0.014491537213767416,0.9409937888198758,0.01676286812578676,0.9314285714285714,0.9599922297169076
segment,exp,113,28,0.014290893681816144,0.9366459627329192,0.016062590468343504,0.9257142857142857,0.9600688389433383
segment,exp,113,29,0.01484370236878527,0.9335403726708075,0.01645205010505043,0.92,0.9613402465122429
segment,exp,113,30,0.014584935310426657,0.9354037267080745,0.016327380255076334,0.9257142857142857,0.9588994917878231
segment,exp,113,31,0.014193175651148337,0.9366459627329192,0.015813760528204282,0.9257142857142857,0.9586284640179165
segment,exp,113,32,0.013287799985623381,0.9409937888198758,0.01540165550336425,0.9285714285714286,0.9599200965485554
segment,exp,113,33,0.013841799388959266,0.9372670807453416,0.016296018276407552,0.9257142857142857,0.9601104018394412
segment,exp,113,34,0.016242689135325186,0.9236024844720497,0.01913326272180684,0.92,0.9598160770177929
segment,exp,113,35,0.013129249403802806,0.9472049689440993,0.01551877108596077,0.9314285714285714,0.9576504944789522
segment,exp,113,36,0.012798442270031126,0.9391304347826087,0.015008487361317841,0.9285714285714286,0.9573170218142397
segment,exp,113,37,0.01648670875013237,0.9285714285714286,0.019550264832887427,0.92,0.957325711370803
segment,exp,113,38,0.013447311825364665,0.9434782608695652,0.015257127648504608,0.9285714285714286,0.9585873376378418
segment,exp,113,39,0.014466811174454804,0.9329192546583851,0.016151062904513052,0.9257142857142857,0.957655854875333
segment,exp,113,40,0.013674392089954404,0.9465838509316771,0.016603627704909796,0.9314285714285714,0.9587866985154364
segment,exp,113,41,0.012149742722011591,0.9440993788819876,0.014584583042801337,0.9314285714285714,0.9558097432804286
segment,exp,113,42,0.014190074667146646,0.9366459627329192,0.016057270610302543,0.9228571428571428,0.9575473578387832
segment,exp,113,43,0.01472705923045629,0.9366459627329192,0.016557024391956707,0.9257142857142857,0.9575234799414708
segment,exp,113,44,0.011981605237440828,0.9428571428571428,0.014288597481962748,0.9342857142857143,0.9552485418691077
segment,exp,113,45,0.014000137593349372,0.9347826086956522,0.016919416459459102,0.92,0.9557707075691138
segment,exp,113,46,0.012034624138951303,0.9422360248447205,0.014683756180281612,0.92,0.9547404811895465
segment,exp,113,47,0.011334013135028171,0.9515527950310559,0.014196366836530042,0.9342857142857143,0.9545366454951059
segment,exp,113,48,0.01244283104683577,0.9397515527950311,0.01473913246099163,0.9228571428571428,0.9543564294829181
segment,exp,113,49,0.01274849026721268,0.9416149068322981,0.014873314403413064,0.9228571428571428,0.9554297424560568
segment,exp,113,50,0.012690139791720146,0.9453416149068323,0.015858432782763075,0.9285714285714286,0.9548973597816651
segment,exp,113,51,0.024834199612858848,0.8875776397515528,0.02776922965953014,0.8857142857142857,0.9547178015000961
segment,exp,113,52,0.011394479706141424,0.9459627329192547,0.014045109976832493,0.9342857142857143,0.9536662811174996
segment,exp,113,53,0.011038458426294471,0.9478260869565217,0.013760771047193145,0.9314285714285714,0.9531716263687745
segment,exp,113,54,0.010958301216219407,0.9559006211180124,0.014583362570532077,0.9371428571428572,0.9535233700515042
segment,exp,113,55,0.013647400471999065,0.9416149068322981,0.01562866144490145,0.9314285714285714,0.9562662509830296
segment,exp,113,56,0.011268610803777324,0.9546583850931677,0.014228337744138926,0.94,0.9543677698076192
segment,exp,113,57,0.010838162718962954,0.9527950310559006,0.013738181228706663,0.9342857142857143,0.9528688576515524
segment,exp,113,58,0.01102710007863127,0.9478260869565217,0.013743234058885877,0.9342857142857143,0.9521110922684995
segment,exp,113,59,0.011208093723220753,0.9509316770186336,0.01391599958122703,0.9257142857142857,0.9529593935322509
segment,exp,113,60,0.011764568880232862,0.9465838509316771,0.014289152331036002,0.9342857142857143,0.9532290752917771
segment,exp,113,61,0.010073013536133223,0.9552795031055901,0.013225102204079188,0.9342857142857143,0.9517028112456896
segment,exp,113,62,0.010851586301515797,0.9552795031055901,0.014421354790267214,0.9342857142857143,0.9515809512263985
segment,exp,113,63,0.010382586590095656,0.9552795031055901,0.013851361158099913,0.9285714285714286,0.9514635550413636
segment,exp,113,64,0.009863034520733326,0.9552795031055901,0.01310728741767418,0.9342857142857143,0.9510315344979818
segment,exp,113,65,0.01053778960418403,0.9540372670807453,0.013535307332165071,0.9428571428571428,0.9519268717692295
segment,exp,113,66,0.009989855866791266,0.9571428571428572,0.013423378977193865,0.9371428571428572,0.9511984370652155
segment,exp,113,67,0.010052223911150565,0.9565217391304348,0.013032425644070459,0.9285714285714286,0.9504843852597125
segment,exp,113,68,0.00958821493412017,0.9590062111801242,0.01278440835586418,0.9342857142857143,0.9516826255987199
segment,exp,113,69,0.009536682899836802,0.9602484472049689,0.012729587505851191,0.9342857142857143,0.9500783481119305
segment,exp,113,70,0.010362572869875155,0.953416149068323,0.013738297329674007,0.9314285714285714,0.9536774044002534
segment,exp,113,71,0.009681840584964574,0.962111801242236,0.012936734135064375,0.9371428571428572,0.9499250288171708
segment,exp,113,72,0.009835887113665667,0.9577639751552796,0.01292269445897684,0.9314285714285714,0.9497862181970879
segment,exp,113,73,0.00986025947952816,0.9614906832298137,0.012948294287582568,0.9428571428571428,0.9495926991394434
segment,exp,113,74,0.009192428882237962,0.9627329192546584,0.012463853181651314,0.94,0.9498897762335211
segment,exp,113,75,0.009083897243204884,0.9614906832298137,0.012331370081411087,0.94,0.9490134999862139
segment,exp,113,76,0.009573302189303717,0.9583850931677018,0.012687823629456972,0.9457142857142857,0.9497306199578738
segment,exp,113,77,0.010972188336879579,0.9552795031055901,0.01438094611341026,0.9285714285714286,0.9489190441716486
segment,exp,113,78,0.009424157846770972,0.9590062111801242,0.012931605376209543,0.9371428571428572,0.9488795262309309
segment,exp,113,79,0.008950103159807607,0.9614906832298137,0.012185208192205145,0.9428571428571428,0.9483899203581022
segment,exp,113,80,0.00948175892133445,0.9658385093167702,0.012543380516649908,0.9457142857142857,0.948836875516431
segment,exp,113,81,0.010616947366174414,0.9490683229813665,0.014075993912888494,0.94,0.9487506463090534
segment,exp,113,82,0.016049394862976945,0.9322981366459627,0.017117875038660885,0.9371428571428572,0.9501172516146144
segment,exp,113,83,0.00876078607981189,0.9639751552795031,0.011319844029610842,0.9514285714285714,0.9479172842819179
segment,exp,113,84,0.00878479718502331,0.9633540372670808,0.011627682994075345,0.9485714285714286,0.9476220814712996
segment,exp,113,85,0.008459050067621036,0.9639751552795031,0.011652234284244993,0.9457142857142857,0.9474580449506215
segment,exp,113,86,0.00853289340836742,0.9664596273291925,0.011414850484733709,0.9485714285714286,0.9508290118338463
segment,exp,113,87,0.008740452338747222,0.9633540372670808,0.011943507763933086,0.9457142857142857,0.9471241641595055
segment,exp,113,88,0.008668400143472586,0.9627329192546584,0.01162046502647178,0.9542857142857143,0.9497591576224388
segment,exp,113,89,0.009796913054933366,0.9583850931677018,0.012533587740963928,0.9514285714285714,0.9472097299736563
segment,exp,113,90,0.01092807694983827,0.9515527950310559,0.013124969460093235,0.9485714285714286,0.9483781746215982
segment,exp,113,91,0.008253770277687113,0.9645962732919254,0.011092646559092655,0.9485714285714286,0.9466721668171088
segment,exp,113,92,0.011778413325680687,0.9472049689440993,0.013500032565740916,0.9457142857142857,0.9480782034552763
segment,exp,113,93,0.009653481937057989,0.9645962732919254,0.012282632757855001,0.9514285714285714,0.9496729325451303
segment,exp,113,94,0.00797007888156782,0.9670807453416149,0.011188343313563602,0.9514285714285714,0.9460749477705656
segment,exp,113,95,0.007874955884252273,0.9670807453416149,0.011094186356411928,0.9514285714285714,0.9479460967575254
segment,exp,113,96,0.007815489673793342,0.9683229813664597,0.010936262036577583,0.9514285714285714,0.9457806406683466
segment,exp,113,97,0.00804177585117165,0.9670807453416149,0.01101960597717668,0.9542857142857143,0.9457460527384367
segment,exp,113,98,0.007884253623075217,0.9652173913043478,0.011141839033425903,0.9485714285714286,0.9457368608808673
segment,exp,113,99,0.008068128504308285,0.9658385093167702,0.0109846743206052,0.9514285714285714,0.9453995342702032
segment,exp,113,100,0.019797246771546245,0.9124223602484473,0.022729434475611814,0.9028571428571428,0.9472714529580859
segment,exp,113,101,0.00778941020043019,0.9677018633540373,0.010732170422609157,0.9514285714285714,0.945290618985208
segment,exp,113,102,0.008870930236933496,0.9658385093167702,0.011949330035645992,0.9514285714285714,0.9459690673208545
segment,exp,113,103,0.00955132883366192,0.9577639751552796,0.011625530301701804,0.9514285714285714,0.9452584436402643
segment,exp,113,104,0.008692113519978988,0.9614906832298137,0.011225633545222559,0.9514285714285714,0.9449150962997515
segment,exp,113,105,0.008925372869981879,0.9590062111801242,0.012341236756117254,0.9485714285714286,0.9453682402179814
segment,exp,113,106,0.01340577202676433,0.9372670807453416,0.016759017445874207,0.92,0.9450779716838104
segment,exp,113,107,0.00807845700303417,0.9639751552795031,0.011371521811677523,0.9485714285714286,0.9443362505227042
segment,exp,113,108,0.0075061490900907605,0.968944099378882,0.010738172375899243,0.9485714285714286,0.9442596358082029
segment,exp,113,109,0.007623134499503184,0.9695652173913043,0.010880575750637337,0.9485714285714286,0.9442565746287157
segment,exp,113,110,0.007282841429286586,0.9677018633540373,0.010558821829186245,0.9542857142857143,0.943945801822174
segment,exp,113,111,0.007704032361552327,0.9664596273291925,0.0111203419336938,0.9514285714285714,0.9439585109289609
segment,exp,113,112,0.007118677264539976,0.970807453416149,0.010356149314040587,0.9514285714285714,0.9435071950829064
segment,exp,113,113,0.007524001706143363,0.9695652173913043,0.010523783958547408,0.9514285714285714,0.9456456298299108
segment,exp,113,114,0.007071266653503629,0.970807453416149,0.010262572300144983,0.9542857142857143,0.9431676588280613
segment,exp,113,115,0.007052302673111582,0.9701863354037267,0.010267122911150704,0.9514285714285714,0.9433025822954907
segment,exp,113,116,0.007096887152537852,0.9714285714285714,0.010631028793320695,0.9542857142857143,0.942946485992448
segment,exp,113,117,0.006952193056403115,0.970807453416149,0.010283569903758838,0.9485714285714286,0.9429370336508784
segment,exp,113,118,0.007300939646608078,0.9677018633540373,0.010721750561205244,0.9485714285714286,0.9427573398337573
segment,exp,113,119,0.008895995868399571,0.9583850931677018,0.01087219279134092,0.9514285714285714,0.9444717295311806
segment,exp,113,120,0.0075592889968188115,0.9732919254658385,0.010318752989717484,0.9542857142857143,0.9438882269791369
segment,exp,113,121,0.006874786563109979,0.9714285714285714,0.010260529551720264,0.9571428571428572,0.9422537026347404
segment,exp,113,122,0.007052505374616288,0.9695652173913043,0.01023204408052645,0.9514285714285714,0.9421792975825342
segment,exp,113,123,0.007886663585438207,0.9677018633540373,0.010932191503425172,0.9485714285714286,0.9424857679522078
segment,exp,113,124,0.008787948228874324,0.9559006211180124,0.012241845913091926,0.9485714285714286,0.9420319601730692
segment,exp,113,125,0.006879346750966995,0.970807453416149,0.010476086413515207,0.9514285714285714,0.9419223805593201
segment,exp,113,126,0.010004452776312107,0.9552795031055901,0.013021378981937172,0.9457142857142857,0.9443999844642751
segment,exp,113,127,0.007113744104586756,0.9683229813664597,0.010378890944944154,0.9571428571428572,0.9417676690369163
segment,exp,113,128,0.00693729209266501,0.9695652173913043,0.010113326742553962,0.9514285714285714,0.9414458851734786
segment,exp,113,129,0.0081914316402132,0.962111801242236,0.010911916010056059,0.9514285714285714,0.941461870499509
segment,exp,113,130,0.0068188081482421425,0.9695652173913043,0.01044365930236796,0.9514285714285714,0.9413417908678103
segment,exp,113,131,0.007076950855452316,0.9677018633540373,0.010740268583536262,0.9514285714285714,0.9413478187855876
segment,exp,113,132,0.006993478107401658,0.968944099378882,0.010377123271856853,0.9485714285714286,0.9411307534956321
segment,exp,113,133,0.006526523219832238,0.9726708074534162,0.01026287361744219,0.9542857142857143,0.9409078894502168
segment,exp,113,134,0.010568755406875142,0.9527950310559006,0.013348396843297543,0.9485714285714286,0.9418603982651608
segment,exp,113,135,0.016154485598600873,0.9273291925465839,0.019216449043265724,0.92,0.9418325282898411
segment,exp,113,136,0.010555579911236224,0.9546583850931677,0.01309394783177907,0.9371428571428572,0.9410771476987382
segment,exp,113,137,0.006471753698695577,0.9726708074534162,0.010130015973580708,0.9485714285714286,0.9403854469607983
segment,exp,113,138,0.00855529980131134,0.9627329192546584,0.011141141808203168,0.9514285714285714,0.941138101867908
segment,exp,113,139,0.006478532237321516,0.9726708074534162,0.010011691378206596,0.9514285714285714,0.9402046754572719
segment,exp,113,140,0.006449575904181865,0.9726708074534162,0.010164405587544306,0.9571428571428572,0.9401661251934821
segment,exp,113,141,0.00704155490684338,0.968944099378882,0.010167217413587204,0.9514285714285714,0.9403311389229455
segment,exp,113,142,0.012798940295595135,0.9397515527950311,0.01587192781857004,0.9228571428571428,0.9415181101444484
segment,exp,113,143,0.006380458233058028,0.9714285714285714,0.009888455168091738,0.9542857142857143,0.9397219010857405
segment,exp,113,144,0.00655639338065796,0.9714285714285714,0.010135744156562106,0.9485714285714286,0.9413203801706328
segment,exp,113,145,0.01194381155641887,0.9403726708074535,0.015617022508297572,0.9285714285714286,0.9403645214108795
segment,exp,113,146,0.006665120747950052,0.970807453416149,0.010656504361492377,0.9542857142857143,0.9401083083706419
segment,exp,113,147,0.012280312499356839,0.9422360248447205,0.01573313595577527,0.9314285714285714,0.9404251203931692
segment,exp,113,148,0.007614076829255372,0.9664596273291925,0.010741812091786974,0.9485714285714286,0.9393921912731206
segment,exp,113,149,0.006302977429540159,0.9726708074534162,0.01019680035164456,0.9514285714285714,0.939335028204074
segment,exp,113,150,0.006365432190513795,0.9726708074534162,0.010077707685303413,0.9514285714285714,0.9390882906393097
segment,exp,113,151,0.006242830957479538,0.9745341614906833,0.010010828484373097,0.9514285714285714,0.9389260987092608
segment,exp,113,152,0.007474326007072302,0.9683229813664597,0.011341248090827857,0.9485714285714286,0.9392527142519809
segment,exp,113,153,0.006276938979049882,0.9720496894409938,0.00990871680420792,0.9542857142857143,0.9386839146753176
segment,exp,113,154,0.006420367413634585,0.9745341614906833,0.009885236206198796,0.9542857142857143,0.9386833054986923
segment,exp,113,155,0.0060673566035829825,0.9751552795031055,0.009830373735532619,0.9514285714285714,0.9384231593963569
segment,exp,113,156,0.006392632576813511,0.9732919254658385,0.009987177378985046,0.9514285714285714,0.9384910743559578
segment,exp,113,157,0.006563958863365835,0.970807453416149,0.010520503060129822,0.9514285714285714,0.9382740159989335
segment,exp,113,158,0.006060828541604769,0.9732919254658385,0.009839408537712552,0.9542857142857143,0.9381404491029903
segment,exp,113,159,0.0072628913414818875,0.9701863354037267,0.011069688537499126,0.9542857142857143,0.9383169960727591
segment,exp,113,160,0.007539449417488242,0.9627329192546584,0.011190842714091395,0.9457142857142857,0.939446466836684
segment,exp,113,161,0.006192640699208563,0.9701863354037267,0.009686805964973878,0.9542857142857143,0.9379377957986287
segment,exp,113,162,0.00629519438813261,0.9701863354037267,0.009844941369892205,0.9542857142857143,0.9377875686158103
segment,exp,113,163,0.0071572535886229045,0.9695652173913043,0.010733208042001733,0.9514285714285714,0.9383036953447822
segment,exp,113,164,0.0063397718408289856,0.9739130434782609,0.009821951124333893,0.9542857142857143,0.9384680207170119
segment,exp,113,165,0.005917154835593163,0.9757763975155279,0.00969182425761359,0.9542857142857143,0.9376885860761889
segment,exp,113,166,0.005872737453641864,0.9751552795031055,0.009778792204948912,0.9485714285714286,0.9374667210051021
segment,exp,113,167,0.006141595057755942,0.9745341614906833,0.009600368872430922,0.9514285714285714,0.9373039096245556
segment,exp,113,168,0.0059719271305673765,0.9739130434782609,0.009859317203827728,0.9571428571428572,0.9375466908979078
segment,exp,113,169,0.006236515403265537,0.9720496894409938,0.010151066905336334,0.9514285714285714,0.9371237814869889
segment,exp,113,170,0.005877100996611978,0.9726708074534162,0.009639486108284225,0.9542857142857143,0.9384636329077627
segment,exp,113,171,0.006752082362734193,0.9732919254658385,0.010349822454491609,0.9542857142857143,0.9373093322043997
segment,exp,113,172,0.008809817101751626,0.9590062111801242,0.012359342243330941,0.94,0.9374110275336238
segment,exp,113,173,0.006145501549465011,0.9732919254658385,0.009960241704959877,0.9485714285714286,0.9367633569838275
segment,exp,113,174,0.00574322653087897,0.9739130434782609,0.009829820506345045,0.9485714285714286,0.9367199247952502
segment,exp,113,175,0.006927253319942232,0.970807453416149,0.0105810069095965,0.9571428571428572,0.9372682311732337
segment,exp,113,176,0.006206196611986174,0.970807453416149,0.010245727810654309,0.9485714285714286,0.9366557590633406
segment,exp,113,177,0.005800426963206352,0.9739130434782609,0.009878444920300409,0.9514285714285714,0.936367354992968
segment,exp,113,178,0.006057959285326503,0.9745341614906833,0.010018344854845327,0.9514285714285714,0.9364183620214284
segment,exp,113,179,0.007286086171125883,0.9677018633540373,0.011315026101090106,0.9485714285714286,0.9363376001045783
segment,exp,113,180,0.005757525310925882,0.9751552795031055,0.009926986332308829,0.9485714285714286,0.9361157184215118
segment,exp,113,181,0.007129176584305679,0.970807453416149,0.010845363238874448,0.9514285714285714,0.9368262772132784
segment,exp,113,182,0.005622562769540407,0.9745341614906833,0.00980797421627958,0.9571428571428572,0.9359859572755515
segment,exp,113,183,0.006381433761801455,0.9726708074534162,0.010302902749669472,0.9485714285714286,0.9378121460505029
segment,exp,113,184,0.0061258603163939435,0.9745341614906833,0.010009760607830102,0.9485714285714286,0.9358362787644685
segment,exp,113,185,0.005982776147519639,0.9732919254658385,0.009738305264326183,0.9514285714285714,0.9356660404701475
segment,exp,113,186,0.005757227016507529,0.9745341614906833,0.009665066829004388,0.9542857142857143,0.9355691152569249
segment,exp,113,187,0.005664807180136115,0.9739130434782609,0.00980522758932176,0.9571428571428572,0.9383375904908287
segment,exp,113,188,0.005520528294168286,0.9757763975155279,0.009560611125981498,0.9542857142857143,0.9354084245314153
segment,exp,113,189,0.005861910933051262,0.9714285714285714,0.010210898779630795,0.9571428571428572,0.9353612877164925
segment,exp,113,190,0.006011838275564996,0.9726708074534162,0.01012988307576989,0.9542857142857143,0.936880361893242
segment,exp,113,191,0.009255534819270618,0.9565217391304348,0.013679830194820494,0.9428571428571428,0.936692431087558
segment,exp,113,192,0.005486446135002727,0.9751552795031055,0.009869753321122476,0.9542857142857143,0.9350599727195326
segment,exp,113,193,0.005522285170222821,0.9751552795031055,0.009774050088389323,0.9485714285714286,0.9349702289542667
segment,exp,113,194,0.005675301182349721,0.9739130434782609,0.009939763150059691,0.9514285714285714,0.9355205089485179
segment,exp,113,195,0.00713219883989881,0.9652173913043478,0.010980867984592512,0.9485714285714286,0.9356219360938566
segment,exp,113,196,0.005554818922740558,0.9751552795031055,0.009688114253967331,0.9514285714285714,0.9347005618220999
segment,exp,113,197,0.006081449050367199,0.970807453416149,0.010414587756563327,0.9542857142857143,0.9361474196720687
segment,exp,113,198,0.005402747079395845,0.9770186335403727,0.00971011299500214,0.9571428571428572,0.9360641997378619
segment,exp,113,199,0.006664126303347309,0.9683229813664597,0.010793889085973929,0.9457142857142857,0.9358834558876356
segment,exp,113,200,0.005655912933614259,0.9726708074534162,0.010180857977970472,0.9542857142857143,0.9348197653773594
segment,exp,113,201,0.006651072047130914,0.9701863354037267,0.010558090205581865,0.9514285714285714,0.9347638390393045
segment,exp,113,202,0.008079943867550118,0.9614906832298137,0.011738113174046374,0.9457142857142857,0.9346997611680279
segment,exp,113,203,0.005480188466490475,0.9770186335403727,0.009563900201066377,0.9571428571428572,0.9341419767348157
segment,exp,113,204,0.00591248906162323,0.9745341614906833,0.009775717906981616,0.9514285714285714,0.9341176442843827
segment,exp,113,205,0.005535545899138659,0.9745341614906833,0.009533258857177707,0.9514285714285714,0.9340681740145602
segment,exp,113,206,0.005615106805340984,0.9739130434782609,0.00974038636362084,0.9542857142857143,0.9339768766116566
segment,exp,113,207,0.005291718930252832,0.9770186335403727,0.00967040365252637,0.9571428571428572,0.9338302427382185
segment,exp,113,208,0.005382514542935321,0.9751552795031055,0.009707438779995636,0.9514285714285714,0.9351776917213422
segment,exp,113,209,0.005472269085404596,0.9720496894409938,0.009933122121755284,0.9542857142857143,0.9349566881440466
segment,exp,113,210,0.00537231212843334,0.9745341614906833,0.01003878833088359,0.9514285714285714,0.9336362642955062
segment,exp,113,211,0.012633631711347515,0.9385093167701863,0.01651442418050838,0.9257142857142857,0.9344752944387202
segment,exp,113,212,0.005344205231213232,0.9739130434782609,0.00950497436123165,0.9542857142857143,0.9334658641225542
segment,exp,113,213,0.005761774295349849,0.9732919254658385,0.009772676035459215,0.9542857142857143,0.9347730850638892
segment,exp,113,214,0.006629174317641515,0.9726708074534162,0.011256541070552413,0.9542857142857143,0.9336036177948726
segment,exp,113,215,0.005656822032892572,0.9732919254658385,0.010260001467083866,0.9514285714285714,0.9334773577638636
segment,exp,113,216,0.0052103694813286725,0.9751552795031055,0.009595669558365098,0.9542857142857143,0.9357348413050777
segment,exp,113,217,0.0053352687602384544,0.9757763975155279,0.009770171762918447,0.9514285714285714,0.9331539213734086
segment,exp,113,218,0.0052682221991476605,0.9739130434782609,0.009871071281305321,0.9542857142857143,0.9330045840284911
segment,exp,113,219,0.008147870356561908,0.9614906832298137,0.01119997976166252,0.9514285714285714,0.9348421417430939
segment,exp,113,220,0.0052467461246457694,0.9757763975155279,0.009802223261366358,0.9514285714285714,0.9354666642222899
segment,exp,113,221,0.006650344391970748,0.968944099378882,0.01024347232081377,0.9485714285714286,0.9328515918802786
segment,exp,113,222,0.005307372425693203,0.9751552795031055,0.009496526345063953,0.9542857142857143,0.9326817703093121
segment,exp,113,223,0.005760731796376486,0.9739130434782609,0.010137577512806703,0.9542857142857143,0.9349204965254309
segment,exp,113,224,0.005129862856549516,0.9763975155279503,0.009641572901771084,0.9542857142857143,0.9325326193738941
segment,exp,113,225,0.005365536040770549,0.9757763975155279,0.009502897000160587,0.9542857142857143,0.9324607590325084
segment,exp,113,226,0.005292630018612875,0.9739130434782609,0.009876179095998498,0.9571428571428572,0.9324332628288174
segment,exp,113,227,0.005378155232616771,0.9757763975155279,0.009687062330819712,0.9514285714285714,0.9323554039887182
segment,exp,113,228,0.005203811028028976,0.9751552795031055,0.009522581559794019,0.9542857142857143,0.9323162333467541
segment,exp,113,229,0.005336862376041745,0.9751552795031055,0.009635010920227375,0.9542857142857143,0.932226871382422
segment,exp,113,230,0.005567642908388836,0.9751552795031055,0.009709044124893578,0.9542857142857143,0.932232581439682
segment,exp,113,231,0.005101232500410018,0.9795031055900622,0.009554438476912635,0.9571428571428572,0.9324316841548977
segment,exp,113,232,0.005761895832372469,0.9745341614906833,0.009901852252285646,0.9514285714285714,0.9334150559364274
segment,exp,113,233,0.0050852087286787015,0.9763975155279503,0.009507393602573798,0.9542857142857143,0.9319063199953875
segment,exp,113,234,0.0075729534032612286,0.9627329192546584,0.011096803141963135,0.9514285714285714,0.9321489412552493
segment,exp,113,235,0.0050156215032459645,0.9763975155279503,0.00947781809989399,0.9571428571428572,0.9317353537207894
segment,exp,113,236,0.0051286137738300284,0.9763975155279503,0.009412711885703928,0.9571428571428572,0.9316907244051968
segment,exp,113,237,0.005008020242728571,0.9770186335403727,0.009510284738180278,0.9571428571428572,0.9316222660495438
segment,exp,113,238,0.0053611835418295875,0.9757763975155279,0.0095305585090936,0.9542857142857143,0.9317077880485052
segment,exp,113,239,0.009356919013342067,0.9565217391304348,0.01174487938964028,0.9571428571428572,0.9332331024399956
segment,exp,113,240,0.004982814278210816,0.9763975155279503,0.009698188616689151,0.9571428571428572,0.9314189072386815
segment,exp,113,241,0.005093051147323404,0.9763975155279503,0.009588168958063251,0.9542857142857143,0.9314666430427353
segment,exp,113,242,0.0051981941256568414,0.9757763975155279,0.00965647811667647,0.9542857142857143,0.931403136711026
segment,exp,113,243,0.004981603843813703,0.9763975155279503,0.009653042377912341,0.9542857142857143,0.9312713174442775
segment,exp,113,244,0.0050423355009115226,0.9770186335403727,0.009552511167777685,0.9571428571428572,0.9311506500345768
segment,exp,113,245,0.004978354514661798,0.9801242236024845,0.009572660355574811,0.9571428571428572,0.9311283971441958
segment,exp,113,246,0.004985167452963198,0.977639751552795,0.009693624784057626,0.9571428571428572,0.9311369737773343
segment,exp,113,247,0.0050264718416041234,0.9770186335403727,0.009625540323539903,0.9571428571428572,0.9310064295330382
segment,exp,113,248,0.009815044481494778,0.9577639751552796,0.013150635683417318,0.9371428571428572,0.9316438186171178
segment,exp,113,249,0.005215988813739577,0.9745341614906833,0.009893731041575354,0.9542857142857143,0.9308187784885188
segment,exp,113,250,0.004986171759723015,0.9782608695652174,0.009545434302690598,0.96,0.9309882747067371
segment,exp,113,251,0.005002082817217795,0.9795031055900622,0.00956276414802391,0.9542857142857143,0.9307496447635198
segment,exp,113,252,0.004930637712829227,0.9770186335403727,0.009517290343326911,0.9571428571428572,0.9306406913196015
segment,exp,113,253,0.004884427125904996,0.9782608695652174,0.009425234349464665,0.9571428571428572,0.9320048799794373
segment,exp,113,254,0.005353726510461798,0.9745341614906833,0.010110659893888124,0.9571428571428572,0.93073697735109
segment,exp,113,255,0.004966892270537903,0.9763975155279503,0.009419774373846966,0.9542857142857143,0.9304372673169335
segment,exp,113,256,0.005203970904258039,0.9763975155279503,0.009508617236890364,0.9542857142857143,0.930450766809123
segment,exp,113,257,0.006523029642394449,0.9683229813664597,0.011117015656219963,0.9485714285714286,0.9302953212686711
segment,exp,113,258,0.005005361869557309,0.977639751552795,0.00935079491065795,0.9542857142857143,0.931607725870239
segment,exp,113,259,0.005393308687417435,0.9757763975155279,0.009723335294711853,0.9514285714285714,0.9302830183420152
segment,exp,113,260,0.004812322733345919,0.9782608695652174,0.009444315690501357,0.9571428571428572,0.9301193769735369
segment,exp,113,261,0.005153216126737367,0.9770186335403727,0.009542369339308973,0.9542857142857143,0.9301442601984553
segment,exp,113,262,0.005231003551545949,0.9782608695652174,0.00965151674111221,0.9542857142857143,0.9315382493180845
segment,exp,113,263,0.00485324109544094,0.9782608695652174,0.0095931182584917,0.9542857142857143,0.9299725408070427
segment,exp,113,264,0.004855176169998957,0.9757763975155279,0.009536079702158735,0.9571428571428572,0.9299249621374616
segment,exp,113,265,0.004825545242729335,0.9788819875776398,0.009542633796459787,0.9571428571428572,0.9325312604693398
segment,exp,113,266,0.004767953449326291,0.9788819875776398,0.009455967722890259,0.9542857142857143,0.9297670746082347
segment,exp,113,267,0.004760043777575134,0.977639751552795,0.009505748195115876,0.9571428571428572,0.9297151789501285
segment,exp,113,268,0.005264994603582281,0.9739130434782609,0.009984689627748611,0.9542857142857143,0.92981563514525
segment,exp,113,269,0.004717907581047458,0.9826086956521739,0.009477601106425534,0.9571428571428572,0.9295930096735047
segment,exp,113,270,0.010766129430064489,0.9515527950310559,0.01456149910195658,0.9285714285714286,0.9324876268268071
segment,exp,113,271,0.00471867741538513,0.9813664596273292,0.00967987827502202,0.9542857142857143,0.9294350461956855
segment,exp,113,272,0.005093152700710802,0.9751552795031055,0.010030099864878819,0.9571428571428572,0.9294682886347079
segment,exp,113,273,0.010852473787384753,0.9490683229813665,0.0145379747671829,0.9257142857142857,0.9300774651152142
segment,exp,113,274,0.004645429206720113,0.9788819875776398,0.009265836936143478,0.9542857142857143,0.929316039894087
segment,exp,113,275,0.004522842683380835,0.9819875776397515,0.0092727839774004,0.9542857142857143,0.9291770636740702
segment,exp,113,276,0.004679547186391807,0.9819875776397515,0.009517630052239611,0.9571428571428572,0.9295688053013945
segment,exp,113,277,0.005396191280099408,0.9763975155279503,0.010047094008868964,0.9485714285714286,0.9290956011382824
segment,exp,113,278,0.0046030307691195945,0.9813664596273292,0.009558973461649217,0.9542857142857143,0.9291000183052617
segment,exp,113,279,0.004614039082436892,0.9795031055900622,0.0094466568661912,0.9514285714285714,0.9289599749298539
segment,exp,113,280,0.005133381220271578,0.977639751552795,0.009727885577921015,0.9514285714285714,0.9290439686590319
segment,exp,113,281,0.004789868008300853,0.977639751552795,0.009743734051508605,0.9514285714285714,0.9289150564764066
segment,exp,113,282,0.004677699908635338,0.9807453416149068,0.009790335073896792,0.9628571428571429,0.9290759528166699
segment,exp,113,283,0.004412514325710144,0.9801242236024845,0.009338222819678417,0.96,0.9286348736760036
segment,exp,113,284,0.005949532423256354,0.9745341614906833,0.010533644662692717,0.9542857142857143,0.929107876333696
segment,exp,113,285,0.008387632503807273,0.9602484472049689,0.013017962792952146,0.9457142857142857,0.9302878457979293
segment,exp,113,286,0.004403069739045419,0.9819875776397515,0.009330497619017004,0.9571428571428572,0.9284588546214192
segment,exp,113,287,0.004443593469806392,0.9819875776397515,0.009479743913239311,0.9628571428571429,0.9285245419081559
segment,exp,113,288,0.004374698995488593,0.9807453416149068,0.009348292234688376,0.9628571428571429,0.9283705640979737
segment,exp,113,289,0.004722579532432671,0.977639751552795,0.009774545770758824,0.9542857142857143,0.9305543533465078
segment,exp,113,290,0.004319214812432217,0.9813664596273292,0.009337780514023472,0.96,0.9281917043142952
segment,exp,113,291,0.0046472357852161295,0.9795031055900622,0.009446717733105387,0.9571428571428572,0.9281829147590344
segment,exp,113,292,0.004469691788992639,0.9807453416149068,0.009162173187300136,0.9628571428571429,0.9281702216889821
segment,exp,113,293,0.007886406133073629,0.9639751552795031,0.010807799003237181,0.9542857142857143,0.9290024805158988
segment,exp,113,294,0.004647234265346779,0.9795031055900622,0.009522284886861293,0.9571428571428572,0.9279963557767563
segment,exp,113,295,0.00425143620484656,0.9801242236024845,0.00931398886210426,0.96,0.927877027830417
segment,exp,113,296,0.0042487348013812605,0.9807453416149068,0.009361033654063981,0.9571428571428572,0.9278977757811125
segment,exp,113,297,0.004379175275366833,0.9788819875776398,0.009584819257129392,0.9542857142857143,0.9278983515667728
segment,exp,113,298,0.0043456371172346415,0.9807453416149068,0.009410411999180027,0.96,0.9293975796322105
segment,exp,113,299,0.004585647824558447,0.9795031055900622,0.009341476739003391,0.96,0.9277992563780522
segment,exp,113,300,0.004315938467594781,0.9813664596273292,0.009336158830165161,0.96,0.9275786124230071
segment,exp,113,301,0.004234042754330998,0.9795031055900622,0.009288693151991304,0.9628571428571429,0.9275388328504921
segment,exp,113,302,0.00874179015925188,0.9571428571428572,0.0127111728194355,0.9428571428571428,0.9296157531640205
segment,exp,113,303,0.0047646020011336805,0.977639751552795,0.009885092264137092,0.9571428571428572,0.927347686868978
segment,exp,113,304,0.004172167216792308,0.9813664596273292,0.009237053541093576,0.9571428571428572,0.9273032912264099
segment,exp,113,305,0.004337432579445478,0.9813664596273292,0.009670609157940156,0.9571428571428572,0.9273848164191267
segment,exp,113,306,0.004171601469440408,0.9838509316770186,0.009423292435441922,0.9628571428571429,0.9272032731834399
segment,exp,113,307,0.004191517952365371,0.9832298136645963,0.009343218942948331,0.96,0.9271394875046503
segment,exp,113,308,0.004115941724988447,0.9819875776397515,0.009274454718571119,0.9628571428571429,0.9270973706893711
segment,exp,113,309,0.004135119394678276,0.9813664596273292,0.009154108633034279,0.96,0.9271115914288948
segment,exp,113,310,0.00891453139135235,0.9583850931677018,0.013504967946567472,0.9428571428571428,0.927452518134923
segment,exp,113,311,0.005157981443439053,0.9763975155279503,0.010636449859791381,0.9571428571428572,0.9274107892844459
segment,exp,113,312,0.004286646763331258,0.9819875776397515,0.009657747861543236,0.96,0.9269469238658625
segment,exp,113,313,0.004229343279853031,0.9813664596273292,0.009335211088958,0.9628571428571429,0.9280821102503041
segment,exp,113,314,0.00408486983900678,0.9838509316770186,0.009302592843289574,0.96,0.9267229623951387
segment,exp,113,315,0.004280057888988206,0.9807453416149068,0.009362466058249546,0.9628571428571429,0.9266645604960485
segment,exp,113,316,0.004109819173343437,0.9819875776397515,0.009450568499680725,0.9657142857142857,0.9266849916617178
segment,exp,113,317,0.00404423760822237,0.9838509316770186,0.009289132134905726,0.96,0.9265112512454071
segment,exp,113,318,0.004648473385853597,0.9782608695652174,0.009552489997664525,0.9628571428571429,0.9266729691517682
segment,exp,113,319,0.006402647909684847,0.9770186335403727,0.010200272519161722,0.9571428571428572,0.9283125994715492
segment,exp,113,320,0.004039163178176896,0.984472049689441,0.009360448060640379,0.9628571428571429,0.9263068537822806
segment,exp,113,321,0.004104304231550025,0.9826086956521739,0.009512932718867946,0.9628571428571429,0.9264037192861049
segment,exp,113,322,0.004242994318070222,0.9832298136645963,0.00951551400995519,0.96,0.9262000708452041
segment,exp,113,323,0.004560479075588058,0.9788819875776398,0.009765416659356171,0.9571428571428572,0.9261599825538346
segment,exp,113,324,0.004241375664263798,0.9838509316770186,0.00964605976443067,0.9571428571428572,0.9263014609235839
segment,exp,113,325,0.00412271183105488,0.9826086956521739,0.00937887588173439,0.9571428571428572,0.9260016267827753
segment,exp,113,326,0.005855487728919849,0.9763975155279503,0.01154573354297587,0.9514285714285714,0.9264908617967836
segment,exp,113,327,0.0040731372715571215,0.9832298136645963,0.00946878568640326,0.9571428571428572,0.9259403005463847
segment,exp,113,328,0.003988428183868827,0.984472049689441,0.009355661028154272,0.9628571428571429,0.9259372335767876
segment,exp,113,329,0.003959452588606332,0.9813664596273292,0.009455454164579173,0.9628571428571429,0.9259823151435382
segment,exp,113,330,0.004065004213870436,0.9819875776397515,0.009752740050033789,0.96,0.9260051603002708
segment,exp,113,331,0.003953623547174935,0.9807453416149068,0.00937798118235854,0.96,0.9257202078568849
segment,exp,113,332,0.004071643545496724,0.9813664596273292,0.009351081259687161,0.9628571428571429,0.925631112482043
segment,exp,113,333,0.0039049009839762076,0.9838509316770186,0.00923807944978383,0.9628571428571429,0.925577016878567
segment,exp,113,334,0.0062159920155874775,0.9726708074534162,0.01115546010435564,0.9542857142857143,0.9258695570187069
segment,exp,113,335,0.005573940382444749,0.9770186335403727,0.009909283832092426,0.9571428571428572,0.9260824511938338
segment,exp,113,336,0.003946852178517947,0.984472049689441,0.009467577209432998,0.96,0.9253537766948147
segment,exp,113,337,0.003974215717304998,0.9819875776397515,0.009224837332440094,0.9628571428571429,0.9253084995314375
segment,exp,113,338,0.003990644426853594,0.984472049689441,0.009438180536849158,0.9628571428571429,0.925387555735962
segment,exp,113,339,0.003911611763715388,0.9807453416149068,0.009153598869715191,0.9628571428571429,0.9252515139153936
segment,exp,113,340,0.003928079638190867,0.984472049689441,0.009314100556323604,0.9628571428571429,0.9277787488382406
segment,exp,113,341,0.00503846864471949,0.9770186335403727,0.010389898871071305,0.9571428571428572,0.9251041681065055
segment,exp,113,342,0.005105124658972512,0.9807453416149068,0.010205699260136853,0.9542857142857143,0.9264066779191559
segment,exp,113,343,0.0038913026971824317,0.9807453416149068,0.009229771237817883,0.9628571428571429,0.9249967415689115
segment,exp,113,344,0.0038985672870469968,0.9819875776397515,0.009247400206648767,0.9657142857142857,0.9262791014764507
segment,exp,113,345,0.00384194720646232,0.9813664596273292,0.009208917609269873,0.9657142857142857,0.9263005649465799
segment,exp,113,346,0.003855033262405787,0.9826086956521739,0.009248963196985498,0.9628571428571429,0.9248491739620067
segment,exp,113,347,0.0038860003794683124,0.9826086956521739,0.009369620323466478,0.9657142857142857,0.9247640241917264
segment,exp,113,348,0.004105838390246813,0.9807453416149068,0.009541556582642528,0.96,0.9247423426738914
segment,exp,113,349,0.004017218179110667,0.9832298136645963,0.009693096246567997,0.9571428571428572,0.9246729053244576
segment,exp,113,350,0.0038554761119053093,0.9819875776397515,0.009203759580064719,0.9628571428571429,0.9272335362376048
segment,exp,114,1,0.11837847467408746,0.2850931677018634,0.11846890766019066,0.2857142857142857,0.9941726617730812
segment,exp,114,2,0.09090577650224166,0.5670807453416149,0.09092176757313582,0.5685714285714286,0.9892305888381286
segment,exp,114,3,0.0777456669004141,0.55527950310559,0.07718428230436065,0.5628571428571428,0.9862157973929633
segment,exp,114,4,0.07861266099853817,0.5503105590062112,0.07979406602059401,0.5628571428571428,0.9868100313071656
segment,exp,114,5,0.040749868322459304,0.8335403726708075,0.04041842072301651,0.86,0.9775916637180593
segment,exp,114,6,0.032355288299219166,0.867080745341615,0.03163482324999577,0.8742857142857143,0.9742658494925305
segment,exp,114,7,0.026301717319496522,0.9074534161490683,0.0269774557252291,0.9,0.9731325818609818
segment,exp,114,8,0.03219091125764058,0.906832298136646,0.03378011976467987,0.8885714285714286,0.9720045767090836
segment,exp,114,9,0.024642253347609586,0.8987577639751553,0.02513591942484938,0.9,0.9718934527287559
segment,exp,114,10,0.020706470680449562,0.9260869565217391,0.0215504621843147,0.92,0.9698972507579448
segment,exp,114,11,0.019184685123185122,0.9298136645962732,0.02024915382319058,0.92,0.9689514210914425
segment,exp,114,12,0.019664731329205466,0.9267080745341615,0.02094932016030292,0.92,0.9672858071643833
segment,exp,114,13,0.020778156292019016,0.9229813664596274,0.023281530610982648,0.9114285714285715,0.9673998586587161
segment,exp,114,14,0.02293153031109808,0.9173913043478261,0.026537559780669035,0.8971428571428571,0.9684623446155209
segment,exp,114,15,0.017510542676060836,0.9267080745341615,0.0186126907607074,0.9257142857142857,0.9655895365991395
segment,exp,114,16,0.016645264947291284,0.9366459627329192,0.018249862964987814,0.9285714285714286,0.966028999575998
segment,exp,114,17,0.016592168276677133,0.9322981366459627,0.0180804801090711,0.9285714285714286,0.9645124871754794
segment,exp,114,18,0.023213640597218897,0.9,0.026001968547369074,0.8714285714285714,0.9653054897253517
segment,exp,114,19,0.017199407638161635,0.9273291925465839,0.01822152039190471,0.92,0.9638562129306705
segment,exp,114,20,0.015378045494678064,0.9403726708074535,0.017175895275699397,0.9257142857142857,0.9652091913778456
segment,exp,114,21,0.03918961723636946,0.8428571428571429,0.04195672473793522,0.8314285714285714,0.9655051126568701
segment,exp,114,22,0.014933090983633985,0.9391304347826087,0.016736774803324295,0.9228571428571428,0.9619957885034811
segment,exp,114,23,0.014903767127484164,0.9397515527950311,0.016942145780302374,0.9285714285714286,0.9621247664622874
segment,exp,114,24,0.01660964811823804,0.9341614906832298,0.017808349391457427,0.9285714285714286,0.9649500915589097
segment,exp,114,25,0.017446265141689444,0.9236024844720497,0.018407942380417767,0.9171428571428571,0.9627027939377474
segment,exp,114,26,0.014900203968787435,0.9428571428571428,0.017212643867292887,0.9285714285714286,0.9612441617983787
segment,exp,114,27,0.014371685467009659,0.937888198757764,0.015851378933485042,0.9285714285714286,0.9629212924889846
segment,exp,114,28,0.01546252492895418,0.9422360248447205,0.017465663877918963,0.9342857142857143,0.9620103300296656
segment,exp,114,29,0.026919711063208097,0.884472049689441,0.030188899009666544,0.8714285714285714,0.9620266997075458
segment,exp,114,30,0.013698192727698922,0.9385093167701863,0.015532065180840136,0.9285714285714286,0.9592614436453684
segment,exp,114,31,0.015482381861017604,0.9341614906832298,0.017318020030960706,0.9285714285714286,0.961695483702998
segment,exp,114,32,0.014956829355488584,0.9428571428571428,0.017521589866388843,0.9285714285714286,0.9591099443793643
segment,exp,114,33,0.01342244540954323,0.9391304347826087,0.015251193307776998,0.9342857142857143,0.9584879565504903
segment,exp,114,34,0.014312508419323666,0.9440993788819876,0.0168588773350111,0.9285714285714286,0.9626694166928459
segment,exp,114,35,0.013550958629385712,0.9391304347826087,0.015335374296616439,0.9285714285714286,0.9581256451231813
segment,exp,114,36,0.01371437512786464,0.9366459627329192,0.015655498133179856,0.9228571428571428,0.958664656957933
segment,exp,114,37,0.015356627272238865,0.9285714285714286,0.01812734392709893,0.9228571428571428,0.9588443083763007
segment,exp,114,38,0.012926330776440913,0.9403726708074535,0.014874080231625276,0.9342857142857143,0.9572449553952114
segment,exp,114,39,0.01220192384057779,0.9459627329192547,0.014519884267724418,0.9342857142857143,0.9569895255706101
segment,exp,114,40,0.012300441312336239,0.9434782608695652,0.014597048240576376,0.9257142857142857,0.9572504042359324
segment,exp,114,41,0.012493218676072134,0.9484472049689441,0.015394073125279925,0.94,0.9571914144469197
segment,exp,114,42,0.029892679704896556,0.868944099378882,0.03285379122156229,0.8628571428571429,0.9598173263550454
segment,exp,114,43,0.014409196717092284,0.9360248447204969,0.01597569720884731,0.9342857142857143,0.9580805321405013
segment,exp,114,44,0.01286825126954456,0.9409937888198758,0.014768911086482116,0.9342857142857143,0.9580991216116508
segment,exp,114,45,0.014313152026514368,0.9335403726708075,0.01600282294927873,0.9285714285714286,0.9563165705652056
segment,exp,114,46,0.014331966888086292,0.9440993788819876,0.01753727600214729,0.9314285714285714,0.9560788094077652
segment,exp,114,47,0.014385978030308758,0.9360248447204969,0.01587684652900697,0.9342857142857143,0.9553187056294306
segment,exp,114,48,0.016642172689091163,0.9211180124223602,0.017620228061292972,0.9285714285714286,0.957470138973176
segment,exp,114,49,0.011351683248903422,0.9496894409937888,0.013784446843144855,0.9342857142857143,0.955951322821016
segment,exp,114,50,0.012784412977061774,0.9453416149068323,0.01570397681225367,0.9342857142857143,0.9564403526314483
segment,exp,114,51,0.011481417454230558,0.9459627329192547,0.013764347945548193,0.9314285714285714,0.9543154091134656
segment,exp,114,52,0.017264408733277278,0.9167701863354037,0.020676109117519496,0.9085714285714286,0.9587535842565318
segment,exp,114,53,0.01313461998307094,0.9385093167701863,0.015199386549299386,0.9257142857142857,0.9542783159105251
segment,exp,114,54,0.011179982891645191,0.9521739130434783,0.013813687981711857,0.9371428571428572,0.9558918629978637
segment,exp,114,55,0.010559717969818885,0.9540372670807453,0.01334363732858218,0.94,0.9534215227407242
segment,exp,114,56,0.016989744291909744,0.9285714285714286,0.017970681268573974,0.9257142857142857,0.9566338595384598
segment,exp,114,57,0.010859293891254186,0.9559006211180124,0.013845333137134982,0.9314285714285714,0.9553246461053948
segment,exp,114,58,0.012800565825565928,0.9385093167701863,0.01610214529816333,0.9371428571428572,0.953016332058974
segment,exp,114,59,0.011858394482003095,0.9496894409937888,0.015229181429300631,0.9428571428571428,0.9549394491293414
segment,exp,114,60,0.010426715489266838,0.953416149068323,0.013344699345260823,0.9428571428571428,0.9529972709465555
segment,exp,114,61,0.011194339237707875,0.9515527950310559,0.01388352337699833,0.9342857142857143,0.9543074259354211
segment,exp,114,62,0.010251576084092023,0.9559006211180124,0.013353170860224542,0.9457142857142857,0.9520825882047381
segment,exp,114,63,0.010832759665424397,0.9527950310559006,0.01355433606382896,0.9314285714285714,0.9523926157704631
segment,exp,114,64,0.011991779449463873,0.9509316770186336,0.014400653820990034,0.94,0.9536803018523783
segment,exp,114,65,0.010747971011852937,0.9521739130434783,0.013260162204267756,0.94,0.9515247262702344
segment,exp,114,66,0.00996671855600411,0.9546583850931677,0.013046713410433253,0.9457142857142857,0.9516923778892713
segment,exp,114,67,0.012861908311122253,0.9422360248447205,0.015080473054121043,0.94,0.9530508808539567
segment,exp,114,68,0.01068639060199813,0.9540372670807453,0.013235152818713134,0.94,0.9515159453578832
segment,exp,114,69,0.014343949203560675,0.9316770186335404,0.016213497941262825,0.9371428571428572,0.9537292147066098
segment,exp,114,70,0.010917784004374508,0.9503105590062112,0.013817413467426968,0.9428571428571428,0.9509796970529727
segment,exp,114,71,0.010205861154295717,0.9540372670807453,0.012950733551558642,0.9428571428571428,0.950617928429071
segment,exp,114,72,0.010200644530970032,0.9552795031055901,0.013016953504076462,0.9428571428571428,0.9522616256402702
segment,exp,114,73,0.015103923420549937,0.924223602484472,0.01797976517740799,0.9171428571428571,0.9512716681697396
segment,exp,114,74,0.009682026053899204,0.9565217391304348,0.012642543575997887,0.94,0.9499628688006765
segment,exp,114,75,0.012613968451518121,0.9403726708074535,0.014555961450103743,0.9314285714285714,0.951855365392493
segment,exp,114,76,0.010825460461492615,0.9521739130434783,0.013254551096108264,0.9428571428571428,0.9503866571657417
segment,exp,114,77,0.00994659752448165,0.9546583850931677,0.012600463291304917,0.9457142857142857,0.9498122787622468
segment,exp,114,78,0.01117705959996146,0.9503105590062112,0.013492101069649312,0.94,0.9509762473438285
segment,exp,114,79,0.01033240954519925,0.9583850931677018,0.012826723107005144,0.9457142857142857,0.9499075243921229
segment,exp,114,80,0.010226269851281866,0.9559006211180124,0.012730064662063213,0.9485714285714286,0.9495370762162973
segment,exp,114,81,0.009703550346873683,0.9583850931677018,0.012948632854332232,0.9371428571428572,0.9488581628844376
segment,exp,114,82,0.012183982427387522,0.9440993788819876,0.014304280664857552,0.9428571428571428,0.9497957901228222
segment,exp,114,83,0.017040615099746616,0.9217391304347826,0.02017860615337541,0.9142857142857143,0.9519120364632466
segment,exp,114,84,0.010794057413964482,0.9509316770186336,0.013184220144884051,0.9457142857142857,0.9485950260546547
segment,exp,114,85,0.008822825478959804,0.9633540372670808,0.011776175625034446,0.9485714285714286,0.9481928559027001
segment,exp,114,86,0.008887404394538917,0.962111801242236,0.012069925865048212,0.9457142857142857,0.9480869953543626
segment,exp,114,87,0.009113781101404057,0.962111801242236,0.012349451996408715,0.94,0.9486081605598823
segment,exp,114,88,0.01409914748731824,0.9347826086956522,0.017315359833828703,0.9228571428571428,0.9490712474408846
segment,exp,114,89,0.008951016461815144,0.9633540372670808,0.012206478352035794,0.9485714285714286,0.9489713357612818
segment,exp,114,90,0.01420988953458219,0.9322981366459627,0.01682297249136403,0.92,0.9510224839099307
segment,exp,114,91,0.008518535460132844,0.9670807453416149,0.011426280220822364,0.9485714285714286,0.9476479826049806
segment,exp,114,92,0.008509935887720694,0.9645962732919254,0.011666916010008712,0.9485714285714286,0.9471757182472005
segment,exp,114,93,0.009075428757871894,0.962111801242236,0.01218728447388713,0.9371428571428572,0.9474446853441421
segment,exp,114,94,0.008322387112809323,0.9664596273291925,0.011398133690721943,0.9457142857142857,0.9469740210301533
segment,exp,114,95,0.008760674567162948,0.9664596273291925,0.011955662558099253,0.9514285714285714,0.9476279313189039
segment,exp,114,96,0.00833093655890924,0.9658385093167702,0.011581814763253817,0.9514285714285714,0.946613892900373
segment,exp,114,97,0.008267464412486665,0.9652173913043478,0.011564008567922873,0.9457142857142857,0.9475538014265388
segment,exp,114,98,0.00862451857634347,0.9645962732919254,0.011349167783963514,0.9457142857142857,0.9470135155869419
segment,exp,114,99,0.00952849663911638,0.9565217391304348,0.012380392579242894,0.9428571428571428,0.9465374756454542
segment,exp,114,100,0.008028974181905305,0.9677018633540373,0.011370498458467448,0.9428571428571428,0.946062520015248
segment,exp,114,101,0.008120221204203163,0.9670807453416149,0.011217973970191909,0.9457142857142857,0.9471066065400648
segment,exp,114,102,0.007928024844476701,0.9670807453416149,0.011326246489979807,0.9457142857142857,0.9458859128829764
segment,exp,114,103,0.01124916229612488,0.9540372670807453,0.014430619618753086,0.9285714285714286,0.9469014806176301
segment,exp,114,104,0.00856846750597623,0.9658385093167702,0.012034227356094556,0.9428571428571428,0.9456487021951895
segment,exp,114,105,0.009285745658971825,0.9627329192546584,0.012564596535830414,0.9457142857142857,0.9457366426250804
segment,exp,114,106,0.007857113484271663,0.9683229813664597,0.011260618681003491,0.9514285714285714,0.9453727585776518
segment,exp,114,107,0.008349865347610352,0.9670807453416149,0.011608129096435396,0.9457142857142857,0.9450532570983003
segment,exp,114,108,0.008084160793329472,0.9683229813664597,0.011714857620669155,0.9485714285714286,0.9452699705881196
segment,exp,114,109,0.0076912241620583684,0.9683229813664597,0.011195391420435354,0.9514285714285714,0.9448951107542318
segment,exp,114,110,0.008452476390396074,0.9670807453416149,0.011960473615168391,0.9485714285714286,0.9448893791465767
segment,exp,114,111,0.008501853136423515,0.9627329192546584,0.011609264150829577,0.9428571428571428,0.9447559097336007
segment,exp,114,112,0.010172788995150348,0.9540372670807453,0.013154972690534127,0.9371428571428572,0.9448614150758482
segment,exp,114,113,0.013057583653818346,0.9478260869565217,0.014951902843452552,0.9285714285714286,0.9457596768018239
segment,exp,114,114,0.008569976932082187,0.9670807453416149,0.011918050144061644,0.9514285714285714,0.9473726452849893
segment,exp,114,115,0.00779661086620635,0.9677018633540373,0.011339164017549195,0.9485714285714286,0.9443579108008907
segment,exp,114,116,0.007748405119220511,0.9658385093167702,0.011214066827389306,0.9428571428571428,0.9439402951624006
segment,exp,114,117,0.010503336145815757,0.9596273291925466,0.012600803337533927,0.9428571428571428,0.9447595880212251
segment,exp,114,118,0.008185174109779508,0.9664596273291925,0.011772063611638281,0.9514285714285714,0.9451294202393811
segment,exp,114,119,0.0075140766153974645,0.9714285714285714,0.010829209601267773,0.9485714285714286,0.9449702795007805
segment,exp,114,120,0.009382006023469449,0.9633540372670808,0.012451307194509128,0.9428571428571428,0.9451124367589699
segment,exp,114,121,0.011031521667287242,0.9515527950310559,0.01335189006996031,0.9371428571428572,0.9438083007775191
segment,exp,114,122,0.008410692327804342,0.9652173913043478,0.011296531782729111,0.9428571428571428,0.9432297231054069
segment,exp,114,123,0.008273777740746313,0.9639751552795031,0.011417104275428037,0.9457142857142857,0.9430577291703464
segment,exp,114,124,0.007409613495130408,0.970807453416149,0.010750249836197436,0.9514285714285714,0.9455083861721558
segment,exp,114,125,0.008241667010565907,0.9714285714285714,0.011183831575542293,0.9485714285714286,0.9447073537888754
segment,exp,114,126,0.007178602630773384,0.968944099378882,0.010789216485028317,0.9514285714285714,0.9428706510716067
segment,exp,114,127,0.007529636233816382,0.9670807453416149,0.010825961729285868,0.9428571428571428,0.9423892860324826
segment,exp,114,128,0.013413380577506915,0.9347826086956522,0.016637343711908777,0.92,0.9427454086403225
segment,exp,114,129,0.008047060422020896,0.9658385093167702,0.011157086335062781,0.9428571428571428,0.944951971565304
segment,exp,114,130,0.006959417479840064,0.9695652173913043,0.01069784001349456,0.9542857142857143,0.9420831124817644
segment,exp,114,131,0.007621236805598815,0.968944099378882,0.010735884591132509,0.9485714285714286,0.9434873215367943
segment,exp,114,132,0.0070875342902849935,0.9695652173913043,0.011049734633589008,0.9457142857142857,0.9421077846351315
segment,exp,114,133,0.007136728989913867,0.9701863354037267,0.010315814982783531,0.9571428571428572,0.9440929892056951
segment,exp,114,134,0.00702720534556965,0.9683229813664597,0.010422281541365293,0.9514285714285714,0.9426213958447425
segment,exp,114,135,0.010139501862900226,0.9546583850931677,0.012474716036692573,0.9457142857142857,0.9420329517621399
segment,exp,114,136,0.006641905461366478,0.9714285714285714,0.010286826729082042,0.9571428571428572,0.9413087887936138
segment,exp,114,137,0.007308891727466551,0.9677018633540373,0.010704693258039086,0.9457142857142857,0.9426127459457414
segment,exp,114,138,0.006609680009296418,0.9714285714285714,0.010327838253737651,0.9542857142857143,0.9411255019075895
segment,exp,114,139,0.006898805635456873,0.9726708074534162,0.010532131267939338,0.9514285714285714,0.941318984258599
segment,exp,114,140,0.006718036942347863,0.9726708074534162,0.01021405705176608,0.9485714285714286,0.9408430161302995
segment,exp,114,141,0.006739062330324735,0.9701863354037267,0.010399337437142817,0.9514285714285714,0.9406680146175678
segment,exp,114,142,0.0072671320057372925,0.9732919254658385,0.010455189564925414,0.9542857142857143,0.9409559518082605
segment,exp,114,143,0.00645153729302175,0.9720496894409938,0.010132788352849607,0.96,0.9405451958572312
segment,exp,114,144,0.006773926649833491,0.9732919254658385,0.010509433138692216,0.9542857142857143,0.9420210833614474
segment,exp,114,145,0.006541558810165763,0.9714285714285714,0.010209862862763642,0.9514285714285714,0.9416052728550774
segment,exp,114,146,0.006754055692791443,0.970807453416149,0.010440581375330596,0.9542857142857143,0.9402837594765822
segment,exp,114,147,0.006511706346183215,0.970807453416149,0.0101777379847436,0.9571428571428572,0.9415877458412885
segment,exp,114,148,0.006829446007421428,0.9726708074534162,0.010476183925398112,0.9428571428571428,0.94116146888405
segment,exp,114,149,0.013707204927276333,0.9347826086956522,0.016809215534259025,0.9228571428571428,0.9407447711016369
segment,exp,114,150,0.006523247438542173,0.9763975155279503,0.010182916977851451,0.9514285714285714,0.9398029555414805
segment,exp,114,151,0.006332154338047834,0.9757763975155279,0.009685891056151839,0.9514285714285714,0.9397548865350261
segment,exp,114,152,0.006249386520970179,0.9732919254658385,0.009818972427129142,0.9542857142857143,0.93958303737772
segment,exp,114,153,0.007236045267569643,0.9739130434782609,0.01040149069174179,0.9485714285714286,0.9396756448484327
segment,exp,114,154,0.006166892613926004,0.9763975155279503,0.009823296161799742,0.9571428571428572,0.9392086138584451
segment,exp,114,155,0.0068257618778705285,0.970807453416149,0.01080365296326554,0.9457142857142857,0.9405319530537463
segment,exp,114,156,0.025693643143774286,0.8987577639751553,0.027201181721069546,0.8857142857142857,0.9403630874145005
segment,exp,114,157,0.013115781564928219,0.9465838509316771,0.01531565730947395,0.9257142857142857,0.9401009641236892
segment,exp,114,158,0.006026417404565669,0.9763975155279503,0.010059521835240417,0.9542857142857143,0.9387438286457401
segment,exp,114,159,0.006208679415932946,0.9732919254658385,0.01048100114694369,0.9485714285714286,0.9391979551521376
segment,exp,114,160,0.005806272742920731,0.9782608695652174,0.009944969458459995,0.9571428571428572,0.9386824428305945
segment,exp,114,161,0.006130267400051624,0.9745341614906833,0.010211685127078629,0.9514285714285714,0.9386699920381273
segment,exp,114,162,0.006267933883707265,0.9770186335403727,0.01009836468171084,0.9542857142857143,0.9383739117386122
segment,exp,114,163,0.005892614838738292,0.9732919254658385,0.009886332717148874,0.9542857142857143,0.9381680519164141
segment,exp,114,164,0.00568641326190292,0.9757763975155279,0.009739079779113997,0.96,0.9381236575438324
segment,exp,114,165,0.005794792069500577,0.9788819875776398,0.009962350838396996,0.9542857142857143,0.9381038187975816
segment,exp,114,166,0.005664754238970363,0.9739130434782609,0.009807072688448588,0.9571428571428572,0.9385276581409036
segment,exp,114,167,0.005587731179666117,0.9770186335403727,0.00970705585676031,0.9571428571428572,0.9377384400332857
segment,exp,114,168,0.005682709424121401,0.9751552795031055,0.009885123694243894,0.96,0.9377517548329342
segment,exp,114,169,0.006022839178347349,0.9770186335403727,0.010030058691016877,0.9514285714285714,0.9378287673465361
segment,exp,114,170,0.006191380814944066,0.9732919254658385,0.010043520574542004,0.9485714285714286,0.9375387830870352
segment,exp,114,171,0.005640475310886384,0.9739130434782609,0.00980754611702325,0.96,0.9375803338693259
segment,exp,114,172,0.005766294790994002,0.9757763975155279,0.010083855079734562,0.9514285714285714,0.9375410005851144
segment,exp,114,173,0.005717223210538683,0.9726708074534162,0.010115152409726809,0.9571428571428572,0.9372567957997258
segment,exp,114,174,0.006314592887984711,0.9720496894409938,0.010491357937208883,0.9542857142857143,0.9372868566800493
segment,exp,114,175,0.007987545876189201,0.9645962732919254,0.010648726017032773,0.9457142857142857,0.9376435018180216
segment,exp,114,176,0.005426583799463192,0.977639751552795,0.009370408475297076,0.96,0.9369043829562709
segment,exp,114,177,0.005859095925622502,0.9751552795031055,0.010416579338370762,0.9485714285714286,0.9381163998302215
segment,exp,114,178,0.00542171715844082,0.9770186335403727,0.009633543360318835,0.9542857142857143,0.936739612371703
segment,exp,114,179,0.0064887631322992035,0.9745341614906833,0.010649667323208848,0.9457142857142857,0.9371633690142226
segment,exp,114,180,0.005537283319627569,0.9751552795031055,0.009676651290362678,0.9542857142857143,0.9365002440446958
segment,exp,114,181,0.006065697582308171,0.9770186335403727,0.010090270534146097,0.9514285714285714,0.9365491818511368
segment,exp,114,182,0.006011672607751829,0.9732919254658385,0.01014330409288301,0.9571428571428572,0.9364936031529015
segment,exp,114,183,0.0055495507978326345,0.977639751552795,0.009747687804173935,0.9571428571428572,0.9363387138512292
segment,exp,114,184,0.00562681193263334,0.9770186335403727,0.00986206496051657,0.9514285714285714,0.9364558724537968
segment,exp,114,185,0.005265503828106563,0.9782608695652174,0.009374942501390789,0.9628571428571429,0.9362445187663158
segment,exp,114,186,0.006999766975310705,0.9701863354037267,0.010498839411692667,0.9428571428571428,0.9379998343932333
segment,exp,114,187,0.005243635066189662,0.9801242236024845,0.009385244110724026,0.9571428571428572,0.935852295796169
segment,exp,114,188,0.0052676827505272325,0.9782608695652174,0.009270727485979315,0.9628571428571429,0.9357929725194758
segment,exp,114,189,0.005299550667387291,0.9801242236024845,0.009484038795990923,0.9571428571428572,0.9367194001092365
segment,exp,114,190,0.008012542342023608,0.9614906832298137,0.011590293974883833,0.9457142857142857,0.9359851886751042
segment,exp,114,191,0.005561431997202216,0.977639751552795,0.00946190407980487,0.9571428571428572,0.9355859554763312
segment,exp,114,192,0.005945247453240963,0.9763975155279503,0.009777413910464728,0.9514285714285714,0.9371125631593034
segment,exp,114,193,0.0052336926785172206,0.9782608695652174,0.009421864557037777,0.96,0.9353417952499552
segment,exp,114,194,0.009495553908665667,0.9583850931677018,0.012382729923164875,0.9457142857142857,0.9357050497949064
segment,exp,114,195,0.009190163563509888,0.9608695652173913,0.012432132816796846,0.9371428571428572,0.9361155132206772
segment,exp,114,196,0.0051480632704533,0.9795031055900622,0.009300875148036668,0.96,0.9352363700590025
segment,exp,114,197,0.005292132637409997,0.9770186335403727,0.009350759193865495,0.9542857142857143,0.9351085219551375
segment,exp,114,198,0.006031524136903751,0.9770186335403727,0.009972097976789539,0.9485714285714286,0.9368771268404532
segment,exp,114,199,0.005150556740757974,0.9770186335403727,0.009452712934687413,0.9542857142857143,0.9350809448145714
segment,exp,114,200,0.005068861636268268,0.977639751552795,0.009243860702306421,0.96,0.9348993277152844
segment,exp,114,201,0.004996449141362053,0.9795031055900622,0.00919683878358878,0.9628571428571429,0.9347271603023641
segment,exp,114,202,0.011790637855093825,0.953416149068323,0.014095352123505336,0.9342857142857143,0.935824551663423
segment,exp,114,203,0.005125855482826455,0.9795031055900622,0.009342505704990338,0.96,0.93587640595986
segment,exp,114,204,0.0051203862830711605,0.9788819875776398,0.009601798233335027,0.96,0.9350872140377258
segment,exp,114,205,0.005009206215957933,0.9788819875776398,0.009225182615646237,0.96,0.9357836304374929
segment,exp,114,206,0.00650923949059956,0.9701863354037267,0.01044018024062425,0.9485714285714286,0.9342663851780166
segment,exp,114,207,0.005067005519930039,0.977639751552795,0.009332108277702537,0.9542857142857143,0.9342314199462193
segment,exp,114,208,0.0058540905058401685,0.9763975155279503,0.009888259773173792,0.9514285714285714,0.9357802880067347
segment,exp,114,209,0.005206962119900475,0.9745341614906833,0.0096053695751412,0.9571428571428572,0.9342955662764723
segment,exp,114,210,0.004931170321085242,0.9770186335403727,0.009157191993270395,0.96,0.9339870585023874
segment,exp,114,211,0.005302418812391644,0.977639751552795,0.009459831024318606,0.9571428571428572,0.934101063627116
segment,exp,114,212,0.008469998446933066,0.9571428571428572,0.011864487186371267,0.9457142857142857,0.9349759348746324
segment,exp,114,213,0.00839622515207478,0.9627329192546584,0.0111824842132333,0.9514285714285714,0.9341644224006096
segment,exp,114,214,0.005004138565141912,0.9782608695652174,0.009269878135395471,0.9542857142857143,0.9337708757689053
segment,exp,114,215,0.004845381551956198,0.9826086956521739,0.009153924998009235,0.9628571428571429,0.9336227761168896
segment,exp,114,216,0.013131434402168716,0.9372670807453416,0.01623900546344759,0.9228571428571428,0.9347376196892142
segment,exp,114,217,0.004968437706937369,0.9788819875776398,0.009177120166651242,0.96,0.933558869379007
segment,exp,114,218,0.005283593231331439,0.9770186335403727,0.009573326424138223,0.9542857142857143,0.9334523071213043
segment,exp,114,219,0.005137677034761213,0.9770186335403727,0.009322692409022231,0.9542857142857143,0.9335126059243244
segment,exp,114,220,0.0054077521683367925,0.9757763975155279,0.009358633268343441,0.9571428571428572,0.9335248839662915
segment,exp,114,221,0.008397747788570433,0.9583850931677018,0.01194002329030381,0.9428571428571428,0.933566623370862
segment,exp,114,222,0.004724994934613239,0.9801242236024845,0.008913554688571936,0.9628571428571429,0.9331095774558854
segment,exp,114,223,0.004738473862648735,0.9801242236024845,0.00902233115745093,0.9628571428571429,0.9331320904849942
segment,exp,114,224,0.005278227856525474,0.9770186335403727,0.009542045168864855,0.9542857142857143,0.9351532889005738
segment,exp,114,225,0.005280037839446879,0.9751552795031055,0.009480720943907624,0.9571428571428572,0.9343777513807037
segment,exp,114,226,0.004711045197309674,0.9801242236024845,0.00902918669112531,0.96,0.9329245887030052
segment,exp,114,227,0.0073186131504996005,0.9645962732919254,0.010810575902973478,0.9485714285714286,0.9333290813303388
segment,exp,114,228,0.009343552823748314,0.9590062111801242,0.01214845234090334,0.9457142857142857,0.9345183490073338
segment,exp,114,229,0.004684223120806431,0.9807453416149068,0.00902850057550109,0.9628571428571429,0.9327299623543315
segment,exp,114,230,0.004731071307568725,0.9807453416149068,0.009053829727322753,0.96,0.9326131270285036
segment,exp,114,231,0.0051767266097339434,0.9770186335403727,0.009341653003079375,0.9542857142857143,0.9353583481293742
segment,exp,114,232,0.005361938519363189,0.9782608695652174,0.009281081877164568,0.9542857142857143,0.9330838823479162
segment,exp,114,233,0.004723974580240276,0.9782608695652174,0.008914059673026147,0.96,0.932371057571251
segment,exp,114,234,0.006582323670684587,0.9701863354037267,0.009901638127819653,0.9514285714285714,0.9330413941370247
segment,exp,114,235,0.004651487293377436,0.9795031055900622,0.008901469544756195,0.96,0.9322304192424984
segment,exp,114,236,0.004601578473085827,0.9801242236024845,0.00894823845755866,0.9628571428571429,0.9323932328411858
segment,exp,114,237,0.004621812373295543,0.9826086956521739,0.008989665765388085,0.9628571428571429,0.932221556663771
segment,exp,114,238,0.004669187119416708,0.977639751552795,0.008914857454285392,0.96,0.9322857184318263
segment,exp,114,239,0.00777765172701117,0.9639751552795031,0.011662906043587126,0.9457142857142857,0.9338760226799051
segment,exp,114,240,0.004585596627296737,0.9795031055900622,0.00899233847890389,0.9628571428571429,0.933325900499218
segment,exp,114,241,0.004841401789529829,0.977639751552795,0.0092707342853234,0.9628571428571429,0.9318445038473738
segment,exp,114,242,0.006544529472552045,0.9714285714285714,0.010111515740744344,0.9457142857142857,0.9321694378781966
segment,exp,114,243,0.009942989230962167,0.9521739130434783,0.013406155828956734,0.9371428571428572,0.9321034026693656
segment,exp,114,244,0.004864430575192125,0.9782608695652174,0.009366070725140715,0.9628571428571429,0.9316906280634415
segment,exp,114,245,0.005353252990800743,0.9770186335403727,0.009597659902333926,0.96,0.9315624044259062
segment,exp,114,246,0.004725543994398423,0.9795031055900622,0.009047567838923635,0.9628571428571429,0.9316731576152456
segment,exp,114,247,0.004551541466890827,0.9807453416149068,0.008973841499095223,0.96,0.9316278617904302
segment,exp,114,248,0.005120181774339367,0.9757763975155279,0.009345115595288469,0.96,0.9315709496515279
segment,exp,114,249,0.004698043144254421,0.9782608695652174,0.00911335453376578,0.96,0.9316104360957571
segment,exp,114,250,0.009107541713879822,0.953416149068323,0.012895788736107435,0.9371428571428572,0.9319627618557149
segment,exp,114,251,0.004681592554292954,0.9788819875776398,0.009136979248381057,0.96,0.9312193094751701
segment,exp,114,252,0.005281801043251047,0.9782608695652174,0.00935444760325012,0.9514285714285714,0.9329498423381714
segment,exp,114,253,0.004489674306230724,0.9795031055900622,0.008909834997819773,0.9628571428571429,0.9311152257503992
segment,exp,114,254,0.0043993294434753385,0.9807453416149068,0.008802262879927098,0.9628571428571429,0.9310726416587355
segment,exp,114,255,0.0044472656750870095,0.9801242236024845,0.008857484913642863,0.96,0.9323603571164284
segment,exp,114,256,0.005200223061361351,0.9763975155279503,0.009425769316923125,0.9514285714285714,0.9309737538202253
segment,exp,114,257,0.00451860822612928,0.9801242236024845,0.008977887884679493,0.9628571428571429,0.930972542351321
segment,exp,114,258,0.004410163975541423,0.9819875776397515,0.008797258569790054,0.9657142857142857,0.9308380606436265
segment,exp,114,259,0.00436412355769944,0.9826086956521739,0.008849328273969954,0.9657142857142857,0.9308399826458554
segment,exp,114,260,0.005941049277906084,0.9726708074534162,0.009817086753110915,0.9542857142857143,0.9309330424806684
segment,exp,114,261,0.0053747156230104795,0.9788819875776398,0.009601913141115994,0.96,0.930960738845491
segment,exp,114,262,0.004368879283719231,0.9807453416149068,0.00884885047282624,0.9628571428571429,0.930598977593989
segment,exp,114,263,0.004485019178244451,0.9795031055900622,0.00884864774291504,0.9657142857142857,0.930570510283104
segment,exp,114,264,0.00437218976457066,0.9795031055900622,0.008782983849505344,0.9657142857142857,0.9304704685653136
segment,exp,114,265,0.004365474480877073,0.9801242236024845,0.008884998756467723,0.9657142857142857,0.9303784107820174
segment,exp,114,266,0.004615367782018086,0.9788819875776398,0.009230747058583521,0.9628571428571429,0.9303787887453336
segment,exp,114,267,0.00432628096815177,0.9819875776397515,0.008653700968638949,0.9685714285714285,0.9303225998570621
segment,exp,114,268,0.007856815902306162,0.9633540372670808,0.010804634381141596,0.9457142857142857,0.9309065571586685
segment,exp,114,269,0.004447461058829016,0.9795031055900622,0.00883781396436297,0.9571428571428572,0.9302292528755945
segment,exp,114,270,0.005072017152956177,0.9788819875776398,0.009207334469540897,0.9542857142857143,0.9305790025415818
segment,exp,114,271,0.012645476360076997,0.9409937888198758,0.01567527782143689,0.9257142857142857,0.9315413709521083
segment,exp,114,272,0.00426169930873277,0.9819875776397515,0.008736479700782718,0.96,0.9300498283490186
segment,exp,114,273,0.004388217619001309,0.9801242236024845,0.008823681585398827,0.96,0.9299246571096738
segment,exp,114,274,0.0042671561071662804,0.9801242236024845,0.00866747396042659,0.9657142857142857,0.9299069274931783
segment,exp,114,275,0.004445792032452685,0.9788819875776398,0.008838672568933547,0.96,0.9298383472063353
segment,exp,114,276,0.004787937541864107,0.9782608695652174,0.009023674888233916,0.96,0.9297735479810502
segment,exp,114,277,0.0042274103237126825,0.9807453416149068,0.008778398712377313,0.9657142857142857,0.929820019446705
segment,exp,114,278,0.0063357220987748765,0.9683229813664597,0.010592725120963022,0.9542857142857143,0.9307132732405197
segment,exp,114,279,0.004175644588849196,0.9826086956521739,0.008655833877993098,0.9657142857142857,0.9295536204531128
segment,exp,114,280,0.012738360907994302,0.9391304347826087,0.015775848985319942,0.9285714285714286,0.9326050287504455
segment,exp,114,281,0.004193483761113851,0.9807453416149068,0.008704305864290423,0.9628571428571429,0.9294181082398767
segment,exp,114,282,0.004991160036919289,0.9770186335403727,0.009336227298139666,0.9485714285714286,0.9307526308289052
segment,exp,114,283,0.004223583432914355,0.9813664596273292,0.008647817354109192,0.9628571428571429,0.9293195126919336
segment,exp,114,284,0.004234807211966767,0.9801242236024845,0.008697392102112386,0.9628571428571429,0.9293072824508402
segment,exp,114,285,0.0042076099258564125,0.9819875776397515,0.008728181774268562,0.9657142857142857,0.9293195370567846
segment,exp,114,286,0.0047893076536074455,0.9807453416149068,0.008908297222695299,0.9542857142857143,0.9294569206077901
segment,exp,114,287,0.004130211340408841,0.9807453416149068,0.008588666311400081,0.9657142857142857,0.9291577182909074
segment,exp,114,288,0.005138694594378064,0.9770186335403727,0.009441554509784051,0.9514285714285714,0.9292714247557933
segment,exp,114,289,0.004082779325403966,0.9826086956521739,0.008608735289443692,0.9657142857142857,0.9289779078732979
segment,exp,114,290,0.011391840983983974,0.9434782608695652,0.01473897184050881,0.9314285714285714,0.9317935459504058
segment,exp,114,291,0.004154887162292399,0.9807453416149068,0.008728490834870326,0.9571428571428572,0.9292939096429954
segment,exp,114,292,0.0041033065790892385,0.9807453416149068,0.008487238759033918,0.9657142857142857,0.9288809006797433
segment,exp,114,293,0.005024101473743804,0.9757763975155279,0.009138160730486069,0.9542857142857143,0.9287764920485024
segment,exp,114,294,0.004089332104130915,0.9807453416149068,0.008479132275439494,0.9657142857142857,0.928762080005671
segment,exp,114,295,0.004275185168554005,0.9826086956521739,0.00843870007660036,0.9628571428571429,0.9300657122642507
segment,exp,114,296,0.004596795477082117,0.9782608695652174,0.009046384851190527,0.96,0.9287918621290226
segment,exp,114,297,0.018628113597590475,0.9211180124223602,0.020335183808067807,0.9114285714285715,0.9305686517995905
segment,exp,114,298,0.004090892896497236,0.9819875776397515,0.008505944447926206,0.9685714285714285,0.928449495014032
segment,exp,114,299,0.004914527028892511,0.9757763975155279,0.008904853471796875,0.9571428571428572,0.9284870998948903
segment,exp,114,300,0.01087114827120333,0.9434782608695652,0.014424800313464787,0.9314285714285714,0.9290415690703576
segment,exp,114,301,0.004212511964329677,0.9807453416149068,0.008646840819369598,0.9628571428571429,0.9283020118538577
segment,exp,114,302,0.004024238518880905,0.9832298136645963,0.008382832501158809,0.9628571428571429,0.9282298807731705
segment,exp,114,303,0.003984138826741094,0.9826086956521739,0.008457681223585738,0.9657142857142857,0.928209796450756
segment,exp,114,304,0.003982623258884697,0.9832298136645963,0.0084292730811808,0.9628571428571429,0.9280968284977376
segment,exp,114,305,0.005013338449687599,0.977639751552795,0.009400845387986684,0.9514285714285714,0.9283439959438925
segment,exp,114,306,0.004333343999554564,0.9801242236024845,0.008712379365034453,0.9628571428571429,0.929299501359363
segment,exp,114,307,0.00396072028304405,0.9813664596273292,0.00839189160165907,0.9657142857142857,0.9279599405076456
segment,exp,114,308,0.004311926315498857,0.9819875776397515,0.008803849176091783,0.9657142857142857,0.9297248386484722
segment,exp,114,309,0.0039643968938644445,0.984472049689441,0.008399900268329987,0.96,0.9279410140121174
segment,exp,114,310,0.003967204599964692,0.9819875776397515,0.008363173504343008,0.9657142857142857,0.9277822324512995
segment,exp,114,311,0.004735819643853128,0.977639751552795,0.009228170118976304,0.9628571428571429,0.927748293793391
segment,exp,114,312,0.003993953089462929,0.9813664596273292,0.00836744806202338,0.9657142857142857,0.927711719397655
segment,exp,114,313,0.004125884143937151,0.9826086956521739,0.008694936708962665,0.9628571428571429,0.9277619241946464
segment,exp,114,314,0.003963003669549613,0.9838509316770186,0.008500032734937405,0.9685714285714285,0.9280526358563326
segment,exp,114,315,0.004396235450310499,0.9795031055900622,0.008868462336378193,0.9657142857142857,0.9275209904659082
segment,exp,114,316,0.004334259989068211,0.9807453416149068,0.008508646514812831,0.9571428571428572,0.9274774752481484
segment,exp,114,317,0.0042755947561033064,0.9807453416149068,0.008557133884914045,0.96,0.9274223469682937
segment,exp,114,318,0.003988802147282892,0.9819875776397515,0.00845549614366119,0.9657142857142857,0.9273806194536125
segment,exp,114,319,0.003902743991295413,0.9850931677018634,0.008392426943164309,0.9685714285714285,0.9272867679670524
segment,exp,114,320,0.0039102149842730975,0.9813664596273292,0.008360427258094225,0.9628571428571429,0.9284426677236473
segment,exp,114,321,0.004616761157224741,0.9788819875776398,0.008775194872940857,0.9571428571428572,0.9275438117164208
segment,exp,114,322,0.0038191443769600647,0.9826086956521739,0.008226677844320482,0.9657142857142857,0.9271789686559874
segment,exp,114,323,0.0038768044361350033,0.9819875776397515,0.008207798251545126,0.9657142857142857,0.9272086013474978
segment,exp,114,324,0.004521249164987581,0.9795031055900622,0.008666921110004054,0.9571428571428572,0.9270858331059701
segment,exp,114,325,0.003862121402065826,0.9819875776397515,0.008247282505358897,0.9657142857142857,0.9270420945881219
segment,exp,114,326,0.0038777448944248456,0.984472049689441,0.008271478765879067,0.9657142857142857,0.9271211400808748
segment,exp,114,327,0.003988323215702417,0.9819875776397515,0.008295429557908794,0.9628571428571429,0.92692226679281
segment,exp,114,328,0.0037830725059634523,0.9832298136645963,0.008176643502068535,0.9685714285714285,0.9269077326827826
segment,exp,114,329,0.00412251500538891,0.9807453416149068,0.00858995292821928,0.9628571428571429,0.9295010489628962
segment,exp,114,330,0.005565107447198525,0.9757763975155279,0.009885418237938657,0.9571428571428572,0.9268153547199659
segment,exp,114,331,0.00416980898287762,0.9813664596273292,0.008559505473172095,0.9628571428571429,0.9270383649527065
segment,exp,114,332,0.00383209042733661,0.9826086956521739,0.008251139502047965,0.9685714285714285,0.9267831212866805
segment,exp,114,333,0.00375663647930346,0.9838509316770186,0.00823538870603292,0.9657142857142857,0.9266641491741976
segment,exp,114,334,0.004190719479053085,0.9819875776397515,0.008594183143386846,0.9571428571428572,0.9272033833187093
segment,exp,114,335,0.004962620102627499,0.9751552795031055,0.00907071501114551,0.9542857142857143,0.9268590718283015
segment,exp,114,336,0.003952899013537247,0.9819875776397515,0.008328110145600602,0.9628571428571429,0.9265148967651126
segment,exp,114,337,0.004406253404863681,0.9819875776397515,0.008595446322843816,0.9571428571428572,0.9281307482123159
segment,exp,114,338,0.004801774959567849,0.9795031055900622,0.008954163457022298,0.9485714285714286,0.9268302421161886
segment,exp,114,339,0.004113893146746887,0.9826086956521739,0.008180800478302252,0.9571428571428572,0.9265937870161829
segment,exp,114,340,0.0037186967634368017,0.9838509316770186,0.008006565185973835,0.9714285714285714,0.9263566684972206
segment,exp,114,341,0.0036586194820922443,0.9850931677018634,0.008081519453262732,0.9714285714285714,0.9262728358899068
segment,exp,114,342,0.0036723277862112254,0.9850931677018634,0.008040609594121409,0.9657142857142857,0.9262539693521851
segment,exp,114,343,0.003680313522836161,0.9838509316770186,0.008107727098871946,0.9714285714285714,0.9262756144049358
segment,exp,114,344,0.0036899827933070933,0.986335403726708,0.007940083977911261,0.9714285714285714,0.9261992648319876
segment,exp,114,345,0.007065492694674869,0.970807453416149,0.009732627846522575,0.9514285714285714,0.9277122866899851
segment,exp,114,346,0.0035955027500760186,0.9857142857142858,0.00789626770909812,0.9714285714285714,0.9261618227334002
segment,exp,114,347,0.0035659158180409802,0.9875776397515528,0.007926649684384031,0.9714285714285714,0.9260827502914579
segment,exp,114,348,0.0036887523867963857,0.9869565217391304,0.008124906201201149,0.9685714285714285,0.9261266130949447
segment,exp,114,349,0.004015696690018849,0.986335403726708,0.00791261872697534,0.9628571428571429,0.926995967773959
segment,exp,114,350,0.003669711095755919,0.9857142857142858,0.00774408162859,0.9657142857142857,0.9259477698644554
segment,exp,115,1,0.0984914372797025,0.37763975155279506,0.09837658976049835,0.36857142857142855,0.9907327971104403
segment,exp,115,2,0.08951626702783222,0.5192546583850932,0.0889997652898433,0.5171428571428571,0.9884125603884162
segment,exp,115,3,0.08306217355509567,0.5366459627329192,0.08284086483664621,0.5285714285714286,0.9863167838903896
segment,exp,115,4,0.070797198901469,0.724223602484472,0.072641731369352,0.7171428571428572,0.983536469011163
segment,exp,115,5,0.05068068800646657,0.768944099378882,0.05112379633120836,0.7685714285714286,0.978096242023251
segment,exp,115,6,0.03875332495580772,0.8024844720496894,0.039647770583849086,0.7971428571428572,0.9760041829685545
segment,exp,115,7,0.037630931083172815,0.8229813664596274,0.038328391569125014,0.8085714285714286,0.9758279522620514
segment,exp,115,8,0.026130065765687504,0.908695652173913,0.02685432703341143,0.9057142857142857,0.9728867992080014
segment,exp,115,9,0.025962352262038177,0.8993788819875776,0.027653898009445576,0.8885714285714286,0.9717527161906436
segment,exp,115,10,0.02487075508348445,0.9105590062111801,0.026355820649898335,0.8942857142857142,0.970541262733338
segment,exp,115,11,0.022644186732047135,0.9043478260869565,0.023441797541415278,0.9,0.972194970843454
segment,exp,115,12,0.02783913653811228,0.8968944099378882,0.02930200990674372,0.8628571428571429,0.9688568863992374
segment,exp,115,13,0.018879379099809697,0.9267080745341615,0.01978594609146769,0.9114285714285715,0.9671814741668912
segment,exp,115,14,0.01772449133135359,0.9341614906832298,0.018934453191123173,0.9228571428571428,0.9678426634590042
segment,exp,115,15,0.01773763790348542,0.9329192546583851,0.018951132217611393,0.9228571428571428,0.9659684758702326
segment,exp,115,16,0.01957600064468063,0.9142857142857143,0.020619373762267124,0.9142857142857143,0.9662435337055981
segment,exp,115,17,0.018474645934438337,0.9149068322981366,0.0194443205445245,0.9171428571428571,0.9662405489778587
segment,exp,115,18,0.0168601015683318,0.9316770186335404,0.018195470680060968,0.9257142857142857,0.9643751081902361
segment,exp,115,19,0.018509662423913886,0.9149068322981366,0.0191303334566231,0.9171428571428571,0.9647570917026115
segment,exp,115,20,0.016499011654712185,0.931055900621118,0.01760348911099021,0.9228571428571428,0.9645800174388818
segment,exp,115,21,0.017422616186285114,0.9285714285714286,0.019303672086289317,0.9257142857142857,0.9667701066808789
segment,exp,115,22,0.01704202573660251,0.9366459627329192,0.019169141576377256,0.9257142857142857,0.963132509185798
segment,exp,115,23,0.015749959802024076,0.9416149068322981,0.017528169954346053,0.9314285714285714,0.9644668895638787
segment,exp,115,24,0.015456889763718971,0.9354037267080745,0.016743366183987904,0.9285714285714286,0.9624797202939269
segment,exp,115,25,0.02017433379607485,0.9105590062111801,0.02098473802584748,0.9114285714285715,0.9651411584585333
segment,exp,115,26,0.014900251070830673,0.9416149068322981,0.016832822077943323,0.9314285714285714,0.9625089899599418
segment,exp,115,27,0.014606653385280692,0.9354037267080745,0.01592287912450128,0.9257142857142857,0.9613587062054035
segment,exp,115,28,0.020564717405525804,0.9099378881987578,0.022612258233434494,0.8971428571428571,0.9615600493695513
segment,exp,115,29,0.014595799205280533,0.9397515527950311,0.016596253441355666,0.9257142857142857,0.9608780673363511
segment,exp,115,30,0.013536012703992364,0.94472049689441,0.01568152364836048,0.9371428571428572,0.9598162602181165
segment,exp,115,31,0.014880788821197826,0.9335403726708075,0.01675456932569096,0.9285714285714286,0.962484502111503
segment,exp,115,32,0.015402769380789012,0.9385093167701863,0.01766081856192985,0.9285714285714286,0.9593835939539042
segment,exp,115,33,0.013292819071001305,0.9403726708074535,0.014830786994651443,0.9285714285714286,0.9603904747177476
segment,exp,115,34,0.01314563975435467,0.9397515527950311,0.014937272150796854,0.9285714285714286,0.9587464188790776
segment,exp,115,35,0.015140920290907176,0.9391304347826087,0.01726947785022153,0.9285714285714286,0.958883899851557
segment,exp,115,36,0.015922705801723294,0.9298136645962732,0.017382117157870386,0.9228571428571428,0.9616877107903421
segment,exp,115,37,0.012814453306296653,0.9484472049689441,0.014945749388584083,0.9342857142857143,0.958463035646431
segment,exp,115,38,0.013002058296538492,0.9403726708074535,0.015061843954416182,0.9257142857142857,0.9578350756475965
segment,exp,115,39,0.0124059699121856,0.9459627329192547,0.014257538725289036,0.94,0.9572388660146179
segment,exp,115,40,0.014173588148477323,0.9335403726708075,0.015757454589061432,0.92,0.9577298111986614
segment,exp,115,41,0.02253143165544793,0.9006211180124224,0.025368010490173388,0.8857142857142857,0.9590312084486432
segment,exp,115,42,0.011886956230177888,0.9465838509316771,0.014140658491092594,0.9371428571428572,0.9573300719346661
segment,exp,115,43,0.011671639483058875,0.9459627329192547,0.013835559173911013,0.9314285714285714,0.9563638739359914
segment,exp,115,44,0.015581733768769219,0.924223602484472,0.016703350660081186,0.9228571428571428,0.9579059157276517
segment,exp,115,45,0.021638909998668698,0.9031055900621118,0.024150024245758895,0.8885714285714286,0.9569602491466995
segment,exp,115,46,0.013913127170323761,0.9322981366459627,0.015574695834828671,0.9342857142857143,0.9581094811056607
segment,exp,115,47,0.013419417806167233,0.9428571428571428,0.015559710549376935,0.9342857142857143,0.9586475587367891
segment,exp,115,48,0.011338453086184348,0.9509316770186336,0.013863924104897027,0.9371428571428572,0.9552866973418638
segment,exp,115,49,0.010843574012808692,0.9527950310559006,0.013041228001163885,0.9371428571428572,0.9562669999847685
segment,exp,115,50,0.01394084377946566,0.937888198757764,0.015981759790892672,0.9314285714285714,0.9565084834803647
segment,exp,115,51,0.011737027321892803,0.9453416149068323,0.01384118483615588,0.9428571428571428,0.9551208309530465
segment,exp,115,52,0.011986084794831209,0.94472049689441,0.01457269245425851,0.9342857142857143,0.9554501584950251
segment,exp,115,53,0.011103501430393794,0.9521739130434783,0.01395054533488982,0.9371428571428572,0.9543985762266299
segment,exp,115,54,0.010840731899463774,0.9515527950310559,0.013485523386608477,0.9342857142857143,0.956960450239862
segment,exp,115,55,0.011907444741204384,0.9416149068322981,0.014097551744697607,0.9342857142857143,0.9538889644084657
segment,exp,115,56,0.014842307329451404,0.9304347826086956,0.017857511647416002,0.92,0.9541406955830047
segment,exp,115,57,0.011771957514626955,0.9440993788819876,0.015058277035207438,0.9285714285714286,0.9535414677659867
segment,exp,115,58,0.009928988120971472,0.9596273291925466,0.01282389370137974,0.9428571428571428,0.9530280300671966
segment,exp,115,59,0.017516701657617866,0.9198757763975155,0.018590775803874856,0.9114285714285715,0.9549157595309913
segment,exp,115,60,0.011378308828216515,0.9503105590062112,0.014603203697025769,0.9342857142857143,0.9532303697866694
segment,exp,115,61,0.01217201184179649,0.9453416149068323,0.014921575130324214,0.9314285714285714,0.9538224360600259
segment,exp,115,62,0.013950251180649001,0.929192546583851,0.017296069436317348,0.92,0.9523584802900649
segment,exp,115,63,0.00974897158343438,0.9583850931677018,0.012818100725435613,0.9342857142857143,0.9521296716770513
segment,exp,115,64,0.009736036680859492,0.9627329192546584,0.013105591936531198,0.9485714285714286,0.9525197870179475
segment,exp,115,65,0.009426756209610079,0.9590062111801242,0.01262869643702138,0.9428571428571428,0.9517079538445328
segment,exp,115,66,0.009588548203365174,0.9583850931677018,0.012854659944867735,0.94,0.9515147220968927
segment,exp,115,67,0.00944724542494291,0.9608695652173913,0.012876238095402979,0.9428571428571428,0.9521861758104476
segment,exp,115,68,0.01018342119002883,0.9521739130434783,0.01320701528399026,0.9457142857142857,0.9513499833078387
segment,exp,115,69,0.009681732085820056,0.9583850931677018,0.012899142319781006,0.9428571428571428,0.9512922139764838
segment,exp,115,70,0.013410242940627258,0.9360248447204969,0.016807456903376514,0.9228571428571428,0.9541103120956719
segment,exp,115,71,0.009503997303624561,0.9590062111801242,0.01298782070624762,0.9485714285714286,0.9533111100173315
segment,exp,115,72,0.009649903774288076,0.9577639751552796,0.012643277752045393,0.9428571428571428,0.9508603634028133
segment,exp,115,73,0.009918598499174936,0.9596273291925466,0.012862865643276211,0.9457142857142857,0.9525761394490861
segment,exp,115,74,0.011214787082293442,0.9472049689440993,0.01399058490114853,0.94,0.9518097352411425
segment,exp,115,75,0.008878823600495153,0.9608695652173913,0.012155090720197673,0.9485714285714286,0.9501432056881058
segment,exp,115,76,0.009343626250661674,0.9608695652173913,0.01257840952365423,0.9428571428571428,0.950060224872493
segment,exp,115,77,0.009333014172973586,0.9602484472049689,0.012902708011716323,0.9485714285714286,0.9497616826818188
segment,exp,115,78,0.00870643104648957,0.9627329192546584,0.012268944066146878,0.9514285714285714,0.9497320403313697
segment,exp,115,79,0.010627543945227493,0.9490683229813665,0.013537523860406256,0.94,0.9495750848601989
segment,exp,115,80,0.009784438751853192,0.9546583850931677,0.012632665432845682,0.9428571428571428,0.9494927944494195
segment,exp,115,81,0.011312039564262051,0.9428571428571428,0.014620571711138907,0.9371428571428572,0.9533381567537926
segment,exp,115,82,0.009192249975579516,0.9602484472049689,0.012932685038730197,0.9514285714285714,0.9494329656788345
segment,exp,115,83,0.00911191006393739,0.9577639751552796,0.012777276070832087,0.9485714285714286,0.9488325030887514
segment,exp,115,84,0.009024312219229003,0.9596273291925466,0.011920011524338229,0.9457142857142857,0.9487946797746817
segment,exp,115,85,0.00925830113071055,0.9590062111801242,0.012417542597542899,0.9457142857142857,0.948486570830572
segment,exp,115,86,0.008336372258717549,0.9633540372670808,0.011783962704184562,0.9485714285714286,0.9514852769771942
segment,exp,115,87,0.00846734178187069,0.9614906832298137,0.012166511078454007,0.9485714285714286,0.9483448391818735
segment,exp,115,88,0.009766764606662497,0.9571428571428572,0.012744848780814694,0.9428571428571428,0.9488088389197767
segment,exp,115,89,0.008950187722124548,0.9590062111801242,0.012475437142481907,0.9457142857142857,0.9481354722955262
segment,exp,115,90,0.009055004862634284,0.9559006211180124,0.01283930619618975,0.9457142857142857,0.9478148530346938
segment,exp,115,91,0.008279561428472268,0.9633540372670808,0.01174746906747975,0.9457142857142857,0.9487540694344897
segment,exp,115,92,0.008986957453847293,0.9596273291925466,0.012522754270095993,0.9457142857142857,0.9477870954876816
segment,exp,115,93,0.008159947780798696,0.9614906832298137,0.011904354772252365,0.9485714285714286,0.9487731397162439
segment,exp,115,94,0.008440751739443106,0.9608695652173913,0.012405528761796033,0.9485714285714286,0.9472694815276225
segment,exp,115,95,0.008614372965904407,0.962111801242236,0.012145138966292731,0.9428571428571428,0.948603056047989
segment,exp,115,96,0.008104322052216121,0.9645962732919254,0.01209105012009341,0.9485714285714286,0.9470955780758813
segment,exp,115,97,0.011837651337808137,0.9440993788819876,0.014725966647793564,0.9428571428571428,0.9498431046047922
segment,exp,115,98,0.007983142364850707,0.9639751552795031,0.011721806752336233,0.9514285714285714,0.9467778089074405
segment,exp,115,99,0.008168790257352924,0.9627329192546584,0.011623072733720166,0.9485714285714286,0.9466660172003225
segment,exp,115,100,0.013313048605850072,0.9341614906832298,0.017133322701975057,0.92,0.9496050463980876
segment,exp,115,101,0.01114209251311533,0.9434782608695652,0.015005854989633572,0.94,0.9467082411680116
segment,exp,115,102,0.008269646661429089,0.9602484472049689,0.012178232031647621,0.9457142857142857,0.9480327260687343
segment,exp,115,103,0.009448623463372125,0.9552795031055901,0.013533870581616921,0.9428571428571428,0.9462726461229591
segment,exp,115,104,0.010591458437955444,0.9490683229813665,0.013283224456775983,0.9457142857142857,0.9471930507453232
segment,exp,115,105,0.008317380870725527,0.9633540372670808,0.012014340865134827,0.9485714285714286,0.947526513103204
segment,exp,115,106,0.008870641066819366,0.9583850931677018,0.01230638316081818,0.9457142857142857,0.9458298390415355
segment,exp,115,107,0.008079820376340599,0.962111801242236,0.012268008512205157,0.9485714285714286,0.9460086001395787
segment,exp,115,108,0.01599663130051137,0.9267080745341615,0.01986865995615595,0.9114285714285715,0.9482391911675573
segment,exp,115,109,0.011306206587909878,0.9397515527950311,0.015396008352676474,0.9285714285714286,0.946629634266568
segment,exp,115,110,0.0077519566134677245,0.9645962732919254,0.011802096577089534,0.9485714285714286,0.9454091872808208
segment,exp,115,111,0.007670104293115218,0.9639751552795031,0.011826677600365362,0.9485714285714286,0.9453524557396051
segment,exp,115,112,0.007699364968913058,0.9639751552795031,0.011855036622018185,0.9457142857142857,0.9451995813744718
segment,exp,115,113,0.007672911913883807,0.9664596273291925,0.01184974428954199,0.9457142857142857,0.9476841281106918
segment,exp,115,114,0.007575177673580739,0.9658385093167702,0.011716711030858301,0.9457142857142857,0.9450241494982836
segment,exp,115,115,0.007946605437109502,0.9639751552795031,0.011900024637299311,0.9485714285714286,0.9447339604327764
segment,exp,115,116,0.014912932558127133,0.9335403726708075,0.016855998190078172,0.9285714285714286,0.9464225314041157
segment,exp,115,117,0.008117027267112024,0.9633540372670808,0.01250965263050253,0.9485714285714286,0.9471906452573213
segment,exp,115,118,0.007528481051197396,0.968944099378882,0.011797370934930431,0.9485714285714286,0.944450578275991
segment,exp,115,119,0.007535979835012171,0.9658385093167702,0.01176701500070911,0.9514285714285714,0.9444999923489876
segment,exp,115,120,0.008596333065298093,0.9658385093167702,0.012305408170944407,0.9428571428571428,0.9447977520427835
segment,exp,115,121,0.007931416449502253,0.9695652173913043,0.011914687390284754,0.9428571428571428,0.9455706091564233
segment,exp,115,122,0.007526585305511639,0.9701863354037267,0.01164676563075243,0.9457142857142857,0.9454345540429372
segment,exp,115,123,0.010316980212572354,0.9472049689440993,0.014499899760469366,0.9371428571428572,0.9441714532901567
segment,exp,115,124,0.00733713296044116,0.968944099378882,0.011681128955227245,0.9485714285714286,0.943916941079742
segment,exp,115,125,0.00825260073432234,0.9677018633540373,0.012057737855107446,0.9457142857142857,0.9441835980283867
segment,exp,115,126,0.007531333729379077,0.9645962732919254,0.011762501430361285,0.9457142857142857,0.9439214037752247
segment,exp,115,127,0.008081561780094,0.9658385093167702,0.012032454169546578,0.9428571428571428,0.944083127923069
segment,exp,115,128,0.007320187759789891,0.968944099378882,0.011616392272268712,0.9457142857142857,0.9432557817580265
segment,exp,115,129,0.011969139586058254,0.9416149068322981,0.016072238795816266,0.9285714285714286,0.9437846771380459
segment,exp,115,130,0.011595588300454445,0.9503105590062112,0.014592571324490643,0.9257142857142857,0.9439399428068747
segment,exp,115,131,0.0075292856851633784,0.968944099378882,0.011721863121636564,0.9428571428571428,0.9442905999119547
segment,exp,115,132,0.007134109815270514,0.9695652173913043,0.011625935509636452,0.9428571428571428,0.9429265189379694
segment,exp,115,133,0.007579642831606218,0.9683229813664597,0.011837945420508875,0.94,0.9427110259328288
segment,exp,115,134,0.007141727006907935,0.968944099378882,0.011706037928403369,0.9457142857142857,0.9426092684463002
segment,exp,115,135,0.007004862554609276,0.970807453416149,0.01143821775966636,0.94,0.942568965671409
segment,exp,115,136,0.007049693017596928,0.968944099378882,0.01153366498443976,0.94,0.9425985294936846
segment,exp,115,137,0.007269832665477343,0.9670807453416149,0.01194311193117881,0.9428571428571428,0.9425923052134618
segment,exp,115,138,0.007513025316917534,0.9695652173913043,0.012056799394778871,0.94,0.9437611099800775
segment,exp,115,139,0.020749681043441888,0.9111801242236025,0.024341807835882533,0.9028571428571428,0.9452248319852994
segment,exp,115,140,0.007563122487791527,0.9695652173913043,0.011779040398839735,0.9457142857142857,0.9454249805995218
segment,exp,115,141,0.011130931551733638,0.9509316770186336,0.014223224515035066,0.9257142857142857,0.9424348998013317
segment,exp,115,142,0.006778609348500252,0.970807453416149,0.011035554336056706,0.94,0.9418270760324847
segment,exp,115,143,0.007106913703318649,0.968944099378882,0.011606835802665572,0.9428571428571428,0.9416289707525145
segment,exp,115,144,0.01815296656698324,0.9186335403726708,0.021851873676069337,0.9085714285714286,0.9460907908866221
segment,exp,115,145,0.006966968029969712,0.9701863354037267,0.01141926645399119,0.9428571428571428,0.9428062138326366
segment,exp,115,146,0.006673421043110477,0.9726708074534162,0.011160273246863776,0.9457142857142857,0.9412628911002665
segment,exp,115,147,0.006824054815636868,0.9726708074534162,0.011155595716603763,0.9428571428571428,0.9435513806108221
segment,exp,115,148,0.006620063839494168,0.9701863354037267,0.011209248995862352,0.9428571428571428,0.9409845543748597
segment,exp,115,149,0.00669316242171071,0.9726708074534162,0.01121669213616525,0.9428571428571428,0.9410002111295999
segment,exp,115,150,0.011218532980164455,0.9459627329192547,0.015121688206804018,0.9342857142857143,0.9416260819417956
segment,exp,115,151,0.006581323806643989,0.9732919254658385,0.010901364123760816,0.9428571428571428,0.9407111898593382
segment,exp,115,152,0.007498644972599485,0.9701863354037267,0.011989731113159255,0.9371428571428572,0.9407915069357031
segment,exp,115,153,0.006709447303744713,0.9745341614906833,0.010978613620144639,0.9428571428571428,0.9405154215298693
segment,exp,115,154,0.006567849866187201,0.9732919254658385,0.01115542330171782,0.9428571428571428,0.9403769506367596
segment,exp,115,155,0.007454835388950143,0.9701863354037267,0.011698783124824539,0.9485714285714286,0.9410773532948467
segment,exp,115,156,0.006412222877513247,0.9732919254658385,0.011094629768264313,0.9428571428571428,0.9402354924166596
segment,exp,115,157,0.006820102709207108,0.9720496894409938,0.010941478154639485,0.9457142857142857,0.9403083308930364
segment,exp,115,158,0.009037477525058667,0.9577639751552796,0.01220214970794892,0.9485714285714286,0.9420332796214628
segment,exp,115,159,0.0063396506854273465,0.9757763975155279,0.010641858084560306,0.9457142857142857,0.9401292862758006
segment,exp,115,160,0.011375651624102775,0.94472049689441,0.015065748090457543,0.9342857142857143,0.9424172603073151
segment,exp,115,161,0.006224915047604855,0.9751552795031055,0.010771095168896848,0.9514285714285714,0.9396824875615492
segment,exp,115,162,0.006754735732515211,0.968944099378882,0.011192160837454728,0.9457142857142857,0.9402533195290218
segment,exp,115,163,0.006750162657319658,0.9726708074534162,0.011336673214197833,0.9457142857142857,0.9414156266038749
segment,exp,115,164,0.02223338175111027,0.9074534161490683,0.025250762291487712,0.8942857142857142,0.9408192763778245
segment,exp,115,165,0.006238191536719085,0.9745341614906833,0.010629011586719393,0.9485714285714286,0.9392304722596453
segment,exp,115,166,0.00618319222456086,0.9757763975155279,0.01071225278280691,0.9514285714285714,0.9393201465401793
segment,exp,115,167,0.0064244823058046225,0.9720496894409938,0.01080968871842278,0.9514285714285714,0.9394559351063405
segment,exp,115,168,0.006746103719339642,0.9745341614906833,0.010692326262557483,0.9485714285714286,0.9389775991133602
segment,exp,115,169,0.008132165320174932,0.9652173913043478,0.012616149290289827,0.9457142857142857,0.9399106266651234
segment,exp,115,170,0.006199260518325854,0.9745341614906833,0.01087433841585033,0.9485714285714286,0.9390447746582077
segment,exp,115,171,0.008129844427168043,0.962111801242236,0.012588579134645773,0.94,0.9391750671602245
segment,exp,115,172,0.006047101942363766,0.9751552795031055,0.010535094790417109,0.9514285714285714,0.9385912232431839
segment,exp,115,173,0.006087614242350625,0.9763975155279503,0.010389571520630601,0.9542857142857143,0.9385781143412355
segment,exp,115,174,0.010999105064373621,0.9472049689440993,0.015058594685480686,0.9228571428571428,0.9400931937320843
segment,exp,115,175,0.00588272045103082,0.9770186335403727,0.01019897659722232,0.9542857142857143,0.9406856462784091
segment,exp,115,176,0.0058426534121734175,0.9763975155279503,0.010159444693443088,0.9514285714285714,0.9382785243536144
segment,exp,115,177,0.005777012937636851,0.9763975155279503,0.010204915858043248,0.9542857142857143,0.9382483364339754
segment,exp,115,178,0.00625857478654177,0.9757763975155279,0.010500247790663279,0.9514285714285714,0.9383116017147283
segment,exp,115,179,0.006242514577345139,0.9770186335403727,0.009843889959508812,0.9628571428571429,0.9384051026356066
segment,exp,115,180,0.008381944272566187,0.9627329192546584,0.012606136544110795,0.9457142857142857,0.9383788826978768
segment,exp,115,181,0.0058461812373665776,0.9757763975155279,0.010228857724792862,0.9514285714285714,0.9377366535782292
segment,exp,115,182,0.005990261484981842,0.9763975155279503,0.010445652316360566,0.9514285714285714,0.9378058560484616
segment,exp,115,183,0.006982935758421172,0.9695652173913043,0.011389210013812807,0.9514285714285714,0.9381121978808529
segment,exp,115,184,0.006763203847903819,0.9732919254658385,0.010708543055536453,0.9514285714285714,0.9378833502179095
segment,exp,115,185,0.005628530049427232,0.9782608695652174,0.010091269692960942,0.9542857142857143,0.9373249880031626
segment,exp,115,186,0.005577604537845204,0.9770186335403727,0.010142730393207887,0.9514285714285714,0.9372396854344778
segment,exp,115,187,0.00561094729157551,0.9763975155279503,0.010205477155305296,0.9542857142857143,0.9371425935575753
segment,exp,115,188,0.006203876698250868,0.9726708074534162,0.010828095405757573,0.9428571428571428,0.9390352990642898
segment,exp,115,189,0.005983941115389833,0.9745341614906833,0.010210808078204719,0.9542857142857143,0.9391756450482995
segment,exp,115,190,0.006276740352352277,0.9751552795031055,0.010449223747738557,0.96,0.9373023716428165
segment,exp,115,191,0.014157375613056272,0.9347826086956522,0.01762770589901212,0.92,0.9384068960911158
segment,exp,115,192,0.014966219422811948,0.9341614906832298,0.018016913089408875,0.92,0.9393529866437375
segment,exp,115,193,0.005584235977418267,0.9770186335403727,0.0100411588785537,0.96,0.9367556613786351
segment,exp,115,194,0.005470800157960444,0.9763975155279503,0.00994752436168831,0.9542857142857143,0.9364571643205677
segment,exp,115,195,0.005502677152798722,0.9782608695652174,0.010209940433135401,0.9542857142857143,0.9364975249899229
segment,exp,115,196,0.008154319837913673,0.9677018633540373,0.011755883747274402,0.9457142857142857,0.9380616921847376
segment,exp,115,197,0.01475799439314709,0.9329192546583851,0.01796610811792306,0.92,0.9375858208748672
segment,exp,115,198,0.005336472659812919,0.977639751552795,0.009991537914629664,0.9514285714285714,0.9376888068717681
segment,exp,115,199,0.005522739320580813,0.9763975155279503,0.01013475735759778,0.9485714285714286,0.9360212312238434
segment,exp,115,200,0.0054453307274003535,0.9763975155279503,0.010027967506347789,0.9542857142857143,0.9360985939235758
segment,exp,115,201,0.005445474091018252,0.9782608695652174,0.00988640606068635,0.9571428571428572,0.9358778864100612
segment,exp,115,202,0.005247632567439272,0.9788819875776398,0.00976510644082993,0.9542857142857143,0.9356849059931922
segment,exp,115,203,0.0054917114643107095,0.9801242236024845,0.009709136236499041,0.9571428571428572,0.9372740942884401
segment,exp,115,204,0.006129516055724973,0.9726708074534162,0.01021818910401063,0.9542857142857143,0.9357594390608673
segment,exp,115,205,0.005205759393547578,0.9782608695652174,0.00993128011986252,0.9514285714285714,0.9354503157842544
segment,exp,115,206,0.011650548378975216,0.9478260869565217,0.015199689978619903,0.92,0.9372624887070918
segment,exp,115,207,0.007293296291596989,0.9677018633540373,0.011908708290339147,0.9485714285714286,0.9360517628373358
segment,exp,115,208,0.008169474588505683,0.9658385093167702,0.0117888556753333,0.9542857142857143,0.9372369708158466
segment,exp,115,209,0.005911367008804027,0.9751552795031055,0.010186301538600872,0.9571428571428572,0.9357234030613807
segment,exp,115,210,0.005179458671193725,0.9788819875776398,0.009651313677769363,0.96,0.9351753710793534
segment,exp,115,211,0.005092011122519581,0.9788819875776398,0.00960678786193481,0.96,0.9350686143647081
segment,exp,115,212,0.005178515476566253,0.9782608695652174,0.009572166991560061,0.9628571428571429,0.9348758181464596
segment,exp,115,213,0.006395287053443846,0.9732919254658385,0.010885564844500937,0.9542857142857143,0.9356952256703518
segment,exp,115,214,0.005493444071310927,0.9757763975155279,0.009648617845079156,0.9571428571428572,0.9347097657991866
segment,exp,115,215,0.005271201426045723,0.9788819875776398,0.009812469468466934,0.9571428571428572,0.9360815387906337
segment,exp,115,216,0.005500960335876497,0.9757763975155279,0.009844729902434445,0.9571428571428572,0.934769320780983
segment,exp,115,217,0.005174191385097785,0.9795031055900622,0.009612440490634503,0.9571428571428572,0.9360078013671255
segment,exp,115,218,0.006305470089574833,0.9720496894409938,0.010739982633869353,0.9571428571428572,0.9345403078900558
segment,exp,115,219,0.005608171249998645,0.9751552795031055,0.009884727667279632,0.9542857142857143,0.9344778053859946
segment,exp,115,220,0.0052805667447512,0.9770186335403727,0.009548996757768581,0.96,0.9341583348722278
segment,exp,115,221,0.004947919413703872,0.9795031055900622,0.009447892012308232,0.96,0.9341776621573098
segment,exp,115,222,0.005281349345293683,0.9782608695652174,0.009671243197811812,0.9571428571428572,0.9339800464189109
segment,exp,115,223,0.005337970308906501,0.9745341614906833,0.009440072211501218,0.96,0.9340090212182431
segment,exp,115,224,0.004949580090075103,0.9788819875776398,0.009260139521082227,0.9628571428571429,0.9338410488836754
segment,exp,115,225,0.00972136341331345,0.9596273291925466,0.012680567066224469,0.9428571428571428,0.9355723757514358
segment,exp,115,226,0.005593888307757569,0.9745341614906833,0.009543890234678786,0.9628571428571429,0.9340343873040442
segment,exp,115,227,0.004865281213725261,0.9795031055900622,0.009402173653205243,0.9628571428571429,0.933583660010038
segment,exp,115,228,0.005247689014455687,0.9763975155279503,0.009899232779770138,0.9571428571428572,0.9336064127144769
segment,exp,115,229,0.00521360394130088,0.9813664596273292,0.00951060867391216,0.9571428571428572,0.9339458283447092
segment,exp,115,230,0.00490428267208486,0.9782608695652174,0.00932552640236207,0.96,0.9333387064552559
segment,exp,115,231,0.005138773558631352,0.9770186335403727,0.009721125187743158,0.9542857142857143,0.9333125125141527
segment,exp,115,232,0.004814864342606766,0.9813664596273292,0.009287989379917736,0.96,0.9346017720758344
segment,exp,115,233,0.004993477671475564,0.9782608695652174,0.009306826501767323,0.96,0.9331208144930482
segment,exp,115,234,0.009936980460688053,0.9602484472049689,0.012361563008470728,0.9514285714285714,0.9355677006706871
segment,exp,115,235,0.00478264505038458,0.9813664596273292,0.009212416712726101,0.9628571428571429,0.9329993098012751
segment,exp,115,236,0.009366834258747347,0.9527950310559006,0.013486298706867303,0.9314285714285714,0.9334578342175995
segment,exp,115,237,0.00531450153047819,0.9770186335403727,0.009711283064049111,0.9514285714285714,0.9333276314812683
segment,exp,115,238,0.011752256609267785,0.9453416149068323,0.015262844418776168,0.92,0.9340862693804471
segment,exp,115,239,0.0046784103354044655,0.9807453416149068,0.00924906967039805,0.9628571428571429,0.9326531001538967
segment,exp,115,240,0.006354911641749996,0.9720496894409938,0.01017292389469208,0.9542857142857143,0.9327448101726236
segment,exp,115,241,0.005521214644737211,0.9757763975155279,0.009711801453844062,0.9542857142857143,0.9330897269465057
segment,exp,115,242,0.004747319102584432,0.9795031055900622,0.009359308849216135,0.9628571428571429,0.9324515950976315
segment,exp,115,243,0.005319277671847326,0.9757763975155279,0.009955960101599702,0.9542857142857143,0.9325773407271706
segment,exp,115,244,0.008548783360567453,0.962111801242236,0.011586868028689431,0.9571428571428572,0.9331319583229242
segment,exp,115,245,0.004755601644327273,0.9788819875776398,0.00934693901960404,0.96,0.9323616507909708
segment,exp,115,246,0.006494301479115822,0.9701863354037267,0.01101815821942991,0.9542857142857143,0.9327792289524276
segment,exp,115,247,0.004702412187161921,0.9801242236024845,0.009303549734633631,0.9571428571428572,0.9332644649705929
segment,exp,115,248,0.005136221212047694,0.977639751552795,0.009502311913073377,0.9542857142857143,0.9321042801418169
segment,exp,115,249,0.004653944579700844,0.9795031055900622,0.00921254828449951,0.9628571428571429,0.9320292268713563
segment,exp,115,250,0.004604158348451849,0.9795031055900622,0.009377893059205035,0.9571428571428572,0.9319013739062594
segment,exp,115,251,0.008982973851303271,0.962111801242236,0.011919054761372486,0.9457142857142857,0.932261909806279
segment,exp,115,252,0.004724601267177222,0.9782608695652174,0.009224875020322211,0.96,0.933102178342502
segment,exp,115,253,0.004549743630400704,0.9801242236024845,0.00922205429777829,0.96,0.9317142876299114
segment,exp,115,254,0.005001925199608086,0.9788819875776398,0.009361147910222639,0.96,0.9318256548338595
segment,exp,115,255,0.004553476585837943,0.9801242236024845,0.009176591486545057,0.96,0.9316087315083285
segment,exp,115,256,0.004660097660103161,0.9782608695652174,0.009492839801041509,0.96,0.9317650762818447
segment,exp,115,257,0.005587785498611013,0.9751552795031055,0.010361528071394708,0.9514285714285714,0.9320424139894226
segment,exp,115,258,0.006213687572896689,0.9732919254658385,0.011071150533222125,0.9514285714285714,0.9323148035763366
segment,exp,115,259,0.004529984172521538,0.9801242236024845,0.009227421858984921,0.9571428571428572,0.9312857325171865
segment,exp,115,260,0.004665080153289014,0.9813664596273292,0.00942467683376407,0.9571428571428572,0.9313199935147336
segment,exp,115,261,0.004764696248378353,0.9788819875776398,0.009626949495978785,0.9571428571428572,0.9312755744299993
segment,exp,115,262,0.0048509504373954945,0.9770186335403727,0.009641851017167816,0.9571428571428572,0.9311371626900078
segment,exp,115,263,0.005764204816406018,0.9770186335403727,0.010644791159881048,0.9571428571428572,0.9315357394233508
segment,exp,115,264,0.004468817142928094,0.9795031055900622,0.009086488918304386,0.9628571428571429,0.9309537469191329
segment,exp,115,265,0.004549569776946219,0.9807453416149068,0.009291025525357441,0.9571428571428572,0.9309302281947968
segment,exp,115,266,0.004429505780332635,0.9819875776397515,0.009053646281076473,0.9628571428571429,0.9308998221293981
segment,exp,115,267,0.004413213865172958,0.9795031055900622,0.009159782772978183,0.96,0.93075364526572
segment,exp,115,268,0.004705737460527481,0.9782608695652174,0.009120495910988709,0.96,0.9307565392324134
segment,exp,115,269,0.005068436457913727,0.9788819875776398,0.009615558495929818,0.9571428571428572,0.9309630776888996
segment,exp,115,270,0.00491284760489059,0.9770186335403727,0.009669188605524378,0.9571428571428572,0.9305447995174387
segment,exp,115,271,0.012031502661871843,0.9459627329192547,0.015083901727818707,0.9257142857142857,0.9315901114955678
segment,exp,115,272,0.004405988161940384,0.9813664596273292,0.008899245055721594,0.9628571428571429,0.9304323992816641
segment,exp,115,273,0.00448743942511524,0.9788819875776398,0.009004334098842996,0.96,0.9303462051472661
segment,exp,115,274,0.004425613482946086,0.9795031055900622,0.00909653770066129,0.9571428571428572,0.9302801743383909
segment,exp,115,275,0.004368353899464257,0.9801242236024845,0.009065404791821007,0.96,0.9303843897154511
segment,exp,115,276,0.004848184070836852,0.977639751552795,0.009702226721771743,0.9542857142857143,0.9305150447668722
segment,exp,115,277,0.004332999321860898,0.9813664596273292,0.009175814221756964,0.9571428571428572,0.9301311776012913
segment,exp,115,278,0.004477100312117309,0.9801242236024845,0.009351039712677218,0.96,0.9300251034219966
segment,exp,115,279,0.0043264837530364265,0.9807453416149068,0.009059498398477077,0.9628571428571429,0.9299410056995777
segment,exp,115,280,0.004517091233431657,0.9795031055900622,0.009121480894511584,0.96,0.9299099677329555
segment,exp,115,281,0.004373390103873713,0.9813664596273292,0.009241346943473647,0.96,0.9298435491126135
segment,exp,115,282,0.004265124787134033,0.9801242236024845,0.00899961560800502,0.9628571428571429,0.9298366281998808
segment,exp,115,283,0.006083414861933405,0.9739130434782609,0.01110499339004323,0.9485714285714286,0.9308575146503736
segment,exp,115,284,0.0043397506502751496,0.9801242236024845,0.008966328018506,0.9628571428571429,0.9297419794426466
segment,exp,115,285,0.0042845614769979395,0.9807453416149068,0.009001122377499754,0.9628571428571429,0.9297480937612299
segment,exp,115,286,0.0047149718288508865,0.9788819875776398,0.009602635196977021,0.9571428571428572,0.9310542530711706
segment,exp,115,287,0.004264842222908913,0.9826086956521739,0.009141126747045519,0.9628571428571429,0.9295570072108698
segment,exp,115,288,0.00838401605745735,0.9614906832298137,0.01120626890856936,0.9542857142857143,0.9308709264167547
segment,exp,115,289,0.004628360653312865,0.9801242236024845,0.009100040017504172,0.96,0.9293724585666135
segment,exp,115,290,0.004329137621761635,0.9807453416149068,0.009005708868584084,0.9628571428571429,0.929481957040878
segment,exp,115,291,0.00430515478437444,0.9795031055900622,0.009057892622224114,0.9628571428571429,0.9293569898311288
segment,exp,115,292,0.004532099247864669,0.9770186335403727,0.009074474344324584,0.96,0.9291962392968892
segment,exp,115,293,0.004196681060508949,0.9819875776397515,0.009028246835118391,0.9628571428571429,0.9290785774359002
segment,exp,115,294,0.004214252536947983,0.9832298136645963,0.008969454830992634,0.96,0.931729947258899
segment,exp,115,295,0.004165929401452828,0.9826086956521739,0.00899250260840965,0.9628571428571429,0.9289573937012353
segment,exp,115,296,0.00422662816960651,0.9819875776397515,0.008966639217996791,0.9628571428571429,0.9289804813533112
segment,exp,115,297,0.0045201563612549955,0.9770186335403727,0.009538856772657582,0.9571428571428572,0.9288406342457155
segment,exp,115,298,0.004217837270172918,0.9813664596273292,0.00904179313095811,0.96,0.9287895321546292
segment,exp,115,299,0.00415879380355605,0.9807453416149068,0.00892343207310344,0.9628571428571429,0.9287277180283239
segment,exp,115,300,0.00416240896578965,0.9826086956521739,0.009011604886126793,0.96,0.9287565594029652
segment,exp,115,301,0.004809966377039602,0.9763975155279503,0.00917205618882975,0.96,0.9286471208277091
segment,exp,115,302,0.004140411861884731,0.9826086956521739,0.009007394902960226,0.9571428571428572,0.9285656501613287
segment,exp,115,303,0.0042134509402429006,0.9813664596273292,0.008933302268680903,0.9628571428571429,0.928482348526613
segment,exp,115,304,0.004333893245931288,0.9795031055900622,0.008992922669483384,0.96,0.9306087366583861
segment,exp,115,305,0.0043177230615158374,0.9807453416149068,0.009183470638051175,0.96,0.9315057126058792
segment,exp,115,306,0.004141512660695029,0.9832298136645963,0.009029287120109617,0.96,0.9283568198964777
segment,exp,115,307,0.0040833021494681015,0.9813664596273292,0.00899321058196855,0.96,0.9282871901356536
segment,exp,115,308,0.004682594686367759,0.9770186335403727,0.00909947406470401,0.9571428571428572,0.9281994921496831
segment,exp,115,309,0.004120831632765419,0.9807453416149068,0.008948112393336533,0.9628571428571429,0.9283487184731243
segment,exp,115,310,0.005413894831355871,0.9795031055900622,0.01004291704508173,0.9514285714285714,0.9296815150508491
segment,exp,115,311,0.0041336318383897504,0.9801242236024845,0.009038021257397003,0.96,0.9280424531521784
segment,exp,115,312,0.004696146306547113,0.9745341614906833,0.009735760517078324,0.9514285714285714,0.9281245922888829
segment,exp,115,313,0.004543508041318162,0.9795031055900622,0.009197271819452594,0.9571428571428572,0.9279103683993425
segment,exp,115,314,0.008345156361840115,0.9590062111801242,0.012652390963780355,0.9428571428571428,0.9280679506789015
segment,exp,115,315,0.004425550120400495,0.9801242236024845,0.009163527245934578,0.9571428571428572,0.9279785060633492
segment,exp,115,316,0.005740649704468252,0.9726708074534162,0.009370267028640899,0.9571428571428572,0.9283519607080084
segment,exp,115,317,0.014975003434216944,0.931055900621118,0.01811705861629923,0.9257142857142857,0.9291625521806786
segment,exp,115,318,0.004090974704592532,0.9826086956521739,0.008950396022472802,0.96,0.9276266335516377
segment,exp,115,319,0.003999461308102283,0.9813664596273292,0.008830790627362473,0.9628571428571429,0.9275795485623879
segment,exp,115,320,0.003988748383602476,0.9826086956521739,0.008898760596997518,0.9628571428571429,0.9275152829989131
segment,exp,115,321,0.009659062844373598,0.9571428571428572,0.012301351323737405,0.9457142857142857,0.9285500427256552
segment,exp,115,322,0.00408556090228622,0.9819875776397515,0.009049887969060427,0.9571428571428572,0.9274113318894147
segment,exp,115,323,0.004240388849090137,0.9801242236024845,0.008974725226108624,0.96,0.9273542167640882
segment,exp,115,324,0.0041301979451600175,0.9801242236024845,0.008835108226831487,0.96,0.9273054187570567
segment,exp,115,325,0.004144655161765543,0.9826086956521739,0.00876639881947945,0.96,0.9287543873119537
segment,exp,115,326,0.00402197391325998,0.9813664596273292,0.008805921745128004,0.9628571428571429,0.9272283817089432
segment,exp,115,327,0.004703005692179246,0.9763975155279503,0.009940877399672404,0.9542857142857143,0.9274845109963806
segment,exp,115,328,0.00402957685722631,0.9801242236024845,0.008998968664076347,0.96,0.9270912421061949
segment,exp,115,329,0.004399722526779843,0.9795031055900622,0.009483347604007748,0.9571428571428572,0.9270121572133733
segment,exp,115,330,0.0040102382749385365,0.9819875776397515,0.008923562079045514,0.9628571428571429,0.9269866987015318
segment,exp,115,331,0.004114142438538227,0.9801242236024845,0.008983695973022832,0.96,0.9269263139858576
segment,exp,115,332,0.004013060336926399,0.9819875776397515,0.009007969723275461,0.96,0.9269103072495187
segment,exp,115,333,0.00450621361905521,0.9801242236024845,0.00917426613673218,0.9628571428571429,0.9287846970151161
segment,exp,115,334,0.003981914891584729,0.9819875776397515,0.00895765989291419,0.9628571428571429,0.9267786615492221
segment,exp,115,335,0.00414245256446829,0.9801242236024845,0.008904767070089964,0.96,0.9268302054181972
segment,exp,115,336,0.004376455216500965,0.9795031055900622,0.00916984276502701,0.96,0.9266700288841087
segment,exp,115,337,0.003943938109427622,0.9826086956521739,0.008980312555874002,0.9628571428571429,0.9266588752387639
segment,exp,115,338,0.003933232752664367,0.9826086956521739,0.008848904668169085,0.9628571428571429,0.9266217439666568
segment,exp,115,339,0.004028054840150813,0.9838509316770186,0.009147289535074456,0.96,0.9268655051998981
segment,exp,115,340,0.004588689013062381,0.9801242236024845,0.009264757783307553,0.9571428571428572,0.9268513935875196
segment,exp,115,341,0.0038488821119644196,0.9826086956521739,0.008894295281698677,0.9657142857142857,0.9264203360443387
segment,exp,115,342,0.003970516514041539,0.9813664596273292,0.0091032854742769,0.96,0.9263587914413138
segment,exp,115,343,0.004851156896747761,0.977639751552795,0.01004492920478956,0.9542857142857143,0.9278514865701668
segment,exp,115,344,0.004085537798599487,0.9819875776397515,0.009120617681626957,0.96,0.9262917723804847
segment,exp,115,345,0.0038545775747155283,0.9838509316770186,0.008832165911504621,0.9657142857142857,0.9262521315440007
segment,exp,115,346,0.003858513494402552,0.9826086956521739,0.008790850681164563,0.96,0.9263494715430288
segment,exp,115,347,0.004000243754102438,0.9813664596273292,0.0087668960293081,0.9628571428571429,0.9261164225395959
segment,exp,115,348,0.00388403158960535,0.9807453416149068,0.008925292755150324,0.96,0.9274520371591285
segment,exp,115,349,0.004270201169202371,0.9813664596273292,0.008928210019342514,0.9628571428571429,0.9262197538722374
segment,exp,115,350,0.0038068163102116213,0.9819875776397515,0.00883155261341923,0.9628571428571429,0.9260572318047093
segment,tanh,100,1,0.09704229647713171,0.5447204968944099,0.09711915538522672,0.5457142857142857,1.0011284549053698
segment,tanh,100,2,0.06501265992212045,0.6813664596273292,0.06417251036741084,0.6914285714285714,1.0041097872227567
segment,tanh,100,3,0.058181523551260717,0.675776397515528,0.05636999347951446,0.6828571428571428,1.0021713111450412
segment,tanh,100,4,0.039760297357018706,0.8490683229813665,0.03841265465951565,0.86,1.0196919909402482
segment,tanh,100,5,0.048107311280460606,0.7596273291925466,0.04771583029653624,0.7657142857142857,1.0007190742809473
segment,tanh,100,6,0.03858548369985822,0.8167701863354038,0.038131251028289764,0.8142857142857143,1.0023703869574447
segment,tanh,100,7,0.026912503831009047,0.8993788819875776,0.026536207154012257,0.8971428571428571,1.0000045343486532
segment,tanh,100,8,0.023778605795310867,0.9111801242236025,0.02418917397753343,0.9114285714285715,1.0037949557798478
segment,tanh,100,9,0.024327101199094932,0.9006211180124224,0.024795480031659163,0.9,1.000018615137989
segment,tanh,100,10,0.024693748800083522,0.9130434782608695,0.02545984620332299,0.9028571428571428,1.000160219044017
segment,tanh,100,11,0.02290337761883105,0.915527950310559,0.024551532075767313,0.9142857142857143,1.0000200523967044
segment,tanh,100,12,0.019289108858771428,0.9204968944099379,0.02015252122364383,0.9142857142857143,1.0022960343536562
segment,tanh,100,13,0.01992549119555732,0.9167701863354037,0.020423946888282613,0.9142857142857143,1.000994126209781
segment,tanh,100,14,0.018845122785343896,0.9329192546583851,0.02051315969455651,0.9228571428571428,1.0046730405609734
segment,tanh,100,15,0.03518080281329761,0.8422360248447205,0.037521938222956144,0.8228571428571428,1.0004199902553839
segment,tanh,100,16,0.02095678920494869,0.9093167701863354,0.021545195807643025,0.9142857142857143,1.000215929155612
segment,tanh,100,17,0.017798907744454282,0.9248447204968944,0.018811928805630467,0.92,1.000630523867963
segment,tanh,100,18,0.016745936006196806,0.9354037267080745,0.017583719241715784,0.9257142857142857,1.0001375998669984
segment,tanh,100,19,0.01563251960314817,0.9372670807453416,0.01721828362732005,0.9285714285714286,0.9517994831360643
segment,tanh,100,20,0.020041672913771225,0.9111801242236025,0.02034332801324581,0.92,1.0028151397110934
segment,tanh,100,21,0.02345338429869537,0.9006211180124224,0.026395244647206762,0.8771428571428571,1.0001018364841627
segment,tanh,100,22,0.015392802494694087,0.9322981366459627,0.016756129009287454,0.9285714285714286,1.0003255518038916
segment,tanh,100,23,0.015097597529722886,0.9335403726708075,0.01671963273025078,0.9285714285714286,1.000128395994531
segment,tanh,100,24,0.016138664914952708,0.9372670807453416,0.017435172817882347,0.9285714285714286,1.000538009963238
segment,tanh,100,25,0.016485994667814495,0.9322981366459627,0.019036782615474267,0.92,1.000752349532983
segment,tanh,100,26,0.017520526838889543,0.9316770186335404,0.020794140399367774,0.9114285714285715,1.0063113736576839
segment,tanh,100,27,0.014927591944114355,0.9360248447204969,0.017130628205929407,0.9228571428571428,1.0003926298982597
segment,tanh,100,28,0.01704534648022095,0.9366459627329192,0.019931644354687462,0.9314285714285714,1.0000325079269161
segment,tanh,100,29,0.013640937209778785,0.9397515527950311,0.015604070253670357,0.9285714285714286,1.0000417967981343
segment,tanh,100,30,0.017901226673992705,0.9198757763975155,0.020887831875719323,0.9085714285714286,1.0028440652333466
segment,tanh,100,31,0.024452571091722865,0.9031055900621118,0.027708530595336137,0.8914285714285715,1.0002101349720522
segment,tanh,100,32,0.01368436163058947,0.9372670807453416,0.015754279355882653,0.9257142857142857,0.5490722819387531
segment,tanh,100,33,0.012993736940711072,0.9465838509316771,0.015823742861863967,0.9371428571428572,1.0046113568980348
segment,tanh,100,34,0.015921120697337518,0.9354037267080745,0.01937415347484499,0.9257142857142857,1.003785516040228
segment,tanh,100,35,0.014271217439160539,0.9316770186335404,0.015934199504772917,0.9257142857142857,1.0004561294575116
segment,tanh,100,36,0.012809457219501316,0.9397515527950311,0.014778741320786246,0.9285714285714286,0.9978592435817546
segment,tanh,100,37,0.015099607728876766,0.9298136645962732,0.016516665919447848,0.9228571428571428,1.0000576317766348
segment,tanh,100,38,0.012769569765371113,0.9484472049689441,0.015558525922008766,0.9371428571428572,1.0000307487425126
segment,tanh,100,39,0.011647833675957384,0.9509316770186336,0.01418747218965936,0.9371428571428572,0.7473055198466836
segment,tanh,100,40,0.011445338082189692,0.9503105590062112,0.013948450040241402,0.9371428571428572,0.9948887211021877
segment,tanh,100,41,0.012666416106075462,0.9478260869565217,0.015470022714994132,0.9371428571428572,0.9987018004689479
segment,tanh,100,42,0.011720698963023676,0.9496894409937888,0.014696410590540923,0.9371428571428572,1.0023716974166177
segment,tanh,100,43,0.014553598869400995,0.931055900621118,0.01614376107749353,0.9228571428571428,1.0000482298192657
segment,tanh,100,44,0.018755766696495084,0.9124223602484473,0.021564566447162505,0.9,1.0002227392530172
segment,tanh,100,45,0.015619969375269821,0.9273291925465839,0.017166580002877456,0.9228571428571428,1.0007916077319217
segment,tanh,100,46,0.02521148583812449,0.8850931677018633,0.02779688297386095,0.8828571428571429,1.0019417242683626
segment,tanh,100,47,0.01273772207217836,0.9472049689440993,0.015708096696206045,0.9371428571428572,1.0000775804206454
segment,tanh,100,48,0.010726915415735812,0.953416149068323,0.013421106913906564,0.9371428571428572,1.0000082277557685
segment,tanh,100,49,0.018183253893589765,0.9173913043478261,0.019108638780860412,0.9228571428571428,1.0007163049978773
segment,tanh,100,50,0.01062588657287264,0.9521739130434783,0.013382424545970306,0.9371428571428572,0.8193065009341457
segment,tanh,100,51,0.01153953231574838,0.9440993788819876,0.013923166970620408,0.9285714285714286,1.0001779769579222
segment,tanh,100,52,0.012536804504063173,0.9397515527950311,0.014672779772508384,0.9257142857142857,0.9940908329385768
segment,tanh,100,53,0.011081456385113925,0.9459627329192547,0.013459543678469967,0.9285714285714286,0.8178856723979712
segment,tanh,100,54,0.011627070512845379,0.9459627329192547,0.013871716474457436,0.9257142857142857,1.0005441452719384
segment,tanh,100,55,0.012826709980374646,0.9366459627329192,0.01556476409253984,0.9285714285714286,1.000029928799868
segment,tanh,100,56,0.017862213496992938,0.9167701863354037,0.019170805336169792,0.92,1.0002952333953588
segment,tanh,100,57,0.01098449152077091,0.9459627329192547,0.013794732969711225,0.9314285714285714,1.0033559383990336
segment,tanh,100,58,0.01149657844206441,0.9490683229813665,0.014529561039131082,0.9428571428571428,0.9978160982581118
segment,tanh,100,59,0.01079968693663442,0.9465838509316771,0.013333480926900934,0.9285714285714286,0.6833174107158211
segment,tanh,100,60,0.011822360534358072,0.9403726708074535,0.014159871595923376,0.9314285714285714,0.9999674378443159
segment,tanh,100,61,0.01007409860803143,0.953416149068323,0.013064299561675846,0.94,0.6993194281550172
segment,tanh,100,62,0.010352370097448186,0.9478260869565217,0.01301537221129253,0.9314285714285714,0.25331331368744486
segment,tanh,100,63,0.010741615609352627,0.9478260869565217,0.013464866653379695,0.9285714285714286,1.0023499688500697
segment,tanh,100,64,0.010358606285428609,0.9465838509316771,0.01295535627636119,0.9314285714285714,0.997219117007104
segment,tanh,100,65,0.009647101073245682,0.9540372670807453,0.012423264782186624,0.94,0.7803992450898436
segment,tanh,100,66,0.011723277425150638,0.9385093167701863,0.014534987645680415,0.9371428571428572,0.7422997160593603
segment,tanh,100,67,0.009730044133885068,0.9515527950310559,0.01274796250681396,0.9428571428571428,1.0000974620107137
segment,tanh,100,68,0.009608675996613067,0.9540372670807453,0.012521273002214783,0.9428571428571428,0.9288939536726626
segment,tanh,100,69,0.014443960224753635,0.9248447204968944,0.017379905572310613,0.9171428571428571,1.0002403508597157
segment,tanh,100,70,0.03147862038379958,0.867080745341615,0.03307131939399586,0.8657142857142858,1.0001881974706808
segment,tanh,100,71,0.012422674672425025,0.9372670807453416,0.014493874489529181,0.9314285714285714,1.0003779350695474
segment,tanh,100,72,0.0158769453038773,0.9198757763975155,0.018505590402739528,0.9114285714285715,1.000067420138886
segment,tanh,100,73,0.009311034813682166,0.9559006211180124,0.01239998251891423,0.9457142857142857,0.09319832649916644
segment,tanh,100,74,0.010554501989386643,0.9484472049689441,0.013219434100039413,0.94,1.0000290498486342
segment,tanh,100,75,0.009790445911452221,0.9509316770186336,0.012540174272641523,0.9342857142857143,0.5627873963034655
segment,tanh,100,76,0.009204309356133764,0.9571428571428572,0.012277599883839014,0.9457142857142857,0.9163041830955136
segment,tanh,100,77,0.009762658183470057,0.9496894409937888,0.012482014064611042,0.9342857142857143,0.3038964768713655
segment,tanh,100,78,0.010774315848706624,0.9484472049689441,0.013092081687880933,0.94,0.2274407864772205
segment,tanh,100,79,0.01065882269416989,0.9459627329192547,0.01378559369568225,0.94,0.9997930391512027
segment,tanh,100,80,0.009168584087082085,0.9583850931677018,0.012520327682695905,0.9457142857142857,0.9280857761426201
segment,tanh,100,81,0.009104966358301896,0.9540372670807453,0.012342206639660616,0.9428571428571428,0.6197815832224741
segment,tanh,100,82,0.009403723788637238,0.9559006211180124,0.012344279579457157,0.94,0.5457241377553875
segment,tanh,100,83,0.009322804615590173,0.9577639751552796,0.012565472463153525,0.94,1.0003789004551376
segment,tanh,100,84,0.009676903676285972,0.9527950310559006,0.01287945663605512,0.9428571428571428,0.04698009830397465
segment,tanh,100,85,0.009555089396517289,0.9577639751552796,0.012787455561734749,0.94,1.0019736455211012
segment,tanh,100,86,0.008935673151491972,0.9596273291925466,0.012220221414697396,0.9457142857142857,1.0002203904454818
segment,tanh,100,87,0.011273338124124852,0.9453416149068323,0.013597748147441233,0.9428571428571428,1.0279949803751023
segment,tanh,100,88,0.010470688545631136,0.9490683229813665,0.013618454266200902,0.94,0.996214906970073
segment,tanh,100,89,0.008823215310235211,0.9596273291925466,0.012099770947777946,0.9457142857142857,0.776231297471
segment,tanh,100,90,0.008910437878873356,0.9583850931677018,0.011953685132414101,0.9428571428571428,1.0000471549444585
segment,tanh,100,91,0.00862499653505582,0.9614906832298137,0.011895377288929733,0.9428571428571428,0.38227355575542193
segment,tanh,100,92,0.008576459646935753,0.9633540372670808,0.0119641314638699,0.9457142857142857,0.03857377936877762
segment,tanh,100,93,0.010326907259407778,0.9515527950310559,0.012932435933324465,0.9428571428571428,1.0038277038501684
segment,tanh,100,94,0.00864591801129291,0.9583850931677018,0.011778421156303976,0.9428571428571428,0.47136760584967924
segment,tanh,100,95,0.008905643007724675,0.9590062111801242,0.012064477601221167,0.9428571428571428,0.9997189623727107
segment,tanh,100,96,0.009597350234495329,0.9559006211180124,0.012389730746905896,0.94,1.1413046674004483
segment,tanh,100,97,0.008417634874868768,0.9614906832298137,0.011827896123538725,0.9457142857142857,0.9467480799822202
segment,tanh,100,98,0.008314799823268569,0.9627329192546584,0.011787401015046607,0.9428571428571428,1.000788910566837
segment,tanh,100,99,0.008260572279036708,0.9614906832298137,0.011643448626977753,0.9457142857142857,1.0000062458168992
segment,tanh,100,100,0.008667380021292349,0.9583850931677018,0.011638484480065535,0.9428571428571428,1.000127888808824
segment,tanh,100,101,0.009283902374767398,0.9583850931677018,0.012125402300263606,0.9428571428571428,0.999637683422196
segment,tanh,100,102,0.011572026626493119,0.9465838509316771,0.01391640872830058,0.9371428571428572,1.0000490232121144
segment,tanh,100,103,0.010550144262807273,0.9472049689440993,0.01386179986987878,0.9371428571428572,0.9895899647582092
segment,tanh,100,104,0.00909558510432087,0.9559006211180124,0.011967795320642618,0.9428571428571428,1.0006281694741892
segment,tanh,100,105,0.00804570386511311,0.9658385093167702,0.011547385067346707,0.9428571428571428,0.9249214685770056
segment,tanh,100,106,0.012884086098642784,0.9409937888198758,0.015981055376150726,0.9228571428571428,1.0063176533462153
segment,tanh,100,107,0.00835072962125137,0.9627329192546584,0.012093298217788182,0.9371428571428572,1.0000093148476514
segment,tanh,100,108,0.008836242782920207,0.9602484472049689,0.01153525429174387,0.9457142857142857,0.9998969943480333
segment,tanh,100,109,0.008474621174611917,0.9602484472049689,0.011328168358388723,0.9485714285714286,1.0031714626589916
segment,tanh,100,110,0.00797590868693164,0.9633540372670808,0.011127034330574532,0.9428571428571428,1.0005013741588986
segment,tanh,100,111,0.019304036455502507,0.9142857142857143,0.021468750676213774,0.9057142857142857,1.000038199425629
segment,tanh,100,112,0.00838645966604013,0.9614906832298137,0.011442694235880076,0.9371428571428572,0.9899838478778938
segment,tanh,100,113,0.0077346808453152924,0.9677018633540373,0.011357344964411131,0.9457142857142857,0.29647656749384643
segment,tanh,100,114,0.00923160888903042,0.9577639751552796,0.012668382197065368,0.9457142857142857,1.0006843350590529
segment,tanh,100,115,0.008791433193441622,0.9590062111801242,0.012630572185224604,0.94,0.6197370209253864
segment,tanh,100,116,0.007783110859969165,0.9670807453416149,0.011718955886191257,0.9457142857142857,1.000173054311378
segment,tanh,100,117,0.008667488580019608,0.9614906832298137,0.012310733489035828,0.9485714285714286,1.0003891106308438
segment,tanh,100,118,0.008497516887732075,0.962111801242236,0.012628845014145499,0.9428571428571428,0.9944666864787428
segment,tanh,100,119,0.008869251089209404,0.9583850931677018,0.01264043507541267,0.94,1.0028766000974594
segment,tanh,100,120,0.009559019308361807,0.9596273291925466,0.013300225346919565,0.9457142857142857,1.0036494001313045
segment,tanh,100,121,0.007451420461884529,0.9683229813664597,0.011555785436030672,0.9485714285714286,0.7266905291505247
segment,tanh,100,122,0.007673065708873022,0.9645962732919254,0.011107031816019838,0.94,0.9847607098026524
segment,tanh,100,123,0.007393903389854427,0.9664596273291925,0.011085498821961267,0.9428571428571428,0.3202150111596745
segment,tanh,100,124,0.007656897027010739,0.9652173913043478,0.011413098947819746,0.9485714285714286,0.7095072932763471
segment,tanh,100,125,0.007212816921562581,0.9677018633540373,0.010939190858113302,0.9428571428571428,0.07287524519077132
segment,tanh,100,126,0.007190375106271226,0.9670807453416149,0.01088891633652936,0.9428571428571428,0.21224201124140546
segment,tanh,100,127,0.015718630073960294,0.9285714285714286,0.018265666830858295,0.9257142857142857,1.0000637212512389
segment,tanh,100,128,0.007103891860391311,0.968944099378882,0.010994724917187433,0.9485714285714286,0.24961839788312012
segment,tanh,100,129,0.007086688576876012,0.9683229813664597,0.011256330304616822,0.9485714285714286,0.9104062327462442
segment,tanh,100,130,0.016154153599175592,0.9260869565217391,0.018762039089829364,0.92,1.0000408802811287
segment,tanh,100,131,0.008264027271497972,0.9645962732919254,0.011977942867378206,0.9514285714285714,0.9770464242202276
segment,tanh,100,132,0.008739748774327032,0.9577639751552796,0.012338288282664608,0.9428571428571428,1.0000532821168349
segment,tanh,100,133,0.008570243457037774,0.9633540372670808,0.011249955700413792,0.9485714285714286,1.00005758711715
segment,tanh,100,134,0.006898898586329016,0.9683229813664597,0.010554442004795979,0.9485714285714286,0.17337320825403552
segment,tanh,100,135,0.006993502616339458,0.9670807453416149,0.010872253888135773,0.9457142857142857,0.9953008266935086
segment,tanh,100,136,0.023468101616822015,0.9049689440993789,0.02449363579580835,0.9085714285714286,1.000358846469663
segment,tanh,100,137,0.009540317840899372,0.9565217391304348,0.012005690127478992,0.9514285714285714,0.9968115595994091
segment,tanh,100,138,0.009481477461943055,0.9677018633540373,0.012761534926000535,0.9457142857142857,1.000019815554596
segment,tanh,100,139,0.009425560311476925,0.9583850931677018,0.011905728280894898,0.9485714285714286,1.0014293916116221
segment,tanh,100,140,0.006820739799616131,0.9714285714285714,0.01029911429802646,0.9514285714285714,0.6550048068185732
segment,tanh,100,141,0.009085901684558475,0.9540372670807453,0.01233149605544482,0.9457142857142857,0.978282025300014
segment,tanh,100,142,0.007401795885063294,0.9695652173913043,0.010792162275259176,0.9542857142857143,0.2240604661120947
segment,tanh,100,143,0.01462139097997954,0.9285714285714286,0.016814522151867246,0.9257142857142857,1.0001197076788388
segment,tanh,100,144,0.007686566940024784,0.9670807453416149,0.011051106454268673,0.9542857142857143,0.9632562575706753
segment,tanh,100,145,0.007059645546095973,0.9695652173913043,0.009992800006622872,0.9514285714285714,1.0001986373137035
segment,tanh,100,146,0.007540448080178914,0.9670807453416149,0.01070546196777434,0.9542857142857143,1.0000422039076073
segment,tanh,100,147,0.00636425815406183,0.9745341614906833,0.00967298443434252,0.9542857142857143,0.9999923322393456
segment,tanh,100,148,0.006387399187588595,0.9732919254658385,0.009757247077441444,0.9514285714285714,0.429649591496525
segment,tanh,100,149,0.007642613179329178,0.970807453416149,0.010214331535923578,0.9514285714285714,1.0000483848697133
segment,tanh,100,150,0.006615601402087964,0.9732919254658385,0.009704720936471834,0.9485714285714286,1.0000126804986424
segment,tanh,100,151,0.006866345045649289,0.968944099378882,0.01023779055836044,0.9571428571428572,0.9992054875226322
segment,tanh,100,152,0.013149554335956696,0.9335403726708075,0.015548320146694774,0.9228571428571428,0.9928827691689323
segment,tanh,100,153,0.012656802397440105,0.9385093167701863,0.015245678362127018,0.9314285714285714,1.0000059722348076
segment,tanh,100,154,0.006146156209863857,0.9763975155279503,0.009643807942053025,0.9571428571428572,0.0657688718470214
segment,tanh,100,155,0.007389389029968297,0.9677018633540373,0.010806785546290734,0.9485714285714286,0.16297296143354598
segment,tanh,100,156,0.007326005636787156,0.9677018633540373,0.010183185816420876,0.9514285714285714,1.0000045405986908
segment,tanh,100,157,0.013064786689335594,0.9372670807453416,0.015213089223362593,0.9285714285714286,1.0000002141420552
segment,tanh,100,158,0.006140919578273445,0.9751552795031055,0.009734910628914437,0.9542857142857143,0.9763232224620915
segment,tanh,100,159,0.006577113173877299,0.9701863354037267,0.010214164019483852,0.9542857142857143,0.9852477981996213
segment,tanh,100,160,0.00628407967187683,0.9757763975155279,0.01002470969428794,0.9542857142857143,0.9999999698744826
segment,tanh,100,161,0.006255317197491154,0.9732919254658385,0.009752009125138635,0.9542857142857143,1.000033745130594
segment,tanh,100,162,0.006745759988724936,0.9695652173913043,0.010226267380945656,0.9542857142857143,0.3548973286625542
segment,tanh,100,163,0.0059229212220067076,0.9745341614906833,0.009432614979013503,0.9542857142857143,0.944836425500179
segment,tanh,100,164,0.005880821032970594,0.9763975155279503,0.009603881462819142,0.9542857142857143,0.9492750709771844
segment,tanh,100,165,0.006101336311717175,0.9739130434782609,0.009686770310820407,0.9571428571428572,0.9997532026166945
segment,tanh,100,166,0.00905824586430765,0.9645962732919254,0.01219924943332769,0.9571428571428572,1.0001330695469217
segment,tanh,100,167,0.007666667482229382,0.9695652173913043,0.010660518330301582,0.9514285714285714,1.0003864058184733
segment,tanh,100,168,0.006002296465801863,0.9726708074534162,0.009897292510627511,0.9571428571428572,1.0000074368900926
segment,tanh,100,169,0.005848199502599547,0.9757763975155279,0.009286333821766973,0.9571428571428572,0.17858235488508473
segment,tanh,100,170,0.005882907450303603,0.9739130434782609,0.009560771531757512,0.9542857142857143,0.1381371252891275
segment,tanh,100,171,0.010858909825695425,0.9540372670807453,0.012766557852798378,0.9371428571428572,1.0019819014583424
segment,tanh,100,172,0.008777702843114944,0.9565217391304348,0.011989856245948251,0.9428571428571428,1.0002669126758492
segment,tanh,100,173,0.00598489046292677,0.9732919254658385,0.009321879606421671,0.9542857142857143,1.0000063373198231
segment,tanh,100,174,0.006084549681253211,0.9745341614906833,0.009941648468034124,0.9428571428571428,1.0006713761849328
segment,tanh,100,175,0.008862331570107317,0.9608695652173913,0.011430386639619084,0.94,1.0000061666668973
segment,tanh,100,176,0.0059055591210670656,0.9763975155279503,0.009795076139549453,0.9542857142857143,0.9441226268551912
segment,tanh,100,177,0.005546962931449431,0.9751552795031055,0.009414604330810462,0.9542857142857143,0.3381562072279234
segment,tanh,100,178,0.0056172037182384005,0.9763975155279503,0.009270728309936749,0.9542857142857143,0.9932607607130489
segment,tanh,100,179,0.00562250207552093,0.9757763975155279,0.00951710735531341,0.9542857142857143,0.04130927683737292
segment,tanh,100,180,0.011814583607328276,0.9385093167701863,0.014399891061691514,0.9285714285714286,0.9999924850052424
segment,tanh,100,181,0.0055476843531982595,0.977639751552795,0.009312443586129293,0.9542857142857143,0.5152309995340174
segment,tanh,100,182,0.006532559830063533,0.9701863354037267,0.009964160443775343,0.9514285714285714,0.996110526510997
segment,tanh,100,183,0.005586199039683657,0.9751552795031055,0.009561877276006214,0.9542857142857143,0.7425058063556812
segment,tanh,100,184,0.007608721795493287,0.9664596273291925,0.010550449275168452,0.9457142857142857,1.0007584028657674
segment,tanh,100,185,0.006663606219023991,0.970807453416149,0.010350584122756485,0.9514285714285714,0.9963700384658529
segment,tanh,100,186,0.005430489466229483,0.9757763975155279,0.009294521660628309,0.9571428571428572,0.34504118667640643
segment,tanh,100,187,0.005516088431519603,0.9745341614906833,0.009488563743110192,0.9514285714285714,0.2526126422764775
segment,tanh,100,188,0.007620420677343253,0.9670807453416149,0.010828499637335214,0.9457142857142857,0.9999951119307666
segment,tanh,100,189,0.0058664913925542475,0.9770186335403727,0.009464355739910873,0.9542857142857143,0.6067760985138365
segment,tanh,100,190,0.00533962203503347,0.9770186335403727,0.00921778259908262,0.9542857142857143,0.027936315048558442
segment,tanh,100,191,0.005325468810299022,0.9770186335403727,0.009174356871323215,0.9542857142857143,0.03767931442603684
segment,tanh,100,192,0.007580348224861627,0.9670807453416149,0.010461341914989552,0.9428571428571428,1.0005103043289814
segment,tanh,100,193,0.005265742202159329,0.9770186335403727,0.009229460205388883,0.9542857142857143,0.20354674167837267
segment,tanh,100,194,0.005256134326517579,0.9763975155279503,0.009186431774091038,0.9542857142857143,0.5750037659083613
segment,tanh,100,195,0.005962999958783939,0.9714285714285714,0.009873639553003223,0.9542857142857143,1.0003044469566826
segment,tanh,100,196,0.005540643622198012,0.9751552795031055,0.009359237858347686,0.9542857142857143,0.34218786790973316
segment,tanh,100,197,0.0057510163956295875,0.977639751552795,0.01004639129441018,0.9542857142857143,0.9994544034597191
segment,tanh,100,198,0.006085744668131107,0.9739130434782609,0.009763874530260317,0.9457142857142857,1.002729449649175
segment,tanh,100,199,0.007132824949229839,0.968944099378882,0.011145759703240346,0.9485714285714286,1.000323239697243
segment,tanh,100,200,0.005560821688007645,0.9801242236024845,0.009197141807022201,0.9571428571428572,1.001598764886251
segment,tanh,100,201,0.005469027813315567,0.9714285714285714,0.009629347139502782,0.9571428571428572,0.8201234086415055
segment,tanh,100,202,0.005229624789404295,0.9782608695652174,0.009471852696337029,0.9542857142857143,0.8328200997451145
segment,tanh,100,203,0.01073630927602997,0.9509316770186336,0.013913041862528229,0.9371428571428572,1.000322018858262
segment,tanh,100,204,0.005232659794158301,0.9826086956521739,0.009373392435308957,0.9542857142857143,1.000035905235663
segment,tanh,100,205,0.005465566700222832,0.9795031055900622,0.009568547072601019,0.9514285714285714,0.9246482958317914
segment,tanh,100,206,0.005153134227900006,0.9801242236024845,0.009320152627666356,0.9542857142857143,0.891996732520408
segment,tanh,100,207,0.004896452381479686,0.9832298136645963,0.009212118121202612,0.9542857142857143,0.08038016089675076
segment,tanh,100,208,0.005065785871620082,0.9801242236024845,0.00948745951394558,0.9542857142857143,0.6102354918338415
segment,tanh,100,209,0.010598689738035617,0.9459627329192547,0.014132011397694358,0.94,1.0000768891474614
segment,tanh,100,210,0.005056309428408654,0.9795031055900622,0.009369951804952195,0.9514285714285714,0.9407414662412559
segment,tanh,100,211,0.005448269239873323,0.9770186335403727,0.009738220103660551,0.9542857142857143,0.8922389489757241
segment,tanh,100,212,0.004904451833085643,0.9801242236024845,0.00946846601733704,0.9485714285714286,0.12938503217504152
segment,tanh,100,213,0.0056039760621091,0.9763975155279503,0.010069676728030542,0.9485714285714286,1.0006350442565015
segment,tanh,100,214,0.012172974452510898,0.9428571428571428,0.014888556675191015,0.9342857142857143,1.000041251157065
segment,tanh,100,215,0.004670424945539324,0.9819875776397515,0.009168842376403103,0.9542857142857143,0.2417655617189457
segment,tanh,100,216,0.004767528625368629,0.9819875776397515,0.009260749004556378,0.9542857142857143,0.2042707140983313
segment,tanh,100,217,0.004809354630988658,0.9832298136645963,0.009089217104563351,0.9542857142857143,0.9554603826885472
segment,tanh,100,218,0.004991064350601158,0.977639751552795,0.009446657296602087,0.9542857142857143,0.9883010885996932
segment,tanh,100,219,0.004612694045127388,0.9813664596273292,0.009001500490274377,0.9542857142857143,0.43995299143117034
segment,tanh,100,220,0.004746772812303043,0.9801242236024845,0.00910673695301607,0.9571428571428572,1.0002522834131458
segment,tanh,100,221,0.004674185133205402,0.9813664596273292,0.009181527663043703,0.9542857142857143,0.046453195260920885
segment,tanh,100,222,0.004667822414981058,0.9795031055900622,0.009316327326068559,0.9542857142857143,0.5023257322365996
segment,tanh,100,223,0.004638452742391181,0.9807453416149068,0.009195142494696273,0.9542857142857143,0.010827096933615742
segment,tanh,100,224,0.004910451836741027,0.9795031055900622,0.009153286609745181,0.9571428571428572,0.9996201687443141
segment,tanh,100,225,0.004657161433624676,0.9795031055900622,0.009218995695474654,0.9571428571428572,0.6570539523483193
segment,tanh,100,226,0.004736263395805389,0.9801242236024845,0.009002366793321398,0.9542857142857143,0.6378969281213465
segment,tanh,100,227,0.004567178293330191,0.9832298136645963,0.009225846482626076,0.9542857142857143,0.03810704176822272
segment,tanh,100,228,0.004514993065241589,0.9819875776397515,0.009182978314929065,0.9542857142857143,0.09777824013430665
segment,tanh,100,229,0.004512400913937949,0.9819875776397515,0.009115718598817964,0.9542857142857143,0.5924256599598154
segment,tanh,100,230,0.0054030553497280915,0.9763975155279503,0.009892218991714044,0.9542857142857143,0.9874765002673545
segment,tanh,100,231,0.012645463179513766,0.9409937888198758,0.015249783398143318,0.9314285714285714,1.0000104122994904
segment,tanh,100,232,0.007734709732895649,0.9664596273291925,0.010853137735039877,0.9457142857142857,0.9999491461971862
segment,tanh,100,233,0.0045881041195381216,0.9819875776397515,0.009036594769788409,0.9542857142857143,0.026044497583302736
segment,tanh,100,234,0.004984433462176699,0.9795031055900622,0.009348106934793687,0.9514285714285714,1.0000084291493816
segment,tanh,100,235,0.004622881701489335,0.9819875776397515,0.009089604083631854,0.9514285714285714,0.4223144741882719
segment,tanh,100,236,0.004980899875473116,0.9813664596273292,0.009445860581811308,0.9542857142857143,1.000173001586333
segment,tanh,100,237,0.008066131680090516,0.9670807453416149,0.012132875132903075,0.9457142857142857,1.0000066040184463
segment,tanh,100,238,0.0052361139577790415,0.977639751552795,0.00982150866649026,0.9542857142857143,0.7753764870003269
segment,tanh,100,239,0.00472828432636474,0.9795031055900622,0.009391907857205999,0.9542857142857143,0.8005631700678418
segment,tanh,100,240,0.005116354991624595,0.9763975155279503,0.009687584765555549,0.9542857142857143,0.2685718399530363
segment,tanh,100,241,0.004378536169203183,0.9807453416149068,0.008967307661133071,0.9514285714285714,0.13042411990346733
segment,tanh,100,242,0.005465385378254673,0.9770186335403727,0.010069790474379742,0.9457142857142857,0.9978088742470563
segment,tanh,100,243,0.005882546975944883,0.9763975155279503,0.010062741870508296,0.9428571428571428,1.0000030568411444
segment,tanh,100,244,0.004461249183974721,0.9819875776397515,0.009082949791227663,0.9542857142857143,0.11417550798213347
segment,tanh,100,245,0.006482477612363502,0.9714285714285714,0.010776964912973272,0.9428571428571428,0.9983325051612024
segment,tanh,100,246,0.007959569686633451,0.9639751552795031,0.011082825140319623,0.9428571428571428,0.9999787835821308
segment,tanh,100,247,0.004542883533799598,0.9801242236024845,0.009068503957117287,0.96,0.8617416427498993
segment,tanh,100,248,0.005813585080907779,0.9745341614906833,0.010197237522937396,0.9514285714285714,1.000035046032733
segment,tanh,100,249,0.004763751420904308,0.9795031055900622,0.009033294522692362,0.9542857142857143,0.053863754044343036
segment,tanh,100,250,0.004330588843147753,0.9819875776397515,0.008953324127978278,0.9514285714285714,0.3551340785084726
segment,tanh,100,251,0.00469173181263293,0.9807453416149068,0.008986738163051898,0.9542857142857143,0.9777322354217495
segment,tanh,100,252,0.004283071996109928,0.984472049689441,0.008856224362619082,0.9542857142857143,0.04789811003205699
segment,tanh,100,253,0.004517649237688951,0.9813664596273292,0.009080485955465758,0.9514285714285714,0.05505149385364884
segment,tanh,100,254,0.004482375055527145,0.9813664596273292,0.009040530760718625,0.9514285714285714,0.39908442621633045
segment,tanh,100,255,0.0067186334462250846,0.9670807453416149,0.011006351896567792,0.9485714285714286,0.9940515339163548
segment,tanh,100,256,0.004277579716043648,0.9813664596273292,0.008965779955112713,0.9514285714285714,0.3672017397788609
segment,tanh,100,257,0.00423220633753424,0.9819875776397515,0.00883995695981496,0.9514285714285714,0.08717323573226726
segment,tanh,100,258,0.004321662314263453,0.9813664596273292,0.008991581479032545,0.9514285714285714,0.7019725139877563
segment,tanh,100,259,0.004431921787779167,0.9826086956521739,0.008977539250062888,0.9542857142857143,0.48599234142042824
segment,tanh,100,260,0.004386009793992938,0.9807453416149068,0.009004343878351487,0.9542857142857143,1.0000732389442777
segment,tanh,100,261,0.009527662817568377,0.9521739130434783,0.012708166314757217,0.9485714285714286,1.0001728622733428
segment,tanh,100,262,0.004875748923287908,0.9795031055900622,0.009347322749699617,0.9542857142857143,0.9913327931441112
segment,tanh,100,263,0.0043444814216411325,0.9801242236024845,0.009066157974498305,0.9542857142857143,0.13071493152716943
segment,tanh,100,264,0.00746780008830917,0.9658385093167702,0.01127899293066982,0.9428571428571428,0.9987261987852482
segment,tanh,100,265,0.004236937454061144,0.9819875776397515,0.008814069689438153,0.9514285714285714,0.35451160734183795
segment,tanh,100,266,0.005643036336356665,0.9757763975155279,0.010078308673901328,0.9428571428571428,0.9992921183667071
segment,tanh,100,267,0.004163447325296069,0.9807453416149068,0.008767238749016025,0.9542857142857143,0.8242180195825782
segment,tanh,100,268,0.004231877094358213,0.9807453416149068,0.008825399230224695,0.9542857142857143,0.1007942884256042
segment,tanh,100,269,0.004301656368173408,0.984472049689441,0.008899157140997274,0.9571428571428572,0.03596270115026912
segment,tanh,100,270,0.004736435204133645,0.9770186335403727,0.009256702839726674,0.9542857142857143,0.6833210888898335
segment,tanh,100,271,0.004197334496227711,0.9801242236024845,0.008780038880502331,0.9542857142857143,0.9417927082598734
segment,tanh,100,272,0.004217427848118707,0.9819875776397515,0.008622818609894212,0.9571428571428572,0.35811155430573305
segment,tanh,100,273,0.004178522722626542,0.9838509316770186,0.008574135764912429,0.9571428571428572,0.16336989125808263
segment,tanh,100,274,0.004317313143485635,0.9826086956521739,0.008612584077222674,0.96,0.978352635148881
segment,tanh,100,275,0.007311278775392835,0.9614906832298137,0.011448318126397197,0.9485714285714286,1.000047093827715
segment,tanh,100,276,0.0041766667031862695,0.9826086956521739,0.008890963514412174,0.9571428571428572,0.514995758709276
segment,tanh,100,277,0.00458704251294852,0.9795031055900622,0.008811489090837666,0.9571428571428572,0.7572080167140504
segment,tanh,100,278,0.004069217427369513,0.9813664596273292,0.00865954795800607,0.9571428571428572,0.10211571380844153
segment,tanh,100,279,0.004523519665493901,0.9807453416149068,0.008883383065441638,0.9542857142857143,0.006794325136665202
segment,tanh,100,280,0.00439294524357599,0.9819875776397515,0.009134250592633772,0.9514285714285714,1.0003892965817613
segment,tanh,100,281,0.004142219236600413,0.9826086956521739,0.008726596613052626,0.9542857142857143,1.0001167782180687
segment,tanh,100,282,0.0045178810569042535,0.9813664596273292,0.008890819519609015,0.9542857142857143,0.9248165332236212
segment,tanh,100,283,0.004108572065091616,0.9850931677018634,0.008715099829678767,0.9571428571428572,0.08260649591792166
segment,tanh,100,284,0.004402109974417864,0.9813664596273292,0.009234558524434234,0.9571428571428572,0.9998684181921043
segment,tanh,100,285,0.004110602699996448,0.9826086956521739,0.008557425188931442,0.9571428571428572,0.9618879159261398
segment,tanh,100,286,0.004018560485782593,0.9807453416149068,0.008676032217657571,0.96,0.6156546514773529
segment,tanh,100,287,0.004100066656169754,0.9813664596273292,0.00870414428431693,0.9571428571428572,0.3623301729422718
segment,tanh,100,288,0.006850690509923507,0.9652173913043478,0.011113419536917387,0.9485714285714286,0.9999913509140711
segment,tanh,100,289,0.004211233130746516,0.9826086956521739,0.008617500377013755,0.9571428571428572,0.15062020213212848
segment,tanh,100,290,0.0044395552190307185,0.9826086956521739,0.009195375185876794,0.9571428571428572,1.0003080730632907
segment,tanh,100,291,0.004001878639367201,0.9813664596273292,0.008441634278717698,0.96,0.05539016844179285
segment,tanh,100,292,0.004002723078927153,0.9826086956521739,0.008631659735774093,0.9542857142857143,0.8912439313581739
segment,tanh,100,293,0.004416506043611177,0.9807453416149068,0.009114208820016092,0.96,1.000083920344357
segment,tanh,100,294,0.004194617298962061,0.9807453416149068,0.008828593777025917,0.9514285714285714,0.42268843444472354
segment,tanh,100,295,0.0054282418938643665,0.9763975155279503,0.009171711863732647,0.9485714285714286,0.9582946182213697
segment,tanh,100,296,0.0040961424306459205,0.9826086956521739,0.008536516640925753,0.96,0.07782408632003227
segment,tanh,100,297,0.007099539869479693,0.9695652173913043,0.010387086292072748,0.9428571428571428,0.9998111457554872
segment,tanh,100,298,0.00391273945453934,0.9826086956521739,0.008506000643666807,0.96,0.6610029528550084
segment,tanh,100,299,0.009199393762097875,0.9546583850931677,0.01257603174218827,0.9428571428571428,0.999033126546442
segment,tanh,100,300,0.00391400336589252,0.984472049689441,0.00832108020131172,0.9628571428571429,0.18490184360671594
segment,tanh,100,301,0.01625617745315845,0.9298136645962732,0.018349911445191793,0.9257142857142857,1.0001251884556281
segment,tanh,100,302,0.006253185597490617,0.9720496894409938,0.00973011254857058,0.9485714285714286,1.0002058961324176
segment,tanh,100,303,0.0043765869422443095,0.9788819875776398,0.008805594621832473,0.96,0.5772862936714466
segment,tanh,100,304,0.003863468884780321,0.9838509316770186,0.008257743207610989,0.96,1.0000011919010259
segment,tanh,100,305,0.009745920014030582,0.9521739130434783,0.01345917839167104,0.9342857142857143,1.0000074957471587
segment,tanh,100,306,0.0037840138378553915,0.984472049689441,0.008270929621805917,0.9628571428571429,0.30412208819962216
segment,tanh,100,307,0.0038434153342797837,0.9838509316770186,0.008176086492269667,0.9628571428571429,0.16711217045950297
segment,tanh,100,308,0.00379367634475938,0.9832298136645963,0.008208330928986738,0.9628571428571429,0.212024405923564
segment,tanh,100,309,0.0036888758294397325,0.9850931677018634,0.008020990230083437,0.9628571428571429,0.5139009960788592
segment,tanh,100,310,0.0038842008967411652,0.9838509316770186,0.00814856328469799,0.96,1.0000026062336094
segment,tanh,100,311,0.003811644748760551,0.9838509316770186,0.008172488953091866,0.96,0.021631769647984453
segment,tanh,100,312,0.006084901686022795,0.9751552795031055,0.010246165333867817,0.9485714285714286,1.0000117505165023
segment,tanh,100,313,0.003631687489450942,0.984472049689441,0.008001683164283045,0.9628571428571429,0.26285560986028095
segment,tanh,100,314,0.004603222066642305,0.9795031055900622,0.009069926901388012,0.9628571428571429,0.7831791433917984
segment,tanh,100,315,0.0036342775560394996,0.986335403726708,0.007906184773497877,0.96,0.1451039072381743
segment,tanh,100,316,0.003606945806085877,0.986335403726708,0.00796614783154434,0.96,0.06951612792556894
segment,tanh,100,317,0.003881645704539239,0.984472049689441,0.008023264958580262,0.9628571428571429,0.06713227934979851
segment,tanh,100,318,0.0035288960364666653,0.9869565217391304,0.007914030057957544,0.9628571428571429,0.18596473638170302
segment,tanh,100,319,0.003774893846325069,0.9838509316770186,0.007985878324033153,0.96,0.013967008737265085
segment,tanh,100,320,0.0035034993349932876,0.9869565217391304,0.00767902121251217,0.9657142857142857,0.08259834602316356
segment,tanh,100,321,0.003558443357285545,0.9850931677018634,0.00764825589187069,0.9628571428571429,0.23698211397583233
segment,tanh,100,322,0.0035580047703353108,0.986335403726708,0.007776386932929737,0.9628571428571429,0.21992425283422562
segment,tanh,100,323,0.0035128877693528394,0.986335403726708,0.007674445454756435,0.9628571428571429,0.05338852232622609
segment,tanh,100,324,0.0034949171848160923,0.9857142857142858,0.007525994206113554,0.9628571428571429,0.10205140281937143
segment,tanh,100,325,0.004069239636977639,0.9826086956521739,0.007755155645282651,0.96,1.0001618497684026
segment,tanh,100,326,0.0036965409887225243,0.984472049689441,0.007733780558180785,0.9657142857142857,0.5118490188874621
segment,tanh,100,327,0.0035680970636956344,0.9857142857142858,0.007825291080854052,0.9657142857142857,0.8086802767922866
segment,tanh,100,328,0.004024622390064139,0.9819875776397515,0.008268909790227662,0.9628571428571429,0.9205695045478675
segment,tanh,100,329,0.009991235846972224,0.9583850931677018,0.012199679824625177,0.9485714285714286,1.0000213873742354
segment,tanh,100,330,0.009644610640713518,0.9608695652173913,0.011420681928689778,0.9514285714285714,1.000010021635616
segment,tanh,100,331,0.003534137107179148,0.9857142857142858,0.007851985547442262,0.96,0.34038089153735657
segment,tanh,100,332,0.0033846755970551126,0.9875776397515528,0.007547716472838097,0.9657142857142857,0.7671013310450899
segment,tanh,100,333,0.0037541608009590997,0.9832298136645963,0.007932738137580275,0.96,0.9686126767086722
segment,tanh,100,334,0.003338046128195935,0.9875776397515528,0.007477490444668468,0.9628571428571429,0.6286913113766762
segment,tanh,100,335,0.0034046824046106124,0.9850931677018634,0.007633773896240022,0.9628571428571429,0.03798270235378086
segment,tanh,100,336,0.003434330542465047,0.9875776397515528,0.007651053892408759,0.9628571428571429,0.022286441394073195
segment,tanh,100,337,0.009019603163070275,0.9627329192546584,0.010740683569559897,0.9571428571428572,1.0000247556665922
segment,tanh,100,338,0.0033416138849590433,0.9869565217391304,0.007383425293372751,0.9657142857142857,0.9734081221680192
segment,tanh,100,339,0.003995345521667078,0.9850931677018634,0.0077046381026587354,0.9657142857142857,0.9987191396382142
segment,tanh,100,340,0.003476797934461499,0.986335403726708,0.007359542257972154,0.9657142857142857,1.0000126082484244
segment,tanh,100,341,0.003677904455351685,0.9850931677018634,0.0076983593904234975,0.9657142857142857,0.9967689106027534
segment,tanh,100,342,0.01212522540897686,0.9453416149068323,0.014726883896900822,0.9285714285714286,1.0000011129812245
segment,tanh,100,343,0.004682769799037142,0.9801242236024845,0.008976093131728903,0.9657142857142857,0.6778325660036473
segment,tanh,100,344,0.0033911725679702334,0.9875776397515528,0.007379535741192174,0.9628571428571429,0.3056132897454885
segment,tanh,100,345,0.003534641602285617,0.9857142857142858,0.007445815678827317,0.9657142857142857,0.34102065711097995
segment,tanh,100,346,0.003300357862170523,0.9869565217391304,0.007315253867818802,0.9628571428571429,0.19247727174422635
segment,tanh,100,347,0.003217888366881349,0.9888198757763975,0.007412521443831871,0.9628571428571429,0.040413485556976055
segment,tanh,100,348,0.0032104832265406657,0.9875776397515528,0.007412309289028415,0.9657142857142857,0.12459855029796474
segment,tanh,100,349,0.0031928531991272514,0.9857142857142858,0.007349848716699288,0.9657142857142857,0.4267572954146376
segment,tanh,100,350,0.003977024447725164,0.9832298136645963,0.008293474097500128,0.9628571428571429,0.9966006724148379
segment,tanh,101,1,0.14167755238107874,0.39254658385093166,0.14146818808032338,0.3742857142857143,1.0113542511712017
segment,tanh,101,2,0.10940422529268702,0.35031055900621116,0.10769129938606357,0.3742857142857143,1.0022562874214704
segment,tanh,101,3,0.09539840189865662,0.613664596273292,0.09419318335255028,0.6314285714285715,1.0566437061154297
segment,tanh,101,4,0.06959466342787433,0.6490683229813664,0.06893431739628415,0.6571428571428571,1.001364420376125
segment,tanh,101,5,0.030737138076634363,0.8714285714285714,0.0305645852235263,0.8942857142857142,1.0007276546608281
segment,tanh,101,6,0.027090137163803936,0.9142857142857143,0.027535746255404874,0.9085714285714286,1.0015455707263368
segment,tanh,101,7,0.024612444831041486,0.9136645962732919,0.025603481811502148,0.8971428571428571,1.0024945563312264
segment,tanh,101,8,0.025955383788578548,0.8881987577639752,0.026434540901415865,0.8857142857142857,1.0027323573029647
segment,tanh,101,9,0.020116902733152163,0.9248447204968944,0.020833054475109497,0.9171428571428571,0.9994568733557476
segment,tanh,101,10,0.024145288983327778,0.9186335403726708,0.02626146162369096,0.9057142857142857,1.0023528404021085
segment,tanh,101,11,0.022803286625472128,0.9217391304347826,0.024711509469019732,0.9142857142857143,1.0060278162548801
segment,tanh,101,12,0.02043697204271628,0.9236024844720497,0.022259835507910237,0.9171428571428571,1.0053260057479365
segment,tanh,101,13,0.01796903236312336,0.9279503105590062,0.019113649073063548,0.9171428571428571,1.0024124061335393
segment,tanh,101,14,0.0197846893380671,0.9304347826086956,0.022176647015696407,0.9285714285714286,1.0008844175407514
segment,tanh,101,15,0.016194456160156922,0.9366459627329192,0.01798483987110319,0.9257142857142857,1.000006553663363
segment,tanh,101,16,0.01660400295639563,0.9322981366459627,0.017777133410241026,0.9257142857142857,0.9908494944782152
segment,tanh,101,17,0.01617616548440735,0.9304347826086956,0.017538549785578544,0.92,0.9969709436427266
segment,tanh,101,18,0.015965661059439726,0.9366459627329192,0.018713485031846694,0.9171428571428571,1.0084392168285174
segment,tanh,101,19,0.015554685227355435,0.9341614906832298,0.017288293000776476,0.9257142857142857,1.0001305170473247
segment,tanh,101,20,0.016783444810476354,0.931055900621118,0.017999041033122266,0.9257142857142857,1.0031063097052544
segment,tanh,101,21,0.014599745662410124,0.937888198757764,0.01654477046596727,0.9285714285714286,1.0006515237151452
segment,tanh,101,22,0.015131799815189641,0.9440993788819876,0.017878816619106286,0.9314285714285714,1.000000347616476
segment,tanh,101,23,0.016143245735940944,0.9279503105590062,0.017432927244247783,0.9285714285714286,1.000009564230697
segment,tanh,101,24,0.015417024588148628,0.9385093167701863,0.017978459297074843,0.9285714285714286,0.9988759432718949
segment,tanh,101,25,0.014391823160711385,0.9360248447204969,0.0162692370763473,0.9285714285714286,1.0002353026302329
segment,tanh,101,26,0.013434221495879249,0.9409937888198758,0.015985140293456088,0.9314285714285714,0.9973761715841799
segment,tanh,101,27,0.015526608590450377,0.9416149068322981,0.018529404904977807,0.9314285714285714,1.001361840324845
segment,tanh,101,28,0.014210064463438987,0.9354037267080745,0.01635388547587631,0.9257142857142857,0.9980738090016986
segment,tanh,101,29,0.013253417132030322,0.9397515527950311,0.015403868305432005,0.9257142857142857,0.9841579700829277
segment,tanh,101,30,0.013661279265403555,0.9459627329192547,0.016145827846018933,0.9342857142857143,1.000134871355962
segment,tanh,101,31,0.014468312072881559,0.9372670807453416,0.01736124253036998,0.9285714285714286,1.0054998113005982
segment,tanh,101,32,0.0134013071618362,0.9496894409937888,0.016246115803748365,0.9371428571428572,1.0002809658925311
segment,tanh,101,33,0.013418944445145567,0.9478260869565217,0.017082859611915094,0.9371428571428572,1.0000123580160507
segment,tanh,101,34,0.013047386626697268,0.9490683229813665,0.01621205542817937,0.9371428571428572,1.0005368366062541
segment,tanh,101,35,0.012076949955676677,0.9521739130434783,0.015133264806207232,0.9371428571428572,0.8963664372350437
segment,tanh,101,36,0.012884283758374273,0.9484472049689441,0.016032680496167916,0.9371428571428572,0.8334683222910227
segment,tanh,101,37,0.012349044542538603,0.9409937888198758,0.014957510496946385,0.9228571428571428,1.0000023567631757
segment,tanh,101,38,0.013305763206017843,0.9372670807453416,0.015542545180880586,0.9285714285714286,1.0016519221912144
segment,tanh,101,39,0.011599074760342021,0.9509316770186336,0.014430425520765748,0.9342857142857143,1.000096544383993
segment,tanh,101,40,0.012573731503774666,0.9397515527950311,0.014979507917224867,0.9285714285714286,1.000181528849479
segment,tanh,101,41,0.011657810649868998,0.9540372670807453,0.014613101526998958,0.94,0.9993679925952664
segment,tanh,101,42,0.012456949392651056,0.9484472049689441,0.016706483018186398,0.9428571428571428,1.010636822286753
segment,tanh,101,43,0.01305809767355858,0.9465838509316771,0.01542749901940429,0.9371428571428572,1.0000028650737338
segment,tanh,101,44,0.012780174892338755,0.9391304347826087,0.01485081374525224,0.9285714285714286,1.0002516681474032
segment,tanh,101,45,0.010764510606407176,0.9559006211180124,0.01363785706792446,0.9428571428571428,1.000246109338171
segment,tanh,101,46,0.010916192150357749,0.9546583850931677,0.014377277209063382,0.94,1.0001152267369953
segment,tanh,101,47,0.01155290837199838,0.9478260869565217,0.014477081685446138,0.9257142857142857,0.736881468477521
segment,tanh,101,48,0.013652822742156982,0.9329192546583851,0.01575171112781488,0.9285714285714286,1.0005371106589267
segment,tanh,101,49,0.013423904629132701,0.937888198757764,0.01672038382180721,0.9285714285714286,1.0062732302992619
segment,tanh,101,50,0.01529812306068575,0.9329192546583851,0.01863520803689067,0.92,1.00000468018072
segment,tanh,101,51,0.01072649763307938,0.9503105590062112,0.013709787558378528,0.9314285714285714,0.9482875414447794
segment,tanh,101,52,0.010465529766776395,0.9521739130434783,0.013708415479677827,0.9285714285714286,1.0000952024800025
segment,tanh,101,53,0.010625569123358632,0.9546583850931677,0.014897890072132158,0.9371428571428572,1.0000014334823701
segment,tanh,101,54,0.010746479746129349,0.9509316770186336,0.013836568784136739,0.9314285714285714,1.0000740694979238
segment,tanh,101,55,0.011242321699812693,0.9496894409937888,0.014524693951081812,0.9342857142857143,1.0000662292060125
segment,tanh,101,56,0.009798513870038597,0.9559006211180124,0.013158976634320918,0.94,0.6625969351701163
segment,tanh,101,57,0.00959603576592618,0.9577639751552796,0.012881307824149646,0.9371428571428572,0.853059898350706
segment,tanh,101,58,0.011190052430745912,0.9465838509316771,0.014023825534820797,0.9342857142857143,1.0008236053708963
segment,tanh,101,59,0.010353145586842942,0.9583850931677018,0.013398298497569464,0.9342857142857143,1.000023826104158
segment,tanh,101,60,0.011935352610551456,0.9397515527950311,0.01422725266448866,0.9457142857142857,1.0082927934173744
segment,tanh,101,61,0.009450507406859331,0.9571428571428572,0.01266888589588426,0.9342857142857143,0.3705304805658396
segment,tanh,101,62,0.00926738849198525,0.9577639751552796,0.01275556769673757,0.9342857142857143,0.8931585284324084
segment,tanh,101,63,0.009473353963079264,0.9590062111801242,0.012982710573112144,0.9342857142857143,0.8267485989906562
segment,tanh,101,64,0.010799451179942065,0.9559006211180124,0.013310052836031051,0.9428571428571428,1.0005206466227679
segment,tanh,101,65,0.00911133970763283,0.9608695652173913,0.012162785506307294,0.9371428571428572,0.5924920799016147
segment,tanh,101,66,0.010756383462420286,0.9527950310559006,0.01387291394729714,0.9342857142857143,1.0017428045184622
segment,tanh,101,67,0.010694161527036571,0.953416149068323,0.013963389799154692,0.94,1.0001332049392175
segment,tanh,101,68,0.010455670727411515,0.9559006211180124,0.013783628120372442,0.94,1.0000145400800093
segment,tanh,101,69,0.017771685062033808,0.915527950310559,0.020724505778318993,0.9057142857142857,1.000039628089109
segment,tanh,101,70,0.009121948761245738,0.9608695652173913,0.012598842954495785,0.9371428571428572,1.000013269715318
segment,tanh,101,71,0.00899873026253618,0.9596273291925466,0.012232532418323385,0.9342857142857143,1.0014120242498288
segment,tanh,101,72,0.00874738541472617,0.9614906832298137,0.012067239753242595,0.9371428571428572,1.000002172396105
segment,tanh,101,73,0.015245788267432576,0.9347826086956522,0.016606787964276722,0.9285714285714286,1.0542472453544993
segment,tanh,101,74,0.015327927332649429,0.9279503105590062,0.01852999979232214,0.9057142857142857,1.000000009185228
segment,tanh,101,75,0.009110561365422125,0.9596273291925466,0.012497885857276679,0.9285714285714286,0.5839029473109074
segment,tanh,101,76,0.009363684792131769,0.9602484472049689,0.012917621505426247,0.9371428571428572,1.0004399289109847
segment,tanh,101,77,0.009093315165269173,0.9583850931677018,0.012744602710458547,0.9342857142857143,1.0000155518846998
segment,tanh,101,78,0.009042747153315234,0.9596273291925466,0.012546877477254555,0.9314285714285714,1.0000207472456415
segment,tanh,101,79,0.012935837154057113,0.9428571428571428,0.015569970902888254,0.9314285714285714,1.0001184925609268
segment,tanh,101,80,0.008563199919939524,0.9608695652173913,0.01226128797135779,0.9342857142857143,0.6548862381543848
segment,tanh,101,81,0.00844781283839795,0.9627329192546584,0.012058811055036842,0.9371428571428572,0.9996930620015309
segment,tanh,101,82,0.008714939115056853,0.9633540372670808,0.012251062361662427,0.9457142857142857,1.0001467785463842
segment,tanh,101,83,0.008317772411913494,0.9639751552795031,0.011905896757887372,0.94,0.7333933318944479
segment,tanh,101,84,0.008255374831628377,0.9652173913043478,0.01168216773011696,0.9371428571428572,0.962641209670391
segment,tanh,101,85,0.008345989437990078,0.9627329192546584,0.011764630708029357,0.94,0.9880636434630266
segment,tanh,101,86,0.010599933599597123,0.9478260869565217,0.013659804094993558,0.9485714285714286,1.0004960083418735
segment,tanh,101,87,0.012919388120944647,0.9434782608695652,0.015366601186319228,0.9342857142857143,1.0020465343628218
segment,tanh,101,88,0.008291625195332344,0.9627329192546584,0.011739265731704134,0.9457142857142857,1.000021793599083
segment,tanh,101,89,0.008252519163735476,0.9627329192546584,0.011611794951576913,0.9428571428571428,0.7792728528256294
segment,tanh,101,90,0.011593681631376883,0.9428571428571428,0.014940687466252064,0.9285714285714286,1.0000085335659696
segment,tanh,101,91,0.007971793682510282,0.9652173913043478,0.011437359843132431,0.9428571428571428,0.11997730354360113
segment,tanh,101,92,0.007876837786094897,0.9677018633540373,0.011380533104185865,0.9457142857142857,0.9747514398503824
segment,tanh,101,93,0.009162645548124227,0.9565217391304348,0.012541447806287263,0.94,0.5087350659859352
segment,tanh,101,94,0.011452273680144337,0.9484472049689441,0.013649940291834453,0.9371428571428572,1.0000506322980152
segment,tanh,101,95,0.008396994289695455,0.9652173913043478,0.011434031035146237,0.9514285714285714,0.9993260886624112
segment,tanh,101,96,0.013608469066238147,0.931055900621118,0.01660220240608833,0.92,1.0001591556423415
segment,tanh,101,97,0.007602409755878402,0.968944099378882,0.010844907258308478,0.9485714285714286,0.6369581927635206
segment,tanh,101,98,0.009434137778692432,0.9571428571428572,0.012028534282739206,0.9542857142857143,0.10856415201625699
segment,tanh,101,99,0.013172479234477473,0.9335403726708075,0.015989395562226328,0.9228571428571428,1.0001266092993404
segment,tanh,101,100,0.008603322562709136,0.9645962732919254,0.012233006367400611,0.9428571428571428,1.0000259015651463
segment,tanh,101,101,0.007852239419121217,0.9664596273291925,0.010902594650979352,0.9514285714285714,1.0002168847465729
segment,tanh,101,102,0.007621446985111645,0.9664596273291925,0.010909365517567713,0.9485714285714286,0.9101266874559337
segment,tanh,101,103,0.007659420361956726,0.9658385093167702,0.01089205370484979,0.9485714285714286,0.9208748311168323
segment,tanh,101,104,0.00841019840962384,0.9633540372670808,0.011383115553188524,0.9485714285714286,1.024322911875663
segment,tanh,101,105,0.007314990328023495,0.9701863354037267,0.01059531465819533,0.9514285714285714,0.9231618282527403
segment,tanh,101,106,0.008299533069060772,0.9639751552795031,0.01116588569982282,0.9514285714285714,0.9423919783372575
segment,tanh,101,107,0.008122376425083812,0.9639751552795031,0.011486483363874412,0.9485714285714286,0.8874630993031203
segment,tanh,101,108,0.008188905901397613,0.9639751552795031,0.011610481389991534,0.9514285714285714,1.0026145818292722
segment,tanh,101,109,0.007257198840550835,0.9658385093167702,0.01045442817621102,0.9457142857142857,0.9834698129872484
segment,tanh,101,110,0.008487933640806336,0.9583850931677018,0.01186856457935528,0.9428571428571428,1.000467834044544
segment,tanh,101,111,0.010019636100488305,0.9565217391304348,0.012922619108039787,0.9485714285714286,1.0000003092333773
segment,tanh,101,112,0.007358765956265971,0.9677018633540373,0.010629126413612158,0.9485714285714286,0.6344832083725417
segment,tanh,101,113,0.00712357927668022,0.9720496894409938,0.010420495971404401,0.9485714285714286,0.828801549396479
segment,tanh,101,114,0.007250382078869199,0.9664596273291925,0.010373421162050658,0.9542857142857143,0.9402133857788774
segment,tanh,101,115,0.00699908647711486,0.970807453416149,0.010309217505892707,0.9571428571428572,1.0093642267909733
segment,tanh,101,116,0.007437802224105668,0.9670807453416149,0.010937608539324881,0.9485714285714286,1.0005211950377983
segment,tanh,101,117,0.006789011835365477,0.970807453416149,0.010314217229643884,0.9542857142857143,0.6753508915119905
segment,tanh,101,118,0.013366708188086399,0.9341614906832298,0.016236917326951317,0.9228571428571428,1.0000594958822817
segment,tanh,101,119,0.006954974612702552,0.9695652173913043,0.010428495843562537,0.9542857142857143,0.42700196200292034
segment,tanh,101,120,0.007663773037253121,0.9658385093167702,0.010773255479551717,0.9542857142857143,0.8304377141730329
segment,tanh,101,121,0.007277551375673234,0.9683229813664597,0.010723518146490538,0.9485714285714286,0.9370401425188453
segment,tanh,101,122,0.007542946928459553,0.9683229813664597,0.010723374052728451,0.9514285714285714,0.9924705013233214
segment,tanh,101,123,0.0070076286848432855,0.9683229813664597,0.010439327258071823,0.9542857142857143,0.5966061829683186
segment,tanh,101,124,0.007767771448251385,0.9720496894409938,0.010992367692327793,0.9514285714285714,1.0036938370691038
segment,tanh,101,125,0.00660887088294955,0.9701863354037267,0.010218246725142979,0.9542857142857143,0.11426975180285769
segment,tanh,101,126,0.006488365361004693,0.9714285714285714,0.010024047559280583,0.9514285714285714,0.3013533685201012
segment,tanh,101,127,0.006925927253656981,0.9695652173913043,0.010234855653132112,0.9514285714285714,0.6483628944979011
segment,tanh,101,128,0.0064283194161184444,0.9720496894409938,0.009950576853129152,0.9514285714285714,0.5154429963206398
segment,tanh,101,129,0.008982508818172662,0.962111801242236,0.012227470608673444,0.94,1.0044350225654424
segment,tanh,101,130,0.006649706095629468,0.9714285714285714,0.010241393302054685,0.9514285714285714,1.0010210331501859
segment,tanh,101,131,0.006845448737951546,0.970807453416149,0.01045351771630789,0.9514285714285714,1.0013318048753157
segment,tanh,101,132,0.00819324826228095,0.9664596273291925,0.011751496078597193,0.9485714285714286,1.0033432244337936
segment,tanh,101,133,0.007303643058465155,0.9670807453416149,0.010523667094318076,0.9514285714285714,1.0002542405080102
segment,tanh,101,134,0.006339852133525229,0.9726708074534162,0.00989869831941413,0.9542857142857143,1.000179301749366
segment,tanh,101,135,0.008607390744478065,0.9596273291925466,0.012171789181836375,0.9457142857142857,1.00025470715177
segment,tanh,101,136,0.01708932507116351,0.922360248447205,0.019421300741057152,0.92,1.0001381463663108
segment,tanh,101,137,0.0066811120563787935,0.9683229813664597,0.0101521127558774,0.9485714285714286,0.5783945636063095
segment,tanh,101,138,0.006224771415314221,0.970807453416149,0.009950106639513099,0.9514285714285714,0.9835381220913882
segment,tanh,101,139,0.006552813155146751,0.970807453416149,0.009919110418999396,0.9542857142857143,0.49713425892535373
segment,tanh,101,140,0.007777557239237438,0.9645962732919254,0.011284563426287626,0.9485714285714286,0.9989075716353387
segment,tanh,101,141,0.006241307505419735,0.9714285714285714,0.00995166487023571,0.9514285714285714,0.006453404832069859
segment,tanh,101,142,0.006719677764936488,0.970807453416149,0.010334595717969776,0.9514285714285714,0.9993409087185768
segment,tanh,101,143,0.01020725309176377,0.9552795031055901,0.013491777202312,0.9342857142857143,1.0001986505244462
segment,tanh,101,144,0.0061759597099696134,0.9739130434782609,0.009935581098600972,0.9542857142857143,0.09240675990231706
segment,tanh,101,145,0.014485183647087374,0.9366459627329192,0.016918615715178224,0.9228571428571428,1.000219250722593
segment,tanh,101,146,0.006054928474062303,0.9732919254658385,0.009614920232600428,0.9571428571428572,0.9622939149415521
segment,tanh,101,147,0.006971423890872109,0.968944099378882,0.010509521335834434,0.9485714285714286,0.2081501978261652
segment,tanh,101,148,0.006324873878902157,0.9720496894409938,0.010077473427591523,0.9514285714285714,1.0000371499003338
segment,tanh,101,149,0.005973946345875437,0.9739130434782609,0.009671389721355722,0.9514285714285714,0.4274023017500055
segment,tanh,101,150,0.006003160733278683,0.9720496894409938,0.009809826322297138,0.9514285714285714,0.9254487345828186
segment,tanh,101,151,0.006079495959670265,0.9726708074534162,0.009830348063390093,0.9514285714285714,0.021309828663206052
segment,tanh,101,152,0.006209887693692836,0.9726708074534162,0.0097639651694561,0.9514285714285714,0.1285351090394517
segment,tanh,101,153,0.006514457198386989,0.9677018633540373,0.010102015595892402,0.9485714285714286,0.6161806472700135
segment,tanh,101,154,0.006023570945587195,0.9726708074534162,0.00998498781897995,0.9514285714285714,0.7985680891120503
segment,tanh,101,155,0.005980837947676831,0.9732919254658385,0.00972204547795847,0.9542857142857143,0.03960578903476023
segment,tanh,101,156,0.005800371590788382,0.9757763975155279,0.009599486377739774,0.9514285714285714,0.02659790307616938
segment,tanh,101,157,0.010539798565011377,0.9527950310559006,0.012804176327190702,0.9457142857142857,1.0000730830389721
segment,tanh,101,158,0.006082971916691044,0.9726708074534162,0.010064289413875998,0.9514285714285714,1.0002726165589846
segment,tanh,101,159,0.007591204934492332,0.968944099378882,0.01058199751050388,0.9514285714285714,1.000747203314167
segment,tanh,101,160,0.005765980675737084,0.9751552795031055,0.009764134776618574,0.9542857142857143,1.0000353031574905
segment,tanh,101,161,0.006080930372057106,0.9720496894409938,0.009905425193535308,0.9485714285714286,0.6620401420137731
segment,tanh,101,162,0.006038684089027689,0.9726708074534162,0.010006055892583486,0.9514285714285714,0.8709376207325721
segment,tanh,101,163,0.007782602342300598,0.962111801242236,0.01106473037541076,0.9457142857142857,0.9943700232688403
segment,tanh,101,164,0.0060144294969037065,0.9732919254658385,0.010100063782480961,0.9542857142857143,0.9993505829737238
segment,tanh,101,165,0.005635943678289903,0.9745341614906833,0.009692108157973478,0.9542857142857143,0.30593893850861203
segment,tanh,101,166,0.01207059981344857,0.9416149068322981,0.015476611257412391,0.9314285714285714,1.0000591643697512
segment,tanh,101,167,0.006315895754970796,0.9714285714285714,0.010253904933967785,0.9542857142857143,0.9993345486734562
segment,tanh,101,168,0.005734639839103668,0.9745341614906833,0.009782442124331896,0.9542857142857143,0.9837672068554923
segment,tanh,101,169,0.005668161286059041,0.9745341614906833,0.009747244282022904,0.9542857142857143,0.9391663466196736
segment,tanh,101,170,0.017709065152993517,0.9198757763975155,0.02008861919535218,0.92,1.0000555311348573
segment,tanh,101,171,0.005909175905428763,0.9763975155279503,0.009730003816746083,0.9571428571428572,1.0002594546952714
segment,tanh,101,172,0.005608609062868979,0.9732919254658385,0.0096687153483455,0.9514285714285714,0.8609277892275754
segment,tanh,101,173,0.005534460253100444,0.9751552795031055,0.00964487577069004,0.9542857142857143,0.98982828428046
segment,tanh,101,174,0.0055331091334701035,0.9763975155279503,0.00962970193747605,0.9571428571428572,0.7923096307531181
segment,tanh,101,175,0.005486288559520407,0.9770186335403727,0.009593230082724327,0.9514285714285714,0.40356175470052347
segment,tanh,101,176,0.0057959978886522375,0.9745341614906833,0.009948424250137297,0.9485714285714286,0.5836862626703643
segment,tanh,101,177,0.005981002414930218,0.9726708074534162,0.010181209536862945,0.9542857142857143,0.9998240942182399
segment,tanh,101,178,0.0059386390759241054,0.9701863354037267,0.010091552370141076,0.9514285714285714,0.9965065598707576
segment,tanh,101,179,0.005775752318862445,0.9732919254658385,0.009724726704911738,0.9514285714285714,0.16689805134553914
segment,tanh,101,180,0.006527941061607294,0.9670807453416149,0.010089691975788734,0.9485714285714286,1.0000019973413572
segment,tanh,101,181,0.005461048662282605,0.9757763975155279,0.009594005305497963,0.9514285714285714,0.43677002493605366
segment,tanh,101,182,0.005641031543832451,0.9745341614906833,0.009650114829137153,0.9485714285714286,0.12649407845906352
segment,tanh,101,183,0.005965013629733176,0.9732919254658385,0.01004293602848953,0.9457142857142857,1.0000509397033088
segment,tanh,101,184,0.005578388094011895,0.9739130434782609,0.009856829165920107,0.9485714285714286,0.9836038481009791
segment,tanh,101,185,0.005495421319531718,0.9745341614906833,0.009729628520568204,0.9542857142857143,0.7665934705213623
segment,tanh,101,186,0.0055251834982102035,0.9745341614906833,0.009876038786328454,0.9485714285714286,0.7830890932434219
segment,tanh,101,187,0.005438295936372525,0.9757763975155279,0.009588001656404457,0.9571428571428572,0.29738900995391704
segment,tanh,101,188,0.006299838883390343,0.9732919254658385,0.010402741298574285,0.9457142857142857,0.999968538070381
segment,tanh,101,189,0.0053268693809196644,0.977639751552795,0.009593290265617622,0.9542857142857143,1.000178371286397
segment,tanh,101,190,0.005954499899594839,0.9714285714285714,0.010049480160205309,0.9542857142857143,0.9594626930746711
segment,tanh,101,191,0.005315302695263286,0.9751552795031055,0.009636673127123758,0.9514285714285714,0.3304620541552229
segment,tanh,101,192,0.005325917412053944,0.9757763975155279,0.009779357104825014,0.9485714285714286,1.000033160642007
segment,tanh,101,193,0.005458222454879284,0.9739130434782609,0.00991070417425846,0.9514285714285714,0.3228659971812439
segment,tanh,101,194,0.010875255037523436,0.9472049689440993,0.014623865853744185,0.9314285714285714,1.0003172741426112
segment,tanh,101,195,0.009350755098020924,0.9552795031055901,0.012452864689296073,0.9457142857142857,1.0000675636832053
segment,tanh,101,196,0.005264933097024345,0.9757763975155279,0.009725609607835648,0.9514285714285714,0.7957750386564884
segment,tanh,101,197,0.005710599760952892,0.9726708074534162,0.010029508232818694,0.9542857142857143,0.4254217080560187
segment,tanh,101,198,0.005286371983837985,0.9757763975155279,0.00991621169186896,0.9542857142857143,0.9330139783665901
segment,tanh,101,199,0.005153150632046654,0.977639751552795,0.009741183365677867,0.9514285714285714,1.0001472392534312
segment,tanh,101,200,0.00522477884174518,0.9763975155279503,0.009675612560083924,0.9542857142857143,0.34764231875012724
segment,tanh,101,201,0.005130386482694244,0.977639751552795,0.00968155874695468,0.9571428571428572,0.20655081211160917
segment,tanh,101,202,0.005215681367279575,0.9770186335403727,0.009685480148833667,0.9542857142857143,0.8053906477990319
segment,tanh,101,203,0.005448205528565065,0.9751552795031055,0.009875279986159991,0.9514285714285714,0.9999530155435342
segment,tanh,101,204,0.005416228176619944,0.977639751552795,0.009537966420054094,0.9514285714285714,1.000033161496658
segment,tanh,101,205,0.005667960072770648,0.9726708074534162,0.010029024492552557,0.9542857142857143,0.6978220588781163
segment,tanh,101,206,0.005062782595064439,0.9788819875776398,0.00946163423121284,0.9571428571428572,0.18091422438436694
segment,tanh,101,207,0.005282268488621192,0.9763975155279503,0.009695239898080571,0.9514285714285714,0.34529637268364755
segment,tanh,101,208,0.005091055220317831,0.9782608695652174,0.009699482967484458,0.9514285714285714,0.8952218802489601
segment,tanh,101,209,0.007436824310724457,0.9639751552795031,0.011791480170618198,0.9457142857142857,1.0000094181223222
segment,tanh,101,210,0.005589633797906399,0.9745341614906833,0.01006772421031635,0.9485714285714286,0.9819277800676256
segment,tanh,101,211,0.005078359763646962,0.977639751552795,0.009574013174982268,0.9514285714285714,0.14759049674937247
segment,tanh,101,212,0.005432374909891187,0.9751552795031055,0.009930455967132535,0.9542857142857143,0.519534921904563
segment,tanh,101,213,0.005232477670822663,0.9763975155279503,0.009712561123440573,0.9514285714285714,1.000034942085127
segment,tanh,101,214,0.005088429457217711,0.977639751552795,0.0095639629220886,0.9542857142857143,0.7647583924451672
segment,tanh,101,215,0.0054226277208054416,0.9763975155279503,0.009911456948764146,0.9542857142857143,0.1929584201314845
segment,tanh,101,216,0.006278176480818983,0.968944099378882,0.010191758868375415,0.9485714285714286,1.0000248941463796
segment,tanh,101,217,0.010271937064483951,0.9571428571428572,0.012648538701315087,0.9428571428571428,1.0000342603445542
segment,tanh,101,218,0.005635725856582357,0.9739130434782609,0.010250042828833959,0.9571428571428572,0.9814335371729823
segment,tanh,101,219,0.004903014513123241,0.977639751552795,0.009576989435764323,0.9542857142857143,0.12065492484299083
segment,tanh,101,220,0.004880472535117297,0.9782608695652174,0.009570553984052035,0.9542857142857143,0.7306878841962996
segment,tanh,101,221,0.004966399840944884,0.977639751552795,0.009714896778477105,0.9514285714285714,0.44149910748117016
segment,tanh,101,222,0.007608469882018391,0.9627329192546584,0.01203293240778994,0.9457142857142857,1.0000793208007615
segment,tanh,101,223,0.004846365060345199,0.9782608695652174,0.009440357760281737,0.9542857142857143,0.3358162664182947
segment,tanh,101,224,0.004899245685005754,0.977639751552795,0.009558981649367733,0.9542857142857143,0.8904450685656033
segment,tanh,101,225,0.004852033127564649,0.9770186335403727,0.009448966462154457,0.9571428571428572,0.9723697561165068
segment,tanh,101,226,0.00773593235081843,0.9614906832298137,0.012277810655473384,0.9428571428571428,1.0000173826807033
segment,tanh,101,227,0.012485841700194537,0.9434782608695652,0.015735209114800044,0.9285714285714286,1.000036341459014
segment,tanh,101,228,0.0053916624713040255,0.9732919254658385,0.010107663968039849,0.9514285714285714,0.48193093229285755
segment,tanh,101,229,0.005047434476709063,0.9770186335403727,0.009718438601135802,0.9542857142857143,0.9845224545620758
segment,tanh,101,230,0.005026283755075766,0.977639751552795,0.009841487849781673,0.9514285714285714,1.0039434675343795
segment,tanh,101,231,0.005323196112055919,0.9745341614906833,0.010278365414836137,0.9485714285714286,0.9923413897091546
segment,tanh,101,232,0.006819896479369487,0.9664596273291925,0.01148002939661108,0.9485714285714286,1.0002334669838797
segment,tanh,101,233,0.004803622821856265,0.977639751552795,0.009723546876726401,0.9514285714285714,0.28291484453783283
segment,tanh,101,234,0.004848215226072092,0.9782608695652174,0.009877578971793297,0.9514285714285714,0.40223145628922174
segment,tanh,101,235,0.0063845915726849466,0.9714285714285714,0.011433938397693019,0.9457142857142857,0.9996532240389743
segment,tanh,101,236,0.00487035854808832,0.9770186335403727,0.00979640865541022,0.9514285714285714,0.34963239623079223
segment,tanh,101,237,0.004991725364151713,0.977639751552795,0.00987725636039843,0.9514285714285714,0.6432513026395336
segment,tanh,101,238,0.004803499380561806,0.9795031055900622,0.009666535228895108,0.9514285714285714,0.23130369960677666
segment,tanh,101,239,0.004896087413086603,0.9770186335403727,0.009717115545287362,0.9514285714285714,0.4731941142233876
segment,tanh,101,240,0.005149159539616033,0.9745341614906833,0.010136875013601214,0.9514285714285714,0.66560930608672
segment,tanh,101,241,0.004874959986826846,0.9757763975155279,0.009800688610500546,0.9485714285714286,0.00696016382598664
segment,tanh,101,242,0.004832353076352171,0.977639751552795,0.009755651934192927,0.9514285714285714,0.6624325353608987
segment,tanh,101,243,0.0047351611708059665,0.9782608695652174,0.009558185835238197,0.9542857142857143,0.6709263498637031
segment,tanh,101,244,0.005142635313451654,0.9751552795031055,0.009646368390145321,0.9542857142857143,0.9903520187075191
segment,tanh,101,245,0.0057751699834808915,0.9726708074534162,0.010523403628623935,0.9571428571428572,0.5674436304848633
segment,tanh,101,246,0.006549832749038721,0.968944099378882,0.010672556605283944,0.9457142857142857,1.0031358476936911
segment,tanh,101,247,0.005303332179085241,0.9757763975155279,0.010025575778786384,0.9485714285714286,0.018205647057595264
segment,tanh,101,248,0.008458544183117178,0.9602484472049689,0.01162261470462913,0.9428571428571428,1.001147780689149
segment,tanh,101,249,0.004659718145597003,0.977639751552795,0.00962985307958077,0.9542857142857143,0.8519920410038462
segment,tanh,101,250,0.004646778715279849,0.977639751552795,0.009653857883443185,0.9571428571428572,1.0004535602421885
segment,tanh,101,251,0.005488686630793091,0.9751552795031055,0.0102073279454873,0.9457142857142857,1.0008938413241493
segment,tanh,101,252,0.004884487873752621,0.9763975155279503,0.009939851954007786,0.9485714285714286,1.004590954245642
segment,tanh,101,253,0.004753118021328161,0.977639751552795,0.009736687495507813,0.9514285714285714,0.20800550694509834
segment,tanh,101,254,0.004752867821670767,0.977639751552795,0.009542713974517574,0.9542857142857143,0.5504548720356464
segment,tanh,101,255,0.005052580984963793,0.9763975155279503,0.009895473486454292,0.9485714285714286,0.9561091045957354
segment,tanh,101,256,0.005209508973646817,0.9751552795031055,0.010010816695667587,0.9542857142857143,0.11342752540797295
segment,tanh,101,257,0.004594859800837018,0.9782608695652174,0.00947073293535904,0.9571428571428572,0.1913477872920005
segment,tanh,101,258,0.006013458758908781,0.9701863354037267,0.010772012750776725,0.9485714285714286,0.6736272349786023
segment,tanh,101,259,0.004686865668604421,0.9770186335403727,0.009656636009725548,0.9542857142857143,0.006020494628659161
segment,tanh,101,260,0.004688969188195278,0.977639751552795,0.009564302173448083,0.9542857142857143,0.5408685203448469
segment,tanh,101,261,0.0045746552858929234,0.9782608695652174,0.009506629051927368,0.9571428571428572,0.11592622363455032
segment,tanh,101,262,0.00506773588254987,0.9751552795031055,0.010065292960159155,0.9514285714285714,1.000184249733094
segment,tanh,101,263,0.004631660871412144,0.9788819875776398,0.00965253713359472,0.96,0.9908325724593179
segment,tanh,101,264,0.004659117012332591,0.9770186335403727,0.009559397044045355,0.9542857142857143,0.19558751706600266
segment,tanh,101,265,0.004761021954681053,0.9770186335403727,0.00973196852498086,0.9514285714285714,0.48232068396125743
segment,tanh,101,266,0.0064431139165496455,0.9714285714285714,0.011505514277170099,0.9514285714285714,0.9999424154734846
segment,tanh,101,267,0.004741601321577931,0.977639751552795,0.009600530870508838,0.9542857142857143,1.0000425377589712
segment,tanh,101,268,0.0048458336854031985,0.9770186335403727,0.009612655763472078,0.9514285714285714,1.0000301902192268
segment,tanh,101,269,0.004962078638631591,0.9757763975155279,0.009831318451269087,0.9514285714285714,0.5473144648191357
segment,tanh,101,270,0.005011850322115282,0.9770186335403727,0.010192420453936937,0.9485714285714286,0.8774622087606507
segment,tanh,101,271,0.004626072045828833,0.9770186335403727,0.009584866595048213,0.9542857142857143,1.000049775798773
segment,tanh,101,272,0.004677531561287807,0.9757763975155279,0.009869439264115851,0.9514285714285714,0.28098506905235776
segment,tanh,101,273,0.00895606431000481,0.9546583850931677,0.01368782667235617,0.9371428571428572,0.9999839793654456
segment,tanh,101,274,0.00483688013648928,0.9763975155279503,0.00983360443179743,0.9514285714285714,0.9104437513181219
segment,tanh,101,275,0.004679100610363654,0.9739130434782609,0.009831705077856913,0.9514285714285714,0.011473369414594776
segment,tanh,101,276,0.012015596031745396,0.9453416149068323,0.015586304665337223,0.9228571428571428,1.000272580247561
segment,tanh,101,277,0.004439595471941282,0.9788819875776398,0.009417610347908622,0.9571428571428572,1.0000569246463737
segment,tanh,101,278,0.004494192704787141,0.9782608695652174,0.009438748563435974,0.9542857142857143,0.5356783392833749
segment,tanh,101,279,0.009481442696845978,0.9577639751552796,0.012846499875794733,0.9457142857142857,1.0001325392613045
segment,tanh,101,280,0.004603364910508123,0.977639751552795,0.009466201110283628,0.9542857142857143,0.41596416846420814
segment,tanh,101,281,0.004485697610188305,0.9788819875776398,0.009678580550849972,0.9542857142857143,1.000044755687994
segment,tanh,101,282,0.004479057634435219,0.977639751552795,0.009498010578791448,0.9542857142857143,0.6456502394338358
segment,tanh,101,283,0.004410629381470633,0.9795031055900622,0.009480361755050178,0.9571428571428572,0.5727105887769778
segment,tanh,101,284,0.00439715881998219,0.9788819875776398,0.009376423763117207,0.9571428571428572,0.2292046389308295
segment,tanh,101,285,0.004507601908721449,0.9801242236024845,0.009557229561302711,0.9514285714285714,0.41025948235585774
segment,tanh,101,286,0.0046534491477973824,0.977639751552795,0.009465452732667601,0.9542857142857143,0.8324042392376552
segment,tanh,101,287,0.0043838166038236885,0.9788819875776398,0.009462539435592476,0.9571428571428572,1.0023908298087565
segment,tanh,101,288,0.004480100062901981,0.9807453416149068,0.009430764126651298,0.9542857142857143,0.6045379607768426
segment,tanh,101,289,0.004438373592887457,0.9782608695652174,0.009559993211894453,0.9542857142857143,0.11581386893599879
segment,tanh,101,290,0.010899696032074788,0.9490683229813665,0.014599317177942233,0.9285714285714286,1.000190155996464
segment,tanh,101,291,0.0044195209906838055,0.9819875776397515,0.009383080358026333,0.9542857142857143,0.37343488950752096
segment,tanh,101,292,0.004356298723632137,0.9813664596273292,0.0093685881110067,0.9571428571428572,0.236272482292829
segment,tanh,101,293,0.004410975515097927,0.9782608695652174,0.009429293289604799,0.9542857142857143,1.0002133131504973
segment,tanh,101,294,0.004479305452920667,0.9801242236024845,0.009388906092108327,0.9542857142857143,0.8092243735185923
segment,tanh,101,295,0.00525617817514675,0.9763975155279503,0.010185595370070084,0.9571428571428572,0.27044767667459607
segment,tanh,101,296,0.004308809906323309,0.9838509316770186,0.009341427298765772,0.9571428571428572,0.777090243655737
segment,tanh,101,297,0.004264293848397463,0.9813664596273292,0.00936498356408805,0.9571428571428572,0.017112240096643295
segment,tanh,101,298,0.0042909220152317065,0.9832298136645963,0.009427737536653593,0.9542857142857143,1.0000205919579166
segment,tanh,101,299,0.0051850517976605014,0.9770186335403727,0.010172131987919351,0.9571428571428572,0.03355068803033249
segment,tanh,101,300,0.0041209401511783,0.9819875776397515,0.00941190196774372,0.9571428571428572,0.011452705548299634
segment,tanh,101,301,0.0040297795522304175,0.9826086956521739,0.009262311857914483,0.9571428571428572,0.31734033977238196
segment,tanh,101,302,0.004142514208143032,0.9801242236024845,0.00927252215336757,0.9542857142857143,0.13783348097535444
segment,tanh,101,303,0.0049523046460100886,0.9807453416149068,0.009422271411280807,0.9571428571428572,1.0000505549487817
segment,tanh,101,304,0.004108670389461339,0.9813664596273292,0.009454879899288364,0.9514285714285714,0.1152547149372414
segment,tanh,101,305,0.004082675369622122,0.9813664596273292,0.00938291931154851,0.9514285714285714,0.021424753989384523
segment,tanh,101,306,0.004077811818605581,0.9832298136645963,0.009394447097318246,0.9542857142857143,0.28039699857243605
segment,tanh,101,307,0.004077958039548295,0.9807453416149068,0.00929052064003713,0.9542857142857143,0.6352421109102484
segment,tanh,101,308,0.004165798586163521,0.9813664596273292,0.009435575428510663,0.9571428571428572,0.02997172193490957
segment,tanh,101,309,0.00428077391037268,0.9801242236024845,0.009467225848040429,0.9571428571428572,0.05672721941568779
segment,tanh,101,310,0.00408340922955394,0.9801242236024845,0.009281545458100908,0.9542857142857143,0.9335112080242891
segment,tanh,101,311,0.00446069904120537,0.9782608695652174,0.009668270821961733,0.9514285714285714,0.35409814511504284
segment,tanh,101,312,0.003947021197675483,0.9832298136645963,0.009218159481755087,0.9571428571428572,0.5582312420607685
segment,tanh,101,313,0.004402928081053398,0.9807453416149068,0.009636343137809087,0.9571428571428572,0.7673815024977658
segment,tanh,101,314,0.005973545085997506,0.9701863354037267,0.011165740715696341,0.9514285714285714,1.0000816866985613
segment,tanh,101,315,0.004022410522384849,0.9801242236024845,0.009288102872614869,0.9542857142857143,0.9423038281376429
segment,tanh,101,316,0.004260728178114747,0.9801242236024845,0.009572281980255863,0.9542857142857143,0.23842771329065968
segment,tanh,101,317,0.00392646873991476,0.9838509316770186,0.009223237546462143,0.9571428571428572,0.056110332319879316
segment,tanh,101,318,0.01016745426681461,0.9552795031055901,0.01391221922703571,0.9342857142857143,1.0006282586526531
segment,tanh,101,319,0.004481150571439788,0.9788819875776398,0.010016945425805888,0.9485714285714286,0.9813089823935084
segment,tanh,101,320,0.005742664541773754,0.9745341614906833,0.010719733315841742,0.9514285714285714,0.9999327199426555
segment,tanh,101,321,0.0040353880369320165,0.9807453416149068,0.00928528763660361,0.9542857142857143,0.5260414012943584
segment,tanh,101,322,0.0038485933850763675,0.9813664596273292,0.009113446196998847,0.9571428571428572,0.6562209981040644
segment,tanh,101,323,0.003883859572580022,0.9813664596273292,0.00924544689479694,0.9571428571428572,0.7855302101882282
segment,tanh,101,324,0.004543815740054025,0.9795031055900622,0.009687346018354309,0.9571428571428572,0.7237290932529548
segment,tanh,101,325,0.01283787630826867,0.9459627329192547,0.016076284962439756,0.9228571428571428,1.000197881964443
segment,tanh,101,326,0.004013986358016773,0.9832298136645963,0.009458189923285752,0.9542857142857143,0.10806392394306845
segment,tanh,101,327,0.00419399484478689,0.9801242236024845,0.00947147342562224,0.9542857142857143,0.2869568983049535
segment,tanh,101,328,0.0038303596906084747,0.9838509316770186,0.00909354104858894,0.96,0.6163592810804309
segment,tanh,101,329,0.003883951604218848,0.984472049689441,0.009276901558881409,0.9571428571428572,0.17884586867851382
segment,tanh,101,330,0.004169411788565658,0.9801242236024845,0.009342140064739863,0.9514285714285714,0.9862025753685119
segment,tanh,101,331,0.0037784063841790876,0.9819875776397515,0.00911265782807501,0.9571428571428572,0.4127936257794338
segment,tanh,101,332,0.004214335520283421,0.9795031055900622,0.009539092567805331,0.9514285714285714,0.6456686431664943
segment,tanh,101,333,0.004539087243501642,0.9795031055900622,0.010052240098752302,0.9485714285714286,1.0001380700847564
segment,tanh,101,334,0.003960180587348557,0.9813664596273292,0.009171563425438452,0.9571428571428572,0.011743255518811595
segment,tanh,101,335,0.0038880757665193735,0.9838509316770186,0.009234981463882451,0.9571428571428572,0.2624886727576967
segment,tanh,101,336,0.005540837990484381,0.9732919254658385,0.010661567377049562,0.9514285714285714,0.10255663187864412
segment,tanh,101,337,0.003842558229190712,0.9838509316770186,0.009168253200935084,0.9542857142857143,0.11408020991487222
segment,tanh,101,338,0.00371404545413143,0.9832298136645963,0.00899769431785318,0.96,0.5461794129392074
segment,tanh,101,339,0.007505337540158018,0.9608695652173913,0.012776055577728556,0.94,1.0009165420089927
segment,tanh,101,340,0.004267291382358135,0.9807453416149068,0.00933508721064594,0.9571428571428572,0.3198155136871588
segment,tanh,101,341,0.004075571354131687,0.9813664596273292,0.009186084576969173,0.9571428571428572,0.9646864917949363
segment,tanh,101,342,0.0036956258733752017,0.9832298136645963,0.008977667220375364,0.96,0.7500613152482424
segment,tanh,101,343,0.0037136761014953277,0.9819875776397515,0.009060180277698116,0.96,0.7713357187228123
segment,tanh,101,344,0.0047762543088007885,0.9788819875776398,0.009726118476471557,0.9514285714285714,1.0001165870457522
segment,tanh,101,345,0.003776687716640457,0.9813664596273292,0.009011339146110702,0.9571428571428572,0.43318130817775113
segment,tanh,101,346,0.003834273156940421,0.9826086956521739,0.009210904894783439,0.9571428571428572,0.8244115117591674
segment,tanh,101,347,0.005723447214675492,0.9720496894409938,0.010933371321930351,0.9428571428571428,0.998839931325018
segment,tanh,101,348,0.0036857319007915198,0.9826086956521739,0.00895371953444923,0.96,0.0657549245778654
segment,tanh,101,349,0.0036952475948566557,0.9832298136645963,0.008951385329427112,0.96,0.881368192450228
segment,tanh,101,350,0.0037781274363494935,0.9838509316770186,0.008917128356200853,0.9571428571428572,0.8257479726138865
segment,tanh,102,1,0.13640587075443694,0.23043478260869565,0.1367300638176945,0.2342857142857143,1.003427516203433
segment,tanh,102,2,0.08128849772770257,0.5161490683229814,0.07966752323367148,0.5285714285714286,1.0059770287688956
segment,tanh,102,3,0.06774660453517777,0.6496894409937888,0.06573433033737618,0.66,1.006856675337289
segment,tanh,102,4,0.08750233476055695,0.5677018633540373,0.0880465905369142,0.5657142857142857,1.0022898246093657
segment,tanh,102,5,0.049809970306807755,0.7459627329192546,0.04916874825907358,0.7571428571428571,1.0169979130314715
segment,tanh,102,6,0.04899355915012256,0.7472049689440994,0.04824215930476207,0.7542857142857143,1.037911051965264
segment,tanh,102,7,0.045983428551511954,0.7552795031055901,0.04558766949562014,0.7657142857142857,1.0004785359921053
segment,tanh,102,8,0.03316516946615017,0.8975155279503105,0.034054640575459504,0.8885714285714286,1.0103101876645229
segment,tanh,102,9,0.025042896088080826,0.9161490683229814,0.026965341424291446,0.9057142857142857,1.0051882482752281
segment,tanh,102,10,0.023653804985763874,0.9136645962732919,0.025004635800766364,0.9028571428571428,1.0192391436155397
segment,tanh,102,11,0.020186490596470038,0.929192546583851,0.021327042888791753,0.9171428571428571,1.0024921296328964
segment,tanh,102,12,0.018560864605777376,0.9267080745341615,0.019496544521694758,0.9171428571428571,1.000842024732963
segment,tanh,102,13,0.01809471952532798,0.9285714285714286,0.019203885428191597,0.9257142857142857,1.0006632687170496
segment,tanh,102,14,0.02257884280875002,0.8987577639751553,0.023270189785760863,0.9028571428571428,1.0001141069783877
segment,tanh,102,15,0.01664567037631621,0.9335403726708075,0.017852859951597116,0.9257142857142857,0.9998523704616906
segment,tanh,102,16,0.01690735893766997,0.9335403726708075,0.018611168453905747,0.9228571428571428,1.0048224051413606
segment,tanh,102,17,0.016629936348234668,0.9360248447204969,0.018471893908210375,0.9285714285714286,1.0009500707373848
segment,tanh,102,18,0.017070596302454086,0.9285714285714286,0.017748383581536204,0.9171428571428571,1.0001370101049794
segment,tanh,102,19,0.015245743884375749,0.9360248447204969,0.016942353668962667,0.9228571428571428,0.9622176154078597
segment,tanh,102,20,0.02190732417781378,0.9204968944099379,0.02453005186152884,0.9114285714285715,1.0007239937843038
segment,tanh,102,21,0.014761562257499644,0.9372670807453416,0.016440053648758425,0.9257142857142857,0.5846209904736551
segment,tanh,102,22,0.014712662867409082,0.9372670807453416,0.016093822283998322,0.9314285714285714,1.0002482987558547
segment,tanh,102,23,0.016659678189557426,0.9229813664596274,0.017578661442099488,0.9171428571428571,1.0003024200125414
segment,tanh,102,24,0.016128273711760083,0.9279503105590062,0.01722268976096551,0.9171428571428571,1.00013619727655
segment,tanh,102,25,0.016537430783237897,0.9260869565217391,0.01836948319271926,0.92,1.0000387366733106
segment,tanh,102,26,0.016833748559693874,0.9254658385093167,0.01764308117202054,0.9171428571428571,1.002206299430962
segment,tanh,102,27,0.016226105054598688,0.9347826086956522,0.017571025156670243,0.9257142857142857,1.000051970583483
segment,tanh,102,28,0.015579110503011556,0.9273291925465839,0.01675544881212413,0.9228571428571428,1.0002435763882964
segment,tanh,102,29,0.01530306451312959,0.9329192546583851,0.01745678660012946,0.9257142857142857,1.0001966962096078
segment,tanh,102,30,0.014015755327070363,0.9440993788819876,0.016009210875155836,0.9314285714285714,1.0000191630214998
segment,tanh,102,31,0.013492810272153676,0.9372670807453416,0.014908921458277262,0.9285714285714286,1.0074206474961016
segment,tanh,102,32,0.013681757908731438,0.9478260869565217,0.015240540567281215,0.9285714285714286,1.003031346773761
segment,tanh,102,33,0.015941188579916818,0.9236024844720497,0.01819091490122652,0.92,1.0001229960227929
segment,tanh,102,34,0.014483254850066846,0.94472049689441,0.016874694838947366,0.9314285714285714,1.001328432565075
segment,tanh,102,35,0.013114642395433581,0.9391304347826087,0.01460759020920275,0.9257142857142857,0.5448517553327966
segment,tanh,102,36,0.033858109959240705,0.8658385093167702,0.036638242752375004,0.86,1.000648797136555
segment,tanh,102,37,0.01872885219342227,0.9192546583850931,0.019476003623039494,0.92,1.0000672494364928
segment,tanh,102,38,0.01600583730872529,0.9229813664596274,0.016310130234465408,0.9228571428571428,1.0002028880754934
segment,tanh,102,39,0.015258225423645577,0.9279503105590062,0.017699750596420545,0.92,1.0055859851312066
segment,tanh,102,40,0.011816945309727215,0.9509316770186336,0.01393088475019062,0.9371428571428572,1.0000383329131397
segment,tanh,102,41,0.013528426588418449,0.9372670807453416,0.014784746889590736,0.9257142857142857,1.0001394378114614
segment,tanh,102,42,0.014643740902560414,0.9304347826086956,0.01779292279393211,0.9257142857142857,1.0044929144553654
segment,tanh,102,43,0.012106967827506764,0.9503105590062112,0.014290316984658429,0.94,1.8751110218577451
segment,tanh,102,44,0.012729528877659872,0.9397515527950311,0.014407335276016122,0.9257142857142857,0.9277199004206713
segment,tanh,102,45,0.017815808400028978,0.9198757763975155,0.02075990771078991,0.9114285714285715,1.0011763594158234
segment,tanh,102,46,0.012986249363307254,0.9472049689440993,0.015475088261360032,0.9228571428571428,1.0001469456890797
segment,tanh,102,47,0.014679667793394281,0.9285714285714286,0.01755632435341292,0.9142857142857143,1.0001860069173667
segment,tanh,102,48,0.011590190073795938,0.9472049689440993,0.013931870194638185,0.9285714285714286,1.0003423436455035
segment,tanh,102,49,0.010766663490994616,0.9540372670807453,0.013630139222139697,0.94,0.83962858100255
segment,tanh,102,50,0.03626287912674167,0.8590062111801242,0.038252432174386924,0.8428571428571429,1.0008251590315955
segment,tanh,102,51,0.010913613687011093,0.9515527950310559,0.013246942890712524,0.9342857142857143,0.2964413321448443
segment,tanh,102,52,0.010850284874222897,0.9527950310559006,0.01385028695758947,0.9371428571428572,0.3631460809202098
segment,tanh,102,53,0.01209054375134908,0.9422360248447205,0.013971411172129078,0.9285714285714286,1.0007872629621384
segment,tanh,102,54,0.013945819022690676,0.9366459627329192,0.01750893768062571,0.9171428571428571,1.0000735768916602
segment,tanh,102,55,0.010259191658708146,0.953416149068323,0.013209853653444369,0.9371428571428572,1.000457963948031
segment,tanh,102,56,0.011174986648635891,0.9490683229813665,0.014354301452177802,0.9285714285714286,0.60155593420811
segment,tanh,102,57,0.011017930630434658,0.9521739130434783,0.01299949397966288,0.94,1.001532544500201
segment,tanh,102,58,0.010800620861952605,0.9521739130434783,0.013309673456650795,0.9314285714285714,1.0000224505027697
segment,tanh,102,59,0.009880932856792023,0.9559006211180124,0.012719221128120258,0.9342857142857143,0.27936892839789434
segment,tanh,102,60,0.010517908564256587,0.9552795031055901,0.01342950494046162,0.9342857142857143,1.0038420108408999
segment,tanh,102,61,0.010741399876182256,0.9527950310559006,0.013231545516579353,0.9342857142857143,0.9994010725434824
segment,tanh,102,62,0.00982196282477759,0.9583850931677018,0.012642383667971132,0.9342857142857143,1.0000373890533085
segment,tanh,102,63,0.009928496696404306,0.9546583850931677,0.012732014988159812,0.9314285714285714,0.9999323710105228
segment,tanh,102,64,0.00981040408771629,0.9577639751552796,0.01298693845700659,0.9371428571428572,1.0039079592253095
segment,tanh,102,65,0.010343142090740923,0.953416149068323,0.013690312429703708,0.9314285714285714,1.0001538333147553
segment,tanh,102,66,0.01506545181977351,0.937888198757764,0.018090761609338816,0.9171428571428571,1.0013301774033405
segment,tanh,102,67,0.021023995764313203,0.9186335403726708,0.024863469130264024,0.9,1.000014854638496
segment,tanh,102,68,0.009261202708661117,0.9602484472049689,0.012878855742542113,0.9342857142857143,0.4365089413516413
segment,tanh,102,69,0.009093512466614282,0.9602484472049689,0.012356680560025798,0.9342857142857143,0.20260418179955444
segment,tanh,102,70,0.015320661814181574,0.9335403726708075,0.016679895255872174,0.9314285714285714,1.0016477410424809
segment,tanh,102,71,0.011220158158172698,0.9496894409937888,0.014741123709928342,0.9314285714285714,1.0036046327378136
segment,tanh,102,72,0.009072664129462168,0.9602484472049689,0.012561194610986504,0.9342857142857143,0.5749285661397101
segment,tanh,102,73,0.008942915623499062,0.9608695652173913,0.012190306341378469,0.9342857142857143,0.8751753180361561
segment,tanh,102,74,0.008786218147880036,0.962111801242236,0.01228579533442104,0.9342857142857143,0.9781754632655865
segment,tanh,102,75,0.009264842391179544,0.9658385093167702,0.012251760738657906,0.9514285714285714,1.0001757325708083
segment,tanh,102,76,0.009285356698665911,0.9602484472049689,0.012640547494513295,0.9371428571428572,1.0000048434302544
segment,tanh,102,77,0.00920462845422757,0.9608695652173913,0.011941869351423277,0.9457142857142857,1.0003191776682445
segment,tanh,102,78,0.010844386955683636,0.9496894409937888,0.012754601466472271,0.9457142857142857,0.9991493727321658
segment,tanh,102,79,0.009092898338930807,0.9677018633540373,0.013079324880574407,0.9457142857142857,1.001076024066998
segment,tanh,102,80,0.008413341500717398,0.9639751552795031,0.01191211884452271,0.9485714285714286,0.24541457626995616
segment,tanh,102,81,0.009943480120449114,0.9540372670807453,0.012317092932725612,0.9542857142857143,1.000004298775502
segment,tanh,102,82,0.00864543809925098,0.9627329192546584,0.011312335357805918,0.9485714285714286,0.04956046523127603
segment,tanh,102,83,0.008542656170932592,0.9652173913043478,0.011388517767439241,0.9514285714285714,0.6992513737086236
segment,tanh,102,84,0.008134021707221325,0.9683229813664597,0.0113434835394184,0.9485714285714286,0.8744476425535862
segment,tanh,102,85,0.008763557302905636,0.9645962732919254,0.011976429581384925,0.9457142857142857,1.0000266366960002
segment,tanh,102,86,0.008843424174440737,0.9614906832298137,0.011571774145269798,0.9514285714285714,0.8520976142582914
segment,tanh,102,87,0.013013293187520033,0.9416149068322981,0.014445505796123559,0.94,1.0009222545965983
segment,tanh,102,88,0.01330415169178489,0.9354037267080745,0.016198248625160547,0.9257142857142857,1.0000008282591195
segment,tanh,102,89,0.008039819399977022,0.968944099378882,0.01088109902125869,0.9542857142857143,1.000030902662937
segment,tanh,102,90,0.012523260130094232,0.9422360248447205,0.013307252582084006,0.94,1.0000528305018277
segment,tanh,102,91,0.00913187261013027,0.9577639751552796,0.011611170807855852,0.9485714285714286,1.0007786665375098
segment,tanh,102,92,0.013658167195609321,0.9322981366459627,0.016941411755111428,0.92,1.0019776395382691
segment,tanh,102,93,0.014528601013303834,0.9354037267080745,0.015154306726873101,0.9342857142857143,1.016130601752899
segment,tanh,102,94,0.012667306444175679,0.9416149068322981,0.013643824231151245,0.9314285714285714,1.0000878929696566
segment,tanh,102,95,0.011080953734545434,0.9472049689440993,0.013457366657672437,0.9428571428571428,1.0000063881456815
segment,tanh,102,96,0.01019249247279039,0.9490683229813665,0.01179123215863779,0.9542857142857143,0.9999847976989732
segment,tanh,102,97,0.008205966815093741,0.9695652173913043,0.010888555522447477,0.9571428571428572,0.9065305009393207
segment,tanh,102,98,0.007984004545453439,0.9701863354037267,0.010604856775287963,0.9542857142857143,0.1430837701627017
segment,tanh,102,99,0.008177627556487465,0.9664596273291925,0.011002748350990493,0.96,0.9717225350638143
segment,tanh,102,100,0.008215066452306265,0.9652173913043478,0.01057544748320757,0.9571428571428572,0.9986040259748107
segment,tanh,102,101,0.007774243527185774,0.9701863354037267,0.010700498892242963,0.96,0.9446651402653535
segment,tanh,102,102,0.00798465067456566,0.9695652173913043,0.010475922329157578,0.9514285714285714,0.9702810825501506
segment,tanh,102,103,0.008539030523720558,0.970807453416149,0.01104928591710216,0.9514285714285714,1.0001955591424683
segment,tanh,102,104,0.01111087461841058,0.9484472049689441,0.012877200013614845,0.9371428571428572,1.0007906064095107
segment,tanh,102,105,0.009268184205792425,0.9565217391304348,0.012630653726511802,0.94,1.0001163717602055
segment,tanh,102,106,0.007355466354728782,0.9670807453416149,0.01007338460568004,0.96,0.5258100070620716
segment,tanh,102,107,0.014276797837923095,0.9322981366459627,0.017331695629384018,0.9228571428571428,1.0000663075952478
segment,tanh,102,108,0.007086998445472705,0.9683229813664597,0.010014998599869018,0.9485714285714286,1.0000618251250792
segment,tanh,102,109,0.007979236812554373,0.9645962732919254,0.010326996876766064,0.9542857142857143,1.0523534164268045
segment,tanh,102,110,0.012591501211471874,0.9503105590062112,0.016187549531172987,0.9342857142857143,1.0003552381539205
segment,tanh,102,111,0.007043267453917739,0.9695652173913043,0.010049755134701037,0.9542857142857143,0.4098552076360007
segment,tanh,102,112,0.006952424275925282,0.9683229813664597,0.009905893318565463,0.9514285714285714,0.9421844781292009
segment,tanh,102,113,0.007826332540578846,0.9664596273291925,0.011217981244627714,0.9514285714285714,1.000156472565696
segment,tanh,102,114,0.008149370083855788,0.9658385093167702,0.01033485266619706,0.9571428571428572,1.0004666315974322
segment,tanh,102,115,0.006853588100224627,0.9683229813664597,0.00999925411124023,0.9485714285714286,0.08471296488805077
segment,tanh,102,116,0.009812889713847767,0.953416149068323,0.011515663090509604,0.9514285714285714,1.0002277367334114
segment,tanh,102,117,0.006969665923347656,0.968944099378882,0.00962406963318186,0.96,0.28719345028892823
segment,tanh,102,118,0.006726040196853976,0.970807453416149,0.009530651249240981,0.9571428571428572,0.9748442611500082
segment,tanh,102,119,0.006780771941498916,0.968944099378882,0.009669285868855761,0.96,0.214388777748055
segment,tanh,102,120,0.00857428927022871,0.9552795031055901,0.011043929481246644,0.9571428571428572,1.0000378373072916
segment,tanh,102,121,0.0070235082979112785,0.9695652173913043,0.010178104744076329,0.9514285714285714,0.6237718672113789
segment,tanh,102,122,0.009433209859018707,0.9559006211180124,0.012833576692051046,0.9371428571428572,1.000104192119158
segment,tanh,102,123,0.006959390871089787,0.9664596273291925,0.0096509029045082,0.9542857142857143,0.5923785875943496
segment,tanh,102,124,0.006466370664898838,0.9714285714285714,0.009476710611762551,0.9542857142857143,0.02588595356340219
segment,tanh,102,125,0.007032765416101014,0.9683229813664597,0.01001178862131523,0.9542857142857143,1.000470284714741
segment,tanh,102,126,0.014281643327723125,0.9354037267080745,0.014750607161426005,0.9342857142857143,1.000134544008884
segment,tanh,102,127,0.0071558139242470925,0.9683229813664597,0.010476741355099396,0.9485714285714286,1.0000689472670288
segment,tanh,102,128,0.007757710535405618,0.970807453416149,0.010430867839352993,0.9514285714285714,1.0001969852669879
segment,tanh,102,129,0.010185855824316992,0.9515527950310559,0.013628063582216037,0.9371428571428572,1.0002584665653191
segment,tanh,102,130,0.008725936366667285,0.9565217391304348,0.010852470542466582,0.9571428571428572,1.0182863254469319
segment,tanh,102,131,0.014947745152439866,0.9316770186335404,0.017810018727819742,0.9228571428571428,1.000038624645022
segment,tanh,102,132,0.007656123549890395,0.9614906832298137,0.009700672946331777,0.96,1.000076521237232
segment,tanh,102,133,0.009264094940848866,0.9577639751552796,0.011306813569826851,0.9542857142857143,1.0001003899829681
segment,tanh,102,134,0.006057680310704232,0.9739130434782609,0.009332273420469278,0.9542857142857143,0.4705694956500191
segment,tanh,102,135,0.006050309730658777,0.9745341614906833,0.00926401102448537,0.9542857142857143,0.6272108963224307
segment,tanh,102,136,0.006107045615157241,0.9739130434782609,0.009165798988908777,0.9542857142857143,1.0002593851012935
segment,tanh,102,137,0.005967084518508976,0.9745341614906833,0.009140110688645686,0.9514285714285714,0.34623496063720605
segment,tanh,102,138,0.0061104991380776415,0.9720496894409938,0.00920116657717291,0.9628571428571429,0.28376841794330926
segment,tanh,102,139,0.005928640427432905,0.9739130434782609,0.009219605390495732,0.9542857142857143,1.000106509795831
segment,tanh,102,140,0.006143693201951684,0.9732919254658385,0.009250953866058774,0.9514285714285714,0.8757501566120321
segment,tanh,102,141,0.006874908554103844,0.9701863354037267,0.00951673171112577,0.96,0.9862329164754668
segment,tanh,102,142,0.006499865367007211,0.9701863354037267,0.009804463052201265,0.9542857142857143,0.9880419616330496
segment,tanh,102,143,0.00609731076734541,0.9714285714285714,0.009254567354792097,0.96,0.963458939448125
segment,tanh,102,144,0.007153058681046799,0.9658385093167702,0.010655692806917468,0.9457142857142857,1.0005332982929274
segment,tanh,102,145,0.00801855432165241,0.9639751552795031,0.01047477101244388,0.9514285714285714,0.9999645380661139
segment,tanh,102,146,0.005937503698110196,0.9726708074534162,0.009051319320828184,0.9542857142857143,0.04000138548660296
segment,tanh,102,147,0.005783811033357024,0.9739130434782609,0.00906217772030435,0.9571428571428572,0.44765415597147706
segment,tanh,102,148,0.005766572437221372,0.9739130434782609,0.009042129395269861,0.9571428571428572,0.7088363219400559
segment,tanh,102,149,0.008959051507269344,0.9571428571428572,0.012178076689946409,0.9457142857142857,0.9971531557186409
segment,tanh,102,150,0.00570609252950967,0.9739130434782609,0.00885091715744569,0.96,0.8276016582268212
segment,tanh,102,151,0.0060440598731863904,0.9751552795031055,0.008937616994317799,0.9542857142857143,0.9761044046075368
segment,tanh,102,152,0.006099635235694878,0.9701863354037267,0.009504411422516932,0.9542857142857143,0.9997480949222208
segment,tanh,102,153,0.00571588517841488,0.9745341614906833,0.008779021978913693,0.96,0.5189674241158311
segment,tanh,102,154,0.006776839017312891,0.9683229813664597,0.009594649204865162,0.9542857142857143,1.000025539366145
segment,tanh,102,155,0.0060123055813758736,0.9732919254658385,0.00899592252342689,0.9628571428571429,0.40961187007746913
segment,tanh,102,156,0.006493374400441287,0.970807453416149,0.009901957378757703,0.9542857142857143,0.21163019955917753
segment,tanh,102,157,0.005721614318869605,0.9732919254658385,0.009154315005692202,0.9514285714285714,0.9814790924336181
segment,tanh,102,158,0.005535307098711,0.9757763975155279,0.008985181463718642,0.9542857142857143,0.5357459228870706
segment,tanh,102,159,0.008917532835072817,0.9583850931677018,0.010890639271827884,0.9571428571428572,0.9984344106202989
segment,tanh,102,160,0.0069918921647688865,0.9683229813664597,0.010631926268195412,0.9485714285714286,0.2318492864054374
segment,tanh,102,161,0.005618389717813557,0.9732919254658385,0.009159155174734734,0.9485714285714286,0.6641977295035616
segment,tanh,102,162,0.005507224950456153,0.9763975155279503,0.008913784150159426,0.9514285714285714,1.0011555061626598
segment,tanh,102,163,0.005900574103725101,0.9751552795031055,0.009023390609868677,0.9571428571428572,1.0000198456407527
segment,tanh,102,164,0.005578384004710161,0.9739130434782609,0.008921048340228326,0.9514285714285714,0.15137358139136445
segment,tanh,102,165,0.005452283471445119,0.9739130434782609,0.008842195313846486,0.9542857142857143,1.000048752868749
segment,tanh,102,166,0.005447189969064646,0.977639751552795,0.009012150631889227,0.9485714285714286,0.9863842787805048
segment,tanh,102,167,0.005451170444685956,0.9751552795031055,0.008756452893725484,0.9571428571428572,0.28493794802421446
segment,tanh,102,168,0.00632566145084844,0.9732919254658385,0.0094945473499199,0.9542857142857143,1.0001966422132131
segment,tanh,102,169,0.006044558112644665,0.9757763975155279,0.009231408255862567,0.9514285714285714,1.0001518533284077
segment,tanh,102,170,0.0056982018042113485,0.9726708074534162,0.00883052554207306,0.96,0.5157723721261335
segment,tanh,102,171,0.01255727431762264,0.9372670807453416,0.01569655331339455,0.9285714285714286,0.9999751658394851
segment,tanh,102,172,0.005390391456759773,0.9745341614906833,0.009100628900523275,0.96,0.746755610521963
segment,tanh,102,173,0.011153605902378298,0.9496894409937888,0.012692736999485199,0.9514285714285714,1.0000039833975727
segment,tanh,102,174,0.007146721460653459,0.9670807453416149,0.009895739060787114,0.9514285714285714,1.0000062449442637
segment,tanh,102,175,0.00549442921966183,0.9751552795031055,0.008708985614434474,0.96,0.15955521241850143
segment,tanh,102,176,0.005403974265123614,0.9745341614906833,0.008932632144556168,0.9571428571428572,0.16781703876774287
segment,tanh,102,177,0.005346782546665147,0.9739130434782609,0.0089851447801381,0.9542857142857143,0.49777163860216117
segment,tanh,102,178,0.005570358282649097,0.9745341614906833,0.00942381606846381,0.9485714285714286,1.0000014556628953
segment,tanh,102,179,0.007814060314789777,0.9614906832298137,0.010660395119775555,0.9571428571428572,0.9994332347159475
segment,tanh,102,180,0.008345907398740927,0.9608695652173913,0.010011993372242824,0.9571428571428572,1.000002152793313
segment,tanh,102,181,0.005461083938404488,0.9726708074534162,0.00914941664592988,0.9542857142857143,0.5526409662482314
segment,tanh,102,182,0.005216556399240668,0.9757763975155279,0.008722559083702217,0.9571428571428572,0.40479064273817356
segment,tanh,102,183,0.005770215703714776,0.9739130434782609,0.00910687077004834,0.9542857142857143,0.9996709433343612
segment,tanh,102,184,0.005317070637494232,0.9745341614906833,0.008874467798012356,0.9514285714285714,0.08538183578868873
segment,tanh,102,185,0.007314049401382637,0.9627329192546584,0.009969068150818428,0.9542857142857143,1.0000278151218425
segment,tanh,102,186,0.005162044499406928,0.9770186335403727,0.008884502329678424,0.9542857142857143,0.0547411469507206
segment,tanh,102,187,0.005693930531502333,0.9732919254658385,0.009615284453548478,0.9485714285714286,0.999869516340088
segment,tanh,102,188,0.005071098362252058,0.9770186335403727,0.00867798805475113,0.9571428571428572,0.5710884760126612
segment,tanh,102,189,0.005832401144758906,0.9726708074534162,0.009391168617919842,0.9514285714285714,0.9999216501655235
segment,tanh,102,190,0.005559999231101427,0.9732919254658385,0.00929525482559883,0.9514285714285714,0.7716807914782834
segment,tanh,102,191,0.005099195146868863,0.9788819875776398,0.008864275762985537,0.9542857142857143,0.824238524604841
segment,tanh,102,192,0.006220085261393641,0.9695652173913043,0.009376717164908456,0.9571428571428572,1.000454972840675
segment,tanh,102,193,0.0067193675308455944,0.9714285714285714,0.009629426023698573,0.9542857142857143,1.0000098944153968
segment,tanh,102,194,0.0058747796011654535,0.9751552795031055,0.009104204165681093,0.96,1.000003869629147
segment,tanh,102,195,0.005253915395188499,0.9763975155279503,0.008925813396222717,0.9542857142857143,0.36321521039222415
segment,tanh,102,196,0.005032044293002052,0.9795031055900622,0.008670687125538916,0.9542857142857143,0.31260436272644343
segment,tanh,102,197,0.009697303697708166,0.9552795031055901,0.01185140888184203,0.9428571428571428,0.9999090585432338
segment,tanh,102,198,0.005013348152839053,0.9788819875776398,0.00865399633644354,0.9571428571428572,0.30646579181175837
segment,tanh,102,199,0.0049420002081269334,0.9782608695652174,0.008591603284280878,0.9542857142857143,0.02435993789017801
segment,tanh,102,200,0.005024268536685551,0.9801242236024845,0.008813057277018931,0.9542857142857143,0.1481622425734347
segment,tanh,102,201,0.0056859241841607676,0.9745341614906833,0.009588469586919824,0.9542857142857143,0.9995851644968334
segment,tanh,102,202,0.004913176396496177,0.9788819875776398,0.008690880903624262,0.9542857142857143,0.7780615526559357
segment,tanh,102,203,0.005140964414879878,0.9739130434782609,0.009050255735673298,0.9542857142857143,0.046122831873811325
segment,tanh,102,204,0.004941084305548657,0.9795031055900622,0.008487100495368945,0.96,0.26862612439170314
segment,tanh,102,205,0.004870811939800272,0.9795031055900622,0.008618102456929585,0.9514285714285714,0.2932542435077299
segment,tanh,102,206,0.0050210833559325005,0.9788819875776398,0.008860365628609684,0.9542857142857143,0.9996742115702164
segment,tanh,102,207,0.004880786313761239,0.9782608695652174,0.00875928512025214,0.9542857142857143,0.05195897304697263
segment,tanh,102,208,0.005175232285762917,0.9763975155279503,0.008495250420013539,0.96,1.056069356914997
segment,tanh,102,209,0.004938554283445267,0.977639751552795,0.008604799738316734,0.9571428571428572,0.23678436203678138
segment,tanh,102,210,0.00508393780798761,0.9763975155279503,0.008851670777221108,0.9542857142857143,0.7478146338760492
segment,tanh,102,211,0.004851451804086753,0.9788819875776398,0.008671727588458676,0.9571428571428572,0.0342718930577784
segment,tanh,102,212,0.004886174911867658,0.977639751552795,0.008350303570054025,0.96,0.8762631179306669
segment,tanh,102,213,0.00477323798452059,0.9788819875776398,0.008476635637329926,0.96,0.07504891078161494
segment,tanh,102,214,0.006633248565931964,0.970807453416149,0.008964110434444023,0.9542857142857143,1.0005073609260624
segment,tanh,102,215,0.004803347930172049,0.9757763975155279,0.008603172035802562,0.96,0.7613511456580822
segment,tanh,102,216,0.00557637153421792,0.9745341614906833,0.00942221755965447,0.9571428571428572,0.02235193667145192
segment,tanh,102,217,0.004738800427274947,0.9795031055900622,0.008329490376574157,0.96,1.0000940820893618
segment,tanh,102,218,0.009153620270225362,0.9571428571428572,0.013217474489088108,0.9342857142857143,1.0000300526170478
segment,tanh,102,219,0.00470766893740889,0.9801242236024845,0.008513351990167409,0.9571428571428572,0.6480470285730582
segment,tanh,102,220,0.00469712649246909,0.9807453416149068,0.008532270544967992,0.9571428571428572,0.27798809984554856
segment,tanh,102,221,0.011735418692847907,0.9440993788819876,0.014699449339375498,0.9228571428571428,1.0001219175914344
segment,tanh,102,222,0.0046935702776511054,0.977639751552795,0.008233956980043956,0.96,0.013073722751621822
segment,tanh,102,223,0.004609899962085987,0.9795031055900622,0.008431166751042198,0.9542857142857143,0.6937430717856135
segment,tanh,102,224,0.005377568701166388,0.9757763975155279,0.009229460097792068,0.96,1.0001603345199397
segment,tanh,102,225,0.005173746644755811,0.9763975155279503,0.008578044031570564,0.96,0.9033526958615083
segment,tanh,102,226,0.007177418246403605,0.9695652173913043,0.011002722236889284,0.9514285714285714,1.000320442126904
segment,tanh,102,227,0.007848231369068578,0.9645962732919254,0.00946263408540789,0.9542857142857143,1.0002992430491986
segment,tanh,102,228,0.004961763943341914,0.977639751552795,0.008524159723233437,0.96,0.7463551950626638
segment,tanh,102,229,0.005172260262650701,0.9770186335403727,0.00936104290731656,0.9514285714285714,1.0005451249456332
segment,tanh,102,230,0.004715151544634423,0.9788819875776398,0.008440484936091073,0.9571428571428572,1.0001604463667617
segment,tanh,102,231,0.004637884599762827,0.9788819875776398,0.00832670835289682,0.9628571428571429,0.3400166533439436
segment,tanh,102,232,0.010823467707180892,0.9478260869565217,0.014433800003288016,0.9285714285714286,1.0004847913557313
segment,tanh,102,233,0.00573551650442549,0.9788819875776398,0.008728079539350671,0.9628571428571429,0.9998261098738165
segment,tanh,102,234,0.00429023075169456,0.9832298136645963,0.008096717889544025,0.96,0.23505665975001536
segment,tanh,102,235,0.004485796595672381,0.9801242236024845,0.00802148571574515,0.9657142857142857,0.1594696017923847
segment,tanh,102,236,0.004256447397692211,0.9819875776397515,0.008078357249760332,0.9628571428571429,0.6642533155344287
segment,tanh,102,237,0.0042393619391238885,0.9832298136645963,0.008041374040151726,0.9657142857142857,0.2104692549728272
segment,tanh,102,238,0.006247836168467563,0.9751552795031055,0.010215728758473893,0.9542857142857143,1.000031518023498
segment,tanh,102,239,0.0054217466508482215,0.9770186335403727,0.00876479212335526,0.96,0.46488934213314714
segment,tanh,102,240,0.005010919149364575,0.9782608695652174,0.009093297029860161,0.9628571428571429,0.801610564396945
segment,tanh,102,241,0.004538601648333874,0.9807453416149068,0.008242802814113579,0.9657142857142857,1.0000648836489574
segment,tanh,102,242,0.004381919691449537,0.9807453416149068,0.008550392011600625,0.96,0.14992100838035796
segment,tanh,102,243,0.0046933837466357695,0.9795031055900622,0.008291760224121598,0.9657142857142857,0.9868546318306018
segment,tanh,102,244,0.004130452519774721,0.9826086956521739,0.008149605683431161,0.9628571428571429,0.9055225882906444
segment,tanh,102,245,0.00453408108431581,0.9801242236024845,0.008593944129323086,0.96,0.8542900814931872
segment,tanh,102,246,0.0041156331580464705,0.9832298136645963,0.008060633242191077,0.9657142857142857,0.19041552505141346
segment,tanh,102,247,0.004168281226479812,0.9838509316770186,0.008190199013671304,0.9628571428571429,0.5467368247447526
segment,tanh,102,248,0.004073563498312968,0.9826086956521739,0.008066428403465305,0.9628571428571429,0.9601759408033412
segment,tanh,102,249,0.004241213871853834,0.9832298136645963,0.007947910591767708,0.9657142857142857,0.7664907825556975
segment,tanh,102,250,0.0040786384982146205,0.9826086956521739,0.007998488097835082,0.9628571428571429,0.813281291296423
segment,tanh,102,251,0.004113129392686057,0.9838509316770186,0.008065089595424913,0.9657142857142857,0.5472336587945893
segment,tanh,102,252,0.0041544568169216665,0.9819875776397515,0.00794007663561397,0.9657142857142857,0.25995110770890556
segment,tanh,102,253,0.004422539291896121,0.9801242236024845,0.008522510092935502,0.96,0.01365496393357514
segment,tanh,102,254,0.004351931209542028,0.9819875776397515,0.008297997287248372,0.9657142857142857,1.0000423956935292
segment,tanh,102,255,0.004036012573114365,0.9838509316770186,0.007963203874689613,0.9657142857142857,0.8377207573083815
segment,tanh,102,256,0.00769299657741528,0.9639751552795031,0.010141140264724397,0.9571428571428572,1.0000386044882232
segment,tanh,102,257,0.004358367213866078,0.9795031055900622,0.008616331528212822,0.96,0.1706913606073367
segment,tanh,102,258,0.0040642930030295,0.9838509316770186,0.007867553129088064,0.9657142857142857,1.0000311717781978
segment,tanh,102,259,0.0046455197407390455,0.9807453416149068,0.008198868899164605,0.9685714285714285,0.9855915869115237
segment,tanh,102,260,0.003931571478107986,0.984472049689441,0.007795977371277699,0.9685714285714285,0.13132568267101408
segment,tanh,102,261,0.003890493315545521,0.9826086956521739,0.007968671207083701,0.9628571428571429,0.522836654178762
segment,tanh,102,262,0.0038850941758997045,0.9838509316770186,0.007947852720567337,0.9628571428571429,0.23680444483858842
segment,tanh,102,263,0.004002986168120236,0.9832298136645963,0.00809011516935072,0.9628571428571429,0.17917045651688074
segment,tanh,102,264,0.003903710721453551,0.9832298136645963,0.00783395487541174,0.9657142857142857,0.23104320712602966
segment,tanh,102,265,0.0038220820646257146,0.9838509316770186,0.007948605529150613,0.9657142857142857,0.4111615188999022
segment,tanh,102,266,0.0038098712660574164,0.9838509316770186,0.007989468631589135,0.9628571428571429,0.3689859119622063
segment,tanh,102,267,0.003945117137051933,0.9819875776397515,0.00795930183196606,0.9628571428571429,0.9228807312763065
segment,tanh,102,268,0.009227945585208503,0.9546583850931677,0.012163084413149325,0.9514285714285714,1.0000608309592731
segment,tanh,102,269,0.0039321951670668095,0.9826086956521739,0.008125720349338436,0.9657142857142857,0.9897012444888827
segment,tanh,102,270,0.0038671083941726153,0.9832298136645963,0.008117015529902434,0.9628571428571429,0.3815792032032362
segment,tanh,102,271,0.0038360841208773646,0.9826086956521739,0.007917839870996405,0.9657142857142857,0.994424529916842
segment,tanh,102,272,0.0037660773490148813,0.9838509316770186,0.007848788930992268,0.9657142857142857,0.7883419571460966
segment,tanh,102,273,0.003745140997590591,0.9832298136645963,0.007840304976082495,0.9685714285714285,0.593321989466016
segment,tanh,102,274,0.004453102254422708,0.9782608695652174,0.008762183238171236,0.9628571428571429,0.5202644127267275
segment,tanh,102,275,0.0037272168544537462,0.984472049689441,0.00792793300073852,0.9657142857142857,0.23732943346859375
segment,tanh,102,276,0.0106339011360162,0.9509316770186336,0.014904045512128579,0.94,1.0003695761243565
segment,tanh,102,277,0.005724637458222968,0.9782608695652174,0.008578898055325185,0.9628571428571429,1.000131471313982
segment,tanh,102,278,0.0038850852725558055,0.9826086956521739,0.007996278418821903,0.9657142857142857,0.1930716965835636
segment,tanh,102,279,0.006679441882932357,0.9664596273291925,0.009429145198557873,0.96,1.0000645120740448
segment,tanh,102,280,0.0038598743893029533,0.9832298136645963,0.008179764056695822,0.9628571428571429,0.4230514333959833
segment,tanh,102,281,0.009447913801504792,0.9583850931677018,0.011651612055862412,0.9457142857142857,1.0001904442678888
segment,tanh,102,282,0.0038848550348614965,0.9826086956521739,0.00844885652565748,0.96,0.22317204958923403
segment,tanh,102,283,0.005168488786754652,0.9795031055900622,0.009016938231667236,0.9628571428571429,0.9999194661635215
segment,tanh,102,284,0.003721421244408489,0.9832298136645963,0.007952711307020853,0.9657142857142857,0.14423692967039983
segment,tanh,102,285,0.00379825242262691,0.9826086956521739,0.008233833682774982,0.9657142857142857,0.9522555301728931
segment,tanh,102,286,0.00377555787193122,0.9838509316770186,0.008087428389728665,0.9628571428571429,0.0903209096424055
segment,tanh,102,287,0.0039371145629043735,0.9819875776397515,0.008392221400826762,0.9628571428571429,0.997090908902187
segment,tanh,102,288,0.003934333555585496,0.984472049689441,0.00818220021820442,0.9628571428571429,0.9910593209875659
segment,tanh,102,289,0.0037018963523043342,0.984472049689441,0.008257987375049763,0.9628571428571429,0.27137980568630515
segment,tanh,102,290,0.004596464007335266,0.9782608695652174,0.009149901163930206,0.9657142857142857,1.0000396743214803
segment,tanh,102,291,0.003578257253125831,0.984472049689441,0.007964608853157905,0.9685714285714285,0.6810329336661004
segment,tanh,102,292,0.003635834758391611,0.9850931677018634,0.008007205387197167,0.9628571428571429,0.7392469171416778
segment,tanh,102,293,0.003879453523785156,0.9826086956521739,0.007965155879959008,0.9657142857142857,0.11725969480967781
segment,tanh,102,294,0.0036001989962801476,0.9832298136645963,0.008068166140152497,0.9657142857142857,0.1929358732872622
segment,tanh,102,295,0.003963924018901517,0.9807453416149068,0.008574252880159094,0.9628571428571429,0.24847334057183915
segment,tanh,102,296,0.0037422174688201294,0.984472049689441,0.007828232820535222,0.9657142857142857,0.011926267192671116
segment,tanh,102,297,0.0035578993789537076,0.9838509316770186,0.008000287658648311,0.9628571428571429,0.5501913828284979
segment,tanh,102,298,0.0047956636352957,0.9801242236024845,0.009050779919850706,0.96,1.0000448999081422
segment,tanh,102,299,0.004849666650436718,0.9813664596273292,0.008287027514681043,0.9657142857142857,1.0004438418108115
segment,tanh,102,300,0.0037105715254896606,0.984472049689441,0.007929221614025315,0.9657142857142857,0.7327102749887584
segment,tanh,102,301,0.0035557327978640255,0.9838509316770186,0.00805200991213724,0.9657142857142857,1.000045557844405
segment,tanh,102,302,0.0060849778631609595,0.9720496894409938,0.009173787578287162,0.9628571428571429,0.9914364796383567
segment,tanh,102,303,0.004805087634874848,0.9819875776397515,0.008082723560661191,0.9628571428571429,1.0000515883677925
segment,tanh,102,304,0.003728901604354712,0.9838509316770186,0.008024775050530047,0.9657142857142857,1.0005942977557893
segment,tanh,102,305,0.00356222337393254,0.986335403726708,0.00789461959560655,0.9657142857142857,0.17576660554708384
segment,tanh,102,306,0.004139362743975521,0.9819875776397515,0.009034421482001793,0.9571428571428572,0.9999600287271894
segment,tanh,102,307,0.003644476109317686,0.984472049689441,0.00816854364923254,0.9628571428571429,0.029968759965973844
segment,tanh,102,308,0.004964604348447684,0.9770186335403727,0.009433666155079195,0.9571428571428572,0.9996958251305783
segment,tanh,102,309,0.003714895062172693,0.9832298136645963,0.00842638076482614,0.96,0.060133821496093115
segment,tanh,102,310,0.003997893127787763,0.9826086956521739,0.008575126229665853,0.9657142857142857,0.127614592690684
segment,tanh,102,311,0.004395020331839953,0.9782608695652174,0.009420721938151055,0.9542857142857143,1.0003044993442622
segment,tanh,102,312,0.003480537323170927,0.9850931677018634,0.008107929656707341,0.9685714285714285,0.6121130122843269
segment,tanh,102,313,0.003447832588760366,0.9869565217391304,0.007930148935072455,0.9628571428571429,0.10421661791268401
segment,tanh,102,314,0.005348138568280079,0.977639751552795,0.009137763890910502,0.9628571428571429,0.9984113942580211
segment,tanh,102,315,0.003773883991277685,0.9826086956521739,0.008532192716736147,0.9628571428571429,0.672304992223736
segment,tanh,102,316,0.00346839720904226,0.9857142857142858,0.008113735260695622,0.9714285714285714,0.3218674161014947
segment,tanh,102,317,0.004859327969288363,0.9832298136645963,0.008020704769031507,0.9628571428571429,1.000356595900447
segment,tanh,102,318,0.003615267458886956,0.9832298136645963,0.007865034233077271,0.9657142857142857,0.3601563303608417
segment,tanh,102,319,0.0034710320353320196,0.9869565217391304,0.007699060679080697,0.9628571428571429,1.0001962933670587
segment,tanh,102,320,0.005866756983112383,0.9732919254658385,0.010646270776337554,0.9542857142857143,1.000127615262965
segment,tanh,102,321,0.00522051462569713,0.9782608695652174,0.008345707250944303,0.9657142857142857,1.0000542406141728
segment,tanh,102,322,0.004278204710997297,0.9838509316770186,0.00815743545483471,0.96,1.0002878141524043
segment,tanh,102,323,0.003827408990925065,0.9832298136645963,0.008465319947766142,0.9628571428571429,0.9783275615056031
segment,tanh,102,324,0.004254331218697428,0.9807453416149068,0.008679162444973812,0.9628571428571429,1.000107126204425
segment,tanh,102,325,0.00335617740882228,0.986335403726708,0.007939521987531041,0.9657142857142857,0.07280706499214085
segment,tanh,102,326,0.0034750777420571462,0.9850931677018634,0.008181575110097376,0.9657142857142857,0.2131485927571657
segment,tanh,102,327,0.0033678078400149114,0.9850931677018634,0.007795670701027521,0.9685714285714285,0.08914062489945788
segment,tanh,102,328,0.003658119553149687,0.984472049689441,0.007928253807406612,0.9657142857142857,1.000231887504135
segment,tanh,102,329,0.004793358427194795,0.9782608695652174,0.009681884056471425,0.9571428571428572,0.976662031707593
segment,tanh,102,330,0.004704999867028778,0.9801242236024845,0.009193846783716894,0.9628571428571429,0.9816025814937455
segment,tanh,102,331,0.004933773177518985,0.9801242236024845,0.008730681986535696,0.9714285714285714,1.000022866185245
segment,tanh,102,332,0.0038326861752213267,0.9838509316770186,0.008515274882218458,0.9685714285714285,0.045065254761653725
segment,tanh,102,333,0.003775062649025541,0.9857142857142858,0.008292106284152695,0.9657142857142857,1.0002629384629589
segment,tanh,102,334,0.0034993580706047024,0.9850931677018634,0.007706097427598816,0.9657142857142857,0.017552378620488765
segment,tanh,102,335,0.0034689277812557685,0.9857142857142858,0.00818000976044653,0.9657142857142857,0.516036001288078
segment,tanh,102,336,0.0033582984031838123,0.9857142857142858,0.007830544941819879,0.9657142857142857,0.2434963649672253
segment,tanh,102,337,0.003432186932780733,0.9857142857142858,0.007851884455048612,0.9657142857142857,0.2826787355462911
segment,tanh,102,338,0.0037909644672894384,0.9819875776397515,0.00861548476221685,0.9628571428571429,0.3061902819293122
segment,tanh,102,339,0.0034720440534171323,0.9850931677018634,0.008272555931647056,0.96,0.4495203457348821
segment,tanh,102,340,0.0033754406793300704,0.9850931677018634,0.008129240385139359,0.9628571428571429,0.48847612602512963
segment,tanh,102,341,0.003763990709591645,0.984472049689441,0.008484686156511446,0.9657142857142857,0.3707536047387162
segment,tanh,102,342,0.003753618083993103,0.984472049689441,0.007998888482273526,0.9685714285714285,0.602536184443905
segment,tanh,102,343,0.004990779850241057,0.9819875776397515,0.008651278147327373,0.9628571428571429,1.0001069935529827
segment,tanh,102,344,0.0064024957712103675,0.9683229813664597,0.011258464414728563,0.9457142857142857,0.9494869581002484
segment,tanh,102,345,0.00624172006070756,0.9695652173913043,0.011260763381730605,0.9457142857142857,1.0001371281567932
segment,tanh,102,346,0.003776855806898343,0.984472049689441,0.008445296476084435,0.9628571428571429,1.000113060187609
segment,tanh,102,347,0.003522617225540885,0.9869565217391304,0.007801430739681328,0.9657142857142857,0.3487981772035123
segment,tanh,102,348,0.010670056174452925,0.953416149068323,0.014727576520891215,0.94,1.0000730139353056
segment,tanh,102,349,0.0033230050307880344,0.9875776397515528,0.00810690161469887,0.9657142857142857,0.9429472732723112
segment,tanh,102,350,0.003213193711009658,0.9869565217391304,0.007794673373686363,0.9685714285714285,0.0067890092598874106
segment,tanh,103,1,0.11638236733046108,0.28633540372670807,0.11553336664133972,0.2857142857142857,1.013275517432215
segment,tanh,103,2,0.09681894223295869,0.5397515527950311,0.09667750024641206,0.5428571428571428,1.0013896178068349
segment,tanh,103,3,0.08502554385089804,0.5329192546583851,0.08500089770062934,0.5485714285714286,1.002285194833558
segment,tanh,103,4,0.08025527718101064,0.5515527950310559,0.07899620068137045,0.5657142857142857,1.015081173483183
segment,tanh,103,5,0.053919797362211364,0.7770186335403727,0.0535766443212321,0.7742857142857142,1.0020877403550714
segment,tanh,103,6,0.04314556583874312,0.7937888198757764,0.04354303581953398,0.7885714285714286,1.0018927857239717
segment,tanh,103,7,0.038268838443678004,0.8093167701863354,0.03905422123624476,0.7971428571428572,1.0012277182857263
segment,tanh,103,8,0.040432581294550206,0.8186335403726708,0.04183075261461464,0.8057142857142857,1.0039306811034023
segment,tanh,103,9,0.04715548568152843,0.7900621118012422,0.050229790295935176,0.7628571428571429,1.0006732858907268
segment,tanh,103,10,0.03307879025449662,0.8180124223602484,0.03422547482126915,0.8085714285714286,0.9803997323648418
segment,tanh,103,11,0.04519334715750719,0.8074534161490683,0.04821344865860616,0.7857142857142857,1.002589636068033
segment,tanh,103,12,0.032611399179410666,0.8229813664596274,0.03372599441233391,0.8142857142857143,1.000017608372823
segment,tanh,103,13,0.030996968115039696,0.8260869565217391,0.032432952724882544,0.8171428571428572,0.9990590934537522
segment,tanh,103,14,0.026241557407818524,0.8745341614906832,0.027933523666655944,0.8657142857142858,1.0127369118270233
segment,tanh,103,15,0.01989526400719492,0.9217391304347826,0.020760918009362094,0.9142857142857143,1.0050516245201184
segment,tanh,103,16,0.018410799301214996,0.9267080745341615,0.019141599675929873,0.9114285714285715,1.0009814284876426
segment,tanh,103,17,0.019471708130225408,0.9142857142857143,0.02146737598729049,0.9085714285714286,1.000405142296182
segment,tanh,103,18,0.017693835551375454,0.9260869565217391,0.01929919032740768,0.9057142857142857,1.0069429062513595
segment,tanh,103,19,0.01845114980214629,0.915527950310559,0.019600258904291325,0.9085714285714286,1.0020393734741613
segment,tanh,103,20,0.017252005745796696,0.931055900621118,0.01869485302831965,0.9114285714285715,1.0006401950794968
segment,tanh,103,21,0.016179059815281636,0.9335403726708075,0.01781689298924133,0.9285714285714286,1.0021785032608177
segment,tanh,103,22,0.019094827987939194,0.9142857142857143,0.020329706657372475,0.9142857142857143,1.0004383043785035
segment,tanh,103,23,0.016729873131676763,0.9279503105590062,0.018331445594217448,0.9142857142857143,0.9831678471354236
segment,tanh,103,24,0.01618346651884383,0.9322981366459627,0.018004593692758638,0.92,1.00013465837713
segment,tanh,103,25,0.015122086319646174,0.9322981366459627,0.017020032336099042,0.9228571428571428,0.9177382725290812
segment,tanh,103,26,0.016135070185695197,0.9285714285714286,0.017809083716335456,0.9142857142857143,1.001914142193047
segment,tanh,103,27,0.017770952935230608,0.9173913043478261,0.02030469997077351,0.9057142857142857,1.000007470493133
segment,tanh,103,28,0.01602505800433516,0.9248447204968944,0.017719486317899043,0.9085714285714286,1.0009811232404002
segment,tanh,103,29,0.020327245594637534,0.908695652173913,0.020805739871196084,0.9114285714285715,1.0000142736448703
segment,tanh,103,30,0.01531472624627537,0.9428571428571428,0.017743640461749963,0.9314285714285714,1.0000399720372442
segment,tanh,103,31,0.013912652647072019,0.94472049689441,0.01658740423315807,0.9314285714285714,0.909510163918665
segment,tanh,103,32,0.014671399064825516,0.9329192546583851,0.0170556319561101,0.92,1.0004994824813698
segment,tanh,103,33,0.013582757750042898,0.9459627329192547,0.01599745191310543,0.9342857142857143,1.000008368138508
segment,tanh,103,34,0.01452455118142844,0.9434782608695652,0.01694096602333946,0.9342857142857143,1.0000014044455117
segment,tanh,103,35,0.014463299552882182,0.9354037267080745,0.016359965107613377,0.9285714285714286,1.0001951890265361
segment,tanh,103,36,0.015730165422247987,0.9273291925465839,0.018730660868982625,0.9171428571428571,1.0000285142055079
segment,tanh,103,37,0.012947247009808012,0.9416149068322981,0.015202798091762077,0.9371428571428572,1.0000161478807224
segment,tanh,103,38,0.014105491888582681,0.9354037267080745,0.015945272758242337,0.9285714285714286,1.0002646801964103
segment,tanh,103,39,0.022677856158149733,0.9124223602484473,0.02609865088986969,0.9028571428571428,1.000004629713251
segment,tanh,103,40,0.015064847348237063,0.9416149068322981,0.018056774965317577,0.9285714285714286,0.9997452277522348
segment,tanh,103,41,0.012365217765488943,0.9440993788819876,0.014784479438220841,0.9371428571428572,0.5140641289635921
segment,tanh,103,42,0.013362482164949457,0.9385093167701863,0.015240827425854538,0.9257142857142857,1.0000183202068909
segment,tanh,103,43,0.012056124329278443,0.9496894409937888,0.014650987762766738,0.94,0.9130545897292898
segment,tanh,103,44,0.015018495385009782,0.9267080745341615,0.017786713272560373,0.92,1.0000149752103995
segment,tanh,103,45,0.013390366684024869,0.9416149068322981,0.01643423252257729,0.9228571428571428,0.7707903239778142
segment,tanh,103,46,0.011919599325393285,0.9453416149068323,0.014622002910637625,0.9342857142857143,1.0003313830803173
segment,tanh,103,47,0.01738963961034184,0.9167701863354037,0.020697417782561442,0.9057142857142857,1.000365723880626
segment,tanh,103,48,0.012742493566147914,0.9403726708074535,0.014771841262599266,0.9428571428571428,1.00070830954804
segment,tanh,103,49,0.011508986950521442,0.9478260869565217,0.014219328715115737,0.9371428571428572,1.0053039889941222
segment,tanh,103,50,0.01298729268379566,0.9347826086956522,0.015352168114953605,0.9257142857142857,1.0000004646140437
segment,tanh,103,51,0.011657148390941029,0.9478260869565217,0.014749035738090468,0.9371428571428572,0.5114462146092953
segment,tanh,103,52,0.0116111153827227,0.9540372670807453,0.014097522090008965,0.9428571428571428,1.0000023123994692
segment,tanh,103,53,0.011833253481275502,0.9416149068322981,0.013984008522548979,0.9428571428571428,0.7634927773888298
segment,tanh,103,54,0.011110858015626491,0.9521739130434783,0.01415092797489479,0.94,1.0002251413848555
segment,tanh,103,55,0.012126746600988975,0.9459627329192547,0.015245040120464893,0.9314285714285714,1.0012167389243947
segment,tanh,103,56,0.011199594960475047,0.9503105590062112,0.014066879663874366,0.9428571428571428,1.0001487822358217
segment,tanh,103,57,0.014066263443175893,0.9304347826086956,0.01624832194434908,0.92,1.0003681663713742
segment,tanh,103,58,0.010736933204703742,0.953416149068323,0.013395959528852827,0.9457142857142857,1.0005640550148587
segment,tanh,103,59,0.011183315687587885,0.9459627329192547,0.013866586619472009,0.9285714285714286,1.0000088253658352
segment,tanh,103,60,0.010969167449790155,0.9565217391304348,0.013806246370627951,0.94,1.0018585236940252
segment,tanh,103,61,0.011494983800024556,0.953416149068323,0.013976985555038965,0.9485714285714286,1.004239275238184
segment,tanh,103,62,0.010520945735434592,0.9540372670807453,0.014212082945298682,0.94,1.0047014359230457
segment,tanh,103,63,0.013359447715142744,0.9366459627329192,0.016819579483814094,0.9228571428571428,1.0086554356480562
segment,tanh,103,64,0.011394991408957559,0.9434782608695652,0.013308029927684291,0.9457142857142857,1.000061669706691
segment,tanh,103,65,0.010401111148538365,0.9540372670807453,0.013579651230663438,0.94,0.9912978477478279
segment,tanh,103,66,0.010076600381294373,0.9552795031055901,0.012927746874772026,0.9485714285714286,0.9785938224793798
segment,tanh,103,67,0.010389378635945391,0.9515527950310559,0.01301684818052487,0.9485714285714286,0.9800666399960389
segment,tanh,103,68,0.010193219348709544,0.9546583850931677,0.013355763740056873,0.9428571428571428,0.9998975117275161
segment,tanh,103,69,0.009982648973477221,0.953416149068323,0.013071316032661848,0.9428571428571428,0.7733573627091682
segment,tanh,103,70,0.009834567469774238,0.9552795031055901,0.01296650637095383,0.9428571428571428,0.872892686361815
segment,tanh,103,71,0.01235236267543117,0.9465838509316771,0.016126428515102074,0.9171428571428571,1.0002234545579363
segment,tanh,103,72,0.010196378147365522,0.9540372670807453,0.01384161496649685,0.9314285714285714,1.0007922369332507
segment,tanh,103,73,0.010602601461962482,0.9515527950310559,0.014689888430256176,0.9342857142857143,1.0005961566430077
segment,tanh,103,74,0.0104588006111746,0.9559006211180124,0.013591602296378485,0.94,1.00942656311185
segment,tanh,103,75,0.009813312795347308,0.953416149068323,0.012776923004794105,0.9428571428571428,1.0002206031233867
segment,tanh,103,76,0.017462379872293505,0.9229813664596274,0.018288546091601212,0.9314285714285714,1.0003675276861042
segment,tanh,103,77,0.010005058060489146,0.9590062111801242,0.01322137243453792,0.94,1.0025067450681067
segment,tanh,103,78,0.009148825760412881,0.9590062111801242,0.012739849107013696,0.9514285714285714,0.7755330309050038
segment,tanh,103,79,0.01244413780655784,0.9515527950310559,0.01572080371822399,0.9285714285714286,1.0018705888251493
segment,tanh,103,80,0.01198422745281805,0.9484472049689441,0.014432647425989277,0.9457142857142857,1.0004574935689015
segment,tanh,103,81,0.013010148948602628,0.9391304347826087,0.015137277104978135,0.9457142857142857,1.0003353882971815
segment,tanh,103,82,0.009176329518824643,0.9596273291925466,0.012631432062153603,0.9485714285714286,1.0161036853380798
segment,tanh,103,83,0.014039471542346364,0.9354037267080745,0.016130046750109428,0.9342857142857143,1.000193582025503
segment,tanh,103,84,0.008955295178466069,0.9577639751552796,0.012379436213287737,0.9514285714285714,0.9747640669812707
segment,tanh,103,85,0.009083567458904642,0.9577639751552796,0.012222318939979384,0.9514285714285714,0.6838502478975714
segment,tanh,103,86,0.009370158398358901,0.9577639751552796,0.013039041167781892,0.94,0.9926614359377227
segment,tanh,103,87,0.009787651476905041,0.9527950310559006,0.013507853367656439,0.94,1.0000633139084367
segment,tanh,103,88,0.009619591707562991,0.9565217391304348,0.013279870799622177,0.9428571428571428,1.0000775760523213
segment,tanh,103,89,0.008652275989208709,0.9608695652173913,0.012131922450225064,0.9514285714285714,0.21254472262332194
segment,tanh,103,90,0.008656696697846467,0.9590062111801242,0.012090331775641457,0.9485714285714286,1.000002881549479
segment,tanh,103,91,0.008752117353362593,0.9583850931677018,0.012440191203614026,0.9457142857142857,0.857229334069158
segment,tanh,103,92,0.009288955883647834,0.9559006211180124,0.012570211113122138,0.9457142857142857,0.22457731324400373
segment,tanh,103,93,0.00884641367676126,0.9596273291925466,0.01209070079394367,0.9485714285714286,1.0000212132063147
segment,tanh,103,94,0.00893634528935052,0.9614906832298137,0.012565218541902264,0.9457142857142857,0.9416590878064256
segment,tanh,103,95,0.013039866584593747,0.9316770186335404,0.016837493504768628,0.92,1.0000384356195984
segment,tanh,103,96,0.008900644545678361,0.9583850931677018,0.012525177517885167,0.9485714285714286,1.0003246658188467
segment,tanh,103,97,0.009016919923844064,0.9552795031055901,0.012594742246939345,0.9457142857142857,0.982234024707083
segment,tanh,103,98,0.008452465516691465,0.9596273291925466,0.012189211425095344,0.9457142857142857,0.4227044091268404
segment,tanh,103,99,0.009188556106192415,0.9552795031055901,0.013280897871573941,0.94,0.9491446124711561
segment,tanh,103,100,0.009528661767763902,0.9540372670807453,0.012934881511608803,0.9428571428571428,1.0000052768820729
segment,tanh,103,101,0.008330315590858162,0.9596273291925466,0.01228460307783965,0.9485714285714286,0.964298527248536
segment,tanh,103,102,0.008373913182876006,0.9583850931677018,0.012193684379484333,0.9457142857142857,0.20813852582717476
segment,tanh,103,103,0.00990281800505244,0.9509316770186336,0.01389337018808218,0.9342857142857143,1.0100718128357729
segment,tanh,103,104,0.011193930148244987,0.9391304347826087,0.015120941822467615,0.9342857142857143,1.0000231264952395
segment,tanh,103,105,0.00876863417162554,0.9602484472049689,0.012452131198470148,0.9428571428571428,1.0000762577685613
segment,tanh,103,106,0.01944507764668269,0.908695652173913,0.02302763733313173,0.9057142857142857,1.0000620167963525
segment,tanh,103,107,0.008415756906005092,0.9583850931677018,0.011934809899637968,0.9485714285714286,0.9994716737497134
segment,tanh,103,108,0.008224495111261446,0.9590062111801242,0.012419345042129678,0.9485714285714286,0.9860625098148484
segment,tanh,103,109,0.009518636442982582,0.9565217391304348,0.013774582360629355,0.9371428571428572,1.0000072926851133
segment,tanh,103,110,0.009933552332053869,0.9540372670807453,0.013208457103350538,0.9457142857142857,1.0028992985863736
segment,tanh,103,111,0.008498618249354157,0.9577639751552796,0.012252353393549931,0.94,1.0000745279323242
segment,tanh,103,112,0.009403309104425932,0.953416149068323,0.013442547149121341,0.94,0.9732547563916921
segment,tanh,103,113,0.008131412769912728,0.9583850931677018,0.012165828529744582,0.9457142857142857,0.0979225293793243
segment,tanh,103,114,0.012368076108871136,0.9347826086956522,0.01612784836572636,0.9257142857142857,0.9965369161434663
segment,tanh,103,115,0.008042981611202423,0.9596273291925466,0.011987797360476575,0.9485714285714286,1.0000134186057508
segment,tanh,103,116,0.00796379110469904,0.962111801242236,0.01188840602012237,0.9485714285714286,1.0000019918413017
segment,tanh,103,117,0.00810100215609077,0.9602484472049689,0.012180987327427006,0.9485714285714286,0.9939607248934129
segment,tanh,103,118,0.007862938818499417,0.9602484472049689,0.012089749937699812,0.9457142857142857,0.32233530932036114
segment,tanh,103,119,0.0079247856973813,0.9590062111801242,0.012192402513404348,0.9428571428571428,0.15734684616366915
segment,tanh,103,120,0.00789457322188138,0.9627329192546584,0.011974374552757412,0.9457142857142857,0.48908413053678007
segment,tanh,103,121,0.008079796575267062,0.9602484472049689,0.01217834787482708,0.9428571428571428,0.4828109402184053
segment,tanh,103,122,0.007716220500543775,0.962111801242236,0.011882885034387497,0.9485714285714286,0.2303750356303985
segment,tanh,103,123,0.014938067182080154,0.9329192546583851,0.017034109084567317,0.9314285714285714,1.0017977750245957
segment,tanh,103,124,0.009915534516833736,0.9565217391304348,0.012733937233201294,0.9428571428571428,1.0020718414708114
segment,tanh,103,125,0.011000309365783674,0.9391304347826087,0.01505619496523704,0.9342857142857143,1.0000110440386754
segment,tanh,103,126,0.010831085719429886,0.9559006211180124,0.014536784517879354,0.94,1.0000851891636349
segment,tanh,103,127,0.01133079209081303,0.9478260869565217,0.014566879386491365,0.9342857142857143,1.0048177592630185
segment,tanh,103,128,0.007720604992042674,0.9602484472049689,0.01198471646650331,0.9457142857142857,1.0022404462292445
segment,tanh,103,129,0.007861485423547967,0.9608695652173913,0.012157477059685408,0.9428571428571428,0.6377580138562173
segment,tanh,103,130,0.007727104922088875,0.9608695652173913,0.012050625367276318,0.9457142857142857,1.000254744946214
segment,tanh,103,131,0.007581240999758583,0.9627329192546584,0.012033886296967217,0.9514285714285714,0.9921528992897992
segment,tanh,103,132,0.0076034374531471285,0.9627329192546584,0.011812218482856258,0.9485714285714286,0.899740903950054
segment,tanh,103,133,0.01794157077912802,0.9136645962732919,0.02183916534086852,0.9057142857142857,1.0000039659701268
segment,tanh,103,134,0.009402836458709443,0.9577639751552796,0.013191190331381532,0.9457142857142857,1.0002179058671357
segment,tanh,103,135,0.010133147790777775,0.9478260869565217,0.013452195727911861,0.9457142857142857,0.9994047659622907
segment,tanh,103,136,0.007614643932748545,0.9602484472049689,0.011779514339504037,0.9485714285714286,1.0000311439386522
segment,tanh,103,137,0.008641904064667279,0.9602484472049689,0.01235369173662907,0.9485714285714286,0.9999890801401476
segment,tanh,103,138,0.011731462596417377,0.9366459627329192,0.01598704717790795,0.9285714285714286,1.0000089284010132
segment,tanh,103,139,0.009453752161634143,0.9540372670807453,0.012837198542038467,0.9457142857142857,1.0001025060283775
segment,tanh,103,140,0.007453920666096814,0.9627329192546584,0.011803834481793545,0.9485714285714286,0.2442765052202674
segment,tanh,103,141,0.007379258179914281,0.9614906832298137,0.01193249571556499,0.9485714285714286,0.5006037426899248
segment,tanh,103,142,0.007720990234871479,0.9614906832298137,0.012098297629528222,0.9428571428571428,0.9634175796586377
segment,tanh,103,143,0.007388354798691869,0.962111801242236,0.011951005152930138,0.9428571428571428,0.9281804115814615
segment,tanh,103,144,0.007406476520308763,0.9627329192546584,0.011790822384939049,0.9457142857142857,0.1888129935352396
segment,tanh,103,145,0.007240634585384293,0.9627329192546584,0.011845414708474965,0.9457142857142857,0.12411082526296635
segment,tanh,103,146,0.008989652895384425,0.9590062111801242,0.013245486591054893,0.9428571428571428,1.0000142453338077
segment,tanh,103,147,0.011046291184683232,0.9490683229813665,0.013509492459862391,0.9457142857142857,1.002785949755532
segment,tanh,103,148,0.008427454085785024,0.9577639751552796,0.012422904638401885,0.9428571428571428,0.9887468108584017
segment,tanh,103,149,0.007372883558792756,0.9627329192546584,0.012007372730913663,0.9457142857142857,0.9889926250945766
segment,tanh,103,150,0.00949865985658603,0.9509316770186336,0.013600668969124494,0.94,0.9910246886227255
segment,tanh,103,151,0.009348657428064807,0.9515527950310559,0.01318347206716812,0.9457142857142857,1.0004056229363418
segment,tanh,103,152,0.014186676788659716,0.929192546583851,0.017784870435086777,0.92,1.0002294971635688
segment,tanh,103,153,0.007233818330195602,0.9627329192546584,0.011774657278956387,0.9485714285714286,0.05431234079176516
segment,tanh,103,154,0.007089302052297431,0.9658385093167702,0.01151945979542798,0.9457142857142857,1.0004188563851786
segment,tanh,103,155,0.014316949417742775,0.929192546583851,0.017640305710381853,0.9257142857142857,1.0000077490486685
segment,tanh,103,156,0.007407730628699929,0.9627329192546584,0.011856696563632139,0.9457142857142857,0.9978069811483808
segment,tanh,103,157,0.00803977227624689,0.9596273291925466,0.012478844581706837,0.9457142857142857,0.015959729307174233
segment,tanh,103,158,0.007204641070785827,0.9633540372670808,0.011692748937974624,0.9485714285714286,0.8963840226404979
segment,tanh,103,159,0.007571302778601599,0.9602484472049689,0.01186618395631322,0.9428571428571428,0.4217201125712753
segment,tanh,103,160,0.007514879761883264,0.962111801242236,0.012108115378554683,0.9457142857142857,0.1631144879815608
segment,tanh,103,161,0.007263664338852585,0.9633540372670808,0.011580060203971553,0.9457142857142857,0.23052913105789422
segment,tanh,103,162,0.0073797730850351006,0.962111801242236,0.011683361423013525,0.9457142857142857,0.043591245052511156
segment,tanh,103,163,0.007375757371958177,0.9658385093167702,0.011726014877906133,0.9457142857142857,1.0000026687657333
segment,tanh,103,164,0.0071040780304705295,0.9658385093167702,0.011724662840198049,0.9457142857142857,0.9117205087588766
segment,tanh,103,165,0.007040307756851714,0.9652173913043478,0.011514955429522505,0.9457142857142857,0.7443608726143883
segment,tanh,103,166,0.006994600865616181,0.9658385093167702,0.011377479026832315,0.9457142857142857,0.7060057467520713
segment,tanh,103,167,0.006941948138212106,0.9652173913043478,0.011614527756364585,0.9428571428571428,0.8758830730030728
segment,tanh,103,168,0.006820839409639362,0.9683229813664597,0.011271315955451201,0.9485714285714286,0.156105965624618
segment,tanh,103,169,0.007550169232711035,0.9664596273291925,0.012389576547784064,0.9371428571428572,1.0000337140629405
segment,tanh,103,170,0.006812184027957822,0.9670807453416149,0.011554345648751047,0.9428571428571428,0.5292348086409808
segment,tanh,103,171,0.006986115529458194,0.9658385093167702,0.011485880898792794,0.94,0.5283518224888578
segment,tanh,103,172,0.007386564281190374,0.9627329192546584,0.012209151557930313,0.94,0.973222672496545
segment,tanh,103,173,0.009046334452186298,0.9546583850931677,0.01348044035949817,0.9371428571428572,1.000181554963425
segment,tanh,103,174,0.006582730339066916,0.968944099378882,0.011220652623733696,0.9457142857142857,1.0000259602073025
segment,tanh,103,175,0.006698532290429278,0.9677018633540373,0.011566601923448834,0.9428571428571428,0.31677167233496784
segment,tanh,103,176,0.007144125360439622,0.9670807453416149,0.011881081970474541,0.9457142857142857,1.000959924558779
segment,tanh,103,177,0.00663088541085185,0.9683229813664597,0.011434997524166286,0.9457142857142857,0.05884538614817855
segment,tanh,103,178,0.006495058954133352,0.9695652173913043,0.011278924295865246,0.9457142857142857,0.10608402341517884
segment,tanh,103,179,0.00873643212512111,0.9577639751552796,0.013525925736820757,0.9371428571428572,0.9974857797616713
segment,tanh,103,180,0.006474465009987842,0.970807453416149,0.01139589084596835,0.9485714285714286,0.24042790849692672
segment,tanh,103,181,0.006282693730092234,0.9714285714285714,0.01119749375369245,0.9542857142857143,1.0001071706336742
segment,tanh,103,182,0.006436065701546493,0.9726708074534162,0.011213257212956884,0.9514285714285714,0.7242017228286758
segment,tanh,103,183,0.007266123615582969,0.9652173913043478,0.011726599229236856,0.9428571428571428,0.22689924482472473
segment,tanh,103,184,0.006263823285471844,0.9739130434782609,0.010883650856368037,0.9485714285714286,0.8725798442786503
segment,tanh,103,185,0.007135321526673556,0.9677018633540373,0.012351566698910603,0.94,1.0010595947292356
segment,tanh,103,186,0.006160965653773141,0.9745341614906833,0.011042043510324055,0.9542857142857143,0.015054033829453726
segment,tanh,103,187,0.006506512478097479,0.970807453416149,0.011124808613507788,0.9485714285714286,0.9370211245208208
segment,tanh,103,188,0.006389728410771348,0.9714285714285714,0.011138876688922326,0.9485714285714286,0.9058253468039505
segment,tanh,103,189,0.006024931237425804,0.9745341614906833,0.010841048908325842,0.9514285714285714,0.9761625128456016
segment,tanh,103,190,0.0063338059936032115,0.9720496894409938,0.011161385002808355,0.9485714285714286,0.12325310753880442
segment,tanh,103,191,0.006081046762297429,0.9732919254658385,0.010778089913392038,0.9514285714285714,0.9995852168720099
segment,tanh,103,192,0.005914471557854866,0.9739130434782609,0.01057139298702468,0.9514285714285714,0.7492287549159037
segment,tanh,103,193,0.006057146269903838,0.9732919254658385,0.010731036450137975,0.9514285714285714,0.8610890223830802
segment,tanh,103,194,0.005909819627999193,0.9732919254658385,0.010636762354637853,0.9485714285714286,0.03947133855784483
segment,tanh,103,195,0.0062044731283903126,0.9739130434782609,0.01087506072626958,0.9485714285714286,0.690338337899837
segment,tanh,103,196,0.006199081683592727,0.9732919254658385,0.010675568397061398,0.9485714285714286,0.6271523374534087
segment,tanh,103,197,0.007220959854232753,0.9670807453416149,0.011678830500487387,0.9428571428571428,0.9698921680925862
segment,tanh,103,198,0.007060451666527347,0.9677018633540373,0.010667613223298348,0.9457142857142857,0.5231757683651737
segment,tanh,103,199,0.006054080739883542,0.9739130434782609,0.010876094224662465,0.9514285714285714,1.0000115620701375
segment,tanh,103,200,0.005712134933318274,0.9751552795031055,0.010255839349921827,0.9571428571428572,0.13988395985750218
segment,tanh,103,201,0.00581124000966281,0.9732919254658385,0.010516050739414601,0.9514285714285714,0.07045051520128451
segment,tanh,103,202,0.005969311040895695,0.9732919254658385,0.010157428562741998,0.9542857142857143,0.7570565415837803
segment,tanh,103,203,0.009573325333161957,0.9571428571428572,0.0129376616306936,0.9371428571428572,1.0000104379507022
segment,tanh,103,204,0.009196676198699788,0.9590062111801242,0.012146387766414782,0.9428571428571428,1.0001320193702308
segment,tanh,103,205,0.00596260808771908,0.9732919254658385,0.010116204221055,0.9514285714285714,1.000017878014346
segment,tanh,103,206,0.005615859870381234,0.9751552795031055,0.010055000533649263,0.9571428571428572,0.988164321185163
segment,tanh,103,207,0.006095463341652089,0.9714285714285714,0.01023230031069735,0.9542857142857143,0.1547161159111603
segment,tanh,103,208,0.005491170958331087,0.9751552795031055,0.01002368514107203,0.9542857142857143,0.3464120499730691
segment,tanh,103,209,0.012857525084712511,0.9409937888198758,0.015939776755076907,0.9257142857142857,1.0008217606743444
segment,tanh,103,210,0.005571535149232832,0.9757763975155279,0.010032811700548152,0.9542857142857143,0.15417641353904318
segment,tanh,103,211,0.005357289618438435,0.9763975155279503,0.009736180231729756,0.9571428571428572,0.29544744035968973
segment,tanh,103,212,0.005383299331385195,0.9770186335403727,0.009573434521404743,0.96,0.5204375017802141
segment,tanh,103,213,0.005621435305933057,0.9739130434782609,0.009616301189187717,0.9542857142857143,0.09040128113156867
segment,tanh,103,214,0.006579502816606063,0.9739130434782609,0.01055940554186349,0.9571428571428572,1.0000409573961562
segment,tanh,103,215,0.005348884939407525,0.9757763975155279,0.009726294855335908,0.9571428571428572,0.6549952070218921
segment,tanh,103,216,0.0053055450100798875,0.9770186335403727,0.009716349767187066,0.9571428571428572,0.18364681577142894
segment,tanh,103,217,0.005309861956596283,0.9757763975155279,0.009794702194313273,0.9542857142857143,0.4470227697591706
segment,tanh,103,218,0.005768745841151126,0.9726708074534162,0.009742782458834164,0.9571428571428572,1.0002009097195932
segment,tanh,103,219,0.006380729656861934,0.9714285714285714,0.010587621139857683,0.9542857142857143,0.9865827380904887
segment,tanh,103,220,0.005223021022358433,0.977639751552795,0.00934113910806493,0.96,0.6416813399095808
segment,tanh,103,221,0.008024440478658438,0.962111801242236,0.011060555548734986,0.9542857142857143,1.0002873632426186
segment,tanh,103,222,0.0053058360112848224,0.9763975155279503,0.009641866831347986,0.9542857142857143,0.012450467123840209
segment,tanh,103,223,0.00532944365265347,0.9763975155279503,0.009702264529641938,0.9571428571428572,0.6477953249230057
segment,tanh,103,224,0.005300477733896396,0.9757763975155279,0.00957185140748986,0.9542857142857143,0.1535501669238776
segment,tanh,103,225,0.005191651464066101,0.9770186335403727,0.009131943737106943,0.9571428571428572,0.041098169538292775
segment,tanh,103,226,0.005123382939654559,0.9788819875776398,0.009136479677785168,0.9571428571428572,0.27170819668761326
segment,tanh,103,227,0.005609066302357717,0.9739130434782609,0.009624870802518946,0.9542857142857143,1.00056690089959
segment,tanh,103,228,0.00848350877141296,0.9608695652173913,0.012465026303045917,0.9371428571428572,1.0002018212656199
segment,tanh,103,229,0.005136724008852823,0.9782608695652174,0.009208328558632942,0.9542857142857143,0.02034510900042236
segment,tanh,103,230,0.01191046562990778,0.94472049689441,0.014762782610748763,0.9314285714285714,1.0073997143918725
segment,tanh,103,231,0.005250824895832819,0.977639751552795,0.009339587630465614,0.9571428571428572,0.0432895698186393
segment,tanh,103,232,0.005009378172449816,0.9782608695652174,0.00905968567070594,0.96,0.6714177044627029
segment,tanh,103,233,0.0050457205037350425,0.9782608695652174,0.009159744468660585,0.9571428571428572,0.5587494845856408
segment,tanh,103,234,0.005201697978960359,0.9782608695652174,0.00899052585866254,0.9628571428571429,0.9694085076548299
segment,tanh,103,235,0.005889720625657843,0.9726708074534162,0.009908814724151706,0.9542857142857143,1.0001448917866103
segment,tanh,103,236,0.005792601733384102,0.9745341614906833,0.009569463864124416,0.9571428571428572,0.9976698378442225
segment,tanh,103,237,0.011857035350648325,0.9440993788819876,0.014616256920456254,0.9285714285714286,1.000067117338035
segment,tanh,103,238,0.005091717874436571,0.9770186335403727,0.009148516030285768,0.9542857142857143,0.2970769505388361
segment,tanh,103,239,0.004914064737315236,0.9788819875776398,0.008855973843658391,0.9571428571428572,0.6989314923456783
segment,tanh,103,240,0.008781507441467981,0.9608695652173913,0.011339493485132912,0.9514285714285714,0.9999814055075483
segment,tanh,103,241,0.005495497216587276,0.9751552795031055,0.009114764242692155,0.9571428571428572,1.000000850045406
segment,tanh,103,242,0.00516694758090821,0.9763975155279503,0.009016525720218157,0.9514285714285714,0.993891210543533
segment,tanh,103,243,0.005270377478690202,0.9763975155279503,0.008979000504533378,0.9571428571428572,0.06742209199555016
segment,tanh,103,244,0.004991828366068643,0.9782608695652174,0.00898328622661642,0.9571428571428572,0.7183271284516364
segment,tanh,103,245,0.010957864478516993,0.9515527950310559,0.012374722759842305,0.94,1.0007627704225401
segment,tanh,103,246,0.00517250759630307,0.9770186335403727,0.00861025556231234,0.96,0.2652386962063008
segment,tanh,103,247,0.004902300283932209,0.9770186335403727,0.008749479595603628,0.9571428571428572,0.06704673213846012
segment,tanh,103,248,0.005080419521943755,0.9751552795031055,0.008699078146880547,0.9571428571428572,0.39177417103007006
segment,tanh,103,249,0.006098514554001463,0.9763975155279503,0.00965213640451761,0.96,0.9999735995601445
segment,tanh,103,250,0.004857464111960015,0.9782608695652174,0.008942742402428275,0.96,0.06298974082496175
segment,tanh,103,251,0.006289429087255847,0.9683229813664597,0.009907277011144081,0.9485714285714286,1.0004693732052543
segment,tanh,103,252,0.004786855002796728,0.9782608695652174,0.00882823859514942,0.96,1.0000256977644626
segment,tanh,103,253,0.00771019077607061,0.962111801242236,0.010629878985181264,0.9571428571428572,1.0003558525623575
segment,tanh,103,254,0.008011096277832955,0.962111801242236,0.010883163487180107,0.9514285714285714,1.000113159118761
segment,tanh,103,255,0.011800505119001934,0.9490683229813665,0.013261104030956627,0.9371428571428572,1.0002881446496825
segment,tanh,103,256,0.005171020983338326,0.9757763975155279,0.00887197996146233,0.9571428571428572,0.003207935556273392
segment,tanh,103,257,0.007454176963686947,0.9701863354037267,0.010223615007791072,0.9542857142857143,1.0000848056883227
segment,tanh,103,258,0.004920118120625097,0.9795031055900622,0.008719972752872713,0.9628571428571429,0.012778013083723066
segment,tanh,103,259,0.00649932188367883,0.9695652173913043,0.010293784931945736,0.9514285714285714,0.4120305506971716
segment,tanh,103,260,0.004706947040048107,0.9788819875776398,0.008563456342250659,0.9628571428571429,0.5483302833195848
segment,tanh,103,261,0.004958797409155915,0.9763975155279503,0.008859927528091033,0.9571428571428572,0.5800575330993503
segment,tanh,103,262,0.005533764171704776,0.9751552795031055,0.008992031970723492,0.9571428571428572,0.36624947980682504
segment,tanh,103,263,0.00466563392135116,0.9788819875776398,0.008429693261728276,0.9628571428571429,0.10732698989301294
segment,tanh,103,264,0.004816575735584255,0.9788819875776398,0.00872775762266936,0.9571428571428572,0.39878569084811066
segment,tanh,103,265,0.0069350083516859975,0.9720496894409938,0.009414819202452908,0.9571428571428572,1.0001376029634252
segment,tanh,103,266,0.004820095203789701,0.9770186335403727,0.008797845575955164,0.9542857142857143,0.9623161933137986
segment,tanh,103,267,0.004716588173455494,0.9788819875776398,0.008452744353148132,0.9628571428571429,0.14829619730357668
segment,tanh,103,268,0.004810754596621801,0.9770186335403727,0.008989161472007262,0.96,0.7254484317568789
segment,tanh,103,269,0.0046475195848000445,0.9788819875776398,0.008758278674224698,0.96,0.6623213647325561
segment,tanh,103,270,0.004635622425133709,0.9807453416149068,0.008492849741599851,0.9628571428571429,0.17434540127850864
segment,tanh,103,271,0.004676532926131678,0.9788819875776398,0.00867128474402592,0.9628571428571429,1.0002229674645842
segment,tanh,103,272,0.005303873284561709,0.9739130434782609,0.009383490830149843,0.9571428571428572,0.020094508571778767
segment,tanh,103,273,0.004649176504305111,0.9782608695652174,0.00868841395838092,0.9628571428571429,1.0001686936468548
segment,tanh,103,274,0.005183382444707149,0.9745341614906833,0.009270390915559507,0.9571428571428572,0.9752802827295167
segment,tanh,103,275,0.005330081087448068,0.9757763975155279,0.00885183878415012,0.96,0.006354832207782481
segment,tanh,103,276,0.0047236194286377165,0.977639751552795,0.00858427068744658,0.9628571428571429,0.3343392056079891
segment,tanh,103,277,0.004534548053114106,0.9788819875776398,0.008376938694089056,0.9657142857142857,0.04495059173161576
segment,tanh,103,278,0.004732685985757757,0.9795031055900622,0.008740104701417808,0.9571428571428572,0.7748140490298467
segment,tanh,103,279,0.005084468447402998,0.9763975155279503,0.009449310698439108,0.9542857142857143,0.998264247681376
segment,tanh,103,280,0.004965023665280369,0.9751552795031055,0.008981251951936905,0.9571428571428572,0.1614934815523181
segment,tanh,103,281,0.004579925758492099,0.9788819875776398,0.00838087483465922,0.9628571428571429,0.919743349991778
segment,tanh,103,282,0.00932731252221166,0.9571428571428572,0.011721136181538243,0.9428571428571428,1.0000647528215088
segment,tanh,103,283,0.004630285247642227,0.9770186335403727,0.008557321056654823,0.96,0.03477344432546258
segment,tanh,103,284,0.004491498939267352,0.9788819875776398,0.008406232276447618,0.9657142857142857,0.6271329808478887
segment,tanh,103,285,0.006236210005753399,0.9726708074534162,0.010543802170895882,0.9514285714285714,1.00016272120828
segment,tanh,103,286,0.005087862618222093,0.9757763975155279,0.008771824904610358,0.96,1.000129321409965
segment,tanh,103,287,0.005162840670468347,0.9757763975155279,0.00870352052195128,0.96,0.995533803168201
segment,tanh,103,288,0.005324665340799489,0.9714285714285714,0.008618687736415265,0.9628571428571429,0.3991918192672043
segment,tanh,103,289,0.0047002425891257945,0.977639751552795,0.008715042080735114,0.9628571428571429,1.0000724823116927
segment,tanh,103,290,0.0047525474834988965,0.9770186335403727,0.00853487383787588,0.9628571428571429,1.0001043126182143
segment,tanh,103,291,0.0044680695081914515,0.9813664596273292,0.008294514144556578,0.9657142857142857,0.12796797967003326
segment,tanh,103,292,0.004428344911319584,0.9788819875776398,0.008233780807510882,0.9657142857142857,0.08699745303523918
segment,tanh,103,293,0.004434572241267398,0.9788819875776398,0.008226368215383115,0.9628571428571429,0.6335999458434212
segment,tanh,103,294,0.004430282919785301,0.9788819875776398,0.008350556802249307,0.9685714285714285,1.000088997158669
segment,tanh,103,295,0.004402286586021783,0.9788819875776398,0.008308639256845017,0.9628571428571429,0.5945993667613705
segment,tanh,103,296,0.004634474107720672,0.977639751552795,0.008430295415497677,0.96,1.0001227005205648
segment,tanh,103,297,0.007912456376808869,0.9614906832298137,0.010553839929173145,0.9542857142857143,0.999999797025049
segment,tanh,103,298,0.006766454370047569,0.9683229813664597,0.010772876569604996,0.9514285714285714,0.999297767963522
segment,tanh,103,299,0.004589969909358049,0.9782608695652174,0.008589967162700017,0.9628571428571429,1.000021618491046
segment,tanh,103,300,0.006532629698833457,0.9726708074534162,0.009992506466103373,0.9485714285714286,1.000024861456754
segment,tanh,103,301,0.0048910292760644125,0.9763975155279503,0.00835745882072432,0.9628571428571429,0.42017221989945025
segment,tanh,103,302,0.004532140021350655,0.9801242236024845,0.008627769449384346,0.96,0.33460218915746015
segment,tanh,103,303,0.004527798344786597,0.9795031055900622,0.008250032945307554,0.9657142857142857,0.3433121513171713
segment,tanh,103,304,0.0043613597966748185,0.9795031055900622,0.008164901172267196,0.9657142857142857,0.007674991920876137
segment,tanh,103,305,0.004532291573023543,0.9795031055900622,0.00842391354267128,0.9657142857142857,0.6887079518480478
segment,tanh,103,306,0.004871510689972081,0.9770186335403727,0.008823296953945913,0.96,1.000055991356927
segment,tanh,103,307,0.004910157220112199,0.9757763975155279,0.008834108695649595,0.9571428571428572,0.1999815648712581
segment,tanh,103,308,0.005295591206454064,0.9763975155279503,0.008843692064833557,0.96,1.0002265685907545
segment,tanh,103,309,0.0043935265712248366,0.9807453416149068,0.008188813158002618,0.9657142857142857,0.19647679953145286
segment,tanh,103,310,0.004680344274253695,0.977639751552795,0.008304249137796151,0.9657142857142857,0.04588209585711183
segment,tanh,103,311,0.006296424547697209,0.9683229813664597,0.008846759108076885,0.9542857142857143,0.9998109006535071
segment,tanh,103,312,0.004468114925535173,0.9788819875776398,0.008336191103562677,0.9628571428571429,0.08198058796392595
segment,tanh,103,313,0.004405054377011832,0.9807453416149068,0.00827812497458791,0.9657142857142857,0.6320541661849337
segment,tanh,103,314,0.009413230952216915,0.9565217391304348,0.012498358002853335,0.94,1.0001047016665143
segment,tanh,103,315,0.0048120843874548316,0.977639751552795,0.009068697361081717,0.9571428571428572,1.0005467021535226
segment,tanh,103,316,0.004458217853853904,0.9782608695652174,0.008078208370634608,0.9657142857142857,0.10877923321319403
segment,tanh,103,317,0.004628039087717311,0.9782608695652174,0.00836207543908624,0.96,0.9535077311431919
segment,tanh,103,318,0.004366009395241381,0.9795031055900622,0.008262184372981545,0.9685714285714285,0.15627697434176366
segment,tanh,103,319,0.004399794191378786,0.9782608695652174,0.008270649035236891,0.9657142857142857,1.0003394134448917
segment,tanh,103,320,0.004296155782836211,0.9788819875776398,0.008271857391978863,0.9657142857142857,0.607695922075737
segment,tanh,103,321,0.004287840118069907,0.9801242236024845,0.008104366185851126,0.9657142857142857,0.02396417654721785
segment,tanh,103,322,0.00540258719470469,0.9751552795031055,0.00965300171038855,0.9542857142857143,0.997735405204078
segment,tanh,103,323,0.004406746768296083,0.9782608695652174,0.008253882115755364,0.9657142857142857,0.14680608660157057
segment,tanh,103,324,0.0042969646123477015,0.9788819875776398,0.008376901528401695,0.9685714285714285,0.13097266322635107
segment,tanh,103,325,0.004348892387417727,0.9782608695652174,0.008496051277953762,0.9657142857142857,0.8367874042922895
segment,tanh,103,326,0.0044550217140236145,0.9770186335403727,0.008400480261382438,0.96,0.15814560612900025
segment,tanh,103,327,0.004439456722955637,0.9788819875776398,0.008346685966588668,0.96,0.03418523664223338
segment,tanh,103,328,0.00424189089146006,0.9788819875776398,0.008136903758411721,0.9685714285714285,0.15208818779308808
segment,tanh,103,329,0.0045358096407839945,0.977639751552795,0.008218819870677792,0.9628571428571429,0.9912390015901857
segment,tanh,103,330,0.004269066315887301,0.9788819875776398,0.008088686263650552,0.9657142857142857,0.7638171456275221
segment,tanh,103,331,0.004271423641120004,0.9788819875776398,0.007997633489837622,0.9657142857142857,0.12405470810241925
segment,tanh,103,332,0.004371146608704468,0.977639751552795,0.008219493874856265,0.9657142857142857,0.01600033716063794
segment,tanh,103,333,0.004311696163598523,0.9788819875776398,0.008322406443953684,0.9628571428571429,0.9855314417894285
segment,tanh,103,334,0.004254274828556275,0.9788819875776398,0.008269630164953403,0.9657142857142857,0.20389017629905848
segment,tanh,103,335,0.004436249551198025,0.9782608695652174,0.00818621846739777,0.9657142857142857,0.05374249698834684
segment,tanh,103,336,0.0045092821763719464,0.9782608695652174,0.008459537365030087,0.9628571428571429,0.0413045566043815
segment,tanh,103,337,0.004259170452536441,0.9788819875776398,0.00822560572462427,0.9657142857142857,0.7447779359401654
segment,tanh,103,338,0.008711167631196183,0.9583850931677018,0.010209711428326851,0.9514285714285714,1.0000179376886669
segment,tanh,103,339,0.004520999594347003,0.977639751552795,0.008226047046132981,0.9657142857142857,0.21293922560556644
segment,tanh,103,340,0.004329929339397524,0.9782608695652174,0.008127817147906424,0.9657142857142857,1.0000764275311103
segment,tanh,103,341,0.004328809715660608,0.9795031055900622,0.008051451483762316,0.9657142857142857,0.35660075919615164
segment,tanh,103,342,0.004613639019484904,0.9770186335403727,0.008595137239201835,0.96,1.0001030135084312
segment,tanh,103,343,0.004626484777883568,0.9763975155279503,0.008594312062427327,0.9628571428571429,0.7790406959465511
segment,tanh,103,344,0.004386034294465177,0.9782608695652174,0.007998552921231243,0.9657142857142857,0.08398423780983039
segment,tanh,103,345,0.004577717949174317,0.977639751552795,0.008236971748355373,0.9628571428571429,0.023222364720846492
segment,tanh,103,346,0.004198559718516494,0.9795031055900622,0.008176049543022422,0.9685714285714285,0.22362611483561004
segment,tanh,103,347,0.00455255795024999,0.9788819875776398,0.008705833686603052,0.96,1.0023986481875362
segment,tanh,103,348,0.004242245907952577,0.9788819875776398,0.008384229859303823,0.96,0.9171839834909149
segment,tanh,103,349,0.004679954218308599,0.9770186335403727,0.008466374776360064,0.9628571428571429,0.8575300577407527
segment,tanh,103,350,0.004317541030627723,0.977639751552795,0.008005445475600602,0.9657142857142857,0.6946535526851598
segment,tanh,104,1,0.10061434896044186,0.3826086956521739,0.10041639360940906,0.38857142857142857,1.0010298014086205
segment,tanh,104,2,0.09977118499521775,0.5900621118012422,0.1003591965259519,0.5857142857142857,1.0075008276706399
segment,tanh,104,3,0.0648372076744559,0.6888198757763975,0.06399170677940005,0.6885714285714286,1.0024734158433595
segment,tanh,104,4,0.04839926032513263,0.7285714285714285,0.047301870139817404,0.76,1.0011877814029346
segment,tanh,104,5,0.02961495340655559,0.9012422360248448,0.030087909000083235,0.8857142857142857,1.0027147181359262
segment,tanh,104,6,0.027656206498541357,0.9142857142857143,0.02797256147571668,0.9228571428571428,1.0043689242459524
segment,tanh,104,7,0.026864279621725957,0.9211180124223602,0.028625824851000414,0.9114285714285715,1.0010474108352099
segment,tanh,104,8,0.028009861829838376,0.8739130434782608,0.028884425976798862,0.8657142857142858,1.0059666913316339
segment,tanh,104,9,0.023418310669921515,0.9031055900621118,0.02372158330838573,0.9,1.002746978264094
segment,tanh,104,10,0.019577640023654027,0.9267080745341615,0.0203506871282882,0.92,0.9342050788877974
segment,tanh,104,11,0.019644822155046582,0.9322981366459627,0.020988623535909696,0.9257142857142857,1.0068950595766513
segment,tanh,104,12,0.02246363165376589,0.9192546583850931,0.024328680566531643,0.9142857142857143,1.0005205301339641
segment,tanh,104,13,0.01992115400185886,0.929192546583851,0.021128212941622666,0.9285714285714286,1.0000910191740484
segment,tanh,104,14,0.019301828686381688,0.9149068322981366,0.019963124512315026,0.9142857142857143,1.0000461756740948
segment,tanh,104,15,0.01702025131375977,0.9354037267080745,0.01801798691949489,0.9228571428571428,1.0000266417127346
segment,tanh,104,16,0.017184339628385094,0.9347826086956522,0.01856812643132482,0.9285714285714286,1.0020574240131261
segment,tanh,104,17,0.016276798599043112,0.9366459627329192,0.01755672357058379,0.9257142857142857,0.9920657279563158
segment,tanh,104,18,0.01685685787819639,0.9366459627329192,0.01810079782617834,0.9171428571428571,0.9993982694202752
segment,tanh,104,19,0.015856596858612758,0.9372670807453416,0.017952553073449,0.9171428571428571,1.0003669913826971
segment,tanh,104,20,0.025813701197472356,0.8763975155279503,0.028829949961429974,0.8628571428571429,1.00031522854904
segment,tanh,104,21,0.016831017770356692,0.9335403726708075,0.01858441209113134,0.9228571428571428,1.0101042845315646
segment,tanh,104,22,0.01633769297116141,0.9273291925465839,0.017340008746814406,0.9171428571428571,1.0163524827332187
segment,tanh,104,23,0.01991603531946671,0.9285714285714286,0.02292610290482747,0.9285714285714286,1.0001151064921296
segment,tanh,104,24,0.015304801262693549,0.9341614906832298,0.016672654433492473,0.9285714285714286,0.998286759999814
segment,tanh,104,25,0.015236949755888412,0.9354037267080745,0.016629513263240466,0.9285714285714286,1.0012251281393147
segment,tanh,104,26,0.01664999406487529,0.9322981366459627,0.017762053268528085,0.9257142857142857,1.0020462514728963
segment,tanh,104,27,0.014914853526059207,0.9341614906832298,0.016621096782338512,0.9257142857142857,1.003380583321342
segment,tanh,104,28,0.015602641812213214,0.9428571428571428,0.018388538829090525,0.9314285714285714,1.000755997687411
segment,tanh,104,29,0.014622443409642102,0.9403726708074535,0.01724801338273784,0.9285714285714286,1.0001354426517104
segment,tanh,104,30,0.013531747307944885,0.9472049689440993,0.01605303210430333,0.9314285714285714,0.7401771373292529
segment,tanh,104,31,0.01366214476928983,0.9472049689440993,0.01589020214645079,0.9371428571428572,1.0025535082151147
segment,tanh,104,32,0.014085824401818943,0.9434782608695652,0.015988810822617685,0.9314285714285714,1.0021828605593124
segment,tanh,104,33,0.017727446487360524,0.922360248447205,0.018863434955448975,0.9171428571428571,1.0001867159530335
segment,tanh,104,34,0.01716599302001762,0.9341614906832298,0.018909567945664826,0.9171428571428571,1.0028472825097758
segment,tanh,104,35,0.032304784562455946,0.8652173913043478,0.035226528093022985,0.86,1.0000172192828898
segment,tanh,104,36,0.013906847984375827,0.9360248447204969,0.015673583455951996,0.9285714285714286,0.9925978003747495
segment,tanh,104,37,0.013017233544917049,0.9465838509316771,0.01588066802084472,0.9342857142857143,1.0002261499490925
segment,tanh,104,38,0.015128416205812139,0.9285714285714286,0.01830669427819403,0.9171428571428571,1.0006336339113637
segment,tanh,104,39,0.012496363309400389,0.9391304347826087,0.014902805767529241,0.92,1.001165525313422
segment,tanh,104,40,0.012035196495384553,0.94472049689441,0.014676240103694857,0.9285714285714286,1.00417326867715
segment,tanh,104,41,0.012655800619790202,0.9403726708074535,0.014774430374020816,0.92,1.0007360062734472
segment,tanh,104,42,0.013103817519526946,0.9428571428571428,0.016161964088525646,0.9257142857142857,1.0004098329379183
segment,tanh,104,43,0.011990788011448943,0.9465838509316771,0.014463888507264747,0.9285714285714286,0.998324224255966
segment,tanh,104,44,0.013986883487793735,0.9372670807453416,0.01695750365276822,0.9228571428571428,1.0000336158073089
segment,tanh,104,45,0.011741831806765392,0.94472049689441,0.014383433983430125,0.9228571428571428,1.004403200519931
segment,tanh,104,46,0.011090983075633592,0.9515527950310559,0.013930805114514541,0.94,0.5089923406656243
segment,tanh,104,47,0.011238549458413839,0.9503105590062112,0.014153528753854916,0.9314285714285714,1.0052092199553433
segment,tanh,104,48,0.01131113766009948,0.9559006211180124,0.01422547522034672,0.9314285714285714,0.9891686481357566
segment,tanh,104,49,0.015850382329184818,0.9273291925465839,0.01711622591862124,0.9257142857142857,1.0015140011444115
segment,tanh,104,50,0.012607660113983525,0.9416149068322981,0.015037786935306125,0.9285714285714286,1.0017695002755143
segment,tanh,104,51,0.010870628406487573,0.9540372670807453,0.013688825553131778,0.9314285714285714,0.24514119218148722
segment,tanh,104,52,0.010715585882171866,0.9552795031055901,0.013890713145001909,0.94,1.000136406270764
segment,tanh,104,53,0.010407030292716864,0.9577639751552796,0.01331058013634759,0.94,1.0002095650816727
segment,tanh,104,54,0.01621253414222067,0.9204968944099379,0.019114046019031265,0.92,1.001666656599449
segment,tanh,104,55,0.010284673269042428,0.9571428571428572,0.013273717690574532,0.9342857142857143,0.797624759475536
segment,tanh,104,56,0.01019837767992629,0.9577639751552796,0.01279271470650019,0.94,0.29625560851679966
segment,tanh,104,57,0.01690710682086902,0.924223602484472,0.017677492503399676,0.9228571428571428,1.0000976557157466
segment,tanh,104,58,0.013752670101876086,0.9341614906832298,0.015251335672604362,0.9285714285714286,1.0000941958580585
segment,tanh,104,59,0.011089824009526426,0.9472049689440993,0.013484284602521098,0.9371428571428572,1.0006403173857579
segment,tanh,104,60,0.010899213067677488,0.9496894409937888,0.013664790891198852,0.9314285714285714,0.7414227517983146
segment,tanh,104,61,0.010070231258536115,0.9608695652173913,0.013323283343076225,0.9371428571428572,1.0000429146704195
segment,tanh,104,62,0.009807601273331067,0.9596273291925466,0.013081439890679674,0.9342857142857143,1.0005590286748696
segment,tanh,104,63,0.010776467613056985,0.9521739130434783,0.013560927049910517,0.9314285714285714,1.0000051107678969
segment,tanh,104,64,0.009514202300242651,0.9583850931677018,0.012861191699887028,0.9342857142857143,0.233611367593495
segment,tanh,104,65,0.00939421805358067,0.9596273291925466,0.012673346548506843,0.9342857142857143,0.15785687067774437
segment,tanh,104,66,0.009819105523796192,0.9590062111801242,0.012959667073354823,0.94,0.9962978909328566
segment,tanh,104,67,0.00930052009663934,0.9596273291925466,0.012689843749076028,0.94,0.5264642611208517
segment,tanh,104,68,0.010173338572118596,0.9540372670807453,0.012912870403140974,0.9371428571428572,1.0002771378700643
segment,tanh,104,69,0.009249762653173628,0.9608695652173913,0.012597618095245493,0.94,0.9967124315309306
segment,tanh,104,70,0.010083766594508242,0.9577639751552796,0.013434663883784708,0.9257142857142857,0.5565414715399558
segment,tanh,104,71,0.01050367329749979,0.9608695652173913,0.013735747319885838,0.9371428571428572,1.0000093535027996
segment,tanh,104,72,0.00997918660146424,0.9590062111801242,0.013321441527298784,0.94,1.0006113067335223
segment,tanh,104,73,0.009088315937818548,0.9614906832298137,0.012214648528866437,0.9371428571428572,1.0001573635948926
segment,tanh,104,74,0.009854498424735838,0.9577639751552796,0.012517635939629446,0.9514285714285714,1.0005071212156924
segment,tanh,104,75,0.008635049738352373,0.9633540372670808,0.011874178502369942,0.9457142857142857,0.3453500730031231
segment,tanh,104,76,0.00858551978366967,0.9633540372670808,0.011877563299771141,0.9457142857142857,0.8183225074592321
segment,tanh,104,77,0.008666175675000626,0.9633540372670808,0.011937147718070262,0.9457142857142857,0.7359382446479462
segment,tanh,104,78,0.014311225073785551,0.9341614906832298,0.015425696631231245,0.9285714285714286,1.0000057132217988
segment,tanh,104,79,0.008811309986266022,0.9645962732919254,0.01183488521326716,0.9514285714285714,1.0000349909340858
segment,tanh,104,80,0.008855458714633377,0.9639751552795031,0.012238286052610523,0.9428571428571428,0.9961615592275783
segment,tanh,104,81,0.008321977330946334,0.9677018633540373,0.011754274230556847,0.9514285714285714,1.1066900754809563
segment,tanh,104,82,0.008430929914184792,0.9633540372670808,0.011840744905689917,0.9485714285714286,0.7805055158861789
segment,tanh,104,83,0.010317879891294356,0.9540372670807453,0.012145437774737904,0.9514285714285714,0.9980444350402525
segment,tanh,104,84,0.008080490518575768,0.9658385093167702,0.011210627492455001,0.9514285714285714,1.0002950189114328
segment,tanh,104,85,0.008099625650493283,0.9645962732919254,0.01140805557209634,0.9457142857142857,0.8278060239128667
segment,tanh,104,86,0.008187393572499273,0.9652173913043478,0.011024525948112679,0.9542857142857143,0.9994536795490981
segment,tanh,104,87,0.00824791787628793,0.9652173913043478,0.01120744751542455,0.9514285714285714,0.4700073390404518
segment,tanh,104,88,0.007990742466970197,0.9664596273291925,0.010961610266702644,0.9571428571428572,1.0014586148100106
segment,tanh,104,89,0.011782080586782968,0.9509316770186336,0.01483941107794127,0.94,1.0108412542943084
segment,tanh,104,90,0.031452694648907153,0.8757763975155279,0.03268846778389251,0.8714285714285714,1.0008299489438612
segment,tanh,104,91,0.017797313637569017,0.9204968944099379,0.018380759246375843,0.9342857142857143,1.002556609293101
segment,tanh,104,92,0.00798780271313686,0.9658385093167702,0.011196080216595045,0.9514285714285714,1.000015962393081
segment,tanh,104,93,0.007675343873464599,0.9677018633540373,0.01123256005228401,0.9571428571428572,0.9958439885543874
segment,tanh,104,94,0.008528167706318026,0.9633540372670808,0.011241177941834579,0.9457142857142857,1.0016468987377751
segment,tanh,104,95,0.009821732396249526,0.9540372670807453,0.012095330777903271,0.9542857142857143,0.9997310739918718
segment,tanh,104,96,0.007894635844667834,0.9658385093167702,0.010963291798703789,0.9485714285714286,0.7815345960716384
segment,tanh,104,97,0.008741417829697836,0.962111801242236,0.0111595606280235,0.9457142857142857,1.0303128067159686
segment,tanh,104,98,0.008367571977447901,0.9652173913043478,0.011366699193903033,0.9457142857142857,0.9917307795064311
segment,tanh,104,99,0.008242034647904677,0.9658385093167702,0.011308115775391573,0.9514285714285714,1.0000042760775112
segment,tanh,104,100,0.007216425149673892,0.968944099378882,0.01066315885703423,0.9514285714285714,0.18610937311130082
segment,tanh,104,101,0.017852025573733037,0.9204968944099379,0.020048131754710274,0.92,1.0000043821272093
segment,tanh,104,102,0.012129078019951271,0.9416149068322981,0.014923386466527357,0.9314285714285714,1.0025021178462874
segment,tanh,104,103,0.007132956189556561,0.9670807453416149,0.010175991105478573,0.9542857142857143,0.880535723461352
segment,tanh,104,104,0.007385263552159897,0.9683229813664597,0.010664751537895168,0.9514285714285714,0.34441704570526166
segment,tanh,104,105,0.01023191869713619,0.9559006211180124,0.013107509540498611,0.94,1.0000187584944429
segment,tanh,104,106,0.0072670997766876,0.9677018633540373,0.010372394898140907,0.9514285714285714,0.7425183851094665
segment,tanh,104,107,0.00803988107627379,0.9670807453416149,0.01131019491218578,0.9485714285714286,0.8926698581260234
segment,tanh,104,108,0.007932721254353748,0.9670807453416149,0.011276884514189948,0.9542857142857143,1.000035923680764
segment,tanh,104,109,0.006996667769232491,0.968944099378882,0.010364180029522484,0.9542857142857143,0.6928471481618041
segment,tanh,104,110,0.007499719585115271,0.9701863354037267,0.010600878905726504,0.9485714285714286,1.0001271552771709
segment,tanh,104,111,0.007271010699236471,0.9670807453416149,0.010356581472417326,0.9542857142857143,0.49655397670566176
segment,tanh,104,112,0.007156125769436823,0.9670807453416149,0.010426350572789404,0.9514285714285714,0.998790724072435
segment,tanh,104,113,0.006942970527952332,0.9695652173913043,0.010083601979253308,0.9542857142857143,0.6900113213117273
segment,tanh,104,114,0.0068416887584431,0.9664596273291925,0.010219272684445379,0.9514285714285714,0.24236136247332835
segment,tanh,104,115,0.006817023288038596,0.9677018633540373,0.010029492583954627,0.9542857142857143,0.4001041690033571
segment,tanh,104,116,0.006849017314681945,0.970807453416149,0.010263828523321838,0.96,0.9992345510819324
segment,tanh,104,117,0.006596214226535014,0.970807453416149,0.01003823473955488,0.9542857142857143,0.8581965578799803
segment,tanh,104,118,0.006920505747546535,0.968944099378882,0.010371554281597908,0.9542857142857143,0.9884517548499816
segment,tanh,104,119,0.006814096922414558,0.9683229813664597,0.00999741844185248,0.9514285714285714,0.1846155397968326
segment,tanh,104,120,0.006503466338235553,0.9695652173913043,0.009977881981785137,0.9542857142857143,0.035455571656844015
segment,tanh,104,121,0.007471855188632878,0.9670807453416149,0.011083880465600333,0.9542857142857143,1.0006563881512973
segment,tanh,104,122,0.007055244135190011,0.968944099378882,0.010182372223153774,0.9542857142857143,0.9975799057411272
segment,tanh,104,123,0.006707790495425099,0.9664596273291925,0.009985365414828406,0.9542857142857143,0.9997457510235958
segment,tanh,104,124,0.006448496601490299,0.970807453416149,0.010105830187347412,0.9542857142857143,0.9950602314950777
segment,tanh,104,125,0.006597904449338396,0.970807453416149,0.009876674481624744,0.9542857142857143,0.9389589217720705
segment,tanh,104,126,0.007541367625706678,0.9670807453416149,0.010709088783164952,0.9542857142857143,1.0020353718102772
segment,tanh,104,127,0.006341948674785836,0.9714285714285714,0.00975751612012525,0.9571428571428572,0.380874291053444
segment,tanh,104,128,0.007698764862518743,0.9652173913043478,0.0111012615396039,0.9514285714285714,1.0002338544774891
segment,tanh,104,129,0.0068630352928034715,0.970807453416149,0.010473341335999488,0.9542857142857143,0.48781314707732354
segment,tanh,104,130,0.006218875693694877,0.9739130434782609,0.009838006248686585,0.9571428571428572,0.7046144433052034
segment,tanh,104,131,0.00658135514032924,0.970807453416149,0.009797267816253463,0.9542857142857143,0.9989687818199521
segment,tanh,104,132,0.006549886670202884,0.9695652173913043,0.009861410495459133,0.9542857142857143,0.47125112332543606
segment,tanh,104,133,0.01074518724731466,0.9490683229813665,0.013795320408359811,0.9428571428571428,1.0000145145275285
segment,tanh,104,134,0.007268048579230099,0.9639751552795031,0.010411386320377167,0.9485714285714286,0.9997329243685584
segment,tanh,104,135,0.006363668390507844,0.9714285714285714,0.010122465324623292,0.9571428571428572,1.0006086365042424
segment,tanh,104,136,0.012736347536623996,0.9434782608695652,0.015026363739419787,0.9428571428571428,1.0000987409770206
segment,tanh,104,137,0.006386753923690404,0.9739130434782609,0.009820271873134582,0.9571428571428572,0.31157456932207417
segment,tanh,104,138,0.008151227993516896,0.9664596273291925,0.011113970879973525,0.9485714285714286,1.0001018850232024
segment,tanh,104,139,0.007272535068434914,0.9683229813664597,0.010680166263822993,0.9485714285714286,0.9977908245656151
segment,tanh,104,140,0.008040366165304062,0.9602484472049689,0.0115161511035458,0.9428571428571428,0.9999814219028347
segment,tanh,104,141,0.006944670653117307,0.9714285714285714,0.010458612092019355,0.9542857142857143,1.0000143867662736
segment,tanh,104,142,0.006541483705491468,0.9739130434782609,0.010210208550009738,0.9485714285714286,1.0000100900816344
segment,tanh,104,143,0.00635522966421755,0.9726708074534162,0.01026584748976781,0.96,0.9950335093794441
segment,tanh,104,144,0.007027539245567693,0.9664596273291925,0.010148864358045899,0.9542857142857143,1.0000298358826698
segment,tanh,104,145,0.020879286647536608,0.908695652173913,0.02161065238989879,0.9171428571428571,1.0000039515369041
segment,tanh,104,146,0.006416309274660424,0.9701863354037267,0.009839557278339984,0.9485714285714286,0.7307960192653938
segment,tanh,104,147,0.016676521693893175,0.9273291925465839,0.01857485761069474,0.9228571428571428,1.0000507722268774
segment,tanh,104,148,0.009027992329963494,0.9583850931677018,0.01135292625690339,0.9485714285714286,1.0000898842704835
segment,tanh,104,149,0.006297186036801621,0.970807453416149,0.009492211886197498,0.9514285714285714,0.4063232935112162
segment,tanh,104,150,0.007953326400031272,0.9596273291925466,0.010970440081126867,0.9457142857142857,0.9999580143405967
segment,tanh,104,151,0.006752854593101015,0.9695652173913043,0.009845648391448246,0.96,1.0002115676338152
segment,tanh,104,152,0.0060570301440830785,0.9739130434782609,0.00942272740749683,0.9542857142857143,0.7843188055752118
segment,tanh,104,153,0.006074847801227118,0.9745341614906833,0.009536182970357786,0.9542857142857143,0.9846276944477123
segment,tanh,104,154,0.006137851426626763,0.9726708074534162,0.009343404981740334,0.9514285714285714,0.9530648736567819
segment,tanh,104,155,0.009587891608045636,0.9565217391304348,0.01148552780307823,0.9514285714285714,0.9989115899051326
segment,tanh,104,156,0.006236776465876524,0.9695652173913043,0.00951983330963382,0.9514285714285714,0.9989117224832414
segment,tanh,104,157,0.006046409980300674,0.9726708074534162,0.009318280844041663,0.9571428571428572,0.095849097882434
segment,tanh,104,158,0.005942470050128883,0.9726708074534162,0.009290540251521595,0.9542857142857143,0.8331394066896128
segment,tanh,104,159,0.005769531120497665,0.9726708074534162,0.009201812872840918,0.9542857142857143,0.6376693484830124
segment,tanh,104,160,0.0059383824963719235,0.9751552795031055,0.00932836526792879,0.9542857142857143,1.0007188457745098
segment,tanh,104,161,0.00582484054614204,0.9732919254658385,0.009216544542170323,0.9542857142857143,0.6021706376218021
segment,tanh,104,162,0.008587359349926339,0.9602484472049689,0.011064139328260203,0.9542857142857143,0.9977525685597719
segment,tanh,104,163,0.005752376186054992,0.9739130434782609,0.009252602632734709,0.9542857142857143,0.42570877155807574
segment,tanh,104,164,0.00610525548071226,0.9739130434782609,0.00924851370298946,0.9571428571428572,0.8214460174364199
segment,tanh,104,165,0.00845969983039803,0.9683229813664597,0.01139443882617466,0.9514285714285714,1.0001854520521323
segment,tanh,104,166,0.008307246178712946,0.9608695652173913,0.010938526431607164,0.9542857142857143,0.9995493141974418
segment,tanh,104,167,0.005649680988993712,0.9745341614906833,0.009063832492249714,0.9571428571428572,0.6562887728892204
segment,tanh,104,168,0.006641622143807959,0.9720496894409938,0.009876297737897865,0.9514285714285714,1.0001282485893281
segment,tanh,104,169,0.005619353974116662,0.9751552795031055,0.008998269038472511,0.9514285714285714,0.7739589658113476
segment,tanh,104,170,0.005792853472758993,0.9739130434782609,0.009047345578713412,0.9542857142857143,1.0000041951477077
segment,tanh,104,171,0.005584385534145795,0.9739130434782609,0.009068913690344326,0.9514285714285714,0.5461677561909947
segment,tanh,104,172,0.005811595172189945,0.9757763975155279,0.009188208945378423,0.9542857142857143,1.0000360343647843
segment,tanh,104,173,0.005534197833156846,0.9745341614906833,0.008808317950648084,0.9542857142857143,0.21152224579209764
segment,tanh,104,174,0.00915782194120484,0.9590062111801242,0.011716795924676632,0.9485714285714286,1.000133241923782
segment,tanh,104,175,0.005693412216640922,0.9726708074534162,0.009125486826074645,0.9514285714285714,0.7549609559578851
segment,tanh,104,176,0.005618512226623682,0.9757763975155279,0.00916627774620316,0.9542857142857143,1.00012229584398
segment,tanh,104,177,0.005714431701988711,0.9726708074534162,0.00895490031986837,0.9571428571428572,0.19622237956940466
segment,tanh,104,178,0.00995964381741367,0.9583850931677018,0.012273822578259852,0.9428571428571428,1.0001080522310473
segment,tanh,104,179,0.005717120249388704,0.9751552795031055,0.009278709913179334,0.9514285714285714,1.000036931309355
segment,tanh,104,180,0.010063510190541294,0.9509316770186336,0.012853455915181139,0.94,0.9968036448716856
segment,tanh,104,181,0.01013715335988288,0.9552795031055901,0.011773122984431294,0.9485714285714286,1.000022864252376
segment,tanh,104,182,0.01680105624107192,0.9248447204968944,0.01834138801366859,0.9257142857142857,1.0000075238232806
segment,tanh,104,183,0.005285893586881265,0.9763975155279503,0.008762237225873827,0.96,0.5142756496864218
segment,tanh,104,184,0.005326037837605279,0.9782608695652174,0.008725111601818937,0.9542857142857143,0.32967726525776836
segment,tanh,104,185,0.005307482331322785,0.9757763975155279,0.008892696722304434,0.96,0.28771142494446894
segment,tanh,104,186,0.006257975520664508,0.9751552795031055,0.009465166955980311,0.9485714285714286,1.0000039405580379
segment,tanh,104,187,0.014749764776104237,0.9354037267080745,0.016780148666857737,0.9228571428571428,1.0000040299370794
segment,tanh,104,188,0.005538929274759996,0.9757763975155279,0.008896007677656637,0.9542857142857143,1.0000132506165351
segment,tanh,104,189,0.005177288129173903,0.9801242236024845,0.008595059489618181,0.9571428571428572,1.0000064639795512
segment,tanh,104,190,0.005124157815571534,0.9788819875776398,0.008586525433581656,0.9571428571428572,0.4993218430709804
segment,tanh,104,191,0.005018482412193507,0.9801242236024845,0.008583982979254962,0.96,0.31889439546586784
segment,tanh,104,192,0.007790090211889982,0.9627329192546584,0.011303443246594679,0.9428571428571428,1.0005837037108605
segment,tanh,104,193,0.0058388068815876945,0.9745341614906833,0.009456032624414456,0.9571428571428572,0.7531190662724805
segment,tanh,104,194,0.009353174869201567,0.9540372670807453,0.012821792087206192,0.94,1.0000483596421201
segment,tanh,104,195,0.009725600746569746,0.9546583850931677,0.013216880507875855,0.9371428571428572,1.000034383461427
segment,tanh,104,196,0.0049315304230973245,0.9795031055900622,0.008557189553815117,0.9542857142857143,0.15172453396879815
segment,tanh,104,197,0.004825962503596685,0.9795031055900622,0.008507882089387226,0.9542857142857143,0.6911313193085873
segment,tanh,104,198,0.006228084068550727,0.970807453416149,0.00988377687208531,0.9571428571428572,0.2735896600497123
segment,tanh,104,199,0.004763523475202078,0.9801242236024845,0.008362301778763284,0.96,0.6260836735940412
segment,tanh,104,200,0.004998937619940394,0.9788819875776398,0.008662226143591103,0.96,0.9999863990190399
segment,tanh,104,201,0.004748860554775202,0.9795031055900622,0.008366474177386897,0.9542857142857143,0.34735835704866214
segment,tanh,104,202,0.005254621750001157,0.9763975155279503,0.008874690649910612,0.9571428571428572,0.948474438330935
segment,tanh,104,203,0.004759123901243757,0.9782608695652174,0.008512189719384718,0.9571428571428572,0.7073001491717268
segment,tanh,104,204,0.004754362787179042,0.9788819875776398,0.008604192711150857,0.9542857142857143,0.8558389531426202
segment,tanh,104,205,0.00539108879246923,0.9757763975155279,0.009300363791734037,0.9628571428571429,1.0000341166040945
segment,tanh,104,206,0.005208977976254968,0.9770186335403727,0.008788731005783671,0.9542857142857143,0.033689283117860826
segment,tanh,104,207,0.005182516397805019,0.9745341614906833,0.009072827747652487,0.96,0.20907800307729252
segment,tanh,104,208,0.006594082793016061,0.9683229813664597,0.01036852390402246,0.9485714285714286,0.22918128333500928
segment,tanh,104,209,0.004613754567311813,0.9807453416149068,0.00844897895742822,0.9571428571428572,0.17029834564795288
segment,tanh,104,210,0.014406781486923245,0.9341614906832298,0.016730559230977965,0.9257142857142857,1.0001178752347797
segment,tanh,104,211,0.0047198812556875705,0.977639751552795,0.008367393306125953,0.9571428571428572,0.07630844503436982
segment,tanh,104,212,0.004606122141952248,0.9795031055900622,0.00828747626871847,0.96,0.4595421232952421
segment,tanh,104,213,0.004986657459333174,0.9770186335403727,0.008727749669156716,0.96,0.34224317738945903
segment,tanh,104,214,0.004545449109248694,0.9813664596273292,0.008345172424931692,0.96,0.36532317522575947
segment,tanh,104,215,0.004564907185579892,0.9819875776397515,0.008401471854793055,0.96,0.14117455530410913
segment,tanh,104,216,0.009558372351088923,0.9540372670807453,0.013187269619491746,0.94,1.0003397686425166
segment,tanh,104,217,0.004725477597629125,0.9795031055900622,0.008621371741241144,0.96,0.2311758252483537
segment,tanh,104,218,0.004489437091367998,0.9807453416149068,0.008321236821190691,0.9628571428571429,0.002250679432543164
segment,tanh,104,219,0.005820562096499186,0.9739130434782609,0.009658902256394262,0.9514285714285714,1.0001052056586401
segment,tanh,104,220,0.00446732966901553,0.9813664596273292,0.008458792535326847,0.9628571428571429,0.5530230722264801
segment,tanh,104,221,0.005162980639660298,0.9757763975155279,0.008915481233011342,0.9628571428571429,0.20766766651483828
segment,tanh,104,222,0.0044984347767032485,0.9801242236024845,0.008418430323566803,0.9628571428571429,0.829757741172239
segment,tanh,104,223,0.0045319049241619985,0.9795031055900622,0.008412810314982035,0.9571428571428572,1.0001604255801746
segment,tanh,104,224,0.004751430258967348,0.9763975155279503,0.008759707729636707,0.9571428571428572,0.9028820187300522
segment,tanh,104,225,0.004442448166882074,0.9801242236024845,0.008409990555082038,0.96,0.013978645760691723
segment,tanh,104,226,0.004546342454249251,0.977639751552795,0.00857129387942908,0.9571428571428572,0.30526886363280287
segment,tanh,104,227,0.007560398401423106,0.9639751552795031,0.010976328819140076,0.9514285714285714,1.0000156053262994
segment,tanh,104,228,0.004585412447658745,0.9782608695652174,0.008693837599596056,0.9542857142857143,0.04593169365358485
segment,tanh,104,229,0.0049280376028658255,0.9782608695652174,0.008971052501119894,0.9571428571428572,0.9905405591304749
segment,tanh,104,230,0.004442076149205829,0.9795031055900622,0.008379025321013518,0.96,0.45708637478870345
segment,tanh,104,231,0.00434007322153841,0.9807453416149068,0.008235257993879462,0.9571428571428572,0.07436863670002011
segment,tanh,104,232,0.007527169441468868,0.9670807453416149,0.010270144383696061,0.9485714285714286,1.0507957501304666
segment,tanh,104,233,0.0043941896053876365,0.9795031055900622,0.008271800794384452,0.96,0.10857672804887634
segment,tanh,104,234,0.004324574251803466,0.9795031055900622,0.008212376828385676,0.9542857142857143,0.6007000291600743
segment,tanh,104,235,0.004522014476047517,0.9801242236024845,0.008527340805875439,0.96,1.0002108380426364
segment,tanh,104,236,0.005927229977032708,0.9732919254658385,0.009180216869318473,0.9571428571428572,0.9999179148169685
segment,tanh,104,237,0.004274807843131969,0.9819875776397515,0.008336097009204383,0.96,0.667018856286964
segment,tanh,104,238,0.004594683511194209,0.9782608695652174,0.008669738004794805,0.96,0.9364686734696729
segment,tanh,104,239,0.004882044226874017,0.9757763975155279,0.008994766906951984,0.9571428571428572,0.9700790454991542
segment,tanh,104,240,0.007824214863731131,0.9652173913043478,0.011733904112165433,0.9428571428571428,1.0000248632282005
segment,tanh,104,241,0.006706509143392273,0.9677018633540373,0.010854983313537622,0.9514285714285714,1.0005100262559474
segment,tanh,104,242,0.0056144802830668,0.9739130434782609,0.009257242624427498,0.9571428571428572,0.9798238679769347
segment,tanh,104,243,0.004795476520774147,0.9763975155279503,0.008939108784225332,0.96,1.0000153824934466
segment,tanh,104,244,0.005252659785862559,0.9795031055900622,0.00938776944535291,0.96,1.000010666604821
segment,tanh,104,245,0.004378808848312378,0.9795031055900622,0.008512979585406831,0.96,0.016873353370080505
segment,tanh,104,246,0.004249419519405865,0.9795031055900622,0.008322185346583718,0.96,0.7440443422133095
segment,tanh,104,247,0.004835339887914183,0.9795031055900622,0.008417347034422994,0.9542857142857143,1.0000234371728667
segment,tanh,104,248,0.0048316111373087394,0.977639751552795,0.008546191995875346,0.96,0.6116435651959866
segment,tanh,104,249,0.004320190770780721,0.9801242236024845,0.008242734967596727,0.96,1.0001315923552059
segment,tanh,104,250,0.0041690641813799745,0.9795031055900622,0.008135586388391534,0.96,0.60172840804287
segment,tanh,104,251,0.011185606641911679,0.9509316770186336,0.013726096130305192,0.9342857142857143,1.0000258877975405
segment,tanh,104,252,0.004764880844350366,0.9763975155279503,0.008540791716338057,0.96,0.1960429869307265
segment,tanh,104,253,0.004277265796351491,0.9788819875776398,0.008254853679057502,0.9628571428571429,0.0807264601975074
segment,tanh,104,254,0.004720816238626343,0.9770186335403727,0.008740942842992061,0.9571428571428572,0.895680201193379
segment,tanh,104,255,0.004551608499949322,0.9770186335403727,0.008423749485407073,0.96,0.23019226415886826
segment,tanh,104,256,0.004200582976070375,0.9801242236024845,0.008291519315622487,0.9657142857142857,0.059677087580396526
segment,tanh,104,257,0.004032277946865813,0.9813664596273292,0.008128107151728988,0.9628571428571429,0.6485005816138173
segment,tanh,104,258,0.004264308830072348,0.9801242236024845,0.008418693171427127,0.96,0.06639405245324145
segment,tanh,104,259,0.0040363334579803425,0.9801242236024845,0.008096795891361863,0.9571428571428572,0.5265559814726493
segment,tanh,104,260,0.004626967773809929,0.9782608695652174,0.00879883634903143,0.96,0.545339868537777
segment,tanh,104,261,0.0058070687234566655,0.9782608695652174,0.00969937890899294,0.9542857142857143,1.0000152275203773
segment,tanh,104,262,0.004017153042515134,0.9813664596273292,0.00803578405124965,0.9628571428571429,0.19406320847869687
segment,tanh,104,263,0.004138418156678935,0.9807453416149068,0.00820269043597706,0.96,0.023003966290644266
segment,tanh,104,264,0.004196661430528035,0.9813664596273292,0.008213797888622875,0.9657142857142857,1.0000505052992046
segment,tanh,104,265,0.004079911019202043,0.9826086956521739,0.007945318631341094,0.9628571428571429,0.8057758138291163
segment,tanh,104,266,0.003972054099699897,0.9813664596273292,0.007840508128635366,0.9657142857142857,0.00816555134657497
segment,tanh,104,267,0.004192432401555304,0.9801242236024845,0.008242357606129059,0.96,0.9569901421937682
segment,tanh,104,268,0.004004494670899186,0.9801242236024845,0.007888529847430964,0.9657142857142857,1.000007958978887
segment,tanh,104,269,0.003950465862281547,0.9813664596273292,0.00789534454155063,0.9657142857142857,0.5567116605381259
segment,tanh,104,270,0.004196144721858918,0.9807453416149068,0.008053839682085439,0.96,0.4082377175563339
segment,tanh,104,271,0.003959785372509804,0.9807453416149068,0.007871935986236275,0.9657142857142857,0.0024748281824130565
segment,tanh,104,272,0.004130742721991741,0.9813664596273292,0.008227705539673063,0.96,0.17889029683497903
segment,tanh,104,273,0.003891970844767439,0.984472049689441,0.00790742300610286,0.9657142857142857,0.09961593991943464
segment,tanh,104,274,0.004044060534203289,0.9832298136645963,0.008126428921132117,0.96,1.005026032513552
segment,tanh,104,275,0.005137313086778502,0.9770186335403727,0.008629540527394446,0.96,0.9966309701812979
segment,tanh,104,276,0.003875866788311727,0.9819875776397515,0.007838173183074565,0.9628571428571429,0.9535386622112546
segment,tanh,104,277,0.0040136131325354905,0.9826086956521739,0.008086675059079767,0.96,0.20649557897221432
segment,tanh,104,278,0.004046406276258853,0.9832298136645963,0.008169101004662843,0.96,0.8893814009242479
segment,tanh,104,279,0.0038743150659297718,0.9819875776397515,0.007849490983674847,0.9685714285714285,0.21691246637148526
segment,tanh,104,280,0.011365346650831953,0.9503105590062112,0.014245168815959337,0.9371428571428572,1.0039276254938936
segment,tanh,104,281,0.0038159511813115913,0.9826086956521739,0.007869447804282203,0.9628571428571429,0.7793753676829693
segment,tanh,104,282,0.0040354445540673,0.9826086956521739,0.008239028754097636,0.96,1.0000089459453054
segment,tanh,104,283,0.0038129895430353434,0.9838509316770186,0.007922874698514822,0.9657142857142857,1.0012324734916673
segment,tanh,104,284,0.0038824614545856532,0.9857142857142858,0.008023704813749713,0.9571428571428572,0.9319397041519449
segment,tanh,104,285,0.0037561866871162197,0.9826086956521739,0.007821010080288902,0.9628571428571429,0.2538350829363161
segment,tanh,104,286,0.003874478123509395,0.9813664596273292,0.007947960539195819,0.9628571428571429,0.15185536486662815
segment,tanh,104,287,0.003738578882169606,0.986335403726708,0.007935800334694572,0.9628571428571429,0.33714128654254627
segment,tanh,104,288,0.0038586101193707908,0.9838509316770186,0.007860898569651822,0.9657142857142857,0.980705325339032
segment,tanh,104,289,0.004060544152362633,0.9832298136645963,0.00824759422772703,0.9628571428571429,0.7618964591714931
segment,tanh,104,290,0.00511522664753541,0.9788819875776398,0.008896725428855052,0.9628571428571429,1.0001837316535958
segment,tanh,104,291,0.0038240706779359185,0.9826086956521739,0.007835640265385538,0.96,0.7267188405672733
segment,tanh,104,292,0.004419168673732136,0.9807453416149068,0.008593379423497013,0.9571428571428572,0.044714803413581805
segment,tanh,104,293,0.0039006904896313273,0.9838509316770186,0.008122247004308393,0.96,0.02514732773344194
segment,tanh,104,294,0.0036397513939490853,0.9857142857142858,0.007725829416277662,0.9685714285714285,0.0501269362785013
segment,tanh,104,295,0.003721953857440506,0.9857142857142858,0.007939381103057613,0.96,0.780237459648123
segment,tanh,104,296,0.003514080843166134,0.9838509316770186,0.0077484646978674,0.9657142857142857,0.8816240786348675
segment,tanh,104,297,0.0071218479401525476,0.9695652173913043,0.011251665097632868,0.9485714285714286,1.0001401872721163
segment,tanh,104,298,0.003579037284915443,0.984472049689441,0.007619534527717101,0.9685714285714285,0.5805762588171837
segment,tanh,104,299,0.003704835317227432,0.9850931677018634,0.007972257024312191,0.96,0.05757847750745385
segment,tanh,104,300,0.0033886458653534087,0.9869565217391304,0.007645974514267574,0.9657142857142857,0.11449461414487479
segment,tanh,104,301,0.003491877456879088,0.9838509316770186,0.007615060053241683,0.9657142857142857,0.7491451847017502
segment,tanh,104,302,0.003935694619683726,0.9850931677018634,0.00790626786629716,0.96,1.0090138285494257
segment,tanh,104,303,0.0033494928067406863,0.9881987577639751,0.007518653966311047,0.9657142857142857,0.5748182397481737
segment,tanh,104,304,0.004264005436656515,0.9826086956521739,0.008332601521872074,0.9657142857142857,0.9337661869216779
segment,tanh,104,305,0.003810870508640086,0.9857142857142858,0.00807261282365173,0.9628571428571429,1.0000571039301618
segment,tanh,104,306,0.0033981474134798712,0.9888198757763975,0.007653804573388377,0.9685714285714285,0.9520733059770846
segment,tanh,104,307,0.0032847737428434247,0.9869565217391304,0.007514273581414964,0.9714285714285714,0.7972483592948123
segment,tanh,104,308,0.003260449595853941,0.986335403726708,0.007469505377132382,0.9714285714285714,0.5772456480680402
segment,tanh,104,309,0.0034764425631090335,0.9857142857142858,0.007661059135254513,0.9628571428571429,0.09008759538512875
segment,tanh,104,310,0.00422378467467178,0.9850931677018634,0.008583408779625249,0.9685714285714285,1.001824528182216
segment,tanh,104,311,0.0036089368038136295,0.9869565217391304,0.00800662859002521,0.9657142857142857,0.12797254029904312
segment,tanh,104,312,0.00332114379619893,0.9857142857142858,0.007581920324933927,0.9714285714285714,0.8454031752340383
segment,tanh,104,313,0.003207182642851249,0.9888198757763975,0.007530622933353931,0.9657142857142857,0.02855499455561521
segment,tanh,104,314,0.0034853799108337897,0.9857142857142858,0.007639996704893629,0.9657142857142857,0.6207846401273948
segment,tanh,104,315,0.003276264651497952,0.986335403726708,0.0075527211148074605,0.9685714285714285,0.054742488137668466
segment,tanh,104,316,0.0032376456213417193,0.9888198757763975,0.0076267580854666684,0.9657142857142857,0.016446044603353027
segment,tanh,104,317,0.0031179879441819588,0.9881987577639751,0.007462009273747862,0.9714285714285714,0.32082777014006236
segment,tanh,104,318,0.004184835414186781,0.9832298136645963,0.008267199300248142,0.9628571428571429,0.8086835220491282
segment,tanh,104,319,0.003332866723118682,0.9875776397515528,0.0076651027997121065,0.9657142857142857,0.10359597504980489
segment,tanh,104,320,0.0035793724740061927,0.986335403726708,0.007988533218852008,0.9628571428571429,0.29656675773480606
segment,tanh,104,321,0.0030627333866293923,0.9894409937888199,0.007298055115774843,0.9685714285714285,0.18454851987034246
segment,tanh,104,322,0.005510888627868092,0.9745341614906833,0.010193341243894049,0.9542857142857143,1.0000538032522714
segment,tanh,104,323,0.0030493813310243367,0.9888198757763975,0.007253310850794208,0.9714285714285714,0.39732557272945285
segment,tanh,104,324,0.0030135645887404334,0.9894409937888199,0.007288916370726285,0.9714285714285714,0.5955043809977079
segment,tanh,104,325,0.003110510281960552,0.9888198757763975,0.007327265173497675,0.9685714285714285,0.5569234746293663
segment,tanh,104,326,0.0029955848161221394,0.9906832298136646,0.007251807659576918,0.9685714285714285,0.15110204564278906
segment,tanh,104,327,0.003008401320009345,0.9881987577639751,0.007213987395262921,0.9714285714285714,0.9400474205890081
segment,tanh,104,328,0.003254522643164668,0.9881987577639751,0.007431516871978325,0.9685714285714285,0.2593725350129727
segment,tanh,104,329,0.0033420046600982417,0.9881987577639751,0.00736105251189171,0.9714285714285714,0.872055505191628
segment,tanh,104,330,0.003410467994765739,0.9875776397515528,0.007397789671908715,0.9657142857142857,0.7291488855694992
segment,tanh,104,331,0.0030076814023252056,0.991304347826087,0.007196700019628338,0.9714285714285714,0.420666699749694
segment,tanh,104,332,0.003444915544093246,0.9869565217391304,0.007715283236491591,0.9714285714285714,0.14089292089087516
segment,tanh,104,333,0.003002006555811727,0.9900621118012423,0.007122493876906436,0.9742857142857143,0.18224567761459132
segment,tanh,104,334,0.00291793363348834,0.9919254658385093,0.007137815772341797,0.9657142857142857,0.6899054594664801
segment,tanh,104,335,0.002951821475939202,0.9888198757763975,0.007060986930278163,0.9742857142857143,0.1821504334345201
segment,tanh,104,336,0.0032737002151973643,0.9881987577639751,0.007283623322273844,0.9628571428571429,0.14659115276646015
segment,tanh,104,337,0.003757464551594605,0.9875776397515528,0.007711207198738336,0.9771428571428571,1.0004078810036081
segment,tanh,104,338,0.002900717420517872,0.9900621118012423,0.007081251919188958,0.9714285714285714,0.01947924690712422
segment,tanh,104,339,0.002997966511433207,0.9888198757763975,0.007098720771617302,0.9714285714285714,0.20708206723794184
segment,tanh,104,340,0.005587297515483204,0.9801242236024845,0.008451364098137926,0.9628571428571429,1.0004983490158317
segment,tanh,104,341,0.0029763346744283536,0.9875776397515528,0.007093523423183071,0.9742857142857143,0.23796067044651897
segment,tanh,104,342,0.002850415898352852,0.9919254658385093,0.006995026305339855,0.9714285714285714,0.39306977278508526
segment,tanh,104,343,0.0032559881479436903,0.9881987577639751,0.0073501708207030425,0.9714285714285714,0.958664736457098
segment,tanh,104,344,0.002833380199123609,0.9900621118012423,0.0069344070441123805,0.9771428571428571,0.8221690263714737
segment,tanh,104,345,0.003012801942894251,0.9894409937888199,0.0070726888139604266,0.9742857142857143,0.4420926495747978
segment,tanh,104,346,0.0027558935231523102,0.9894409937888199,0.006930205338205051,0.9742857142857143,0.44003676889209886
segment,tanh,104,347,0.012021122877755159,0.9465838509316771,0.0147712204323884,0.9342857142857143,1.0000324634061155
segment,tanh,104,348,0.002940052313162413,0.9894409937888199,0.007154903932984301,0.9714285714285714,0.7580556098603516
segment,tanh,104,349,0.0036741589627756724,0.9875776397515528,0.007340962831453838,0.9742857142857143,1.002853706429557
segment,tanh,104,350,0.0028992602771654497,0.9906832298136646,0.006891400319416984,0.9742857142857143,0.9781174675989927
segment,tanh,105,1,0.11627150746686013,0.29627329192546586,0.11659996961888104,0.2857142857142857,1.0057933621591006
segment,tanh,105,2,0.11882038651226305,0.4503105590062112,0.1186250726375901,0.46,1.0579594493242244
segment,tanh,105,3,0.060013267680460135,0.7850931677018633,0.060916550194618425,0.7828571428571428,1.0001817731500438
segment,tanh,105,4,0.043047385761683876,0.808695652173913,0.04313235958901565,0.8057142857142857,1.0030419641533785
segment,tanh,105,5,0.03756578125204933,0.822360248447205,0.03910476236690694,0.8057142857142857,1.0042621803763139
segment,tanh,105,6,0.03372224695493146,0.8403726708074534,0.03448379960411645,0.8514285714285714,1.0000756408900275
segment,tanh,105,7,0.03481863701354256,0.8316770186335404,0.03668746598505844,0.82,1.005385870251442
segment,tanh,105,8,0.025362792103983883,0.9043478260869565,0.025955821375910324,0.9028571428571428,0.9879547650938435
segment,tanh,105,9,0.023621277185314198,0.9118012422360249,0.02435314924492372,0.9142857142857143,1.0000868966031589
segment,tanh,105,10,0.0205728089398251,0.9248447204968944,0.02156686406580151,0.9257142857142857,1.0000032068948361
segment,tanh,105,11,0.019269392529734197,0.929192546583851,0.019895433210304972,0.9171428571428571,1.0000094476125818
segment,tanh,105,12,0.019162535393949544,0.9217391304347826,0.019898606461814163,0.9142857142857143,1.0002175038511956
segment,tanh,105,13,0.0198838186375735,0.9273291925465839,0.02154260035835529,0.92,1.0026584218594108
segment,tanh,105,14,0.017429186519724388,0.9335403726708075,0.018503401343609147,0.9257142857142857,1.000157826332262
segment,tanh,105,15,0.017229082879186213,0.9322981366459627,0.01845475563748931,0.9314285714285714,1.0001689774683777
segment,tanh,105,16,0.017495502339996062,0.9267080745341615,0.018444681999279185,0.9228571428571428,1.0011635939674102
segment,tanh,105,17,0.018708557736177328,0.9254658385093167,0.020198627059928732,0.9285714285714286,1.002723008234116
segment,tanh,105,18,0.02943480950331431,0.8956521739130435,0.03171389816001293,0.8742857142857143,1.0010610264311182
segment,tanh,105,19,0.018554625073856672,0.9316770186335404,0.02036129362592109,0.9342857142857143,1.0071331358183628
segment,tanh,105,20,0.01725349027524636,0.9267080745341615,0.018249533305100443,0.92,1.0001590406935132
segment,tanh,105,21,0.01843673798290019,0.9217391304347826,0.019958338248943504,0.9228571428571428,1.001139995854493
segment,tanh,105,22,0.016354452746644283,0.9347826086956522,0.018511256820524794,0.9342857142857143,1.003415987594543
segment,tanh,105,23,0.014650548364324115,0.9372670807453416,0.01613116306862577,0.9285714285714286,1.0248057524993353
segment,tanh,105,24,0.04698655275378483,0.8285714285714286,0.049543126203150885,0.8171428571428572,1.000636361253323
segment,tanh,105,25,0.0173986494823386,0.9248447204968944,0.018566645522475608,0.92,1.0017369924637243
segment,tanh,105,26,0.014688441917131742,0.9385093167701863,0.016691786677344896,0.9342857142857143,1.0013557962153765
segment,tanh,105,27,0.016442735374367357,0.9267080745341615,0.01767456566037092,0.9228571428571428,1.0002617330622519
segment,tanh,105,28,0.014744797286743067,0.9347826086956522,0.016322442294316047,0.9285714285714286,0.9975416429165097
segment,tanh,105,29,0.013546016994026694,0.9385093167701863,0.015494597854405557,0.9285714285714286,0.9074666281967175
segment,tanh,105,30,0.013290031163516697,0.9397515527950311,0.01515582620720204,0.9342857142857143,0.9540532242987126
segment,tanh,105,31,0.01316110701336513,0.9490683229813665,0.015155417997057751,0.9428571428571428,0.8704755407681009
segment,tanh,105,32,0.014520938788614414,0.9347826086956522,0.015949586690623074,0.9285714285714286,0.9175602789255436
segment,tanh,105,33,0.02066254193079749,0.9080745341614906,0.023452994113806715,0.8885714285714286,1.0000066665541159
segment,tanh,105,34,0.014289225262778564,0.9422360248447205,0.015891669438369557,0.9257142857142857,1.0000072303723921
segment,tanh,105,35,0.01358724019568258,0.9503105590062112,0.015896491329203687,0.94,1.0001010652424323
segment,tanh,105,36,0.01299496613939113,0.9428571428571428,0.015338819880192289,0.9314285714285714,1.0000899986481437
segment,tanh,105,37,0.012502578887041114,0.9440993788819876,0.014545894825042009,0.9285714285714286,0.5758988532582159
segment,tanh,105,38,0.012332262086131272,0.9440993788819876,0.014453751950655942,0.9314285714285714,0.9848023081164696
segment,tanh,105,39,0.014524962280974283,0.929192546583851,0.016429692132722704,0.9342857142857143,1.0047696214818522
segment,tanh,105,40,0.02002134168644599,0.9111801242236025,0.022615027468053613,0.8914285714285715,1.0000199406627999
segment,tanh,105,41,0.011852113650101947,0.9527950310559006,0.01425190649985195,0.9428571428571428,0.6084840568159828
segment,tanh,105,42,0.011767844746146335,0.953416149068323,0.014157286486497693,0.94,0.9786882552270761
segment,tanh,105,43,0.01147145527149723,0.9465838509316771,0.013736631314661043,0.9342857142857143,0.9610551335289382
segment,tanh,105,44,0.011757395234272038,0.9465838509316771,0.013771995749958039,0.9285714285714286,0.9720107443131949
segment,tanh,105,45,0.011644567384674431,0.9521739130434783,0.01375764925553679,0.9342857142857143,1.001341306528272
segment,tanh,105,46,0.017618179823492543,0.931055900621118,0.018731744746298244,0.9314285714285714,1.0018831603017258
segment,tanh,105,47,0.012007715108646838,0.9465838509316771,0.014151941596478623,0.9371428571428572,1.0000827156093985
segment,tanh,105,48,0.012049755940089803,0.9478260869565217,0.013992269216155068,0.9314285714285714,0.9659287134352583
segment,tanh,105,49,0.011540904516183973,0.9515527950310559,0.013628012210339822,0.94,0.9812361386605848
segment,tanh,105,50,0.018812316870559214,0.922360248447205,0.021619884127498528,0.9142857142857143,1.0000291176530904
segment,tanh,105,51,0.010268107935934925,0.9546583850931677,0.012854088604042906,0.9371428571428572,0.48107756055870143
segment,tanh,105,52,0.016313103501646508,0.9298136645962732,0.01737739578175822,0.9314285714285714,1.0000319855168427
segment,tanh,105,53,0.013590587958188108,0.9409937888198758,0.015967641223875024,0.9257142857142857,1.0003033929631235
segment,tanh,105,54,0.011064826563785334,0.9552795031055901,0.0134045825009999,0.9428571428571428,1.0215743699334474
segment,tanh,105,55,0.010477947921656036,0.9527950310559006,0.01324343512954683,0.94,0.9973842750146052
segment,tanh,105,56,0.010108497970253486,0.9571428571428572,0.012806080306571863,0.9342857142857143,1.0000004917522238
segment,tanh,105,57,0.009536391064959685,0.9583850931677018,0.012428565908030197,0.9457142857142857,0.33282956553452325
segment,tanh,105,58,0.009839229374881422,0.9583850931677018,0.012540790427298616,0.9457142857142857,0.9944840028478047
segment,tanh,105,59,0.014666631713703492,0.9304347826086956,0.017179141240230844,0.9142857142857143,1.0000012572208594
segment,tanh,105,60,0.010148156715403344,0.9571428571428572,0.012908998832255898,0.9457142857142857,1.0003553370900453
segment,tanh,105,61,0.009298687685318366,0.9596273291925466,0.011958468900380813,0.94,1.0000362718514113
segment,tanh,105,62,0.009238387364818513,0.9602484472049689,0.012121024946556539,0.9485714285714286,0.9478032023442048
segment,tanh,105,63,0.010853556480105138,0.9540372670807453,0.013675097502243003,0.9371428571428572,0.8401961460172711
segment,tanh,105,64,0.009479120109685223,0.962111801242236,0.011820978647558622,0.9457142857142857,0.5888908981576002
segment,tanh,105,65,0.0097430977024954,0.9583850931677018,0.012285258291735178,0.94,0.9961143061742536
segment,tanh,105,66,0.011296903479515482,0.953416149068323,0.01383123425981611,0.94,1.0003674828932956
segment,tanh,105,67,0.014165410510267701,0.931055900621118,0.016579135871985153,0.9142857142857143,1.0008368507802319
segment,tanh,105,68,0.008693603967526173,0.9633540372670808,0.011041689175777,0.9485714285714286,0.7562176633419319
segment,tanh,105,69,0.009689797599626088,0.9565217391304348,0.01272178682154167,0.9485714285714286,1.0000247493770105
segment,tanh,105,70,0.013119203544968832,0.9347826086956522,0.015258263753461468,0.9257142857142857,1.0000404201308064
segment,tanh,105,71,0.009029465318452272,0.962111801242236,0.011372669349826173,0.94,0.3775678025799787
segment,tanh,105,72,0.011324428504147669,0.9521739130434783,0.013215493726537157,0.9457142857142857,1.0000028977176987
segment,tanh,105,73,0.008361071491063821,0.9652173913043478,0.010956079281548488,0.9485714285714286,0.7865236786589259
segment,tanh,105,74,0.012781217410947666,0.9453416149068323,0.014262171138390971,0.9428571428571428,1.000300369854379
segment,tanh,105,75,0.008782713518187534,0.9658385093167702,0.011148319140266112,0.9485714285714286,1.000025128870644
segment,tanh,105,76,0.008264040375228378,0.9633540372670808,0.010859435159490258,0.9485714285714286,1.0000094529364736
segment,tanh,105,77,0.008836571534739934,0.9633540372670808,0.011157273654823732,0.9428571428571428,1.0000520196572484
segment,tanh,105,78,0.01394253607538253,0.9385093167701863,0.016462753084964716,0.9285714285714286,1.001693825252908
segment,tanh,105,79,0.008593400132670485,0.9645962732919254,0.011111271238472512,0.9485714285714286,0.9377835436643123
segment,tanh,105,80,0.010563379731698038,0.9509316770186336,0.012472786133316465,0.9457142857142857,1.0053724473733863
segment,tanh,105,81,0.009753505415919331,0.9527950310559006,0.011802109677012158,0.9514285714285714,1.0000090124970682
segment,tanh,105,82,0.011235870667044167,0.9496894409937888,0.013826697333898994,0.94,1.0019307897259102
segment,tanh,105,83,0.011974077216450501,0.9440993788819876,0.013682307677401997,0.9342857142857143,1.0009503321489415
segment,tanh,105,84,0.00872734782480375,0.9633540372670808,0.011718015296155168,0.9457142857142857,0.9999731222521484
segment,tanh,105,85,0.008150594233975055,0.9658385093167702,0.010778274701454727,0.9485714285714286,1.0000042881879718
segment,tanh,105,86,0.020637383184529467,0.9093167701863354,0.023084387979243032,0.9085714285714286,1.000001187046654
segment,tanh,105,87,0.009020173673222893,0.9652173913043478,0.011565952577991739,0.9457142857142857,0.9972147355073172
segment,tanh,105,88,0.007800617647920913,0.9658385093167702,0.010451007077787908,0.9542857142857143,0.7118755102950503
segment,tanh,105,89,0.009990397887552592,0.9565217391304348,0.012047650382835172,0.9485714285714286,0.9974156810437778
segment,tanh,105,90,0.014539991121772107,0.9329192546583851,0.01638505775303606,0.9228571428571428,1.0000437603018173
segment,tanh,105,91,0.00866894887327364,0.9627329192546584,0.010926191873772112,0.9514285714285714,1.0000387398326351
segment,tanh,105,92,0.0075344691733866985,0.9664596273291925,0.010304108652311263,0.9485714285714286,0.44801110775464226
segment,tanh,105,93,0.017103119844234096,0.9217391304347826,0.01890192784276498,0.9171428571428571,1.0000262281344205
segment,tanh,105,94,0.008848719994708612,0.9645962732919254,0.011368129164030316,0.9457142857142857,1.0000694865829027
segment,tanh,105,95,0.014231938189952262,0.9341614906832298,0.01606570243660604,0.9171428571428571,1.000000055555529
segment,tanh,105,96,0.007509218098745014,0.9695652173913043,0.0101482187489031,0.9485714285714286,0.29026684071402076
segment,tanh,105,97,0.0075700772064851585,0.9670807453416149,0.009824204924494524,0.9571428571428572,0.7600949700099044
segment,tanh,105,98,0.007865080171022306,0.9670807453416149,0.010707123917885423,0.9514285714285714,0.6977500711400604
segment,tanh,105,99,0.01197446567837974,0.9472049689440993,0.01370620887063193,0.9371428571428572,1.0013376296462093
segment,tanh,105,100,0.007242741724867773,0.9677018633540373,0.009950852408370467,0.9514285714285714,0.09386517238707719
segment,tanh,105,101,0.008871463096412307,0.9602484472049689,0.011107932016072823,0.9457142857142857,1.000336005865004
segment,tanh,105,102,0.007305706948926763,0.9695652173913043,0.009691518190326529,0.96,0.9988854234459504
segment,tanh,105,103,0.01180921056283935,0.9440993788819876,0.01370511732235412,0.9314285714285714,1.002731147348484
segment,tanh,105,104,0.007758523674168123,0.9664596273291925,0.010232080146163449,0.9542857142857143,0.6826472890640568
segment,tanh,105,105,0.00823134343852328,0.9633540372670808,0.010717252500609838,0.9542857142857143,1.0084608146603684
segment,tanh,105,106,0.007190951677243947,0.9695652173913043,0.009832539463084863,0.9571428571428572,0.34775833718449856
segment,tanh,105,107,0.007138272983203464,0.968944099378882,0.009598157568897155,0.9571428571428572,0.43773245082765866
segment,tanh,105,108,0.00700719404629197,0.9695652173913043,0.00952809669517731,0.9571428571428572,0.9259812171513865
segment,tanh,105,109,0.008577906459185297,0.9683229813664597,0.010672898513130323,0.96,1.0056318043421821
segment,tanh,105,110,0.009428804622220833,0.9552795031055901,0.011763315356192518,0.9485714285714286,1.0010386682771863
segment,tanh,105,111,0.007217964240320312,0.9701863354037267,0.009873699490971239,0.9542857142857143,0.16332497897003542
segment,tanh,105,112,0.006848651714972631,0.9720496894409938,0.009374054046143481,0.9571428571428572,0.6603380418322891
segment,tanh,105,113,0.007007951389371142,0.9701863354037267,0.00955858073666809,0.9542857142857143,0.9887532319747079
segment,tanh,105,114,0.006749937960055753,0.9720496894409938,0.009083890185910397,0.9571428571428572,0.9280684226926631
segment,tanh,105,115,0.007443092124221319,0.9683229813664597,0.009695395723253074,0.9514285714285714,0.9828043188163457
segment,tanh,105,116,0.007398223423833158,0.9652173913043478,0.009232377665535703,0.96,1.0003059445144087
segment,tanh,105,117,0.006982440209334829,0.970807453416149,0.009269680941373967,0.96,0.9975653960265826
segment,tanh,105,118,0.006843685397106114,0.9701863354037267,0.009201197294442746,0.9542857142857143,0.9946346174490626
segment,tanh,105,119,0.0064410961394255565,0.9732919254658385,0.008905184629968168,0.96,0.43820572119552875
segment,tanh,105,120,0.007188814445752474,0.968944099378882,0.009484125142444394,0.9542857142857143,0.22514181808342165
segment,tanh,105,121,0.012269083264113372,0.9434782608695652,0.013596829962197274,0.9428571428571428,1.0000845746404394
segment,tanh,105,122,0.014140053307265447,0.9397515527950311,0.015733361460586324,0.9285714285714286,1.000000206084105
segment,tanh,105,123,0.00790161714811792,0.9670807453416149,0.009473231601169425,0.96,1.0000012680372596
segment,tanh,105,124,0.012409777956872212,0.9366459627329192,0.014713340602844396,0.9285714285714286,1.0000176975564887
segment,tanh,105,125,0.006376112077139829,0.9732919254658385,0.00885792648337806,0.9542857142857143,0.6192400408307283
segment,tanh,105,126,0.007507372375511482,0.9670807453416149,0.010126387073014668,0.9542857142857143,0.15367351817212976
segment,tanh,105,127,0.016420348713769493,0.9273291925465839,0.016696185037994936,0.9314285714285714,1.00039409932272
segment,tanh,105,128,0.0066144054653042884,0.9714285714285714,0.009212446796472122,0.9542857142857143,0.9643590068615305
segment,tanh,105,129,0.0065021034214239,0.9720496894409938,0.009090665001662883,0.9542857142857143,0.9975885489737634
segment,tanh,105,130,0.006211857185568137,0.9732919254658385,0.008731401663662134,0.9571428571428572,0.049372210845912395
segment,tanh,105,131,0.009372087716259482,0.9633540372670808,0.011284336089945068,0.9542857142857143,1.0001401784649238
segment,tanh,105,132,0.006073568454519056,0.9757763975155279,0.008462907406365065,0.9628571428571429,0.5985621285465963
segment,tanh,105,133,0.006295752532392703,0.9732919254658385,0.008690722020798139,0.9571428571428572,0.9275736686145203
segment,tanh,105,134,0.009179710819059444,0.9590062111801242,0.01047481217845511,0.9542857142857143,1.0000003240751578
segment,tanh,105,135,0.006879100272568622,0.9695652173913043,0.009630029701282294,0.9542857142857143,0.9889856196492565
segment,tanh,105,136,0.006750677124671345,0.9677018633540373,0.008930316758902492,0.9571428571428572,0.4723018971531723
segment,tanh,105,137,0.009709211569940673,0.9559006211180124,0.011470405538828587,0.9485714285714286,1.0000015360554844
segment,tanh,105,138,0.011800324133073664,0.94472049689441,0.014170824515102596,0.9257142857142857,1.0001089190652415
segment,tanh,105,139,0.00596409541206851,0.9739130434782609,0.008566614570741933,0.9571428571428572,0.039842502671858085
segment,tanh,105,140,0.006232146707288945,0.9726708074534162,0.00850265219723485,0.96,0.9699265808148047
segment,tanh,105,141,0.006819581329447702,0.9695652173913043,0.008865169712878023,0.9571428571428572,0.9994007347895884
segment,tanh,105,142,0.02626611850944776,0.8981366459627329,0.026922078924590965,0.8914285714285715,1.0000003250111336
segment,tanh,105,143,0.00637403964285387,0.9732919254658385,0.00907030466400083,0.96,1.0000001795854492
segment,tanh,105,144,0.010664512262400722,0.9527950310559006,0.01209617995230631,0.9428571428571428,1.0000013186822132
segment,tanh,105,145,0.009728346368228873,0.9509316770186336,0.012230803006858677,0.9371428571428572,1.0014118843825177
segment,tanh,105,146,0.006253855955595502,0.9695652173913043,0.008506808094670288,0.96,0.9418701840198991
segment,tanh,105,147,0.007443531250163672,0.9652173913043478,0.00912936600418251,0.96,1.0001638568967637
segment,tanh,105,148,0.005777159985178143,0.9751552795031055,0.008250565922443736,0.9628571428571429,0.055938760411914555
segment,tanh,105,149,0.005775005810669656,0.977639751552795,0.00852866665661652,0.96,0.8897506660313202
segment,tanh,105,150,0.005542954164755377,0.9757763975155279,0.008226294944642228,0.9628571428571429,1.0000027548071737
segment,tanh,105,151,0.005685990831088379,0.9782608695652174,0.008482471664251475,0.96,0.08738815001329268
segment,tanh,105,152,0.005420113164897,0.9770186335403727,0.008100842770884843,0.9628571428571429,1.0000134098658169
segment,tanh,105,153,0.005556689112938001,0.9757763975155279,0.008143451953956517,0.96,0.041006615167110745
segment,tanh,105,154,0.005669365458963409,0.9751552795031055,0.008446156708490825,0.96,0.1968341828563415
segment,tanh,105,155,0.013025903395386474,0.9422360248447205,0.01484324146634654,0.9285714285714286,1.000006442428117
segment,tanh,105,156,0.00527274409477251,0.9782608695652174,0.007871018974650324,0.9657142857142857,0.0970258567516066
segment,tanh,105,157,0.007679108108745494,0.9670807453416149,0.00991572328304865,0.96,1.000081314222434
segment,tanh,105,158,0.007735320604647839,0.9726708074534162,0.010447829160772732,0.96,1.000010558696961
segment,tanh,105,159,0.005788129413754155,0.9763975155279503,0.008375896690634328,0.9628571428571429,0.9715002792653078
segment,tanh,105,160,0.013261359490155854,0.9385093167701863,0.015497720572853223,0.9285714285714286,1.0002924987136352
segment,tanh,105,161,0.00600861068182828,0.9745341614906833,0.009201671347047267,0.96,0.9997603525881978
segment,tanh,105,162,0.005062216397530995,0.9788819875776398,0.008034809088075781,0.9628571428571429,0.40704110563002044
segment,tanh,105,163,0.00499911104803096,0.9795031055900622,0.00794186813374642,0.9628571428571429,0.0975637730066739
segment,tanh,105,164,0.005029736315459384,0.9788819875776398,0.007950115842568656,0.9628571428571429,0.10401234266001881
segment,tanh,105,165,0.009150820537519035,0.9559006211180124,0.011332565820798836,0.9542857142857143,1.0000469693915175
segment,tanh,105,166,0.005376057466997365,0.9782608695652174,0.00814535109917249,0.9628571428571429,0.041849957871543365
segment,tanh,105,167,0.007222085391388334,0.9670807453416149,0.009058962078336842,0.9571428571428572,1.0000209651147263
segment,tanh,105,168,0.005580398371592738,0.9751552795031055,0.00892958497330894,0.9685714285714285,0.9833303658112598
segment,tanh,105,169,0.007784324153453702,0.9633540372670808,0.010913331976541174,0.9514285714285714,1.0074901704895758
segment,tanh,105,170,0.006293560349129645,0.9763975155279503,0.009167994459507459,0.96,1.0003719131468602
segment,tanh,105,171,0.00496074379858589,0.9795031055900622,0.007919440465936367,0.9685714285714285,1.0000000021576207
segment,tanh,105,172,0.008390619654530626,0.9658385093167702,0.009858429586605502,0.96,1.0000040726298085
segment,tanh,105,173,0.005135863222284642,0.977639751552795,0.008019583046725441,0.96,0.0828863442238665
segment,tanh,105,174,0.00996129457184505,0.9577639751552796,0.012518238781598594,0.9514285714285714,1.0000005246099095
segment,tanh,105,175,0.006071078797521907,0.9751552795031055,0.008645980694101534,0.96,0.9944818915186736
segment,tanh,105,176,0.005678152221689132,0.9751552795031055,0.009665260260806016,0.96,0.9999963135386484
segment,tanh,105,177,0.0055592345311396025,0.9757763975155279,0.009089106902979588,0.9571428571428572,0.9321654025832028
segment,tanh,105,178,0.005627155059307359,0.977639751552795,0.009144990874511389,0.9657142857142857,1.0001116616863117
segment,tanh,105,179,0.005031395504038799,0.9795031055900622,0.008318615823331528,0.9628571428571429,0.9199689365716955
segment,tanh,105,180,0.004789983577121606,0.9801242236024845,0.008333963769763496,0.9628571428571429,1.0000903815367486
segment,tanh,105,181,0.0049621813948284655,0.9795031055900622,0.008468426216226097,0.9628571428571429,0.998487455035038
segment,tanh,105,182,0.005167273303520451,0.977639751552795,0.008695908109800629,0.9628571428571429,0.7639171653446604
segment,tanh,105,183,0.004708393296897226,0.9801242236024845,0.00830981497263349,0.9628571428571429,0.2534271709593418
segment,tanh,105,184,0.004742528179793027,0.9795031055900622,0.008295929978475924,0.96,0.1610045100686071
segment,tanh,105,185,0.00957924543097197,0.9583850931677018,0.011165600745317972,0.9485714285714286,1.0000152102011424
segment,tanh,105,186,0.011011234062308617,0.9496894409937888,0.014679593922663154,0.9371428571428572,1.000003174958176
segment,tanh,105,187,0.004997605152402703,0.9826086956521739,0.008878021397050382,0.9571428571428572,0.9942420244883069
segment,tanh,105,188,0.004822576916632722,0.9801242236024845,0.008627098756123067,0.9571428571428572,1.000371287288034
segment,tanh,105,189,0.004847045565211764,0.977639751552795,0.008612794531949526,0.96,0.23181926004596418
segment,tanh,105,190,0.004572825889183996,0.9826086956521739,0.00829838598716738,0.9628571428571429,0.5751658376229518
segment,tanh,105,191,0.011793245618021106,0.9434782608695652,0.01472097102112816,0.9342857142857143,1.0106589802205783
segment,tanh,105,192,0.004756093027343548,0.9801242236024845,0.00840332917100411,0.9628571428571429,0.3537963118947461
segment,tanh,105,193,0.005107579489328756,0.9807453416149068,0.008243208550177074,0.9628571428571429,0.9665661199209986
segment,tanh,105,194,0.006412707507335091,0.970807453416149,0.008823918049634286,0.96,1.0001176931409061
segment,tanh,105,195,0.004869401615958226,0.9795031055900622,0.008437692305367143,0.96,0.9695398543226523
segment,tanh,105,196,0.004608760322532925,0.9788819875776398,0.008712552777884786,0.9628571428571429,0.7438493143661715
segment,tanh,105,197,0.004647502518797207,0.9801242236024845,0.008609353636541856,0.96,0.48859072307729995
segment,tanh,105,198,0.004708469375449,0.9807453416149068,0.008390710954051613,0.9628571428571429,0.1840052260775512
segment,tanh,105,199,0.004474414928339977,0.9819875776397515,0.008432780188126477,0.9628571428571429,0.9221414479103445
segment,tanh,105,200,0.006579538538596326,0.9770186335403727,0.010367991921115493,0.9542857142857143,0.9998339446563892
segment,tanh,105,201,0.007340058203202523,0.9683229813664597,0.009783486951234162,0.9542857142857143,0.9980533808347591
segment,tanh,105,202,0.007586897589076842,0.9658385093167702,0.011094822581379287,0.9628571428571429,1.0000278606628632
segment,tanh,105,203,0.0044445555330673,0.9826086956521739,0.008425778556264914,0.9571428571428572,0.13202407287060805
segment,tanh,105,204,0.004656496414850926,0.9795031055900622,0.008708939981514535,0.96,0.8796217883766396
segment,tanh,105,205,0.0044273800275875476,0.9819875776397515,0.00838762495860402,0.96,0.20868006703346717
segment,tanh,105,206,0.009759886298208587,0.953416149068323,0.013209628111898608,0.9371428571428572,1.000008962980869
segment,tanh,105,207,0.004674721059272705,0.9801242236024845,0.008361940097516011,0.96,1.0002724830510799
segment,tanh,105,208,0.012756287315299342,0.9434782608695652,0.015617865444292327,0.9285714285714286,1.0000655506821492
segment,tanh,105,209,0.00455790882693111,0.9813664596273292,0.008498378485488853,0.96,0.08826553797424183
segment,tanh,105,210,0.004428772743280636,0.9819875776397515,0.008747265909262962,0.9628571428571429,1.0000315458028661
segment,tanh,105,211,0.005722675182074275,0.9745341614906833,0.009167396770892108,0.9542857142857143,0.47472306187886576
segment,tanh,105,212,0.004735417248358621,0.9801242236024845,0.00857813073689463,0.9628571428571429,0.3307684548264614
segment,tanh,105,213,0.004211130790363251,0.984472049689441,0.008387120262451326,0.9628571428571429,0.20917099753379026
segment,tanh,105,214,0.00506353477314731,0.9795031055900622,0.008712815287518673,0.9571428571428572,0.6544813547094993
segment,tanh,105,215,0.0046066075233281425,0.9801242236024845,0.008546079227881826,0.96,1.0000430691476945
segment,tanh,105,216,0.0043739451902623915,0.9819875776397515,0.008544045067267211,0.9571428571428572,0.9584373926214506
segment,tanh,105,217,0.004238309247666598,0.9857142857142858,0.008188357067939899,0.9628571428571429,0.35119635817638667
segment,tanh,105,218,0.004182816208248347,0.9850931677018634,0.008431787543182143,0.96,0.2503798956314096
segment,tanh,105,219,0.005884016224325447,0.9757763975155279,0.00910618920169074,0.9628571428571429,1.0000975349342442
segment,tanh,105,220,0.004256250852632036,0.9813664596273292,0.00835749619039298,0.96,0.8296072417849796
segment,tanh,105,221,0.005465785518277876,0.9801242236024845,0.00928420030563993,0.9628571428571429,1.0033399639317238
segment,tanh,105,222,0.007239403273943683,0.9763975155279503,0.009994114518644999,0.96,1.0000010361573437
segment,tanh,105,223,0.004100428076498163,0.9832298136645963,0.008112939888873757,0.9628571428571429,1.0000018444748955
segment,tanh,105,224,0.00707522105570423,0.9763975155279503,0.009835984405699699,0.9628571428571429,1.0000009789661382
segment,tanh,105,225,0.004240130934360567,0.9813664596273292,0.008258494928818187,0.9628571428571429,0.021800719824303483
segment,tanh,105,226,0.0050479041424926355,0.9788819875776398,0.009017321396787951,0.9542857142857143,0.9999390236525365
segment,tanh,105,227,0.004130814418295213,0.9832298136645963,0.008120939735615023,0.9657142857142857,0.17842198517690588
segment,tanh,105,228,0.004128112996855097,0.9850931677018634,0.008386338328681424,0.9628571428571429,0.9866533726812299
segment,tanh,105,229,0.00423510049856857,0.9850931677018634,0.00800640801705951,0.9714285714285714,1.0000098986743775
segment,tanh,105,230,0.008958859880839358,0.962111801242236,0.011691233308771065,0.9485714285714286,1.0000252432706478
segment,tanh,105,231,0.004143266325248627,0.986335403726708,0.008067839969692875,0.9657142857142857,0.5861878526287712
segment,tanh,105,232,0.004173401373654117,0.9826086956521739,0.008033253913982937,0.9657142857142857,0.1616775905048261
segment,tanh,105,233,0.004065654581262575,0.9826086956521739,0.008099138175510725,0.9628571428571429,0.4302828563215031
segment,tanh,105,234,0.00404437675169622,0.984472049689441,0.008420242188291727,0.96,0.4121909346591781
segment,tanh,105,235,0.005122790344142272,0.977639751552795,0.009135102112618353,0.9542857142857143,1.0000034092378611
segment,tanh,105,236,0.011073569940385514,0.9490683229813665,0.014585410871975391,0.9371428571428572,1.0000651517456853
segment,tanh,105,237,0.004261206088041342,0.9857142857142858,0.008065784099528689,0.9742857142857143,0.9912716024244386
segment,tanh,105,238,0.004482302336137582,0.9813664596273292,0.008416922200989028,0.96,0.6891160936579477
segment,tanh,105,239,0.004280348481120066,0.9813664596273292,0.008460462357601598,0.96,0.08969903197750528
segment,tanh,105,240,0.0065450613934635036,0.9720496894409938,0.010182238149928892,0.96,1.0000049772633002
segment,tanh,105,241,0.005811528941211695,0.9745341614906833,0.009255925021898903,0.9571428571428572,0.9999999429722397
segment,tanh,105,242,0.005787921708197839,0.9757763975155279,0.009524794391251304,0.96,1.0000000431765053
segment,tanh,105,243,0.005707351467245559,0.9745341614906833,0.010046344038136394,0.9571428571428572,0.9963664765965728
segment,tanh,105,244,0.011916495132551228,0.9484472049689441,0.01506782822121245,0.9314285714285714,0.9999981155235937
segment,tanh,105,245,0.0040265440308916035,0.9826086956521739,0.008544375128951034,0.9571428571428572,0.04394333963048508
segment,tanh,105,246,0.005452166263790946,0.9751552795031055,0.00994719758156759,0.9628571428571429,0.9911660893280426
segment,tanh,105,247,0.004670310007877484,0.9782608695652174,0.009275594511770487,0.96,0.9930782484982742
segment,tanh,105,248,0.01389142331253778,0.9391304347826087,0.01710230263308281,0.9314285714285714,1.0000092927529038
segment,tanh,105,249,0.00406715987020099,0.9832298136645963,0.008700857121008262,0.9571428571428572,0.9907980813499864
segment,tanh,105,250,0.003963961519876712,0.9838509316770186,0.008450224306044236,0.9628571428571429,0.14942597373740255
segment,tanh,105,251,0.003902693325985393,0.986335403726708,0.008313616521633111,0.9685714285714285,0.5806256176666558
segment,tanh,105,252,0.0038527932244037527,0.9850931677018634,0.008171825449101907,0.9571428571428572,0.31664410249015956
segment,tanh,105,253,0.003800274893626362,0.9857142857142858,0.008272125836655769,0.96,0.03960214270287381
segment,tanh,105,254,0.00402753455776666,0.9819875776397515,0.00860030425167845,0.9571428571428572,0.3171559124921738
segment,tanh,105,255,0.003974803324661502,0.9838509316770186,0.008166511973601027,0.9657142857142857,0.8938115125560389
segment,tanh,105,256,0.004247297409176815,0.9801242236024845,0.008959904114031239,0.9571428571428572,1.0003496811634711
segment,tanh,105,257,0.005358014959508653,0.977639751552795,0.009916843191547297,0.96,0.9991751462670158
segment,tanh,105,258,0.003729487324100194,0.986335403726708,0.008287725657693153,0.9657142857142857,0.7539809065150924
segment,tanh,105,259,0.0037214792737196027,0.9857142857142858,0.008323324952466304,0.9657142857142857,0.05106081604805903
segment,tanh,105,260,0.0038112749199874204,0.9857142857142858,0.008488400253442984,0.96,0.5894250332510134
segment,tanh,105,261,0.003853663262065911,0.9832298136645963,0.008297656712688378,0.96,0.4234485763568801
segment,tanh,105,262,0.0041503426509563925,0.9795031055900622,0.009176768062990377,0.9542857142857143,1.000025035351209
segment,tanh,105,263,0.0038410782660788442,0.9850931677018634,0.008660126364274308,0.9571428571428572,0.2140225808101118
segment,tanh,105,264,0.003823945501987122,0.984472049689441,0.008497431128329763,0.96,0.19118493727760655
segment,tanh,105,265,0.005466486194825021,0.9795031055900622,0.009125523326710582,0.96,1.00014863748754
segment,tanh,105,266,0.003908634221851907,0.9826086956521739,0.008382269718861805,0.9571428571428572,0.24312448190905944
segment,tanh,105,267,0.0037329952554131635,0.9838509316770186,0.008435769970939895,0.9628571428571429,0.8422281134740015
segment,tanh,105,268,0.0038632315966106636,0.9838509316770186,0.008487733178043024,0.9628571428571429,0.009714524180052237
segment,tanh,105,269,0.003855332137531111,0.9832298136645963,0.008256533835615833,0.9685714285714285,0.9461490009270087
segment,tanh,105,270,0.0036628024362564547,0.9857142857142858,0.008327490909925338,0.96,0.22924314721305272
segment,tanh,105,271,0.0036259559562901583,0.9857142857142858,0.008318560751406419,0.9571428571428572,0.33362630396026105
segment,tanh,105,272,0.0036808926292964286,0.986335403726708,0.008495138772733456,0.9571428571428572,0.23993308963107254
segment,tanh,105,273,0.004415467148439455,0.9813664596273292,0.008550161475575184,0.9628571428571429,1.0003623252082483
segment,tanh,105,274,0.005268864250464195,0.9751552795031055,0.009482710232778694,0.9514285714285714,1.0003805170786209
segment,tanh,105,275,0.003733301279783675,0.9850931677018634,0.0083784816046512,0.9571428571428572,0.672288763447579
segment,tanh,105,276,0.00395733518139079,0.9819875776397515,0.008837997960176881,0.9571428571428572,0.8221723924523882
segment,tanh,105,277,0.0036257705263705153,0.9850931677018634,0.008261993667880885,0.96,0.7226840218115614
segment,tanh,105,278,0.0036762697201515623,0.9869565217391304,0.008355053451124713,0.96,0.038562031955492
segment,tanh,105,279,0.003588822597155828,0.9869565217391304,0.008131001055466503,0.9685714285714285,0.15691232893727752
segment,tanh,105,280,0.003583627661192659,0.9875776397515528,0.00820490966016052,0.9628571428571429,0.052832627502280766
segment,tanh,105,281,0.0035980919231947558,0.984472049689441,0.008412761443187993,0.9571428571428572,0.011510741326391322
segment,tanh,105,282,0.004742418284989264,0.9788819875776398,0.008954484909638485,0.9514285714285714,1.0001259332874626
segment,tanh,105,283,0.0036711483499363862,0.986335403726708,0.008449274554126305,0.96,1.0001257876596987
segment,tanh,105,284,0.007679469534948093,0.9633540372670808,0.011659452258264721,0.9428571428571428,1.0042386111681587
segment,tanh,105,285,0.003804718183852327,0.984472049689441,0.008425116918668846,0.9571428571428572,0.36038921699025916
segment,tanh,105,286,0.0035881362135183966,0.9850931677018634,0.008232628011704076,0.9657142857142857,0.4217061087427436
segment,tanh,105,287,0.003620183317960729,0.9850931677018634,0.00840446308287123,0.9542857142857143,0.5552031575441558
segment,tanh,105,288,0.003938695757256831,0.9832298136645963,0.008308067536264884,0.96,0.02116618962700661
segment,tanh,105,289,0.003539757586541512,0.9869565217391304,0.008323860442494217,0.9571428571428572,0.2640081963488295
segment,tanh,105,290,0.003523467172244792,0.9869565217391304,0.008361567644729576,0.9571428571428572,0.1514836926229667
segment,tanh,105,291,0.004853435461221433,0.9782608695652174,0.009868532053958982,0.9485714285714286,1.0003644187160359
segment,tanh,105,292,0.003609099775300213,0.9838509316770186,0.00815481502403796,0.96,0.4491638514393687
segment,tanh,105,293,0.003801546901714999,0.9832298136645963,0.008761147875052056,0.9542857142857143,1.0001964197296935
segment,tanh,105,294,0.0035050890625551467,0.9857142857142858,0.008302041035644175,0.9571428571428572,0.03335214968125812
segment,tanh,105,295,0.003558527292910834,0.9869565217391304,0.008496543044847463,0.9542857142857143,0.40183706069853503
segment,tanh,105,296,0.0036374441495694246,0.9832298136645963,0.008369457560519235,0.9571428571428572,0.05335016216065395
segment,tanh,105,297,0.003560148902014972,0.9838509316770186,0.008487351430049342,0.9542857142857143,0.5024414870717443
segment,tanh,105,298,0.0036074337188093234,0.9838509316770186,0.008649056618381829,0.9571428571428572,0.958945944266209
segment,tanh,105,299,0.003480356859600119,0.986335403726708,0.008316196667416802,0.9628571428571429,0.12793823863829978
segment,tanh,105,300,0.003598906856948104,0.9838509316770186,0.008492262298372258,0.9542857142857143,0.8010046116175275
segment,tanh,105,301,0.004585245093420405,0.9788819875776398,0.008859572688656664,0.9628571428571429,0.73412698832887
segment,tanh,105,302,0.003436757285778822,0.986335403726708,0.008376504900005901,0.9571428571428572,0.824602450753842
segment,tanh,105,303,0.003502518724981843,0.9850931677018634,0.00836775067754375,0.9657142857142857,0.5875204172420458
segment,tanh,105,304,0.0038665605270871337,0.9826086956521739,0.008540325734830658,0.9628571428571429,0.021852788960215336
segment,tanh,105,305,0.0034682741861552786,0.986335403726708,0.00837083381630633,0.96,0.24865483928718402
segment,tanh,105,306,0.0035415207785887593,0.9857142857142858,0.008580964765118498,0.9514285714285714,0.20670558186724616
segment,tanh,105,307,0.003392692950189645,0.986335403726708,0.008239166037813278,0.9657142857142857,0.04945596766989157
segment,tanh,105,308,0.004047059052905476,0.9819875776397515,0.008762605053216929,0.9542857142857143,1.0002291697390784
segment,tanh,105,309,0.0038698415984257458,0.9832298136645963,0.009108536029877422,0.9514285714285714,1.0001725163264168
segment,tanh,105,310,0.0033736713231620427,0.9869565217391304,0.0083203658867382,0.9571428571428572,0.30749740769629563
segment,tanh,105,311,0.0034522955502621355,0.9869565217391304,0.008444630018753226,0.9628571428571429,0.8583212395546408
segment,tanh,105,312,0.005419209385496188,0.9763975155279503,0.009815113556877112,0.9571428571428572,0.9797486201451275
segment,tanh,105,313,0.0044490870582451925,0.9813664596273292,0.009043819237554821,0.9514285714285714,1.0001584698515804
segment,tanh,105,314,0.0035899565659930775,0.9875776397515528,0.008583292322999574,0.96,1.001785824640316
segment,tanh,105,315,0.003352518429412428,0.9869565217391304,0.008354091384869177,0.96,0.32801430743648946
segment,tanh,105,316,0.0033877207789628355,0.9857142857142858,0.008475657218111292,0.96,0.4621708121419636
segment,tanh,105,317,0.0038112843550589617,0.9826086956521739,0.008568056069217116,0.96,0.05023529050542207
segment,tanh,105,318,0.0033678668812785785,0.9869565217391304,0.008349373136893401,0.96,0.00785103200538857
segment,tanh,105,319,0.003371108473198175,0.9875776397515528,0.00833463285374185,0.96,0.14613555687361746
segment,tanh,105,320,0.003332788749089989,0.9875776397515528,0.008441649775366853,0.96,0.813949316699886
segment,tanh,105,321,0.005533121175007855,0.9745341614906833,0.010795142811263467,0.9485714285714286,1.0039783641864384
segment,tanh,105,322,0.003352517476396422,0.986335403726708,0.008436958056053212,0.96,0.43213168941909696
segment,tanh,105,323,0.007605006415248393,0.9639751552795031,0.012134300079337053,0.9428571428571428,1.0000381692182565
segment,tanh,105,324,0.003305482627267486,0.9875776397515528,0.00839943336797064,0.96,0.015873018127312667
segment,tanh,105,325,0.0034093348188935723,0.986335403726708,0.008576020897456588,0.96,0.2895256544558255
segment,tanh,105,326,0.004320552062276404,0.9801242236024845,0.008949275159187258,0.96,1.0011137562646226
segment,tanh,105,327,0.0036733345974205222,0.9832298136645963,0.008657202250681879,0.9571428571428572,0.04364303540931262
segment,tanh,105,328,0.003261558361273668,0.9869565217391304,0.008544937262699517,0.9571428571428572,0.04012943830872637
segment,tanh,105,329,0.0041120827087028555,0.9826086956521739,0.00925029684339593,0.9571428571428572,0.46040284594290665
segment,tanh,105,330,0.0032936565607071863,0.9875776397515528,0.008268706536653108,0.9571428571428572,0.3284002663702041
segment,tanh,105,331,0.003232879825144169,0.9875776397515528,0.00844419424200228,0.96,0.31264481779930464
segment,tanh,105,332,0.0051092781698913285,0.9763975155279503,0.009859917585393537,0.9514285714285714,1.000843657686674
segment,tanh,105,333,0.00421790599784138,0.9819875776397515,0.009053590668104683,0.9657142857142857,1.008699387100293
segment,tanh,105,334,0.0038189542439608383,0.9850931677018634,0.008334334013387821,0.96,0.9634089400620778
segment,tanh,105,335,0.004057187191400789,0.9838509316770186,0.008753597166083012,0.96,1.0004531585916208
segment,tanh,105,336,0.0033494960435740844,0.9875776397515528,0.008200489857831715,0.96,0.6679291033737301
segment,tanh,105,337,0.003320496386386761,0.9875776397515528,0.008171401802898265,0.9571428571428572,0.9177352343180152
segment,tanh,105,338,0.003261824748112846,0.9881987577639751,0.008058928214702452,0.9628571428571429,1.0001127290677518
segment,tanh,105,339,0.008174508108158595,0.9602484472049689,0.011905177451989782,0.9514285714285714,1.0002152506251
segment,tanh,105,340,0.0033813473300358895,0.986335403726708,0.007899435755918916,0.9628571428571429,0.8332815115835346
segment,tanh,105,341,0.003242860125591416,0.9875776397515528,0.007778537816860629,0.9685714285714285,0.02614513242097789
segment,tanh,105,342,0.0032144126214812543,0.9881987577639751,0.008062385861184665,0.9628571428571429,0.04503300918874068
segment,tanh,105,343,0.003205329254625558,0.986335403726708,0.00785900398637628,0.9657142857142857,0.07488406731664883
segment,tanh,105,344,0.004005652321091978,0.9832298136645963,0.009228832969871918,0.9571428571428572,0.9984479536825159
segment,tanh,105,345,0.0059005366150203685,0.9757763975155279,0.009315782989843478,0.96,1.0003565530176008
segment,tanh,105,346,0.004436908514912219,0.9782608695652174,0.008411818063776512,0.96,0.9843785687140034
segment,tanh,105,347,0.0033941214753896174,0.9857142857142858,0.008589093737326864,0.9542857142857143,0.19286373479435379
segment,tanh,105,348,0.0032194495565659215,0.9869565217391304,0.008104064186993372,0.9628571428571429,1.000162387730184
segment,tanh,105,349,0.0035168853239268077,0.9838509316770186,0.008997313545776315,0.96,0.9972456490295385
segment,tanh,105,350,0.0032585392570543266,0.986335403726708,0.008173691695654349,0.96,0.22962308686537455
segment,tanh,106,1,0.1138363539847014,0.2751552795031056,0.1129429592468321,0.28,1.0026630294947811
segment,tanh,106,2,0.08430491258677485,0.5254658385093167,0.0833587697164177,0.5342857142857143,1.0367521332909455
segment,tanh,106,3,0.06977014751577167,0.5881987577639751,0.06861040971249574,0.6,1.0000774698100512
segment,tanh,106,4,0.055828912317711914,0.7422360248447205,0.05553894409156692,0.7257142857142858,1.002465110080605
segment,tanh,106,5,0.05270694757881121,0.7409937888198758,0.05245446528125386,0.7457142857142857,1.002589513545182
segment,tanh,106,6,0.04995405727004274,0.760248447204969,0.05006928086996797,0.7657142857142857,1.0112816850128663
segment,tanh,106,7,0.05057043754486499,0.7515527950310559,0.05230030583279394,0.7371428571428571,1.0115277636671989
segment,tanh,106,8,0.05179351677673635,0.8341614906832299,0.05272846514728016,0.8228571428571428,1.0034951965956975
segment,tanh,106,9,0.03883093108928794,0.8074534161490683,0.041348723288802666,0.7828571428571428,1.0010579430977162
segment,tanh,106,10,0.040662631132174866,0.8192546583850931,0.04292919052823168,0.8114285714285714,1.0001448469996084
segment,tanh,106,11,0.021166929193651783,0.9260869565217391,0.02238213857159421,0.9171428571428571,1.0635909878496281
segment,tanh,106,12,0.019775305132074417,0.9229813664596274,0.02086670872173336,0.9085714285714286,1.0007652806478835
segment,tanh,106,13,0.01994607233134256,0.929192546583851,0.0211868237634955,0.92,1.0000261555013912
segment,tanh,106,14,0.018608032405244196,0.9304347826086956,0.020120823302706942,0.9142857142857143,1.0011774276180871
segment,tanh,106,15,0.018730059465837116,0.9254658385093167,0.020885646520771635,0.9257142857142857,0.9969433761550907
segment,tanh,106,16,0.01891561146599366,0.9322981366459627,0.020439336034579262,0.92,1.0276600855829818
segment,tanh,106,17,0.022189394225282866,0.9012422360248448,0.02326252793170318,0.9,1.000682900856952
segment,tanh,106,18,0.016806562057246056,0.9347826086956522,0.01839049444033343,0.9257142857142857,1.0001435821383768
segment,tanh,106,19,0.019801760325692145,0.9149068322981366,0.02092466785850859,0.9171428571428571,1.0015754445319993
segment,tanh,106,20,0.016035273542822526,0.9385093167701863,0.017852757361380867,0.9285714285714286,1.000248409444618
segment,tanh,106,21,0.015008822147268888,0.9391304347826087,0.016896809788721833,0.9285714285714286,1.0003165052054923
segment,tanh,106,22,0.01482613276343115,0.9372670807453416,0.016796714252623458,0.9285714285714286,1.0027843427869527
segment,tanh,106,23,0.014568848001601886,0.9453416149068323,0.01657691382056258,0.9342857142857143,0.9982225984943279
segment,tanh,106,24,0.014247134490649875,0.9403726708074535,0.016310153488090725,0.9285714285714286,1.0003017968785537
segment,tanh,106,25,0.016211848134350622,0.9335403726708075,0.017822231261240874,0.9228571428571428,1.0033291419033379
segment,tanh,106,26,0.015689705210513518,0.9341614906832298,0.017153221107269478,0.9228571428571428,1.0001312961138813
segment,tanh,106,27,0.016608981043550138,0.9341614906832298,0.019440682580936883,0.9342857142857143,0.9995207844941829
segment,tanh,106,28,0.020003212612844906,0.9142857142857143,0.022866908130899543,0.9,1.0065611149565394
segment,tanh,106,29,0.013561256853905117,0.9472049689440993,0.016032825553227072,0.9371428571428572,0.8621088661831905
segment,tanh,106,30,0.01376426913766683,0.9459627329192547,0.016314972064800943,0.9342857142857143,1.0000032489985957
segment,tanh,106,31,0.013051138267826995,0.9484472049689441,0.015831688111817472,0.9371428571428572,0.9875167887512193
segment,tanh,106,32,0.014529890010715855,0.9391304347826087,0.016713548612137658,0.9257142857142857,1.0071246406263523
segment,tanh,106,33,0.01283490321248964,0.9391304347826087,0.015181926047671641,0.9314285714285714,1.0004524781401927
segment,tanh,106,34,0.013553913834723881,0.937888198757764,0.015907291752377133,0.9257142857142857,1.000065909740632
segment,tanh,106,35,0.012336962655820323,0.9496894409937888,0.014830209237207244,0.94,0.7442671460332996
segment,tanh,106,36,0.012373257077411852,0.9465838509316771,0.014675893734818849,0.94,1.0018881134787474
segment,tanh,106,37,0.019054416194687965,0.9204968944099379,0.02234816471949465,0.9114285714285715,1.000012610144962
segment,tanh,106,38,0.011930534252799193,0.9459627329192547,0.014471389156120298,0.9314285714285714,0.9999920284782359
segment,tanh,106,39,0.01212137935494263,0.9509316770186336,0.015100232595997127,0.94,1.0003140779210662
segment,tanh,106,40,0.011995679926212264,0.9422360248447205,0.014601457661805739,0.9314285714285714,0.32609694170309705
segment,tanh,106,41,0.030071807936290166,0.877639751552795,0.03310437999783755,0.8657142857142858,1.0000175709453476
segment,tanh,106,42,0.011567524372066044,0.9509316770186336,0.014481346912425341,0.9371428571428572,0.9560544292156273
segment,tanh,106,43,0.01415862992409869,0.9372670807453416,0.017359318878380815,0.9257142857142857,1.000060623167537
segment,tanh,106,44,0.011271611968359815,0.9515527950310559,0.014265386880486603,0.94,1.00016359833028
segment,tanh,106,45,0.014513907248785637,0.9341614906832298,0.017893945750544142,0.92,1.0075949413356369
segment,tanh,106,46,0.011134462757532403,0.9503105590062112,0.01427820897305488,0.94,0.4575278278872637
segment,tanh,106,47,0.011366699991016945,0.9509316770186336,0.01436510221290535,0.9257142857142857,1.0000603429106494
segment,tanh,106,48,0.010995926415602595,0.953416149068323,0.014115840375081986,0.9342857142857143,0.976189618493188
segment,tanh,106,49,0.011049549690131624,0.9521739130434783,0.014527982354750342,0.9428571428571428,1.0004669405401059
segment,tanh,106,50,0.01592953402962585,0.9260869565217391,0.019640440515954673,0.9142857142857143,0.9997637871625009
segment,tanh,106,51,0.014041386136254623,0.9391304347826087,0.016598627917565632,0.9314285714285714,1.0000002618825656
segment,tanh,106,52,0.010406686558111916,0.9521739130434783,0.013894925851794825,0.94,0.2732088101209279
segment,tanh,106,53,0.010583929240888698,0.9546583850931677,0.01376449140656086,0.9342857142857143,0.4132663018036178
segment,tanh,106,54,0.010518104826750842,0.9552795031055901,0.013547698930807208,0.94,1.0000363747109018
segment,tanh,106,55,0.014774040857118776,0.9298136645962732,0.018386771383678467,0.92,1.0000616233545272
segment,tanh,106,56,0.016441935381261593,0.9236024844720497,0.020042748273880386,0.9114285714285715,1.0001398856763055
segment,tanh,106,57,0.013597825362096638,0.9391304347826087,0.01610616172382582,0.9228571428571428,1.0015463077964402
segment,tanh,106,58,0.013854637328070608,0.9385093167701863,0.016369870193295943,0.9228571428571428,0.9999993266018047
segment,tanh,106,59,0.0116725326510732,0.9472049689440993,0.01556503868012183,0.9342857142857143,0.8093715200666914
segment,tanh,106,60,0.010315779244830443,0.9552795031055901,0.013485174058372185,0.9342857142857143,1.00009078395732
segment,tanh,106,61,0.018316032004049947,0.9180124223602485,0.02203041029788818,0.9,1.000026804413476
segment,tanh,106,62,0.010418698347278802,0.9540372670807453,0.013436082216440463,0.9314285714285714,0.9748684341688576
segment,tanh,106,63,0.011991838049040353,0.9459627329192547,0.015242826346366119,0.9428571428571428,1.000238873563343
segment,tanh,106,64,0.010011772701427652,0.9583850931677018,0.01375350938191362,0.9428571428571428,1.000055936579486
segment,tanh,106,65,0.010573712653500966,0.9546583850931677,0.014256854786471356,0.94,0.9994178209620656
segment,tanh,106,66,0.012343641456719285,0.9459627329192547,0.015246157553734796,0.9257142857142857,0.9970094431427848
segment,tanh,106,67,0.01212232883154227,0.9453416149068323,0.014823696397944444,0.9314285714285714,1.0001827125289517
segment,tanh,106,68,0.009496882443427047,0.9571428571428572,0.013011355564840928,0.9428571428571428,1.0000050743748148
segment,tanh,106,69,0.009977928622853925,0.9552795031055901,0.01322177153545073,0.9314285714285714,0.36551494493375525
segment,tanh,106,70,0.011507838919257022,0.9484472049689441,0.01436455064701942,0.9257142857142857,0.9895947130244938
segment,tanh,106,71,0.01036873563078607,0.9546583850931677,0.013233281874990434,0.9342857142857143,0.3367646295217796
segment,tanh,106,72,0.010031208159562113,0.9565217391304348,0.012967747712031063,0.9314285714285714,0.9966099493695368
segment,tanh,106,73,0.010686124991767226,0.9596273291925466,0.013895290011423478,0.9371428571428572,0.9982701777162858
segment,tanh,106,74,0.009551685401550497,0.9590062111801242,0.013042036990890817,0.9342857142857143,0.7553991992040769
segment,tanh,106,75,0.009422932838038788,0.9590062111801242,0.013011633930427433,0.9342857142857143,0.042105669423179275
segment,tanh,106,76,0.009514457054585411,0.9577639751552796,0.013222178366585362,0.9285714285714286,0.582232437811207
segment,tanh,106,77,0.009604332595306617,0.9565217391304348,0.013278145188702144,0.9285714285714286,0.36373105084817775
segment,tanh,106,78,0.011510104978146,0.9503105590062112,0.015111137632035006,0.9285714285714286,1.0002180999816814
segment,tanh,106,79,0.015657687622067915,0.9236024844720497,0.018927042066495977,0.9142857142857143,1.0000627010887095
segment,tanh,106,80,0.00937055525165287,0.9608695652173913,0.012702512152069538,0.94,1.0000094668176822
segment,tanh,106,81,0.010713636029190482,0.9496894409937888,0.014083654981978068,0.9371428571428572,1.0001204729286297
segment,tanh,106,82,0.009629720232843267,0.9577639751552796,0.012876171760208778,0.9428571428571428,1.0000546820706593
segment,tanh,106,83,0.012997695981870894,0.9440993788819876,0.015731864310607604,0.9257142857142857,0.9999987158691633
segment,tanh,106,84,0.00903456176272908,0.9608695652173913,0.012912071641324917,0.9371428571428572,0.37194286739701077
segment,tanh,106,85,0.008683270761038309,0.9608695652173913,0.012668665745489624,0.9342857142857143,0.841079301846065
segment,tanh,106,86,0.011377273468057475,0.9440993788819876,0.015213040739576217,0.9228571428571428,1.0000067295446566
segment,tanh,106,87,0.014292750567028919,0.9372670807453416,0.01832507172490669,0.9285714285714286,1.0000015544761922
segment,tanh,106,88,0.009850037816484561,0.9577639751552796,0.013921993274815272,0.9342857142857143,1.0003363875787006
segment,tanh,106,89,0.009207129862185096,0.9633540372670808,0.013168582087696504,0.9371428571428572,1.0008911503659341
segment,tanh,106,90,0.009898651405157334,0.9577639751552796,0.013460350496975707,0.9428571428571428,1.0000354173426038
segment,tanh,106,91,0.01023905906762642,0.9527950310559006,0.014222897404159485,0.9314285714285714,1.0001833132249556
segment,tanh,106,92,0.014694826520091176,0.9347826086956522,0.017462598493005337,0.9285714285714286,1.000011296904205
segment,tanh,106,93,0.008406425670332278,0.9608695652173913,0.012539451106692011,0.9342857142857143,0.32005973693329304
segment,tanh,106,94,0.009306804122058776,0.9602484472049689,0.013255123956736328,0.94,0.5963735670785301
segment,tanh,106,95,0.008498167382013802,0.9608695652173913,0.012422686854568033,0.9314285714285714,0.3727681246598762
segment,tanh,106,96,0.0142732940449969,0.9298136645962732,0.017919380982590917,0.9085714285714286,1.0003716728446366
segment,tanh,106,97,0.01136041263292451,0.9440993788819876,0.01517876869590301,0.9257142857142857,1.0008615242388905
segment,tanh,106,98,0.009021721482746077,0.9602484472049689,0.013028453786866533,0.94,1.0001339707551145
segment,tanh,106,99,0.007966818556325087,0.9652173913043478,0.012029907264353313,0.9457142857142857,1.0000030352031384
segment,tanh,106,100,0.008891818380914133,0.9639751552795031,0.012623447311878823,0.9428571428571428,1.000007553699006
segment,tanh,106,101,0.009245638679805641,0.9590062111801242,0.013074260591958004,0.9428571428571428,1.0000022878101833
segment,tanh,106,102,0.01568583298395808,0.931055900621118,0.017783326360429976,0.9285714285714286,1.000016604857604
segment,tanh,106,103,0.007988057417154509,0.9639751552795031,0.012211458183979026,0.9457142857142857,0.9984845886293227
segment,tanh,106,104,0.008437253955783465,0.9639751552795031,0.012066926816125827,0.9428571428571428,1.0000001745700167
segment,tanh,106,105,0.008054462629348438,0.9645962732919254,0.011996648572187485,0.94,0.9525884063755583
segment,tanh,106,106,0.0077777463073384154,0.9645962732919254,0.012022931103558444,0.9485714285714286,0.9866269036536075
segment,tanh,106,107,0.009240810267924766,0.962111801242236,0.013019369518095226,0.9428571428571428,1.0000125853949962
segment,tanh,106,108,0.0077426838385160944,0.9670807453416149,0.011811557759986033,0.9485714285714286,0.9451221115317332
segment,tanh,106,109,0.013699468289945718,0.9329192546583851,0.017135959133885156,0.9142857142857143,0.9999967683932129
segment,tanh,106,110,0.007572517350293885,0.9645962732919254,0.011443769087807223,0.9457142857142857,0.8203948825195218
segment,tanh,106,111,0.008054807552459497,0.9645962732919254,0.011767413258427858,0.9485714285714286,0.8582354202992836
segment,tanh,106,112,0.008767561453217899,0.9627329192546584,0.012405781981172842,0.9428571428571428,1.000410229575503
segment,tanh,106,113,0.011709309383954213,0.9521739130434783,0.014731159804117745,0.9342857142857143,1.0000080125244601
segment,tanh,106,114,0.007925073999448445,0.9658385093167702,0.011907944558903177,0.9457142857142857,0.997118327975463
segment,tanh,106,115,0.012517267922941888,0.9354037267080745,0.016250359355079236,0.9228571428571428,1.000117762307408
segment,tanh,106,116,0.008118509895884024,0.9658385093167702,0.011097863254552934,0.9485714285714286,1.0000559146104553
segment,tanh,106,117,0.00741255084973672,0.9677018633540373,0.011186422328744845,0.9457142857142857,1.0000693455095298
segment,tanh,106,118,0.0072792151174689325,0.9670807453416149,0.010990805250936604,0.9457142857142857,0.27055594469145733
segment,tanh,106,119,0.007324993795817064,0.9683229813664597,0.01112844090654527,0.9457142857142857,1.000374425979193
segment,tanh,106,120,0.007275933178945954,0.9670807453416149,0.010805645755455931,0.9514285714285714,0.7073519601354389
segment,tanh,106,121,0.007089488655101027,0.9701863354037267,0.010575598133793261,0.9514285714285714,0.2725246201879331
segment,tanh,106,122,0.008156306197848535,0.9670807453416149,0.011321620558000204,0.9457142857142857,1.0006786030982993
segment,tanh,106,123,0.008952847681781777,0.9614906832298137,0.01230043142718527,0.9485714285714286,1.0001170131397283
segment,tanh,106,124,0.007864452872721575,0.9645962732919254,0.010999358612573918,0.9485714285714286,0.9814753816900931
segment,tanh,106,125,0.007001005639481421,0.9701863354037267,0.01020580734793992,0.9571428571428572,0.9729070505852941
segment,tanh,106,126,0.007219312959176088,0.9695652173913043,0.010688377828345766,0.9514285714285714,0.044563493893745164
segment,tanh,106,127,0.007306451038787397,0.9695652173913043,0.010986377958684462,0.9514285714285714,0.9560538557663062
segment,tanh,106,128,0.006812847777987204,0.9726708074534162,0.01044908545244107,0.9542857142857143,0.3495852985113711
segment,tanh,106,129,0.006771395229329437,0.9726708074534162,0.01038288991979457,0.9542857142857143,1.0013374040245175
segment,tanh,106,130,0.008340233715408896,0.9633540372670808,0.011820991890568035,0.9542857142857143,1.0000794964102167
segment,tanh,106,131,0.008984483462615565,0.9546583850931677,0.01258806472539833,0.9428571428571428,1.0002510424907969
segment,tanh,106,132,0.006693428612549784,0.970807453416149,0.010290062507878589,0.9571428571428572,0.019137798826583362
segment,tanh,106,133,0.0066707176014776165,0.9701863354037267,0.010185661676422476,0.9514285714285714,0.6381609731150981
segment,tanh,106,134,0.015696075040632362,0.9298136645962732,0.0187492160680877,0.92,1.000007457868557
segment,tanh,106,135,0.006545671208588496,0.9720496894409938,0.0100360255945649,0.9571428571428572,0.8716188833479569
segment,tanh,106,136,0.0067023445785970885,0.9720496894409938,0.010165541636300457,0.9542857142857143,1.0000050541205168
segment,tanh,106,137,0.006962812563104433,0.9695652173913043,0.01054270984011254,0.9542857142857143,0.9594500837069042
segment,tanh,106,138,0.006706396261539901,0.9714285714285714,0.010019823945216595,0.9514285714285714,0.971744673731847
segment,tanh,106,139,0.008022011740870019,0.9639751552795031,0.011435392631196159,0.9485714285714286,0.9993056375919578
segment,tanh,106,140,0.009033383924465913,0.9571428571428572,0.01246611831680914,0.9428571428571428,1.0001679948048354
segment,tanh,106,141,0.010650621760701355,0.9515527950310559,0.0131048867212702,0.9457142857142857,1.0001424477842962
segment,tanh,106,142,0.006512147712659832,0.9720496894409938,0.010118106531879058,0.9571428571428572,0.9672036706082279
segment,tanh,106,143,0.006408418957855077,0.9726708074534162,0.010355245839745376,0.9514285714285714,0.9657320971958185
segment,tanh,106,144,0.006315840410352917,0.9739130434782609,0.009939515242345055,0.9571428571428572,0.8961862559302303
segment,tanh,106,145,0.006604457911246553,0.9726708074534162,0.01030396959768983,0.9514285714285714,0.1752556285263573
segment,tanh,106,146,0.0065235765490030614,0.9726708074534162,0.010277196890471971,0.9542857142857143,0.29272149371532696
segment,tanh,106,147,0.006469133852392946,0.9726708074534162,0.010120143097583443,0.9514285714285714,0.9945780085984706
segment,tanh,106,148,0.009856396036590493,0.9490683229813665,0.013045577460160534,0.94,0.9999755566744769
segment,tanh,106,149,0.006491985668165371,0.9720496894409938,0.010436400517471571,0.9514285714285714,1.000020694543757
segment,tanh,106,150,0.006150417212289189,0.9726708074534162,0.009885185100617352,0.9514285714285714,0.8994071077554386
segment,tanh,106,151,0.00723154405212069,0.9645962732919254,0.01059345240965089,0.9514285714285714,0.9999949122936711
segment,tanh,106,152,0.007310611092189281,0.9670807453416149,0.010999957305003262,0.9514285714285714,0.9957225227586347
segment,tanh,106,153,0.006207875309042122,0.9720496894409938,0.009850386598821967,0.9542857142857143,0.9268140437399884
segment,tanh,106,154,0.006093880172342137,0.9726708074534162,0.009757763821316693,0.9542857142857143,0.7576346618283881
segment,tanh,106,155,0.006192222387599544,0.9732919254658385,0.009875978613778744,0.9514285714285714,0.9982533564498893
segment,tanh,106,156,0.006102253666676664,0.9726708074534162,0.009777808068739827,0.9542857142857143,0.93968666129527
segment,tanh,106,157,0.0063615335625718476,0.9720496894409938,0.009666043158091556,0.9571428571428572,0.9984273437561235
segment,tanh,106,158,0.010557264426597896,0.9559006211180124,0.013199910982114553,0.9428571428571428,1.0000006313537364
segment,tanh,106,159,0.006270564350322099,0.9732919254658385,0.010024488282718944,0.9542857142857143,0.8000821222850698
segment,tanh,106,160,0.009450661166850926,0.9559006211180124,0.013036726950766596,0.9457142857142857,1.000755541684109
segment,tanh,106,161,0.006292940508136067,0.9714285714285714,0.010211766772517743,0.9514285714285714,0.9956519920306223
segment,tanh,106,162,0.005904046450581112,0.9732919254658385,0.009951125674305181,0.9571428571428572,0.15828742634549903
segment,tanh,106,163,0.005927929032699387,0.9732919254658385,0.010011783807453066,0.9542857142857143,0.013252474371715159
segment,tanh,106,164,0.006878389783819092,0.9701863354037267,0.010718367066949796,0.9514285714285714,0.9999506625072402
segment,tanh,106,165,0.010425614999641217,0.9540372670807453,0.012816513091189632,0.9428571428571428,1.0000023568342327
segment,tanh,106,166,0.005910726390314764,0.9726708074534162,0.010060532158354006,0.9542857142857143,0.7873210815078528
segment,tanh,106,167,0.007040158889373834,0.9664596273291925,0.0107872104475579,0.9457142857142857,0.06200921710064086
segment,tanh,106,168,0.00658366317638769,0.9739130434782609,0.01085489397337541,0.9542857142857143,0.9897490282822355
segment,tanh,106,169,0.0058062204096465415,0.9739130434782609,0.009981376345449303,0.9542857142857143,0.8398588096603505
segment,tanh,106,170,0.005755346486275891,0.9739130434782609,0.010023963559118375,0.9514285714285714,0.39959047160065536
segment,tanh,106,171,0.00567450871882397,0.9757763975155279,0.009901697805603127,0.9485714285714286,0.21470151467487777
segment,tanh,106,172,0.005939298971476834,0.9726708074534162,0.010080271126055789,0.9542857142857143,0.9538485492485623
segment,tanh,106,173,0.00562543533159725,0.9763975155279503,0.009855264846433056,0.9542857142857143,0.01407087026950355
segment,tanh,106,174,0.00701516759188542,0.9664596273291925,0.011076322919840844,0.9457142857142857,0.9999893734627594
segment,tanh,106,175,0.006446149303056268,0.9714285714285714,0.010347825190327856,0.9571428571428572,0.9987106659907863
segment,tanh,106,176,0.006243659418635079,0.9770186335403727,0.010752079642715018,0.9485714285714286,0.04334261541828871
segment,tanh,106,177,0.006899866872933539,0.968944099378882,0.010997333572314874,0.9428571428571428,0.43782324849263815
segment,tanh,106,178,0.005782778357351187,0.9745341614906833,0.009873813020198345,0.9514285714285714,1.0002503694759006
segment,tanh,106,179,0.006922161031487116,0.968944099378882,0.011051825939365498,0.9457142857142857,1.0000001675222325
segment,tanh,106,180,0.006657450360835345,0.9701863354037267,0.01030645640936621,0.9571428571428572,0.9226297074266887
segment,tanh,106,181,0.005792674821474954,0.9751552795031055,0.009956068911857265,0.9514285714285714,0.8042764841104885
segment,tanh,106,182,0.005713690094159371,0.9732919254658385,0.009681281508653014,0.9542857142857143,0.7440379234034218
segment,tanh,106,183,0.011751996752176268,0.9416149068322981,0.014964231383163237,0.9285714285714286,1.0000382744078862
segment,tanh,106,184,0.005533025183542015,0.9751552795031055,0.00950724784706419,0.9571428571428572,0.4421147210695767
segment,tanh,106,185,0.006195493659769813,0.9732919254658385,0.010365888649202975,0.9485714285714286,0.7032727813650904
segment,tanh,106,186,0.005579689885613715,0.9757763975155279,0.009921356026894467,0.9514285714285714,1.000003854884621
segment,tanh,106,187,0.006231247563592196,0.9763975155279503,0.01044605678055123,0.9514285714285714,1.0006109286806146
segment,tanh,106,188,0.013174514490227785,0.9385093167701863,0.015576094737262326,0.9257142857142857,1.00004565552699
segment,tanh,106,189,0.005572274980740268,0.9745341614906833,0.009849278182904094,0.9485714285714286,0.12466365901639793
segment,tanh,106,190,0.005433396409074406,0.9745341614906833,0.009931552590984886,0.9485714285714286,0.8145038091518153
segment,tanh,106,191,0.00637368136331084,0.9701863354037267,0.010667548392725122,0.9514285714285714,1.0006057571963753
segment,tanh,106,192,0.005353130494687974,0.9745341614906833,0.009952601329320517,0.9485714285714286,0.9611572419548862
segment,tanh,106,193,0.005309527105197085,0.9739130434782609,0.009740315454954405,0.9514285714285714,0.430680413755539
segment,tanh,106,194,0.0074428939221038055,0.9639751552795031,0.011008111200936957,0.9428571428571428,0.993404278920435
segment,tanh,106,195,0.005332423619351294,0.9770186335403727,0.009825237552467912,0.9514285714285714,0.9404745313700672
segment,tanh,106,196,0.0052892786028264915,0.9757763975155279,0.009630983701496391,0.9542857142857143,0.7789507206568995
segment,tanh,106,197,0.005357927163155115,0.9739130434782609,0.009809469038476263,0.9542857142857143,0.541234290317484
segment,tanh,106,198,0.005260191411373516,0.9782608695652174,0.009700908876931912,0.9514285714285714,0.9158602052822751
segment,tanh,106,199,0.008196469494646471,0.962111801242236,0.0120232337472507,0.9428571428571428,1.0000011308236845
segment,tanh,106,200,0.00523142404085202,0.9757763975155279,0.009578695374671303,0.9571428571428572,0.47656397812711165
segment,tanh,106,201,0.005738579926336379,0.9720496894409938,0.010088570801014414,0.9542857142857143,0.32427211137643397
segment,tanh,106,202,0.006184362492193756,0.9726708074534162,0.010591528878335331,0.9428571428571428,0.9627393216592736
segment,tanh,106,203,0.005150981921313347,0.9757763975155279,0.009735396329403713,0.9485714285714286,0.049312928161375814
segment,tanh,106,204,0.005215704862741802,0.9757763975155279,0.009506874219322604,0.9571428571428572,0.6647042082118294
segment,tanh,106,205,0.0050619378408772574,0.9763975155279503,0.009647907741976368,0.9514285714285714,0.15450688589724648
segment,tanh,106,206,0.005932150207482599,0.9757763975155279,0.009978618022016692,0.9514285714285714,1.0001432172281508
segment,tanh,106,207,0.005254546097715142,0.9770186335403727,0.009814856933625358,0.9542857142857143,0.5771790459020687
segment,tanh,106,208,0.005547408009776021,0.9770186335403727,0.010258578393812199,0.9542857142857143,1.0000122579378576
segment,tanh,106,209,0.004969031239520937,0.977639751552795,0.009586786845523637,0.96,0.1352450836824207
segment,tanh,106,210,0.006601156979665516,0.9695652173913043,0.010948729120266756,0.9485714285714286,0.9992716239161078
segment,tanh,106,211,0.004896690926706288,0.9795031055900622,0.009518949911261591,0.96,0.27810405909405694
segment,tanh,106,212,0.004882419082674336,0.9782608695652174,0.009550814152112565,0.9571428571428572,0.019994491417470967
segment,tanh,106,213,0.009824917497748307,0.953416149068323,0.013124185097611546,0.9457142857142857,1.0006283534587368
segment,tanh,106,214,0.004812042180039755,0.9795031055900622,0.009571374538199283,0.9542857142857143,0.48274854674902146
segment,tanh,106,215,0.01118765859441073,0.9503105590062112,0.014652221654711734,0.9342857142857143,1.0004627386875102
segment,tanh,106,216,0.004983992366473773,0.9763975155279503,0.009645633003019747,0.9542857142857143,0.41439724352341234
segment,tanh,106,217,0.011229881082309719,0.953416149068323,0.014659075195552644,0.9342857142857143,1.0004249490347459
segment,tanh,106,218,0.004823263671435559,0.9788819875776398,0.009355143723633035,0.9542857142857143,0.5150032313116821
segment,tanh,106,219,0.004948832449295373,0.9782608695652174,0.009234505924786987,0.9571428571428572,0.993997627430314
segment,tanh,106,220,0.0047094076005991395,0.9795031055900622,0.009193238472518836,0.9571428571428572,0.5117026822923553
segment,tanh,106,221,0.0047596490383804875,0.9807453416149068,0.009164811972727435,0.9542857142857143,0.09390973425015298
segment,tanh,106,222,0.008418961059230706,0.9627329192546584,0.011395524674120881,0.9485714285714286,1.000014315909784
segment,tanh,106,223,0.004535431347351798,0.9801242236024845,0.00897152277191167,0.9571428571428572,0.33982779633560106
segment,tanh,106,224,0.004523077152209115,0.9819875776397515,0.008993994697584032,0.9571428571428572,0.10256177643910772
segment,tanh,106,225,0.004530149383154435,0.9819875776397515,0.009100055318312407,0.9571428571428572,0.9946290356087831
segment,tanh,106,226,0.005755570974022785,0.977639751552795,0.00956547794912849,0.96,0.9994222477574457
segment,tanh,106,227,0.005031447279651503,0.9770186335403727,0.009351969308400099,0.9571428571428572,0.23224354546801207
segment,tanh,106,228,0.005891570142297332,0.9739130434782609,0.009871614736484102,0.9514285714285714,0.03304336760529559
segment,tanh,106,229,0.004345496056369003,0.9819875776397515,0.009002714652327328,0.9571428571428572,0.17401760462226315
segment,tanh,106,230,0.0046169410766974915,0.9819875776397515,0.00891743908184205,0.96,0.9728902127433421
segment,tanh,106,231,0.004592126503511788,0.9813664596273292,0.009270973687864588,0.9542857142857143,0.2379106118620607
segment,tanh,106,232,0.008274400347057996,0.9627329192546584,0.010825755587993037,0.9457142857142857,1.0002269201184601
segment,tanh,106,233,0.005039509690490425,0.9819875776397515,0.010166685244954527,0.9571428571428572,1.002576809750142
segment,tanh,106,234,0.004537591367488388,0.9788819875776398,0.009134256071203084,0.9542857142857143,0.43244824176304825
segment,tanh,106,235,0.004361643027714126,0.9801242236024845,0.008895145463221059,0.96,0.07859898332619203
segment,tanh,106,236,0.004259667074883474,0.9819875776397515,0.008844391261232905,0.96,0.7443908886296028
segment,tanh,106,237,0.0045235753750097595,0.9801242236024845,0.009011997828706772,0.96,0.597804673593546
segment,tanh,106,238,0.00432344617891946,0.9807453416149068,0.008944419004957033,0.9571428571428572,0.13001440918565169
segment,tanh,106,239,0.004608480190418349,0.9819875776397515,0.00895902034679803,0.9571428571428572,0.9995888637411677
segment,tanh,106,240,0.004844729578974605,0.9807453416149068,0.009452681449341409,0.9514285714285714,1.0000006164597008
segment,tanh,106,241,0.0042304599853379985,0.9813664596273292,0.00886342900874961,0.9571428571428572,0.3065810187854848
segment,tanh,106,242,0.004137065341227678,0.9826086956521739,0.00887244084940233,0.9542857142857143,0.6970504723491332
segment,tanh,106,243,0.004060331874597394,0.9832298136645963,0.008640541516411826,0.9571428571428572,0.31170275447670887
segment,tanh,106,244,0.004628359967467907,0.9782608695652174,0.009087060942970305,0.9542857142857143,1.0003248858381473
segment,tanh,106,245,0.004027316288500613,0.984472049689441,0.008582190235892627,0.96,0.8119616093157899
segment,tanh,106,246,0.00469386734358886,0.9807453416149068,0.009145764356771321,0.9514285714285714,0.7505752251731875
segment,tanh,106,247,0.004941677545611484,0.9795031055900622,0.009480721848459652,0.9571428571428572,0.9898941432609063
segment,tanh,106,248,0.004174282127502114,0.9801242236024845,0.008745808183794987,0.9542857142857143,0.027907632145408992
segment,tanh,106,249,0.004150599068943804,0.9819875776397515,0.008921025682525383,0.9542857142857143,0.968620242304893
segment,tanh,106,250,0.0048493367918322474,0.977639751552795,0.008955701753970566,0.9571428571428572,0.7533932897705675
segment,tanh,106,251,0.004362943931808882,0.9807453416149068,0.008958176865423845,0.9571428571428572,0.17592628841899086
segment,tanh,106,252,0.0039269601199992355,0.984472049689441,0.008552688233075317,0.96,0.4474816687094604
segment,tanh,106,253,0.004045590195644708,0.9838509316770186,0.008518808322811908,0.96,0.9940072768566145
segment,tanh,106,254,0.004232950971067145,0.9807453416149068,0.008773058947896623,0.9571428571428572,0.9189542772361081
segment,tanh,106,255,0.0040114791918469195,0.9826086956521739,0.008678086622561552,0.9628571428571429,0.4892195772508013
segment,tanh,106,256,0.003933484339261589,0.9838509316770186,0.008598273253534086,0.9571428571428572,0.31824578547094917
segment,tanh,106,257,0.004308739663565377,0.9857142857142858,0.009187495151652687,0.9571428571428572,1.0000078048023078
segment,tanh,106,258,0.004930769538385607,0.9826086956521739,0.009514552983814335,0.9542857142857143,1.00000048878145
segment,tanh,106,259,0.003977264174281852,0.9857142857142858,0.008836149545117161,0.9542857142857143,1.0000050816960588
segment,tanh,106,260,0.0039209465745015755,0.9850931677018634,0.008662834284055043,0.96,0.0256551994681791
segment,tanh,106,261,0.006268448902529464,0.9714285714285714,0.010553815015752538,0.9485714285714286,0.9993595698680295
segment,tanh,106,262,0.00564018684084719,0.9782608695652174,0.009851616358902962,0.9571428571428572,0.999964484012053
segment,tanh,106,263,0.003982941120273659,0.984472049689441,0.008545017048725779,0.96,0.9411368521179997
segment,tanh,106,264,0.003777552843572842,0.984472049689441,0.008451532655125158,0.9628571428571429,0.5512663735778125
segment,tanh,106,265,0.003942922366503981,0.9850931677018634,0.00872614618495378,0.9571428571428572,0.6215912308491819
segment,tanh,106,266,0.003946654546234316,0.9838509316770186,0.008523965000431472,0.96,0.181207693472764
segment,tanh,106,267,0.003744235919528006,0.9857142857142858,0.008456397085907643,0.96,0.8074911719323554
segment,tanh,106,268,0.019617865199792583,0.9204968944099379,0.021755671400192533,0.9142857142857143,1.0014021177562935
segment,tanh,106,269,0.006740917580716685,0.9714285714285714,0.010787013907469672,0.9514285714285714,1.0001235814933929
segment,tanh,106,270,0.003751463258923641,0.9838509316770186,0.008626517693708256,0.96,0.17519510211441044
segment,tanh,106,271,0.0036734501088593074,0.9850931677018634,0.008558278892142307,0.9628571428571429,0.09621452335702389
segment,tanh,106,272,0.0051070047859903085,0.9782608695652174,0.00932839147709191,0.9514285714285714,0.8884459028134152
segment,tanh,106,273,0.005452689870911434,0.9819875776397515,0.010213103122464855,0.9571428571428572,1.0000129037751784
segment,tanh,106,274,0.004634403634784771,0.9801242236024845,0.009722725834668086,0.9542857142857143,1.0002627153690888
segment,tanh,106,275,0.003706964936034041,0.9850931677018634,0.008737315043900793,0.96,0.5293899906300303
segment,tanh,106,276,0.00366749989565922,0.9869565217391304,0.008774804353939198,0.96,0.9721960282617368
segment,tanh,106,277,0.006994058145294862,0.9664596273291925,0.010978910602888957,0.9428571428571428,0.9895723351441267
segment,tanh,106,278,0.004741535082825036,0.9795031055900622,0.009252856396697392,0.9542857142857143,1.0001973417992827
segment,tanh,106,279,0.003640595482630375,0.9832298136645963,0.008474756993034386,0.96,0.36442321295326907
segment,tanh,106,280,0.0040147622127758385,0.9850931677018634,0.008965464734809213,0.9571428571428572,1.000463795898181
segment,tanh,106,281,0.004021322498796386,0.9819875776397515,0.008910428516455998,0.9571428571428572,0.009846471109082808
segment,tanh,106,282,0.0035795250990727618,0.986335403726708,0.008589250205193027,0.9628571428571429,0.5180528514800117
segment,tanh,106,283,0.005081267193686425,0.9801242236024845,0.009638683366783128,0.9542857142857143,0.9892281725499782
segment,tanh,106,284,0.003641226547567609,0.986335403726708,0.008666633074095764,0.9571428571428572,0.20866930544117238
segment,tanh,106,285,0.0036540076737062587,0.9826086956521739,0.00849397319952589,0.9571428571428572,0.669738588512129
segment,tanh,106,286,0.0037562204721776635,0.9813664596273292,0.008673997371898482,0.9571428571428572,0.5590597652512957
segment,tanh,106,287,0.0046218184309391236,0.9807453416149068,0.009255674679678546,0.9542857142857143,0.9999051484820252
segment,tanh,106,288,0.005554452579649241,0.9751552795031055,0.010148129146977929,0.9542857142857143,1.000733301568445
segment,tanh,106,289,0.0038455646642938757,0.9850931677018634,0.008979414284762528,0.9514285714285714,0.9992387602363175
segment,tanh,106,290,0.004130788265810397,0.9838509316770186,0.00921071656110101,0.9514285714285714,0.032541164216158706
segment,tanh,106,291,0.0035918415696536213,0.9857142857142858,0.008493937789783376,0.96,0.6321158322608826
segment,tanh,106,292,0.003703059277728462,0.984472049689441,0.008565305121322583,0.9571428571428572,1.0002249205137266
segment,tanh,106,293,0.0035367184507522085,0.9832298136645963,0.008525659480509895,0.9571428571428572,0.40066945949141236
segment,tanh,106,294,0.010043104189426293,0.9565217391304348,0.012476595492992721,0.9457142857142857,1.0011450571338825
segment,tanh,106,295,0.004076671064452962,0.9838509316770186,0.009031449094648796,0.9571428571428572,0.9615990457486803
segment,tanh,106,296,0.0037147711447170747,0.9832298136645963,0.008813506084944366,0.9542857142857143,0.635914549438778
segment,tanh,106,297,0.0036135294866094657,0.986335403726708,0.008599835794123982,0.96,0.48439441686441326
segment,tanh,106,298,0.0038422119573394164,0.9832298136645963,0.008999903990104988,0.9514285714285714,0.6403329419304048
segment,tanh,106,299,0.005606335985889898,0.9770186335403727,0.010422153451272486,0.9514285714285714,0.9994782330611179
segment,tanh,106,300,0.0034419107305806106,0.9857142857142858,0.008560322660056538,0.9571428571428572,0.7037094578597828
segment,tanh,106,301,0.0035591504859396727,0.984472049689441,0.008634530388349836,0.9571428571428572,0.9234321382680725
segment,tanh,106,302,0.0034961230616254763,0.984472049689441,0.008380814361559024,0.96,0.6750753760258115
segment,tanh,106,303,0.0034783097716202895,0.986335403726708,0.008622812599186057,0.9542857142857143,0.1914299018408972
segment,tanh,106,304,0.0034220439527642347,0.986335403726708,0.008451631436218167,0.9628571428571429,0.014381137812899809
segment,tanh,106,305,0.0034169053116750434,0.986335403726708,0.008436038400679392,0.96,0.25660790855192234
segment,tanh,106,306,0.0036738142141339056,0.9850931677018634,0.008698951869252779,0.9571428571428572,1.0001787721537982
segment,tanh,106,307,0.009335571818758716,0.9583850931677018,0.011590670292089352,0.9457142857142857,1.0003422198513896
segment,tanh,106,308,0.0034585640960200763,0.986335403726708,0.008429023535347949,0.9571428571428572,0.43142739140715597
segment,tanh,106,309,0.0035333941407473526,0.9857142857142858,0.008748504032307262,0.9514285714285714,0.8457761645675463
segment,tanh,106,310,0.0034503325622056093,0.984472049689441,0.008505146593236347,0.9571428571428572,0.06462416119247488
segment,tanh,106,311,0.0033285948245112013,0.9850931677018634,0.008346934396742044,0.96,0.6478742612566137
segment,tanh,106,312,0.004038462790845512,0.9838509316770186,0.008834487085486882,0.96,0.8221653193732109
segment,tanh,106,313,0.0038614578732852354,0.9838509316770186,0.008710966049031944,0.9571428571428572,1.0001120675300235
segment,tanh,106,314,0.00335886285882038,0.9875776397515528,0.008478602064327507,0.96,0.03511927783938235
segment,tanh,106,315,0.003320243581941273,0.9857142857142858,0.008491763064790204,0.96,0.4336982839025314
segment,tanh,106,316,0.003288139479072731,0.9850931677018634,0.008463290908248699,0.96,0.6248818646731452
segment,tanh,106,317,0.00551856732663435,0.9726708074534162,0.009738938040275567,0.9457142857142857,0.9960591658128222
segment,tanh,106,318,0.00334919906074628,0.986335403726708,0.008609058547455944,0.9571428571428572,0.057394122599258156
segment,tanh,106,319,0.003349981022722909,0.9875776397515528,0.008586074679287525,0.9628571428571429,0.9626798376062852
segment,tanh,106,320,0.00402214147794577,0.9826086956521739,0.009180592211427368,0.9514285714285714,0.9709441355084685
segment,tanh,106,321,0.0032922954065757845,0.9850931677018634,0.008460919861473749,0.96,0.3147315368238967
segment,tanh,106,322,0.0036977984089152835,0.9857142857142858,0.008624709047170503,0.9628571428571429,0.021218228841260366
segment,tanh,106,323,0.0034217066633413303,0.9857142857142858,0.008552993076687004,0.9571428571428572,0.9278431657930833
segment,tanh,106,324,0.003358819279078223,0.984472049689441,0.008411694502351201,0.96,0.021823331265344227
segment,tanh,106,325,0.003335520068497544,0.9857142857142858,0.008458386973338077,0.9571428571428572,1.0053168609344025
segment,tanh,106,326,0.0036796956217699517,0.9838509316770186,0.008952989990444735,0.9571428571428572,0.6017193697677607
segment,tanh,106,327,0.0032334081533259397,0.9850931677018634,0.008438760675405423,0.96,0.17190206595909613
segment,tanh,106,328,0.0033993418501573162,0.9838509316770186,0.008508212941329854,0.9571428571428572,0.875198296514246
segment,tanh,106,329,0.0032593243875589373,0.986335403726708,0.008550757205352923,0.9571428571428572,1.0002227018477914
segment,tanh,106,330,0.004842535862643234,0.9801242236024845,0.009959195630027697,0.9542857142857143,0.9998849305800549
segment,tanh,106,331,0.0038352053511533837,0.986335403726708,0.009223096127970766,0.9628571428571429,1.0000212293346828
segment,tanh,106,332,0.003218798736853777,0.986335403726708,0.008412624530962486,0.9571428571428572,0.36471853462451065
segment,tanh,106,333,0.003350851500120887,0.9857142857142858,0.008603490895702235,0.9571428571428572,0.037865086107211024
segment,tanh,106,334,0.00434639619797077,0.9857142857142858,0.009033379590349819,0.96,0.9999724876672164
segment,tanh,106,335,0.003359605881853282,0.986335403726708,0.008632590388827955,0.9542857142857143,0.11009045658504688
segment,tanh,106,336,0.0031726091341445846,0.9875776397515528,0.008471559137201285,0.9628571428571429,0.39386242116664893
segment,tanh,106,337,0.0031772015077917107,0.9881987577639751,0.008485656175211131,0.96,0.05450042903253875
segment,tanh,106,338,0.003166444619189908,0.9875776397515528,0.008451080990214493,0.96,1.0008265342029787
segment,tanh,106,339,0.003605741703862872,0.986335403726708,0.00859648928682228,0.96,0.017149284854923907
segment,tanh,106,340,0.0031815021898701956,0.9875776397515528,0.008544181021589943,0.9571428571428572,0.09111112681300937
segment,tanh,106,341,0.003301877844563932,0.9857142857142858,0.008459268232435991,0.9628571428571429,0.5489098310887864
segment,tanh,106,342,0.0033521079864480487,0.9875776397515528,0.008377535133701094,0.96,0.23596708512194942
segment,tanh,106,343,0.0032243421165387446,0.986335403726708,0.008265199980010903,0.9628571428571429,0.9973574866143742
segment,tanh,106,344,0.005263152363991579,0.9757763975155279,0.009305745951350402,0.9571428571428572,0.9831091682589952
segment,tanh,106,345,0.0032967258951901684,0.9869565217391304,0.008681249760358865,0.9571428571428572,0.013758744368386118
segment,tanh,106,346,0.003140049947435404,0.9888198757763975,0.008489169087585248,0.96,0.3470501785092768
segment,tanh,106,347,0.003303780327943196,0.9875776397515528,0.008604879285159985,0.9571428571428572,0.7599987565424318
segment,tanh,106,348,0.0030975788989352875,0.9881987577639751,0.008358498938074726,0.9628571428571429,0.2872723926426162
segment,tanh,106,349,0.0031069988146581098,0.986335403726708,0.008150627112830386,0.9628571428571429,0.09736345972602252
segment,tanh,106,350,0.0031488979023721045,0.9881987577639751,0.008298132385782373,0.9628571428571429,0.2470379816184984
segment,tanh,107,1,0.09278493472270834,0.5633540372670808,0.0919019460243984,0.5571428571428572,1.0026238857618122
segment,tanh,107,2,0.09373293638541343,0.5583850931677019,0.09247745391775253,0.5571428571428572,1.0152093794729564
segment,tanh,107,3,0.05643120123246699,0.6596273291925466,0.05484934397161241,0.6657142857142857,1.026426344954925
segment,tanh,107,4,0.04103003106592405,0.8627329192546583,0.04037225201996777,0.8714285714285714,1.0021376987170036
segment,tanh,107,5,0.03192074045191283,0.8906832298136645,0.03150623395445232,0.8828571428571429,1.0002846767525218
segment,tanh,107,6,0.02826226538541938,0.8962732919254658,0.02798485832120209,0.9085714285714286,1.0061241280298048
segment,tanh,107,7,0.032390757998564924,0.8652173913043478,0.03163901489328029,0.8828571428571429,1.0017077669006416
segment,tanh,107,8,0.02497879981943855,0.9049689440993789,0.026053654291525168,0.9114285714285715,1.0060607467974818
segment,tanh,107,9,0.020479203376483908,0.9279503105590062,0.021495129014436506,0.9171428571428571,0.9919529563505911
segment,tanh,107,10,0.02078079373459496,0.9167701863354037,0.021320517774106745,0.9114285714285715,1.0012849610395533
segment,tanh,107,11,0.02299628388354368,0.901863354037267,0.02417490727624449,0.8914285714285715,1.0001225715813928
segment,tanh,107,12,0.021290546634697968,0.9124223602484473,0.02149886500105774,0.9171428571428571,1.0012264955655132
segment,tanh,107,13,0.01876792517839454,0.9273291925465839,0.020577834603434184,0.9314285714285714,1.0018121103786828
segment,tanh,107,14,0.017292552061657265,0.931055900621118,0.01834910188508263,0.9257142857142857,0.999171376811416
segment,tanh,107,15,0.018815234327627602,0.929192546583851,0.01991197742158037,0.9171428571428571,1.00078741447159
segment,tanh,107,16,0.016547322846465887,0.9322981366459627,0.017956568098131127,0.9228571428571428,0.9964159298700993
segment,tanh,107,17,0.017878809983904103,0.9267080745341615,0.018661904186495815,0.92,1.0000509783717042
segment,tanh,107,18,0.01875233146469069,0.9173913043478261,0.01945153672614344,0.92,1.0005259954626775
segment,tanh,107,19,0.016396439437902564,0.9322981366459627,0.018099384015505173,0.9285714285714286,0.9994155927132957
segment,tanh,107,20,0.015035218758722498,0.937888198757764,0.016972557636503575,0.9228571428571428,0.8108073039808553
segment,tanh,107,21,0.029498912267004906,0.8708074534161491,0.03261247971910487,0.8628571428571429,1.0023125214843085
segment,tanh,107,22,0.022042418941719225,0.9099378881987578,0.025250955870999747,0.8971428571428571,1.0000038025164484
segment,tanh,107,23,0.01796814448016876,0.931055900621118,0.019550146375256188,0.92,1.073828084954933
segment,tanh,107,24,0.01508665886120455,0.9335403726708075,0.016686353382401445,0.9285714285714286,0.5604601458968145
segment,tanh,107,25,0.016624908775642294,0.9422360248447205,0.018949257848864486,0.9314285714285714,1.0001451609857752
segment,tanh,107,26,0.01411462943492894,0.9397515527950311,0.016328673628199494,0.9314285714285714,1.0006487994388467
segment,tanh,107,27,0.017094544580158817,0.9254658385093167,0.01805833564927453,0.92,1.0167942592952635
segment,tanh,107,28,0.013607328630010539,0.9422360248447205,0.015771469036595695,0.9371428571428572,0.9264477169041229
segment,tanh,107,29,0.013674494910400938,0.9459627329192547,0.016034103561425903,0.9314285714285714,0.9951083817676671
segment,tanh,107,30,0.0136439543409177,0.9397515527950311,0.015633397889189323,0.9228571428571428,1.000041371515724
segment,tanh,107,31,0.015403642426313943,0.9366459627329192,0.018169428423296843,0.9257142857142857,0.9795732468615057
segment,tanh,107,32,0.015898176352042177,0.9279503105590062,0.01736388994496979,0.9171428571428571,1.001475100778486
segment,tanh,107,33,0.013048432738996727,0.937888198757764,0.015247438165051924,0.9257142857142857,0.7050944277432707
segment,tanh,107,34,0.01291427024915676,0.9391304347826087,0.015444709828009176,0.9171428571428571,1.0010912550216102
segment,tanh,107,35,0.01285566160551462,0.9416149068322981,0.015467050210172358,0.9342857142857143,0.999984796239463
segment,tanh,107,36,0.012420336632319182,0.9416149068322981,0.01484228260677264,0.9257142857142857,0.8168753359729286
segment,tanh,107,37,0.013032508987271285,0.9385093167701863,0.014644698703432608,0.9285714285714286,0.9998161267203637
segment,tanh,107,38,0.012047343643013481,0.94472049689441,0.014264866308255186,0.9342857142857143,0.4934748871250941
segment,tanh,107,39,0.014762788824080674,0.9298136645962732,0.01750902287190097,0.9228571428571428,1.000003729872671
segment,tanh,107,40,0.013126828460604794,0.9503105590062112,0.01593664067998429,0.94,1.0054129451744223
segment,tanh,107,41,0.012979945244697425,0.9360248447204969,0.014909911410714337,0.9314285714285714,1.0000440408006512
segment,tanh,107,42,0.011916668175029517,0.9478260869565217,0.014591572045781244,0.9314285714285714,1.0003289018832795
segment,tanh,107,43,0.014921966570855476,0.9366459627329192,0.016511039664610306,0.9285714285714286,1.0035492298111472
segment,tanh,107,44,0.011387666834899694,0.9521739130434783,0.014078117439882989,0.9428571428571428,0.6061216709678429
segment,tanh,107,45,0.01149950884869093,0.9478260869565217,0.014286455821036778,0.9314285714285714,1.000195964541574
segment,tanh,107,46,0.013080410295993801,0.9472049689440993,0.01552247510865026,0.9342857142857143,1.0008014519813475
segment,tanh,107,47,0.011980375390062513,0.9409937888198758,0.014112786733060614,0.9342857142857143,0.9964879300002859
segment,tanh,107,48,0.012643750572463506,0.9391304347826087,0.014428879084605672,0.9314285714285714,1.0027803120074348
segment,tanh,107,49,0.014691037668399616,0.9304347826086956,0.01641768358650868,0.9257142857142857,1.0009698415308237
segment,tanh,107,50,0.010893843355370164,0.9484472049689441,0.013672114578202868,0.94,0.8678240955030885
segment,tanh,107,51,0.011936732342720826,0.9440993788819876,0.014995363408550124,0.9371428571428572,1.0001231408138231
segment,tanh,107,52,0.01069736189797292,0.9490683229813665,0.013693328227413227,0.94,0.560573002975695
segment,tanh,107,53,0.010738145184104188,0.9527950310559006,0.013565558938679589,0.9428571428571428,0.12922869023297
segment,tanh,107,54,0.010611854917997812,0.9509316770186336,0.013593893691023505,0.9428571428571428,1.0001040696050887
segment,tanh,107,55,0.010784147155268481,0.9509316770186336,0.013411160380283886,0.9371428571428572,0.38983123459432506
segment,tanh,107,56,0.011456576776191977,0.9503105590062112,0.01462359711271415,0.94,1.0000052950028877
segment,tanh,107,57,0.010836407974434034,0.9472049689440993,0.013668362740912458,0.9371428571428572,0.9997536292373792
segment,tanh,107,58,0.013222541134942386,0.9409937888198758,0.015282075569924544,0.9257142857142857,1.0011494560596614
segment,tanh,107,59,0.01109873379770101,0.9484472049689441,0.013785979106661172,0.9371428571428572,0.9979793072382703
segment,tanh,107,60,0.010207684257448404,0.9515527950310559,0.013087090538805196,0.94,0.9148596897459124
segment,tanh,107,61,0.013022446632749667,0.9322981366459627,0.01626682328124913,0.9257142857142857,1.0002816095990086
segment,tanh,107,62,0.012230125164675875,0.9472049689440993,0.015629472289618147,0.94,0.9999218986103143
segment,tanh,107,63,0.01059196548453819,0.9515527950310559,0.014001019851313693,0.94,1.0000381332092487
segment,tanh,107,64,0.013050955962223148,0.9335403726708075,0.015839176949268896,0.9257142857142857,1.0002906567803058
segment,tanh,107,65,0.010419247482482736,0.9515527950310559,0.013583209984423637,0.94,0.9972674647984859
segment,tanh,107,66,0.011126137333415342,0.9503105590062112,0.014504917519645224,0.94,1.0000129664188013
segment,tanh,107,67,0.009796135665214863,0.9546583850931677,0.01282750498848619,0.94,1.0003244578315142
segment,tanh,107,68,0.009968619600712133,0.9527950310559006,0.013191200619121005,0.9428571428571428,1.001798469681424
segment,tanh,107,69,0.009602634131689344,0.9540372670807453,0.012849840574468087,0.9428571428571428,0.11255528732827937
segment,tanh,107,70,0.009595259758733992,0.9559006211180124,0.01278397659096298,0.9428571428571428,0.826434618486233
segment,tanh,107,71,0.016628158789910894,0.9217391304347826,0.020019293619676925,0.9142857142857143,1.0000030276509064
segment,tanh,107,72,0.009902404183298418,0.9515527950310559,0.01270621158835267,0.9371428571428572,1.007338039474928
segment,tanh,107,73,0.009417571239459624,0.9552795031055901,0.012624510143505754,0.94,0.8178310015238391
segment,tanh,107,74,0.00951683336137601,0.953416149068323,0.012548431338699016,0.94,1.0707322215689938
segment,tanh,107,75,0.01060084216311669,0.9527950310559006,0.013241759680571978,0.94,1.0034264682395242
segment,tanh,107,76,0.00955106798457111,0.9552795031055901,0.012590422730333329,0.94,1.0000755699232917
segment,tanh,107,77,0.009338701869452877,0.9559006211180124,0.01245743088783363,0.94,1.0001467805639344
segment,tanh,107,78,0.009221938642450135,0.9565217391304348,0.012539263113055756,0.94,0.9106310434651419
segment,tanh,107,79,0.009175439136005843,0.9565217391304348,0.012608841590770994,0.94,0.29535143326639396
segment,tanh,107,80,0.011938007758435887,0.9434782608695652,0.014160958840738475,0.9342857142857143,1.0004069001350075
segment,tanh,107,81,0.010435809079035076,0.9503105590062112,0.01412197498241405,0.9371428571428572,0.7114882017581889
segment,tanh,107,82,0.009096403930379063,0.9577639751552796,0.012450636682731338,0.94,0.48217991898205104
segment,tanh,107,83,0.010904132099659491,0.94472049689441,0.01447554451257327,0.9371428571428572,0.9999098152236118
segment,tanh,107,84,0.01092617560026831,0.9478260869565217,0.013747230093398538,0.94,1.0000724933451142
segment,tanh,107,85,0.009088100569589546,0.9559006211180124,0.012472218500380277,0.9371428571428572,1.0005242423780163
segment,tanh,107,86,0.009115641394510444,0.9577639751552796,0.012401389095585325,0.9371428571428572,0.827572327553983
segment,tanh,107,87,0.011733875247041671,0.9385093167701863,0.015374821450044951,0.9314285714285714,0.9993453958250252
segment,tanh,107,88,0.011785078221635981,0.9385093167701863,0.015224383829233011,0.9342857142857143,1.0002141850013544
segment,tanh,107,89,0.011271198318073102,0.9484472049689441,0.013174111063977608,0.9428571428571428,1.000042124802933
segment,tanh,107,90,0.013860983250642701,0.9397515527950311,0.015548206126555653,0.9314285714285714,1.0001703173086816
segment,tanh,107,91,0.009962018322273766,0.9515527950310559,0.012939314314447656,0.94,0.984341032929722
segment,tanh,107,92,0.008736311986649727,0.9590062111801242,0.012344633005319664,0.94,1.0000175687923119
segment,tanh,107,93,0.00865647015878193,0.9577639751552796,0.012374601796090352,0.94,0.48766977804626505
segment,tanh,107,94,0.00864748757888644,0.9590062111801242,0.012409715740655015,0.94,0.7244913365071345
segment,tanh,107,95,0.009270173854058096,0.9583850931677018,0.012453884718134552,0.9371428571428572,1.0001751276565194
segment,tanh,107,96,0.014386517262518123,0.9279503105590062,0.017980569287182363,0.9142857142857143,1.0012599639051083
segment,tanh,107,97,0.008716118391426627,0.9590062111801242,0.012611411699551137,0.9428571428571428,0.9976409680158173
segment,tanh,107,98,0.008875312070570936,0.9590062111801242,0.012378269828351994,0.94,0.9995096204632616
segment,tanh,107,99,0.009677514292967858,0.953416149068323,0.012941384700728817,0.9371428571428572,0.9848079315445605
segment,tanh,107,100,0.008637265382086076,0.9596273291925466,0.012353443768813933,0.9371428571428572,0.16921186916293068
segment,tanh,107,101,0.01570819610044644,0.9260869565217391,0.019674437615178612,0.9142857142857143,1.0000928852886557
segment,tanh,107,102,0.009236770452969365,0.9559006211180124,0.013214740572056726,0.9428571428571428,0.9395711399680154
segment,tanh,107,103,0.011984954067166138,0.9459627329192547,0.013992899233791933,0.9314285714285714,1.0000137305284116
segment,tanh,107,104,0.010402763695921897,0.9503105590062112,0.013856161785612154,0.94,1.000212445630928
segment,tanh,107,105,0.010108723326280976,0.9515527950310559,0.013651894526597888,0.9314285714285714,1.0176004037548219
segment,tanh,107,106,0.009202744523136703,0.9571428571428572,0.012618356422766534,0.9371428571428572,1.000147425492546
segment,tanh,107,107,0.008441353209629073,0.9590062111801242,0.012116805664676005,0.9371428571428572,0.9998709256974465
segment,tanh,107,108,0.00844190305159258,0.962111801242236,0.01226749755368383,0.94,0.9965366023777062
segment,tanh,107,109,0.021093521364278195,0.9093167701863354,0.024343013164839618,0.9028571428571428,1.000417388506969
segment,tanh,107,110,0.013810315004883765,0.9409937888198758,0.015567705282719016,0.9285714285714286,1.0001991073845904
segment,tanh,107,111,0.014322281713370182,0.9385093167701863,0.015689868921762516,0.9285714285714286,1.0021447631756115
segment,tanh,107,112,0.008169665139161307,0.9639751552795031,0.012267944241527988,0.94,0.9994888477578923
segment,tanh,107,113,0.008087907844720566,0.9645962732919254,0.012156664987984933,0.9342857142857143,0.9884811269455601
segment,tanh,107,114,0.00805646495432475,0.9658385093167702,0.011964163460090299,0.94,1.0001938841704896
segment,tanh,107,115,0.007942210132754115,0.9645962732919254,0.011799451559986348,0.94,0.8041166923032139
segment,tanh,107,116,0.007940077210815473,0.9633540372670808,0.012023523789244607,0.94,0.8836365902615545
segment,tanh,107,117,0.008496242282337096,0.9670807453416149,0.012339361144444644,0.9428571428571428,0.9941047792212672
segment,tanh,107,118,0.008196900360268641,0.9633540372670808,0.01180292203583259,0.94,0.7042665934538764
segment,tanh,107,119,0.007619219217371513,0.9652173913043478,0.012053927105000105,0.9428571428571428,0.9317191050349437
segment,tanh,107,120,0.007597664638626531,0.9658385093167702,0.011602204512957822,0.9428571428571428,0.2783436191838756
segment,tanh,107,121,0.012750571058194191,0.9459627329192547,0.014912047269313482,0.9371428571428572,1.000056623398651
segment,tanh,107,122,0.01000774934275671,0.9552795031055901,0.013974807686233126,0.9371428571428572,0.9986835176628751
segment,tanh,107,123,0.0075738027718118646,0.9658385093167702,0.01151083605789435,0.9428571428571428,0.08700793021925382
segment,tanh,107,124,0.008350471833426545,0.9608695652173913,0.01222164175933631,0.9342857142857143,1.0007010960850693
segment,tanh,107,125,0.020716824239165037,0.9105590062111801,0.023530687005117904,0.9085714285714286,1.000211363216342
segment,tanh,107,126,0.00965268354077679,0.9552795031055901,0.013480434377673184,0.9457142857142857,1.0001807021029439
segment,tanh,107,127,0.007905799257100884,0.9633540372670808,0.01194997655008346,0.9485714285714286,0.9583048823525822
segment,tanh,107,128,0.007328357438525899,0.9645962732919254,0.011111127861710958,0.9428571428571428,1.0000684419888788
segment,tanh,107,129,0.007123494366312117,0.9677018633540373,0.011007003638142538,0.9485714285714286,0.041735687098514926
segment,tanh,107,130,0.007114224066077572,0.9664596273291925,0.010925206001511823,0.9485714285714286,0.8019532116092052
segment,tanh,107,131,0.008151645783169192,0.9639751552795031,0.011261758895677302,0.9485714285714286,1.0000345566726252
segment,tanh,107,132,0.007258655361002159,0.9658385093167702,0.0107457138194632,0.9457142857142857,0.06295835490571582
segment,tanh,107,133,0.00707727648640745,0.9695652173913043,0.010827780867677043,0.9428571428571428,0.24496392422880486
segment,tanh,107,134,0.007063304633661522,0.9683229813664597,0.010758515201508438,0.9485714285714286,0.14978874902752223
segment,tanh,107,135,0.00756507136642295,0.9658385093167702,0.011510396271189209,0.9485714285714286,1.0039960971687474
segment,tanh,107,136,0.007942102178177889,0.9652173913043478,0.011432427782447614,0.9457142857142857,1.0000752529561887
segment,tanh,107,137,0.01621219801077228,0.9285714285714286,0.019234400163898865,0.92,1.01815047468795
segment,tanh,107,138,0.010192593311451502,0.9596273291925466,0.012828372135041398,0.94,1.0002036082307266
segment,tanh,107,139,0.01439121857072187,0.9329192546583851,0.01755439357712206,0.92,1.0000164998844534
segment,tanh,107,140,0.0069178036448732175,0.9677018633540373,0.010497000174643042,0.9485714285714286,0.3249289196724629
segment,tanh,107,141,0.007533681507101393,0.9658385093167702,0.011209562258007982,0.9514285714285714,0.08868274545732772
segment,tanh,107,142,0.007139487376830089,0.9677018633540373,0.011063070439313854,0.9457142857142857,1.0002664336472948
segment,tanh,107,143,0.007058831270036031,0.9677018633540373,0.010760022179138927,0.9485714285714286,0.35445909062829906
segment,tanh,107,144,0.00781944277379321,0.9627329192546584,0.011384770224345095,0.9457142857142857,0.9870811975137815
segment,tanh,107,145,0.006902931118821585,0.9695652173913043,0.010540027807182845,0.9457142857142857,1.0000004072535131
segment,tanh,107,146,0.006916106988205777,0.968944099378882,0.010337318390637484,0.9514285714285714,1.0000003660618098
segment,tanh,107,147,0.006593842999638512,0.968944099378882,0.010333694085319773,0.9485714285714286,1.0000028889209251
segment,tanh,107,148,0.006761253033373659,0.9732919254658385,0.01026477650536377,0.9485714285714286,0.9555388691188125
segment,tanh,107,149,0.006925479822853143,0.9677018633540373,0.010278839760471753,0.9514285714285714,0.9840310732591426
segment,tanh,107,150,0.007429886501970198,0.9677018633540373,0.010709570219039786,0.9485714285714286,0.8932207327882649
segment,tanh,107,151,0.006305159325482687,0.9732919254658385,0.009780260861399381,0.96,0.9076225658041588
segment,tanh,107,152,0.006393247473615037,0.9720496894409938,0.009867758538935838,0.9542857142857143,0.029320269011704737
segment,tanh,107,153,0.00661491692786529,0.9695652173913043,0.010174430384235001,0.9542857142857143,0.28390408954231366
segment,tanh,107,154,0.006242700048457083,0.9726708074534162,0.009784042643403244,0.9571428571428572,0.3904731798902117
segment,tanh,107,155,0.006190648071918047,0.9720496894409938,0.00974079505783415,0.9542857142857143,0.2315305812812864
segment,tanh,107,156,0.00655881049991161,0.9720496894409938,0.01003720414310006,0.9571428571428572,0.31535500037379816
segment,tanh,107,157,0.006908958234149377,0.9683229813664597,0.010468456459335983,0.9542857142857143,0.9789886139423735
segment,tanh,107,158,0.006443723227874956,0.9701863354037267,0.0097166128846744,0.9514285714285714,0.9993130391611451
segment,tanh,107,159,0.006071857942180875,0.9745341614906833,0.009660613715303107,0.9542857142857143,0.1385705874310157
segment,tanh,107,160,0.006091871477906917,0.9739130434782609,0.00954789744587445,0.9542857142857143,0.916510160461439
segment,tanh,107,161,0.011034351363929561,0.9422360248447205,0.014523127881135306,0.9314285714285714,1.0000377781086747
segment,tanh,107,162,0.008734928727389247,0.9596273291925466,0.011444316311735666,0.94,0.9993264635518949
segment,tanh,107,163,0.0061230786760180424,0.9714285714285714,0.009847914285607906,0.9542857142857143,0.4113932216876131
segment,tanh,107,164,0.006280135696268097,0.9726708074534162,0.009915222133683139,0.9542857142857143,0.9913597568427148
segment,tanh,107,165,0.006079139079848431,0.9714285714285714,0.009529244114683035,0.9542857142857143,0.7353787610265007
segment,tanh,107,166,0.005964763420644312,0.9751552795031055,0.009723909823823639,0.9571428571428572,0.4239103028914857
segment,tanh,107,167,0.006262704204966866,0.9720496894409938,0.009994326637997916,0.9571428571428572,0.15541414759640396
segment,tanh,107,168,0.006069906266082665,0.9732919254658385,0.009880339296264983,0.9514285714285714,0.5802177533346606
segment,tanh,107,169,0.006207208117634397,0.9720496894409938,0.009797560996722682,0.9485714285714286,1.0000194949725378
segment,tanh,107,170,0.012569589382240174,0.9372670807453416,0.015656355006868496,0.9228571428571428,1.0000364568053424
segment,tanh,107,171,0.007605198772793892,0.9683229813664597,0.010888829164396775,0.9514285714285714,1.000089368979756
segment,tanh,107,172,0.005998884996778771,0.9720496894409938,0.009677390097686851,0.9485714285714286,0.9997554765200826
segment,tanh,107,173,0.00724176153199,0.9645962732919254,0.010217626883062034,0.9514285714285714,0.999347537336926
segment,tanh,107,174,0.005773197379280822,0.9757763975155279,0.009264911122183086,0.9542857142857143,0.5891330340220771
segment,tanh,107,175,0.008905179042323443,0.9614906832298137,0.011008441841370715,0.9428571428571428,0.9999966919441168
segment,tanh,107,176,0.005768920050311011,0.9757763975155279,0.009409258286648231,0.9571428571428572,0.6759927260290948
segment,tanh,107,177,0.005909949136206894,0.9732919254658385,0.009660377757885332,0.96,0.3839876744320888
segment,tanh,107,178,0.005491654256804697,0.9763975155279503,0.009124471311147018,0.96,0.19794398995121767
segment,tanh,107,179,0.005807275181581409,0.9714285714285714,0.009235502950358573,0.9571428571428572,0.7003941999698066
segment,tanh,107,180,0.005521509751000662,0.9745341614906833,0.009109987532525307,0.9571428571428572,0.41894063629553385
segment,tanh,107,181,0.005953910624746374,0.9732919254658385,0.00935884319238426,0.9514285714285714,0.9111951248715282
segment,tanh,107,182,0.011021750310171722,0.9565217391304348,0.01226717667430369,0.9428571428571428,1.0014257822673256
segment,tanh,107,183,0.012251594938295368,0.9453416149068323,0.014338302475060507,0.94,1.0000143617238577
segment,tanh,107,184,0.005706298357784232,0.9782608695652174,0.009080829706400199,0.9542857142857143,0.9755108732070654
segment,tanh,107,185,0.005372551376585554,0.9782608695652174,0.008728319462571698,0.96,0.9881961548381497
segment,tanh,107,186,0.005942098487855603,0.9757763975155279,0.009416771716631566,0.9542857142857143,1.0007553258444253
segment,tanh,107,187,0.0053190030192550595,0.9788819875776398,0.008799715210341981,0.96,0.08638759408310565
segment,tanh,107,188,0.009392525837908613,0.9608695652173913,0.011217478951481967,0.9457142857142857,1.005535736675322
segment,tanh,107,189,0.005617578883836819,0.9763975155279503,0.009263838878202152,0.96,0.4956386667104222
segment,tanh,107,190,0.006562764748590377,0.9757763975155279,0.01045446704546782,0.9571428571428572,1.0003952794197917
segment,tanh,107,191,0.005619374488253617,0.9745341614906833,0.00910444069356957,0.9514285714285714,0.951192807979473
segment,tanh,107,192,0.005255718523601682,0.9782608695652174,0.008739365288833663,0.9571428571428572,0.8953458062128405
segment,tanh,107,193,0.00639553601372106,0.9714285714285714,0.00968316391718807,0.9542857142857143,0.9996221044509435
segment,tanh,107,194,0.004993629549936181,0.9813664596273292,0.00857198833604542,0.9628571428571429,0.028126499741736585
segment,tanh,107,195,0.005406231980954819,0.9763975155279503,0.009322370626122707,0.9571428571428572,1.000089159004703
segment,tanh,107,196,0.005444601063581297,0.9745341614906833,0.009055976665103719,0.96,0.8469848316001012
segment,tanh,107,197,0.005192378897318459,0.9801242236024845,0.00857563890801102,0.96,0.9994695337126933
segment,tanh,107,198,0.00492578616196716,0.9788819875776398,0.008543722424626246,0.9571428571428572,0.4373445318529747
segment,tanh,107,199,0.004897054521710562,0.9801242236024845,0.00841525051548624,0.96,0.11795771965463987
segment,tanh,107,200,0.004972843599384635,0.9788819875776398,0.008321992091817505,0.96,1.0000644348156567
segment,tanh,107,201,0.0068283528808206866,0.9732919254658385,0.009671617420904543,0.9514285714285714,1.0000277392559112
segment,tanh,107,202,0.01546815304415327,0.9335403726708075,0.017989864690877863,0.9257142857142857,1.0000833113315937
segment,tanh,107,203,0.004873642579066549,0.9819875776397515,0.008246019302702239,0.9571428571428572,0.8268864592795382
segment,tanh,107,204,0.004875875103985981,0.9807453416149068,0.008247244893110375,0.9571428571428572,0.28731793425148683
segment,tanh,107,205,0.0047318422843675495,0.9832298136645963,0.008138048299986475,0.96,0.7013986866831721
segment,tanh,107,206,0.009492989500649024,0.9540372670807453,0.012696595463152525,0.9342857142857143,1.0000071812624591
segment,tanh,107,207,0.004993071215610023,0.9795031055900622,0.008274211778952363,0.9542857142857143,0.9720590453672832
segment,tanh,107,208,0.005608581932849616,0.9757763975155279,0.008654683417982749,0.9542857142857143,0.016155093758806957
segment,tanh,107,209,0.004810986558972417,0.9807453416149068,0.00834324231738043,0.96,0.4754570806308691
segment,tanh,107,210,0.004781661985092515,0.9819875776397515,0.008250155181882591,0.9628571428571429,0.1614789428117519
segment,tanh,107,211,0.0051007864029785945,0.9795031055900622,0.008626366593290987,0.9571428571428572,0.9394296852300009
segment,tanh,107,212,0.006443233230656408,0.9720496894409938,0.009219451229401217,0.9571428571428572,1.0001616791243053
segment,tanh,107,213,0.004662919180423419,0.9819875776397515,0.008042334220842648,0.9628571428571429,0.9311589694504147
segment,tanh,107,214,0.004789392052001362,0.9795031055900622,0.00839800812000026,0.96,0.15396770142213345
segment,tanh,107,215,0.00465023953262244,0.9801242236024845,0.008356993692519733,0.96,0.11541617817846443
segment,tanh,107,216,0.004560470706844288,0.9813664596273292,0.008329467679283175,0.9571428571428572,0.871500779619775
segment,tanh,107,217,0.01071167636681406,0.9472049689440993,0.013863926529785436,0.9371428571428572,1.0000150472052218
segment,tanh,107,218,0.004795685959267994,0.9807453416149068,0.00824624199559233,0.96,0.8006848879272177
segment,tanh,107,219,0.00483915615517344,0.9807453416149068,0.008283457972284337,0.96,0.16684127039103444
segment,tanh,107,220,0.004562928193726852,0.9801242236024845,0.00824694715535946,0.96,0.6531384627623825
segment,tanh,107,221,0.00499131524487138,0.9770186335403727,0.008185532475248829,0.9628571428571429,0.26547865102334034
segment,tanh,107,222,0.004885992933987135,0.9788819875776398,0.008452601526699181,0.9571428571428572,0.6615920551882736
segment,tanh,107,223,0.008053785518801506,0.9633540372670808,0.011839002200291084,0.94,1.0000219020402283
segment,tanh,107,224,0.004684747434399186,0.9813664596273292,0.008430580047804783,0.9628571428571429,0.97925824661123
segment,tanh,107,225,0.004788878317412011,0.977639751552795,0.008487873101308692,0.96,0.9998295450418214
segment,tanh,107,226,0.004361065758126988,0.9832298136645963,0.008217775552218889,0.96,0.662701816892695
segment,tanh,107,227,0.013553697817576479,0.9484472049689441,0.015639245483435014,0.9457142857142857,1.0366623949755993
segment,tanh,107,228,0.006641311789049031,0.970807453416149,0.008934570087704239,0.9657142857142857,1.0001015947103358
segment,tanh,107,229,0.006063767590727782,0.9732919254658385,0.009514098319717805,0.9542857142857143,0.12525920865426993
segment,tanh,107,230,0.005492008301008797,0.9770186335403727,0.009305001289810499,0.96,0.09322210342278965
segment,tanh,107,231,0.007846717333423438,0.962111801242236,0.01166592491549057,0.9485714285714286,1.0000735464420718
segment,tanh,107,232,0.005655772015005748,0.9745341614906833,0.009789997746213691,0.9514285714285714,1.00003146786852
segment,tanh,107,233,0.005151583846658421,0.9788819875776398,0.009375945479570998,0.9571428571428572,0.42039453166507457
segment,tanh,107,234,0.0052606345632217775,0.9782608695652174,0.009041612040329078,0.9628571428571429,1.0000992047064796
segment,tanh,107,235,0.004888470518376914,0.9795031055900622,0.008958327021770058,0.9628571428571429,0.7770285460826133
segment,tanh,107,236,0.005891994829336551,0.9782608695652174,0.00972902278016301,0.9571428571428572,0.9995179380421052
segment,tanh,107,237,0.005505060979715371,0.9763975155279503,0.009444670088854029,0.96,0.008698929815052008
segment,tanh,107,238,0.004713163966038054,0.9813664596273292,0.0087971324245595,0.9628571428571429,0.8111789728989398
segment,tanh,107,239,0.0046277694542571825,0.9819875776397515,0.008828030864131382,0.9657142857142857,1.0041151529894876
segment,tanh,107,240,0.014667106386028908,0.9354037267080745,0.017213977590682803,0.9257142857142857,1.000344747867401
segment,tanh,107,241,0.004906668593193356,0.9801242236024845,0.008875283813938697,0.96,0.954813795911183
segment,tanh,107,242,0.006029198217392506,0.9782608695652174,0.010106274159567089,0.96,1.0000001125558509
segment,tanh,107,243,0.00866179133894624,0.9590062111801242,0.012510259494740689,0.9428571428571428,0.9999905209581387
segment,tanh,107,244,0.004472497846304534,0.9807453416149068,0.008365511545113447,0.9657142857142857,0.17140588674107973
segment,tanh,107,245,0.004815930819095908,0.9807453416149068,0.008651600942345777,0.96,0.7585208946638454
segment,tanh,107,246,0.0042347980674729245,0.9813664596273292,0.008263570190481408,0.9628571428571429,0.0883224289912865
segment,tanh,107,247,0.0042484548568651505,0.9813664596273292,0.008260760745066093,0.9657142857142857,0.1683175082412719
segment,tanh,107,248,0.0068030577353279725,0.968944099378882,0.00955404188027898,0.9571428571428572,0.9999947410459825
segment,tanh,107,249,0.004220307019203601,0.9832298136645963,0.008196565305039157,0.9628571428571429,0.5543821689173382
segment,tanh,107,250,0.004135851252191248,0.9826086956521739,0.00813459429381821,0.9657142857142857,0.18919167619630547
segment,tanh,107,251,0.0044839951307061735,0.9801242236024845,0.00827714631360298,0.9657142857142857,1.000101350800257
segment,tanh,107,252,0.01085620127546624,0.9472049689440993,0.01440851211843418,0.9342857142857143,1.0048644661687847
segment,tanh,107,253,0.0065684678805023764,0.9683229813664597,0.010496107356353264,0.96,1.0014265864251588
segment,tanh,107,254,0.004894939056722245,0.9788819875776398,0.009134207627886559,0.96,0.18827049435721527
segment,tanh,107,255,0.004085674312739802,0.9826086956521739,0.008390249096421115,0.9657142857142857,0.6630279694347584
segment,tanh,107,256,0.005547166464874437,0.9745341614906833,0.009745729168985988,0.9542857142857143,1.0000000395098327
segment,tanh,107,257,0.0040292763254056625,0.984472049689441,0.008293800199063877,0.9685714285714285,0.80129911668141
segment,tanh,107,258,0.004029690869275654,0.9832298136645963,0.008388421867661339,0.9714285714285714,0.04280493172947151
segment,tanh,107,259,0.006923280991792078,0.9670807453416149,0.010651615696082565,0.9514285714285714,0.9998851500287352
segment,tanh,107,260,0.004246971449132241,0.9826086956521739,0.008535984015521005,0.9657142857142857,1.0000367986638254
segment,tanh,107,261,0.003984934024782477,0.984472049689441,0.008263387566208999,0.9685714285714285,0.124942326147845
segment,tanh,107,262,0.004631073463252473,0.9788819875776398,0.008783612675048005,0.96,0.9885309314515488
segment,tanh,107,263,0.004088121065955053,0.9819875776397515,0.00865276414459882,0.96,0.6109973882777497
segment,tanh,107,264,0.004310050805269934,0.9826086956521739,0.00879041037013631,0.9657142857142857,0.4593797386638374
segment,tanh,107,265,0.00446132298152057,0.9782608695652174,0.008659671590776751,0.9657142857142857,0.2536037809380335
segment,tanh,107,266,0.004638335933297822,0.9807453416149068,0.009107719872052165,0.9542857142857143,0.9707122446348999
segment,tanh,107,267,0.004401775073400915,0.9819875776397515,0.00875481894849863,0.96,0.8578386820157226
segment,tanh,107,268,0.004218121669340368,0.9838509316770186,0.00884953388775418,0.96,1.0000368383855107
segment,tanh,107,269,0.005311419477505296,0.9807453416149068,0.009367313563794324,0.96,1.0001107263886995
segment,tanh,107,270,0.003943405972638881,0.9826086956521739,0.008264477914443692,0.9628571428571429,0.45627377978814043
segment,tanh,107,271,0.0039051493323752806,0.984472049689441,0.008150426047731777,0.9657142857142857,0.17424717979670093
segment,tanh,107,272,0.003909682940878029,0.9826086956521739,0.008294799754162524,0.9628571428571429,1.0005199476484479
segment,tanh,107,273,0.008508472917849598,0.962111801242236,0.01200689658019022,0.9457142857142857,1.00023044612621
segment,tanh,107,274,0.004087334437667955,0.9826086956521739,0.0085572130714988,0.96,0.12404460960648325
segment,tanh,107,275,0.003944261427767169,0.9826086956521739,0.008439115133348248,0.9628571428571429,0.15449287750966875
segment,tanh,107,276,0.004456700383556,0.9788819875776398,0.008849359264790684,0.96,0.976829759503162
segment,tanh,107,277,0.005370820637658603,0.9745341614906833,0.009398823873620019,0.96,0.9936628211031869
segment,tanh,107,278,0.013335570662327496,0.9428571428571428,0.01649840628471159,0.9285714285714286,1.0003201353356521
segment,tanh,107,279,0.004708870776958019,0.9819875776397515,0.008967403896062804,0.96,1.0013658051241152
segment,tanh,107,280,0.003843241383652354,0.9832298136645963,0.008422614256060695,0.9657142857142857,0.844830300832191
segment,tanh,107,281,0.003911597231574265,0.9826086956521739,0.008420595833471994,0.9657142857142857,0.08511212798708372
segment,tanh,107,282,0.004071594721590737,0.9813664596273292,0.008294745694397452,0.96,1.0019495776601843
segment,tanh,107,283,0.0038379430896793216,0.9838509316770186,0.00815315369625179,0.9628571428571429,0.9756256460469982
segment,tanh,107,284,0.003880728046563785,0.9826086956521739,0.008421024502136795,0.9628571428571429,0.3672004362902017
segment,tanh,107,285,0.006348244207279714,0.9695652173913043,0.010613866054864862,0.9542857142857143,1.0002033228508043
segment,tanh,107,286,0.0037948531188548977,0.984472049689441,0.008126590872191971,0.9685714285714285,0.8835038961307337
segment,tanh,107,287,0.0038769696870838196,0.9832298136645963,0.008383860680216994,0.9628571428571429,0.5280683878692825
segment,tanh,107,288,0.00862937812513212,0.9583850931677018,0.01297114888092001,0.9428571428571428,1.0002734701926774
segment,tanh,107,289,0.0037916305655538774,0.9838509316770186,0.008300904995586606,0.9628571428571429,0.6238621554760757
segment,tanh,107,290,0.011148625455570053,0.9546583850931677,0.01369625780387008,0.9428571428571428,1.0000954477153159
segment,tanh,107,291,0.0042646946097700585,0.9813664596273292,0.008870070935060538,0.96,0.09501175109190282
segment,tanh,107,292,0.0041637228461511465,0.9813664596273292,0.008426952397121322,0.9628571428571429,0.5255473883544729
segment,tanh,107,293,0.003910552992525236,0.9832298136645963,0.008344259944080761,0.9628571428571429,0.887822827902341
segment,tanh,107,294,0.0038204102987322098,0.9832298136645963,0.008225688961675528,0.9628571428571429,1.0000301325080934
segment,tanh,107,295,0.00388637509506302,0.9826086956521739,0.008557028510100451,0.96,0.7436521570910628
segment,tanh,107,296,0.0038992590842039073,0.9832298136645963,0.008282628433998938,0.9628571428571429,0.12938448138841974
segment,tanh,107,297,0.0038405059668717876,0.9826086956521739,0.008463228413097301,0.9628571428571429,0.11476785330013686
segment,tanh,107,298,0.0036860869440413758,0.984472049689441,0.008230748125008486,0.9657142857142857,0.46869539775019825
segment,tanh,107,299,0.0037375823042789416,0.9838509316770186,0.008458789503311002,0.9628571428571429,1.0000371912488188
segment,tanh,107,300,0.003645188370973653,0.984472049689441,0.008199333857684753,0.9685714285714285,0.4514371303053228
segment,tanh,107,301,0.006802742746513472,0.968944099378882,0.010056964009589449,0.9485714285714286,1.0030213089481814
segment,tanh,107,302,0.0053434698939307055,0.9801242236024845,0.009503439053201355,0.9542857142857143,1.0000158268057604
segment,tanh,107,303,0.004559357860519677,0.9788819875776398,0.008516267014758813,0.96,0.9789253274016912
segment,tanh,107,304,0.0036105653073972024,0.984472049689441,0.008098559888477914,0.9685714285714285,0.3527811276745387
segment,tanh,107,305,0.0037985262747196134,0.9832298136645963,0.008361753111845342,0.9657142857142857,0.88757763089905
segment,tanh,107,306,0.009378817385467607,0.9552795031055901,0.012907330782982871,0.94,1.0000244548383028
segment,tanh,107,307,0.004732724011878649,0.9795031055900622,0.008526206691281705,0.9571428571428572,1.000005089547464
segment,tanh,107,308,0.005100186600908129,0.9770186335403727,0.009371275504809392,0.96,0.05808776386857665
segment,tanh,107,309,0.003611607386765761,0.9850931677018634,0.008179585211732196,0.9657142857142857,0.6167144389464382
segment,tanh,107,310,0.0036554924738082775,0.9826086956521739,0.008235226642195064,0.9628571428571429,0.20778760181833394
segment,tanh,107,311,0.004556267635829966,0.9801242236024845,0.008745668746040339,0.9628571428571429,1.000052709275756
segment,tanh,107,312,0.003601944420077984,0.9838509316770186,0.008188151275225255,0.9657142857142857,1.0004528064983176
segment,tanh,107,313,0.003595620544003039,0.984472049689441,0.008134705218355793,0.9628571428571429,0.4519620230784934
segment,tanh,107,314,0.0035073364679582674,0.9850931677018634,0.007881905448507505,0.9714285714285714,0.05415643167523218
segment,tanh,107,315,0.0036548179771096314,0.9838509316770186,0.008036538817243378,0.9628571428571429,0.6084026545276946
segment,tanh,107,316,0.003650822581440654,0.984472049689441,0.008204261045739982,0.9628571428571429,0.03217538197847243
segment,tanh,107,317,0.003514415782066655,0.9850931677018634,0.007974573115075819,0.9685714285714285,0.10635332794503492
segment,tanh,107,318,0.0036438490534730357,0.9832298136645963,0.00805877780401433,0.9657142857142857,0.01381726149401697
segment,tanh,107,319,0.004822318452879908,0.9807453416149068,0.009478454109466638,0.9657142857142857,1.0008552275213556
segment,tanh,107,320,0.004566344767397981,0.9807453416149068,0.009014158232482855,0.9571428571428572,0.9699676665761298
segment,tanh,107,321,0.003484770404822856,0.9850931677018634,0.00783308225879283,0.9685714285714285,0.7339930658055962
segment,tanh,107,322,0.003945701357885796,0.9819875776397515,0.008216940868681862,0.9657142857142857,0.4144438937013163
segment,tanh,107,323,0.003461462374321148,0.9857142857142858,0.007884533814154635,0.9685714285714285,0.2257583257350552
segment,tanh,107,324,0.0036850427541685426,0.9826086956521739,0.007979777416092721,0.9628571428571429,0.037994759583301965
segment,tanh,107,325,0.0037432484626658442,0.984472049689441,0.00832350424649732,0.9628571428571429,0.6705001583590322
segment,tanh,107,326,0.003637639935573971,0.9826086956521739,0.008143453418349217,0.9628571428571429,0.18019007179926572
segment,tanh,107,327,0.0036011416836930904,0.9838509316770186,0.00804309703436731,0.9657142857142857,0.08172703315707049
segment,tanh,107,328,0.005952486693228014,0.9757763975155279,0.009016814602102432,0.9571428571428572,0.999616605147222
segment,tanh,107,329,0.003566149457989567,0.9819875776397515,0.008074262078212506,0.9628571428571429,0.45241926608679833
segment,tanh,107,330,0.0035117810890146635,0.9838509316770186,0.00804202271085199,0.9685714285714285,0.7987945401327329
segment,tanh,107,331,0.0037205980472058654,0.9838509316770186,0.008198642752131714,0.9628571428571429,0.1517902316088733
segment,tanh,107,332,0.003422014430907909,0.9850931677018634,0.008021102281248292,0.9685714285714285,0.3189314191670237
segment,tanh,107,333,0.0038850298862636787,0.9813664596273292,0.008729485572399841,0.9571428571428572,0.31202490066011
segment,tanh,107,334,0.0038141984010683035,0.9838509316770186,0.008139885183373679,0.9628571428571429,0.08532747124313667
segment,tanh,107,335,0.003515247043796255,0.9826086956521739,0.00803546565318513,0.9628571428571429,1.0000061847700135
segment,tanh,107,336,0.0034210798140367144,0.9857142857142858,0.007890285226225575,0.9685714285714285,0.17483490712127328
segment,tanh,107,337,0.0033610400542784698,0.9850931677018634,0.007943534595280187,0.9685714285714285,0.3452957822071107
segment,tanh,107,338,0.0035317221153032385,0.984472049689441,0.008080242821725835,0.9628571428571429,0.05161152694342838
segment,tanh,107,339,0.0037785574141590075,0.9832298136645963,0.008454539868781393,0.9628571428571429,0.3085655259699145
segment,tanh,107,340,0.0036915830331220776,0.9838509316770186,0.008033972287433036,0.9628571428571429,0.08816171862696752
segment,tanh,107,341,0.003415583818546519,0.984472049689441,0.007990750908665592,0.9657142857142857,0.17029834775870623
segment,tanh,107,342,0.0033744913208305243,0.9857142857142858,0.008007407042029664,0.9657142857142857,0.07545298629279207
segment,tanh,107,343,0.003720618561797874,0.9826086956521739,0.008120772369555457,0.9657142857142857,0.11286050214752129
segment,tanh,107,344,0.0034039478404185673,0.9850931677018634,0.007786952113841487,0.9685714285714285,0.1432137991370221
segment,tanh,107,345,0.011349158304437583,0.9478260869565217,0.014495893414293767,0.9342857142857143,1.0000483676469942
segment,tanh,107,346,0.0038362151630674485,0.9826086956521739,0.008250518932686381,0.9657142857142857,0.9832912211627063
segment,tanh,107,347,0.004105196472483011,0.9813664596273292,0.008268490004059752,0.9657142857142857,0.020684968620792953
segment,tanh,107,348,0.004048442323581233,0.9826086956521739,0.008381937770276354,0.9657142857142857,0.8418852566645003
segment,tanh,107,349,0.0033679847586929657,0.9832298136645963,0.007842188587412398,0.9685714285714285,1.000167380111275
segment,tanh,107,350,0.0038141445041992286,0.9813664596273292,0.0085989957952561,0.9657142857142857,0.909828386838245
segment,tanh,108,1,0.0901643590493161,0.5186335403726708,0.09014623772737833,0.5028571428571429,1.0088071111415153
segment,tanh,108,2,0.07522645542903501,0.593167701863354,0.07565751259350048,0.5685714285714286,1.0007501703495192
segment,tanh,108,3,0.07625670479468943,0.5975155279503106,0.07478123969591298,0.6085714285714285,1.0428915928309623
segment,tanh,108,4,0.052402890098767946,0.7726708074534161,0.05374787307664245,0.7857142857142857,1.0034884354661688
segment,tanh,108,5,0.0422422436295511,0.8093167701863354,0.04227112547878214,0.7971428571428572,1.003188958598286
segment,tanh,108,6,0.03631915346724645,0.8149068322981367,0.03735696432257644,0.8085714285714286,0.9986511571891717
segment,tanh,108,7,0.03341020434072733,0.8708074534161491,0.03515239161698027,0.8485714285714285,1.0011204821032602
segment,tanh,108,8,0.02486293371962012,0.9236024844720497,0.025865833271152817,0.9171428571428571,1.013185739228543
segment,tanh,108,9,0.022683365873521922,0.9248447204968944,0.024400984549791522,0.9057142857142857,1.0010851998354213
segment,tanh,108,10,0.020880599479667496,0.9167701863354037,0.022393479651326778,0.9085714285714286,1.0019566910218327
segment,tanh,108,11,0.04404614052521268,0.822360248447205,0.04697223523536263,0.8,1.0004732562329277
segment,tanh,108,12,0.01888373575031303,0.9260869565217391,0.02016106177365758,0.9114285714285715,0.8846534327136207
segment,tanh,108,13,0.02406053829040186,0.8875776397515528,0.024995659369290487,0.8914285714285715,1.0016145379481782
segment,tanh,108,14,0.017697865974513477,0.9298136645962732,0.01948309471763911,0.9142857142857143,1.0019284731044706
segment,tanh,108,15,0.021708032945898997,0.9049689440993789,0.02312081143798021,0.9085714285714286,1.0081954169892713
segment,tanh,108,16,0.020704394886710678,0.9167701863354037,0.0235871958338683,0.8885714285714286,1.008208187004957
segment,tanh,108,17,0.017428237064899457,0.9304347826086956,0.019161884540207407,0.92,1.0009736160337417
segment,tanh,108,18,0.017428317476807276,0.9236024844720497,0.018891113108409876,0.92,1.0015033258058954
segment,tanh,108,19,0.017197052064118607,0.9285714285714286,0.01892719305666092,0.9285714285714286,1.0024890506586872
segment,tanh,108,20,0.01573677085606367,0.9347826086956522,0.017397860285514065,0.9285714285714286,1.0009164354709743
segment,tanh,108,21,0.015085973165329237,0.9397515527950311,0.017396560013943525,0.92,1.0005935844040934
segment,tanh,108,22,0.014827443246350486,0.937888198757764,0.016845423186557663,0.9228571428571428,1.0007386621451657
segment,tanh,108,23,0.021289423832541125,0.9149068322981366,0.024780597020717242,0.9228571428571428,1.003292634218298
segment,tanh,108,24,0.01775717989979539,0.9360248447204969,0.02068220151015685,0.9285714285714286,1.0022866629432723
segment,tanh,108,25,0.015599493418469012,0.9329192546583851,0.017604721509813147,0.9257142857142857,1.3371074657605788
segment,tanh,108,26,0.016042470297229983,0.9397515527950311,0.017948858374060298,0.9314285714285714,1.0010757779330648
segment,tanh,108,27,0.013761307754244076,0.9434782608695652,0.016173253203223655,0.9371428571428572,0.27001682215252637
segment,tanh,108,28,0.013877729697915866,0.937888198757764,0.01592799048384304,0.9257142857142857,0.9983007815950973
segment,tanh,108,29,0.014907428818320408,0.9341614906832298,0.016611041284159953,0.9257142857142857,0.9502253261647241
segment,tanh,108,30,0.014995314124893685,0.9372670807453416,0.016439517561468414,0.9285714285714286,1.0023614834915868
segment,tanh,108,31,0.013704686885504401,0.937888198757764,0.015678119179829045,0.9285714285714286,1.0010401711369674
segment,tanh,108,32,0.013752410204316688,0.9385093167701863,0.015722861804209367,0.9285714285714286,1.002187289024973
segment,tanh,108,33,0.013159505837832094,0.9490683229813665,0.015795425829284164,0.9342857142857143,0.8387724276988423
segment,tanh,108,34,0.013149676355609647,0.937888198757764,0.015111454460712716,0.9285714285714286,0.6326668832625583
segment,tanh,108,35,0.01316369585539162,0.9397515527950311,0.015392026547867262,0.9257142857142857,0.55185170249957
segment,tanh,108,36,0.019085377415971775,0.9180124223602485,0.022407782813597735,0.9085714285714286,1.00053250507571
segment,tanh,108,37,0.017703616116872503,0.9217391304347826,0.021095037842351855,0.9114285714285715,1.0007266096523384
segment,tanh,108,38,0.01338563485299527,0.9372670807453416,0.015386816197482016,0.9285714285714286,0.9768254001903186
segment,tanh,108,39,0.012116852020292099,0.9459627329192547,0.014566232504094443,0.9314285714285714,1.002096794320382
segment,tanh,108,40,0.013496272577040265,0.9403726708074535,0.016540146078138383,0.9314285714285714,0.9775796328875138
segment,tanh,108,41,0.011878563549682074,0.9503105590062112,0.014874663233154499,0.9371428571428572,0.988677981398898
segment,tanh,108,42,0.011871171614651782,0.9453416149068323,0.014353058979223744,0.9285714285714286,0.9839150125006053
segment,tanh,108,43,0.011878706152970419,0.9434782608695652,0.014412461571319835,0.9314285714285714,1.0007252266635753
segment,tanh,108,44,0.013003044906932647,0.9478260869565217,0.01567334963706086,0.9342857142857143,1.0008469853264708
segment,tanh,108,45,0.01767324318162461,0.9192546583850931,0.019624816778054614,0.9171428571428571,1.000612018578644
segment,tanh,108,46,0.011591289132552548,0.9440993788819876,0.014134509546319732,0.9314285714285714,0.7486543260593336
segment,tanh,108,47,0.011021767739654341,0.9509316770186336,0.013818469111975843,0.9428571428571428,0.9325252355593633
segment,tanh,108,48,0.013468300735619004,0.9403726708074535,0.015476029939319968,0.9371428571428572,1.0012321490437235
segment,tanh,108,49,0.012687011932874177,0.937888198757764,0.014891966530597753,0.9314285714285714,1.0006640604165715
segment,tanh,108,50,0.012452379849520278,0.9434782608695652,0.014891514298261833,0.9314285714285714,1.0007888999718362
segment,tanh,108,51,0.011088478220915068,0.9527950310559006,0.014231679459656622,0.9428571428571428,1.0001860241205849
segment,tanh,108,52,0.011631554686052504,0.9440993788819876,0.01407025418609195,0.9342857142857143,1.0026209844409224
segment,tanh,108,53,0.014441805904310677,0.9341614906832298,0.01622492605037072,0.9314285714285714,1.000536684596913
segment,tanh,108,54,0.01052379362859129,0.9527950310559006,0.013513645236440896,0.9428571428571428,1.0047833425865131
segment,tanh,108,55,0.012177101310181397,0.9397515527950311,0.015314405760154958,0.9371428571428572,0.14402792743912535
segment,tanh,108,56,0.011569335239688052,0.9490683229813665,0.014266221945080121,0.9285714285714286,1.0005064117155469
segment,tanh,108,57,0.011457928110321713,0.9527950310559006,0.014074879851464992,0.9342857142857143,1.0005721024938685
segment,tanh,108,58,0.010749402694708164,0.9521739130434783,0.013559580427767622,0.9371428571428572,0.9842314547417047
segment,tanh,108,59,0.010705811222547936,0.9484472049689441,0.013524902243060107,0.9314285714285714,1.000288017531957
segment,tanh,108,60,0.010220260618182393,0.9540372670807453,0.013335903342117716,0.9428571428571428,0.9034782022430706
segment,tanh,108,61,0.012742743470962197,0.9397515527950311,0.015955273065955185,0.9371428571428572,1.0003974210615798
segment,tanh,108,62,0.011960514078038343,0.9490683229813665,0.014302743291530102,0.9371428571428572,1.0006938201372804
segment,tanh,108,63,0.013691084943100035,0.9459627329192547,0.01697294707181926,0.9342857142857143,1.0006969206259029
segment,tanh,108,64,0.01038592785322029,0.9521739130434783,0.013596464631389832,0.9428571428571428,1.0032016997514888
segment,tanh,108,65,0.010524236929535639,0.9496894409937888,0.013474992205988332,0.9371428571428572,1.0070861820838648
segment,tanh,108,66,0.011181231469877397,0.9484472049689441,0.014405011804620445,0.94,0.9926296011561819
segment,tanh,108,67,0.01116691325548644,0.9472049689440993,0.013844717299748571,0.9342857142857143,1.0006698195889128
segment,tanh,108,68,0.010444797833274866,0.9509316770186336,0.013116479092029355,0.9342857142857143,0.9767563143015628
segment,tanh,108,69,0.009736840297850023,0.9540372670807453,0.012831504400290926,0.9428571428571428,0.44254629657938266
segment,tanh,108,70,0.011161300539432765,0.94472049689441,0.013713444633052834,0.9371428571428572,0.9972055682317504
segment,tanh,108,71,0.010267783038649876,0.9527950310559006,0.012999820684665639,0.94,0.7217266897172254
segment,tanh,108,72,0.010687355114219393,0.9472049689440993,0.013728119920763435,0.9371428571428572,1.0004442536244325
segment,tanh,108,73,0.009739882513231287,0.953416149068323,0.012920099976500024,0.9457142857142857,1.000804490590095
segment,tanh,108,74,0.009435319902732832,0.9540372670807453,0.012591221408147231,0.9457142857142857,0.07548021474210988
segment,tanh,108,75,0.009741281371879476,0.9565217391304348,0.012492296954577138,0.9428571428571428,1.0171017115040422
segment,tanh,108,76,0.01176995134534166,0.9422360248447205,0.014291859766637088,0.9371428571428572,1.0017030878190902
segment,tanh,108,77,0.016232678936119262,0.9304347826086956,0.01912578276140171,0.9257142857142857,1.0005709053979837
segment,tanh,108,78,0.009941066410982385,0.9515527950310559,0.012840806050699304,0.9428571428571428,1.0022580992754442
segment,tanh,108,79,0.011498544802221298,0.9453416149068323,0.013864733739700538,0.9371428571428572,1.000532692668148
segment,tanh,108,80,0.010060800428483094,0.9509316770186336,0.012907043146604246,0.9342857142857143,0.9885737777733401
segment,tanh,108,81,0.01024153997161851,0.953416149068323,0.013072148121692589,0.9371428571428572,1.000495296398346
segment,tanh,108,82,0.010773883836456317,0.9496894409937888,0.013834655932440381,0.9342857142857143,0.9995895639424872
segment,tanh,108,83,0.009564648220430799,0.9565217391304348,0.012609322019020843,0.94,1.0013730002778138
segment,tanh,108,84,0.009118600771135504,0.9552795031055901,0.012322308654916674,0.9457142857142857,0.29885817186846075
segment,tanh,108,85,0.021569700365897258,0.9031055900621118,0.024172585575044515,0.8942857142857142,1.0004310631195417
segment,tanh,108,86,0.00946103201291709,0.953416149068323,0.012628148641929949,0.94,0.9270547892038473
segment,tanh,108,87,0.013077923138214974,0.9403726708074535,0.014962288264592153,0.9457142857142857,1.0004477644520053
segment,tanh,108,88,0.009101337494125644,0.9559006211180124,0.01227868333739226,0.9428571428571428,1.000420249800518
segment,tanh,108,89,0.009072037677709087,0.9577639751552796,0.012147120976257104,0.9428571428571428,0.9987240124983622
segment,tanh,108,90,0.009908987724736987,0.9577639751552796,0.013001452506963497,0.94,1.0004828241033916
segment,tanh,108,91,0.008819555896611994,0.9577639751552796,0.0118779228544151,0.9428571428571428,0.19397924561875599
segment,tanh,108,92,0.009109864958003804,0.9583850931677018,0.012350426627963791,0.94,1.000448491126571
segment,tanh,108,93,0.011861797347985875,0.9465838509316771,0.013998685168317019,0.94,1.0005458099004483
segment,tanh,108,94,0.008711906955627386,0.9596273291925466,0.011825432462987217,0.9428571428571428,1.0004321665286204
segment,tanh,108,95,0.009827448274935528,0.953416149068323,0.012578051594665,0.94,1.0017632084608814
segment,tanh,108,96,0.01401159712137983,0.9285714285714286,0.016856891918158128,0.92,0.9999915263426421
segment,tanh,108,97,0.00897084862147345,0.9608695652173913,0.011836332929904362,0.9428571428571428,1.0008391820772202
segment,tanh,108,98,0.009329731921059618,0.9577639751552796,0.012256126907778987,0.9428571428571428,0.9948218928565614
segment,tanh,108,99,0.00882946594780516,0.9590062111801242,0.011823530870773305,0.9371428571428572,1.0004329483275547
segment,tanh,108,100,0.010204015802862725,0.9559006211180124,0.01333295738308623,0.94,1.0004765824447968
segment,tanh,108,101,0.009121696053097832,0.9596273291925466,0.012024873056057084,0.9371428571428572,0.8337530668906193
segment,tanh,108,102,0.010330797929648942,0.9490683229813665,0.01284207113654908,0.9371428571428572,1.001508154095561
segment,tanh,108,103,0.00844987274996112,0.9608695652173913,0.011179093703803347,0.9485714285714286,0.20955101550671296
segment,tanh,108,104,0.008356118272176673,0.9627329192546584,0.011320104488109661,0.9428571428571428,0.24382832084832068
segment,tanh,108,105,0.008836338858592254,0.9608695652173913,0.011533390472669382,0.9428571428571428,1.001112637517875
segment,tanh,108,106,0.00885452652018944,0.9608695652173913,0.011823113570884064,0.9428571428571428,0.9696462770529405
segment,tanh,108,107,0.008666605484949831,0.9633540372670808,0.011289531401569065,0.9485714285714286,1.0002914068048148
segment,tanh,108,108,0.011494337256103196,0.9496894409937888,0.013237591115252164,0.94,1.0004133619491153
segment,tanh,108,109,0.008489949779819086,0.9639751552795031,0.011904362104078092,0.94,0.38979644862674645
segment,tanh,108,110,0.007984528093790777,0.9645962732919254,0.011295503382803935,0.9457142857142857,1.000429238385539
segment,tanh,108,111,0.007850305746366387,0.9664596273291925,0.011194063263133155,0.9428571428571428,0.11201911368018612
segment,tanh,108,112,0.00991575078958414,0.9540372670807453,0.012476369698066593,0.9428571428571428,1.0035756304430763
segment,tanh,108,113,0.00773168205440072,0.9658385093167702,0.011110251585841223,0.9514285714285714,0.7199632242088622
segment,tanh,108,114,0.009211500947307407,0.9577639751552796,0.012416127003009087,0.9428571428571428,0.9985679164885064
segment,tanh,108,115,0.007738833524472359,0.9652173913043478,0.011232120116203064,0.9514285714285714,0.1672532533250432
segment,tanh,108,116,0.022090937083789904,0.906832298136646,0.02493379717983397,0.9028571428571428,1.0322305349980885
segment,tanh,108,117,0.007679900796319594,0.9670807453416149,0.011182292162614077,0.9485714285714286,0.9938880187617183
segment,tanh,108,118,0.008230897622237271,0.9677018633540373,0.012054507781378457,0.9428571428571428,0.9800985333674754
segment,tanh,108,119,0.0074598897724506485,0.9695652173913043,0.011093736186954802,0.9514285714285714,0.34951834542412746
segment,tanh,108,120,0.007481457610357146,0.9677018633540373,0.011269766291114591,0.9485714285714286,0.2702076871133047
segment,tanh,108,121,0.007679184268371514,0.9670807453416149,0.011146444773838084,0.9485714285714286,0.7768254658202584
segment,tanh,108,122,0.007351568427739127,0.9695652173913043,0.011041686877318905,0.9514285714285714,0.8117721806985291
segment,tanh,108,123,0.007718419691939426,0.9683229813664597,0.011261144584843947,0.9485714285714286,0.998193855886973
segment,tanh,108,124,0.007260332021847226,0.9695652173913043,0.010743664730264136,0.9542857142857143,0.13116815382398228
segment,tanh,108,125,0.00741647838488466,0.968944099378882,0.010808671966077163,0.9485714285714286,0.9797608538438366
segment,tanh,108,126,0.007093213905893679,0.968944099378882,0.010620787573585307,0.9542857142857143,0.16441528515294995
segment,tanh,108,127,0.007773716251591423,0.9714285714285714,0.011227942817450156,0.9485714285714286,1.000425961297667
segment,tanh,108,128,0.012518728898192022,0.9385093167701863,0.015976924293889236,0.9285714285714286,1.0121281012543877
segment,tanh,108,129,0.007538384190868004,0.968944099378882,0.010692707183566933,0.9485714285714286,0.4389184989826008
segment,tanh,108,130,0.00933965872252342,0.9571428571428572,0.012104179348153752,0.9485714285714286,1.0004590600410568
segment,tanh,108,131,0.007171689778635397,0.970807453416149,0.010171310426170954,0.9571428571428572,1.0004342391918515
segment,tanh,108,132,0.010015011210931936,0.9590062111801242,0.01180072216919157,0.9428571428571428,1.0004152124407246
segment,tanh,108,133,0.010382095255508216,0.9484472049689441,0.01355596199337991,0.9457142857142857,1.0016068091629555
segment,tanh,108,134,0.008568766476625122,0.9590062111801242,0.011994953448347069,0.9457142857142857,1.0002650006109814
segment,tanh,108,135,0.008503871120017138,0.9677018633540373,0.013033428087521021,0.94,1.0009098611002025
segment,tanh,108,136,0.007187707924260873,0.968944099378882,0.010934508678152073,0.9514285714285714,0.8021790790217995
segment,tanh,108,137,0.011355217862118024,0.9440993788819876,0.014587196688736082,0.9342857142857143,1.003578187244165
segment,tanh,108,138,0.01408913815809872,0.9329192546583851,0.017218131713297977,0.92,1.0004151527426293
segment,tanh,108,139,0.006823350344375696,0.9670807453416149,0.0100206249763934,0.9542857142857143,1.0003246259620682
segment,tanh,108,140,0.0067829547379458215,0.9701863354037267,0.010561304146311304,0.9514285714285714,1.000410976205741
segment,tanh,108,141,0.006897932642448033,0.9701863354037267,0.010102315041893415,0.9542857142857143,1.0005553264569689
segment,tanh,108,142,0.0064561888372255925,0.9720496894409938,0.010409232206896006,0.9542857142857143,0.21507967258302707
segment,tanh,108,143,0.007078598127548171,0.970807453416149,0.010822684446041715,0.9542857142857143,1.0595440658550643
segment,tanh,108,144,0.006505797337759917,0.9732919254658385,0.01030101989312909,0.9514285714285714,1.000549481697235
segment,tanh,108,145,0.006460935315664259,0.9732919254658385,0.010206671449048845,0.9542857142857143,0.9938315528252998
segment,tanh,108,146,0.007032679345482206,0.968944099378882,0.010457148513973757,0.9485714285714286,1.0013564716962973
segment,tanh,108,147,0.006461939080073044,0.970807453416149,0.010048846211812455,0.9542857142857143,1.0004742215847715
segment,tanh,108,148,0.006240289538249648,0.9726708074534162,0.009782844494459816,0.9571428571428572,0.5774285510155918
segment,tanh,108,149,0.007925054026009681,0.9645962732919254,0.011440845647202491,0.9485714285714286,0.5740497493390481
segment,tanh,108,150,0.011665382226972016,0.9484472049689441,0.013227065568179874,0.9285714285714286,1.0004099318281428
segment,tanh,108,151,0.014347335688636961,0.9329192546583851,0.01751974147524039,0.92,1.0004996006229527
segment,tanh,108,152,0.013468742159972773,0.9366459627329192,0.016308936762769857,0.92,1.0006217402386697
segment,tanh,108,153,0.006157119456678555,0.9739130434782609,0.009937296385504332,0.9514285714285714,0.7516037723005897
segment,tanh,108,154,0.006082999480499664,0.9739130434782609,0.009936140165752682,0.9542857142857143,0.17935888684521603
segment,tanh,108,155,0.006054709916597701,0.9751552795031055,0.009853426541310197,0.9542857142857143,1.0007489186604568
segment,tanh,108,156,0.0072068332285883515,0.9701863354037267,0.011303271576851638,0.9514285714285714,1.0319326936333082
segment,tanh,108,157,0.007426586516207373,0.9695652173913043,0.011351140965422234,0.9485714285714286,1.0007990469961277
segment,tanh,108,158,0.008201849499840246,0.9565217391304348,0.011587994200505857,0.9485714285714286,1.000472266462165
segment,tanh,108,159,0.0061222952856165155,0.9732919254658385,0.010152947086029377,0.9514285714285714,0.26573230458928654
segment,tanh,108,160,0.009945723645802762,0.9521739130434783,0.013668226281949143,0.9428571428571428,1.000507254940971
segment,tanh,108,161,0.006702325114129374,0.970807453416149,0.010181106883239843,0.9514285714285714,0.5108298275175952
segment,tanh,108,162,0.006000967396480288,0.9714285714285714,0.010154570157719344,0.9514285714285714,0.9498072614426704
segment,tanh,108,163,0.008775016219417925,0.9540372670807453,0.012300131964309683,0.9485714285714286,1.000416725404677
segment,tanh,108,164,0.005917116350662608,0.9732919254658385,0.009552816453666582,0.9571428571428572,0.6758702046152182
segment,tanh,108,165,0.0059024503359551795,0.9745341614906833,0.010004461281671236,0.9514285714285714,0.9032190190288015
segment,tanh,108,166,0.006338589319873499,0.9726708074534162,0.010136439968375441,0.9542857142857143,0.018370838951055898
segment,tanh,108,167,0.005761464868862267,0.9757763975155279,0.009682258480423924,0.9571428571428572,0.5213803796306616
segment,tanh,108,168,0.00582188027824256,0.9745341614906833,0.009828142666331675,0.9514285714285714,0.033638018349319496
segment,tanh,108,169,0.006126557318628656,0.9745341614906833,0.009945875269153782,0.9514285714285714,0.8055581701482524
segment,tanh,108,170,0.006328510214337763,0.9720496894409938,0.010006642122967884,0.9571428571428572,0.2867630886002176
segment,tanh,108,171,0.006227590381326968,0.9732919254658385,0.010066908809335202,0.9542857142857143,0.8616426814406603
segment,tanh,108,172,0.00687228261186738,0.9670807453416149,0.0105050729245485,0.9485714285714286,0.9888060546919019
segment,tanh,108,173,0.0058930479010729335,0.9732919254658385,0.010133859013775743,0.9542857142857143,0.9436864756050846
segment,tanh,108,174,0.007101363112914858,0.968944099378882,0.011108660634384988,0.9514285714285714,0.9999809212020095
segment,tanh,108,175,0.009494195217984383,0.9515527950310559,0.012565031832605883,0.9485714285714286,0.9994835828370469
segment,tanh,108,176,0.006269892572599192,0.970807453416149,0.010430924589570859,0.9542857142857143,0.9911713643610626
segment,tanh,108,177,0.005610883897593099,0.9751552795031055,0.009607187234339235,0.9514285714285714,0.089588265744294
segment,tanh,108,178,0.012861096122781792,0.9453416149068323,0.014264665301810024,0.9342857142857143,1.0004868945396428
segment,tanh,108,179,0.0061381054344240415,0.9714285714285714,0.010391078475049676,0.9514285714285714,0.03704249310510099
segment,tanh,108,180,0.017382514146485832,0.9260869565217391,0.02015048487789502,0.9114285714285715,1.001683328424227
segment,tanh,108,181,0.00587999776587147,0.9745341614906833,0.009505206453662504,0.9542857142857143,0.9849509403311402
segment,tanh,108,182,0.005513019540018353,0.977639751552795,0.009451146947376176,0.9571428571428572,0.1101016961923726
segment,tanh,108,183,0.006657759626424575,0.9732919254658385,0.010518046150103941,0.9485714285714286,1.0007255364617187
segment,tanh,108,184,0.005606422769682888,0.9745341614906833,0.009816894177368883,0.9542857142857143,0.6360442107481039
segment,tanh,108,185,0.006406846595917385,0.970807453416149,0.0098743418898139,0.9514285714285714,1.0004200002668258
segment,tanh,108,186,0.005498085303788458,0.9770186335403727,0.009359293171587967,0.9542857142857143,0.36975253586856566
segment,tanh,108,187,0.0054922203988752635,0.9782608695652174,0.009463503128467743,0.9571428571428572,0.6036310886101255
segment,tanh,108,188,0.005511669620819066,0.9757763975155279,0.009545658366208735,0.9542857142857143,0.9393492188504582
segment,tanh,108,189,0.005855349158158178,0.9739130434782609,0.01012906292745326,0.9571428571428572,0.3377985265003704
segment,tanh,108,190,0.005864412600270544,0.9751552795031055,0.009869666696875718,0.9542857142857143,1.0003618913138617
segment,tanh,108,191,0.0056923382345676924,0.9739130434782609,0.009596482217067003,0.9514285714285714,0.5196715361160498
segment,tanh,108,192,0.005562969526050631,0.9726708074534162,0.009843632732296449,0.9542857142857143,0.9741627171966956
segment,tanh,108,193,0.005626164300838881,0.9757763975155279,0.009760840837528314,0.9514285714285714,1.0033689591760575
segment,tanh,108,194,0.0055546050957397545,0.9757763975155279,0.009365973902345833,0.9514285714285714,0.9949914264506285
segment,tanh,108,195,0.005876290285649239,0.9739130434782609,0.009914803412059442,0.9542857142857143,0.018148488903058306
segment,tanh,108,196,0.005357705108865412,0.9751552795031055,0.00956180530968346,0.9514285714285714,0.22086966701481645
segment,tanh,108,197,0.006531085589094642,0.968944099378882,0.010622418544362525,0.9514285714285714,0.9988044993160058
segment,tanh,108,198,0.005350800220380193,0.9757763975155279,0.009555172496682456,0.9571428571428572,0.4345321964274958
segment,tanh,108,199,0.0054357745181861155,0.9751552795031055,0.009478879503760494,0.9542857142857143,0.3061013381437577
segment,tanh,108,200,0.005293632556040387,0.977639751552795,0.009281898810952692,0.9571428571428572,1.0005916171678826
segment,tanh,108,201,0.005963747060321204,0.9745341614906833,0.010083682083970131,0.9514285714285714,0.7975135653705799
segment,tanh,108,202,0.005409135840461537,0.9745341614906833,0.009865565117723577,0.9485714285714286,0.06132523369629084
segment,tanh,108,203,0.005307897651843787,0.9751552795031055,0.00969409457275118,0.9542857142857143,0.8235349891590378
segment,tanh,108,204,0.0062179860304727745,0.9714285714285714,0.010119315920640954,0.9571428571428572,0.571419823593126
segment,tanh,108,205,0.00536319524584126,0.9745341614906833,0.009326759278274541,0.9514285714285714,0.9989881754762503
segment,tanh,108,206,0.005281339343061071,0.9763975155279503,0.009692984536594985,0.9571428571428572,0.27614128493101026
segment,tanh,108,207,0.010041540920151387,0.953416149068323,0.01208541326477612,0.9371428571428572,1.0004763345859486
segment,tanh,108,208,0.005202383919175524,0.9757763975155279,0.009398326640413051,0.9542857142857143,0.013144238011158292
segment,tanh,108,209,0.005315858502856903,0.9757763975155279,0.009490027674553758,0.9514285714285714,0.09060013052722792
segment,tanh,108,210,0.005197951490670538,0.9757763975155279,0.009280728202554819,0.9571428571428572,0.6107367592988258
segment,tanh,108,211,0.005689362571585146,0.9739130434782609,0.010054160978512578,0.9542857142857143,0.9985780478708902
segment,tanh,108,212,0.005216866718346599,0.9763975155279503,0.009464937228302004,0.9571428571428572,0.8176265105413304
segment,tanh,108,213,0.007707006625564173,0.962111801242236,0.011518248419961715,0.9428571428571428,0.9995377364532164
segment,tanh,108,214,0.005121135837450651,0.9788819875776398,0.009159391579796023,0.96,0.019224023466103787
segment,tanh,108,215,0.0055128519644258005,0.9739130434782609,0.00940470865696192,0.9542857142857143,0.9955799254037161
segment,tanh,108,216,0.005152437820057743,0.9751552795031055,0.009052767254699442,0.9571428571428572,0.05357272962821854
segment,tanh,108,217,0.005407713877658646,0.9751552795031055,0.00961750705076644,0.9514285714285714,0.8308621756094864
segment,tanh,108,218,0.005151818847955749,0.9757763975155279,0.009208707112932434,0.9514285714285714,0.34132813931447875
segment,tanh,108,219,0.0052215707519576585,0.9751552795031055,0.00934616955685295,0.9542857142857143,0.20096042862310526
segment,tanh,108,220,0.0053138848253839665,0.9751552795031055,0.0091362207622936,0.9571428571428572,0.02782486615935791
segment,tanh,108,221,0.0050753079505334335,0.977639751552795,0.009184853910070316,0.9542857142857143,0.30551757781515904
segment,tanh,108,222,0.008147618576733129,0.9614906832298137,0.010608824271035745,0.9457142857142857,1.0004009108264444
segment,tanh,108,223,0.005422007743713882,0.9714285714285714,0.009050256880181056,0.9571428571428572,1.0004298948688886
segment,tanh,108,224,0.005243455315443875,0.9763975155279503,0.009135548039498146,0.9542857142857143,0.31137579639661167
segment,tanh,108,225,0.012656603535503103,0.9385093167701863,0.016291652083578332,0.9285714285714286,1.000527598659036
segment,tanh,108,226,0.007640716053830461,0.9633540372670808,0.01054912004054648,0.9485714285714286,0.010485987626276089
segment,tanh,108,227,0.004956768411579209,0.9795031055900622,0.009002676134744347,0.9571428571428572,0.08074261861940618
segment,tanh,108,228,0.005061956048372031,0.9788819875776398,0.0090629411113166,0.9571428571428572,1.0005446601768333
segment,tanh,108,229,0.006417458698033652,0.968944099378882,0.010094503295111043,0.9485714285714286,0.9773968094526674
segment,tanh,108,230,0.005953051306001439,0.9763975155279503,0.01015379521864935,0.9514285714285714,1.0004977935847261
segment,tanh,108,231,0.005550780651722276,0.9732919254658385,0.009757283454689273,0.9571428571428572,1.0005360824099216
segment,tanh,108,232,0.005151259905217927,0.9757763975155279,0.009118486756762863,0.9542857142857143,0.1717334370938782
segment,tanh,108,233,0.0048902748282975824,0.9795031055900622,0.009084656015259466,0.9571428571428572,0.378076288675139
segment,tanh,108,234,0.005166409903243851,0.9757763975155279,0.009396967030316679,0.9571428571428572,0.204490078124525
segment,tanh,108,235,0.005090761635727011,0.9770186335403727,0.009326935876503425,0.9542857142857143,0.10419832851537861
segment,tanh,108,236,0.005158952945968815,0.9763975155279503,0.009258482175304283,0.9571428571428572,0.05649305961373165
segment,tanh,108,237,0.004885100789875458,0.9807453416149068,0.009019892082920651,0.96,0.9458754933209864
segment,tanh,108,238,0.004950011298495902,0.9770186335403727,0.009076793513289624,0.9542857142857143,1.000555919738236
segment,tanh,108,239,0.007815530391198602,0.9633540372670808,0.01037033807793023,0.9514285714285714,1.0010786578900885
segment,tanh,108,240,0.006748621180975964,0.9683229813664597,0.010626461298717138,0.9485714285714286,0.9882206140808344
segment,tanh,108,241,0.0060389600676965145,0.9732919254658385,0.01050250827675512,0.9514285714285714,1.0006095977029186
segment,tanh,108,242,0.004870670882453714,0.9801242236024845,0.00917791373986485,0.9571428571428572,1.0008395170436322
segment,tanh,108,243,0.005535909908841542,0.9739130434782609,0.00958356033166593,0.9514285714285714,0.05184041787942209
segment,tanh,108,244,0.005102955420440161,0.9763975155279503,0.009156293961102718,0.9542857142857143,0.010525347096056516
segment,tanh,108,245,0.006519722436852019,0.9701863354037267,0.010255004263330769,0.9457142857142857,0.8095251744735594
segment,tanh,108,246,0.005026862908238844,0.9770186335403727,0.009037334315199184,0.9542857142857143,0.14976164763314942
segment,tanh,108,247,0.005656433726396802,0.9739130434782609,0.01011429912911221,0.9514285714285714,1.0014071946333418
segment,tanh,108,248,0.00476016518423957,0.977639751552795,0.008992723805439896,0.9542857142857143,0.10981496546122349
segment,tanh,108,249,0.005508894140509346,0.9732919254658385,0.009668051032015587,0.9571428571428572,0.6185050748918876
segment,tanh,108,250,0.004776609768975344,0.9770186335403727,0.009256630085539948,0.9571428571428572,0.08339071511832725
segment,tanh,108,251,0.005020539732655047,0.977639751552795,0.009273478056210389,0.9514285714285714,0.11671971999682834
segment,tanh,108,252,0.004990331741756883,0.9770186335403727,0.009570449892933652,0.9571428571428572,0.00401987758342751
segment,tanh,108,253,0.006726222908049191,0.9652173913043478,0.010875165662938788,0.9457142857142857,0.9292057211878806
segment,tanh,108,254,0.004646518209257048,0.9819875776397515,0.008923199495409411,0.96,0.9922547750961632
segment,tanh,108,255,0.0049380057811456235,0.9801242236024845,0.009373347938970964,0.9542857142857143,0.9968440563242388
segment,tanh,108,256,0.004630626593651211,0.9782608695652174,0.00915648989798965,0.9542857142857143,0.6646012460734664
segment,tanh,108,257,0.004764331735339951,0.9813664596273292,0.009193242372109145,0.9571428571428572,1.0011803081779644
segment,tanh,108,258,0.006804593175827592,0.9701863354037267,0.009899815528440867,0.9457142857142857,0.9621774604651729
segment,tanh,108,259,0.004928155540481167,0.9788819875776398,0.009251588319270736,0.9571428571428572,1.0017130549302509
segment,tanh,108,260,0.004971454739815791,0.977639751552795,0.009025560989181775,0.9571428571428572,0.5758680286550694
segment,tanh,108,261,0.004756531443175313,0.9819875776397515,0.009330626091054258,0.96,0.8509135252302028
segment,tanh,108,262,0.004699059259095906,0.9801242236024845,0.008836439837713608,0.96,0.3254972623842878
segment,tanh,108,263,0.0044759887682009015,0.9826086956521739,0.008647510614024963,0.9628571428571429,0.6742308584782084
segment,tanh,108,264,0.006741918667861693,0.9714285714285714,0.011174571856606193,0.9514285714285714,1.0004179881423174
segment,tanh,108,265,0.004651048178873404,0.9807453416149068,0.008776593401324724,0.9571428571428572,0.8050349662644428
segment,tanh,108,266,0.004400023175023807,0.9826086956521739,0.00869713679199586,0.9571428571428572,0.3877828128812429
segment,tanh,108,267,0.004394153604744203,0.9826086956521739,0.00858507415319108,0.96,0.48126132431287993
segment,tanh,108,268,0.004430332836658905,0.9838509316770186,0.008278004551430655,0.9628571428571429,0.6768170921458408
segment,tanh,108,269,0.005769067777821863,0.9757763975155279,0.009140779059634115,0.96,1.0010033943846028
segment,tanh,108,270,0.025192277339046113,0.9031055900621118,0.026663855108329998,0.8971428571428571,1.0004454113721428
segment,tanh,108,271,0.004376022427324517,0.9813664596273292,0.008469975031494248,0.9571428571428572,0.7554079374659374
segment,tanh,108,272,0.004335869274756679,0.9826086956521739,0.008534122678589356,0.96,0.2841086067819163
segment,tanh,108,273,0.004243406070874267,0.9832298136645963,0.008234524143581166,0.9628571428571429,0.1061229134309293
segment,tanh,108,274,0.005172864210249308,0.9782608695652174,0.009443922930713673,0.9571428571428572,0.9981255643572279
segment,tanh,108,275,0.006627851435448584,0.9695652173913043,0.010341331679575667,0.9514285714285714,1.0004255013559349
segment,tanh,108,276,0.004559826516096032,0.9801242236024845,0.008587870876543153,0.9571428571428572,0.9908412295819465
segment,tanh,108,277,0.00479772390599442,0.9807453416149068,0.008527758056677246,0.96,0.9985747517211496
segment,tanh,108,278,0.01162460333438854,0.9509316770186336,0.013492836566652358,0.9457142857142857,1.0004122843607117
segment,tanh,108,279,0.004170169847641388,0.9838509316770186,0.008088142594852304,0.96,0.08551169906537749
segment,tanh,108,280,0.004567278015168992,0.9782608695652174,0.008896070009219686,0.96,0.8383399638139706
segment,tanh,108,281,0.02113030308549646,0.9049689440993789,0.024929281100690592,0.8857142857142857,1.0016392401426595
segment,tanh,108,282,0.007328538275962167,0.9720496894409938,0.010511119694604545,0.9485714285714286,0.6988295586472584
segment,tanh,108,283,0.011770187542530309,0.9546583850931677,0.013732096642421643,0.94,1.000411403442082
segment,tanh,108,284,0.005580472049595581,0.9782608695652174,0.008905080625179944,0.96,1.0004199730504746
segment,tanh,108,285,0.005394251674723439,0.9788819875776398,0.008686976302912099,0.96,1.0004135689910405
segment,tanh,108,286,0.00552659812117603,0.9757763975155279,0.00923808299488764,0.96,0.12102040204867086
segment,tanh,108,287,0.005184807874746271,0.9763975155279503,0.008593225793567132,0.9571428571428572,1.0004123233802025
segment,tanh,108,288,0.004900784019222418,0.9807453416149068,0.008206012354076326,0.96,1.0004124862696302
segment,tanh,108,289,0.004841291198164421,0.9801242236024845,0.008476200939496326,0.96,0.8027362446270577
segment,tanh,108,290,0.005317339565774998,0.9751552795031055,0.008746387566874642,0.96,0.39504839552718324
segment,tanh,108,291,0.00465158019092728,0.9826086956521739,0.0081726425426914,0.9628571428571429,0.48633881846573657
segment,tanh,108,292,0.004812063753098577,0.9795031055900622,0.008381175592918844,0.96,0.704191326761856
segment,tanh,108,293,0.004793047863819724,0.9801242236024845,0.008450382513042958,0.96,0.9996920113462281
segment,tanh,108,294,0.008066147585238645,0.9664596273291925,0.009751621063882093,0.9571428571428572,1.0004132956830611
segment,tanh,108,295,0.004971146698999663,0.9788819875776398,0.008655164319256744,0.9571428571428572,0.9952791101332226
segment,tanh,108,296,0.00938839253475026,0.9590062111801242,0.011383818338825744,0.9514285714285714,1.0021928362707948
segment,tanh,108,297,0.004741160651461007,0.9788819875776398,0.008393620825364363,0.96,1.000475549976829
segment,tanh,108,298,0.0045238808968172195,0.9813664596273292,0.008211388591084752,0.9685714285714285,0.46869416743842807
segment,tanh,108,299,0.004257560800692394,0.9832298136645963,0.008236991419239878,0.96,0.8088431431688887
segment,tanh,108,300,0.004433981376178658,0.9819875776397515,0.008220923002729958,0.9657142857142857,0.7477691628470842
segment,tanh,108,301,0.004621357071679011,0.9788819875776398,0.00861216032161107,0.96,0.11786754273313292
segment,tanh,108,302,0.004219335027139494,0.9850931677018634,0.008083322075756409,0.9628571428571429,0.2554813296186309
segment,tanh,108,303,0.004581608556800777,0.9788819875776398,0.008266527081879589,0.96,0.997381554306502
segment,tanh,108,304,0.005326548134675806,0.9795031055900622,0.008773543642553538,0.9657142857142857,1.0003645209915888
segment,tanh,108,305,0.007165528911395224,0.9683229813664597,0.009607427740617852,0.96,1.000420520762594
segment,tanh,108,306,0.004201051618173906,0.9832298136645963,0.008379537494225982,0.9628571428571429,0.7592410324446314
segment,tanh,108,307,0.004105856844663921,0.984472049689441,0.008242685978036587,0.9657142857142857,0.03796047665872077
segment,tanh,108,308,0.004608993544305563,0.9782608695652174,0.008665306018251303,0.9628571428571429,0.63340595356147
segment,tanh,108,309,0.004071133673512151,0.9838509316770186,0.008373278510178278,0.9628571428571429,0.5047518208560513
segment,tanh,108,310,0.005628658565695088,0.9726708074534162,0.009196191751385963,0.9571428571428572,0.9977596768176683
segment,tanh,108,311,0.0040091478012765904,0.9832298136645963,0.008613779212055037,0.96,0.0674620127766834
segment,tanh,108,312,0.004063351487232662,0.9838509316770186,0.00839411588719259,0.9628571428571429,0.3340844401791595
segment,tanh,108,313,0.0040261171637680565,0.9838509316770186,0.008524372118042989,0.9657142857142857,0.713546497517308
segment,tanh,108,314,0.004234088657420854,0.9819875776397515,0.008753317132722618,0.96,0.7313689801601716
segment,tanh,108,315,0.0045030855080089435,0.9801242236024845,0.008551966714449641,0.9657142857142857,0.986277362286041
segment,tanh,108,316,0.003923119717457953,0.9832298136645963,0.008461700403713001,0.96,0.02742062105886854
segment,tanh,108,317,0.004076218570033622,0.9826086956521739,0.00861208817713486,0.9628571428571429,0.6169437213419368
segment,tanh,108,318,0.0039124623249172956,0.9838509316770186,0.008581123397340514,0.96,1.0004674716154194
segment,tanh,108,319,0.004140228702755269,0.9801242236024845,0.008942432145991122,0.9542857142857143,0.9676832542039123
segment,tanh,108,320,0.004094263358903107,0.9813664596273292,0.008391661838973401,0.9628571428571429,0.5577503363252742
segment,tanh,108,321,0.004644572288541817,0.9763975155279503,0.009285061500768164,0.9542857142857143,0.01984217529529192
segment,tanh,108,322,0.003821994120199765,0.984472049689441,0.008376673496790929,0.96,0.3977228604593226
segment,tanh,108,323,0.00407783061875549,0.9826086956521739,0.00842156609194804,0.9657142857142857,1.0004170554951979
segment,tanh,108,324,0.0038176474824172715,0.984472049689441,0.00817689590878998,0.9657142857142857,0.671604601348145
segment,tanh,108,325,0.004030459241735614,0.9832298136645963,0.008796507435861184,0.96,0.974260395272356
segment,tanh,108,326,0.003951094862639128,0.9826086956521739,0.008390943374336145,0.9657142857142857,0.9968351154148076
segment,tanh,108,327,0.0038119934924399335,0.9838509316770186,0.008500866739835352,0.9685714285714285,0.28633259531039107
segment,tanh,108,328,0.003750200915627307,0.9850931677018634,0.00826534413312184,0.9657142857142857,0.39410240147506687
segment,tanh,108,329,0.007327542868902012,0.9639751552795031,0.011059779506926999,0.9514285714285714,0.9818677559731802
segment,tanh,108,330,0.005583347890497465,0.9726708074534162,0.009395968127487643,0.9571428571428572,0.9990581508113207
segment,tanh,108,331,0.008444024034754275,0.9602484472049689,0.010555362644512059,0.9514285714285714,1.000494471057787
segment,tanh,108,332,0.0037448588634852306,0.9838509316770186,0.00835663173889557,0.9628571428571429,0.071313065591351
segment,tanh,108,333,0.004110999117811946,0.9807453416149068,0.008268584751464554,0.9657142857142857,0.8905652405496658
segment,tanh,108,334,0.00373349292664309,0.9832298136645963,0.008183164102548011,0.9657142857142857,0.453116411685194
segment,tanh,108,335,0.0037756663812595066,0.9826086956521739,0.008156521852484748,0.9657142857142857,0.4602859393660927
segment,tanh,108,336,0.0038311581139051348,0.9819875776397515,0.008388138257497103,0.9628571428571429,0.22826894339034787
segment,tanh,108,337,0.00386880482215284,0.9813664596273292,0.008294698486461518,0.9628571428571429,0.20681193951803764
segment,tanh,108,338,0.004216689570988685,0.9813664596273292,0.008595343589495007,0.9628571428571429,1.0006605920141165
segment,tanh,108,339,0.003865528312294881,0.9807453416149068,0.008209298126825524,0.9628571428571429,0.2628685518021238
segment,tanh,108,340,0.0037559812380811553,0.9838509316770186,0.008309227007949819,0.9657142857142857,1.0006745502732806
segment,tanh,108,341,0.007021495085546949,0.9645962732919254,0.010215797663906687,0.9542857142857143,1.000782932024054
segment,tanh,108,342,0.0035979218166713512,0.984472049689441,0.00815367354412073,0.9685714285714285,0.8965780130772687
segment,tanh,108,343,0.0038598763755838222,0.9819875776397515,0.00838148461704221,0.9657142857142857,0.8761924941951317
segment,tanh,108,344,0.004465372688788131,0.977639751552795,0.00860487392192495,0.9628571428571429,0.6083471838202984
segment,tanh,108,345,0.004343236555094377,0.9782608695652174,0.00844781845479268,0.9628571428571429,0.5985533657390769
segment,tanh,108,346,0.008365794916187429,0.9614906832298137,0.011492223476022271,0.9485714285714286,1.0004321836598038
segment,tanh,108,347,0.007010747736308283,0.968944099378882,0.010989031612390218,0.9542857142857143,1.0004112196823012
segment,tanh,108,348,0.003600401300887908,0.9838509316770186,0.008333258968820085,0.9657142857142857,0.42291730618567325
segment,tanh,108,349,0.0035702165270203785,0.984472049689441,0.008105023501796833,0.9685714285714285,0.17927887049886293
segment,tanh,108,350,0.0035389080639145914,0.984472049689441,0.007960148876925711,0.9685714285714285,0.3534433651274447
segment,tanh,109,1,0.09003805556015869,0.5583850931677019,0.08911030320450761,0.5542857142857143,1.002029615603684
segment,tanh,109,2,0.07651394964366864,0.5639751552795031,0.07693178024332473,0.5971428571428572,1.0160260352198451
segment,tanh,109,3,0.06818899639025837,0.6142857142857143,0.06805117026397124,0.6057142857142858,1.0049876028210047
segment,tanh,109,4,0.06739430972449159,0.6378881987577639,0.0684066598577259,0.6257142857142857,1.0084630684881835
segment,tanh,109,5,0.03785444513748563,0.8801242236024844,0.037677446859239384,0.8685714285714285,1.004171986642664
segment,tanh,109,6,0.03199359525659702,0.8801242236024844,0.03170335390119639,0.8771428571428571,1.0001108504301168
segment,tanh,109,7,0.0327767386669448,0.8571428571428571,0.033799151741315,0.8371428571428572,1.0022374315604796
segment,tanh,109,8,0.0257695104218491,0.8968944099378882,0.02691783232670709,0.8857142857142857,1.004959849351335
segment,tanh,109,9,0.03304354830045314,0.853416149068323,0.03557628032820007,0.82,1.000180717892342
segment,tanh,109,10,0.02933951653523398,0.8708074534161491,0.02893893367629377,0.88,1.0011239727007732
segment,tanh,109,11,0.035425160400663604,0.868944099378882,0.038165861466573144,0.8371428571428572,1.0001094277978364
segment,tanh,109,12,0.02065549489458042,0.9161490683229814,0.021735562165700408,0.9114285714285715,1.0001827497573519
segment,tanh,109,13,0.01774019906519193,0.9341614906832298,0.019168242717806833,0.9285714285714286,1.0005456633243524
segment,tanh,109,14,0.021857395337114883,0.908695652173913,0.023101645657503073,0.9085714285714286,1.0004180379966991
segment,tanh,109,15,0.017166548111483767,0.9304347826086956,0.018298786779340055,0.9228571428571428,1.000088537748297
segment,tanh,109,16,0.017439302439700297,0.9279503105590062,0.018664493576165637,0.9228571428571428,1.0003338622431381
segment,tanh,109,17,0.01981468104032387,0.915527950310559,0.020448434447435552,0.9171428571428571,0.999900807816353
segment,tanh,109,18,0.020830619401958815,0.9260869565217391,0.023243098450066203,0.9257142857142857,1.0012296393466618
segment,tanh,109,19,0.01744595162331975,0.9316770186335404,0.019136966878114153,0.9257142857142857,1.000140150986204
segment,tanh,109,20,0.016387039464308983,0.9304347826086956,0.01753316176768344,0.9257142857142857,0.9902093664588681
segment,tanh,109,21,0.015806127920426027,0.9403726708074535,0.01753659652637824,0.9314285714285714,1.003565983053726
segment,tanh,109,22,0.022198073750215506,0.9062111801242236,0.023142239339486358,0.9142857142857143,1.0001924538448412
segment,tanh,109,23,0.01679552158932592,0.9316770186335404,0.01775789370230676,0.9171428571428571,1.005644523061323
segment,tanh,109,24,0.014935094433086875,0.9360248447204969,0.01659843425792355,0.9228571428571428,0.9976945686994306
segment,tanh,109,25,0.014737811402229838,0.9366459627329192,0.01674193558065162,0.9285714285714286,1.0012354623854305
segment,tanh,109,26,0.015358305748819977,0.9366459627329192,0.017449783660227012,0.9285714285714286,0.953545354204181
segment,tanh,109,27,0.014040966327772828,0.9391304347826087,0.01606357743741516,0.9257142857142857,1.0003134662055082
segment,tanh,109,28,0.014041403154861486,0.937888198757764,0.015540519786016838,0.9285714285714286,0.9472564006477593
segment,tanh,109,29,0.013944957201503879,0.9366459627329192,0.015548831685714313,0.9285714285714286,0.8250252885448227
segment,tanh,109,30,0.014553920449673192,0.9385093167701863,0.016261599109483653,0.9285714285714286,1.0008740914028889
segment,tanh,109,31,0.03251628788110816,0.8757763975155279,0.035148316697918,0.8628571428571429,1.0005527974481792
segment,tanh,109,32,0.014499825957833163,0.9372670807453416,0.016187492068266265,0.9314285714285714,1.0001241800105836
segment,tanh,109,33,0.01289892889137149,0.9478260869565217,0.015074122040588108,0.9371428571428572,0.960680038990829
segment,tanh,109,34,0.014959053792001818,0.9372670807453416,0.016505715737926765,0.9228571428571428,0.978519543366858
segment,tanh,109,35,0.012468537206878,0.9453416149068323,0.014635739354848465,0.94,0.32111110583524166
segment,tanh,109,36,0.01673696088439479,0.922360248447205,0.017716910518954233,0.92,1.0002274795323087
segment,tanh,109,37,0.017761816317875954,0.9167701863354037,0.020078012936499273,0.9114285714285715,1.0005337635505456
segment,tanh,109,38,0.017320059363870183,0.9161490683229814,0.01937475383228729,0.9057142857142857,1.0004592693939003
segment,tanh,109,39,0.014594663717118492,0.9366459627329192,0.017061423368408705,0.9257142857142857,0.9959214554489427
segment,tanh,109,40,0.018465657591388244,0.9149068322981366,0.019343853784734362,0.9057142857142857,1.0012075909653253
segment,tanh,109,41,0.013785990738409828,0.9391304347826087,0.015975757426903624,0.9257142857142857,1.0001183204385984
segment,tanh,109,42,0.013201547455961724,0.9422360248447205,0.015189641209221057,0.9342857142857143,1.000230949389336
segment,tanh,109,43,0.013954041131497612,0.9385093167701863,0.015792653063412918,0.9342857142857143,1.0010451361346395
segment,tanh,109,44,0.015023083410826657,0.9366459627329192,0.016672458566768425,0.9342857142857143,1.0014125916797585
segment,tanh,109,45,0.012396002092099623,0.9428571428571428,0.014593073636143329,0.9285714285714286,0.9487611057555969
segment,tanh,109,46,0.014562418341039024,0.9329192546583851,0.017290098696734334,0.9228571428571428,1.0000894413017543
segment,tanh,109,47,0.01257562084759774,0.9440993788819876,0.014768676151000564,0.9371428571428572,1.0007299244351724
segment,tanh,109,48,0.011289492673487861,0.9496894409937888,0.0137997648818446,0.9485714285714286,1.0063450345357068
segment,tanh,109,49,0.011030526653879089,0.9472049689440993,0.013634523369413877,0.9342857142857143,0.9240381573841402
segment,tanh,109,50,0.01918017637630105,0.9124223602484473,0.021980315594972065,0.9028571428571428,1.0020257481178254
segment,tanh,109,51,0.010912843412558826,0.9521739130434783,0.013527585845677785,0.94,1.0004723307298136
segment,tanh,109,52,0.01104870963664261,0.9521739130434783,0.013410831288261092,0.94,1.000287589372708
segment,tanh,109,53,0.016053219364086883,0.9273291925465839,0.017274416403622227,0.9314285714285714,1.0009791032189088
segment,tanh,109,54,0.01056617011865027,0.9527950310559006,0.013316825483120213,0.94,0.9358200206895173
segment,tanh,109,55,0.01134634661785528,0.9465838509316771,0.013594970496322679,0.94,0.30394670163400733
segment,tanh,109,56,0.010768879558616232,0.9509316770186336,0.013625957421399292,0.9428571428571428,1.0023204079908237
segment,tanh,109,57,0.011632204321378311,0.9503105590062112,0.014235580108354167,0.94,1.002279652832806
segment,tanh,109,58,0.01031009907526714,0.9521739130434783,0.01299838454905783,0.9457142857142857,0.27309726554106567
segment,tanh,109,59,0.010559825537528263,0.9509316770186336,0.01335189417055221,0.94,1.0074560539818183
segment,tanh,109,60,0.015652045168072025,0.9254658385093167,0.01888666983113519,0.92,1.0005811026513407
segment,tanh,109,61,0.010313641879741146,0.9540372670807453,0.013222755092904505,0.9457142857142857,0.9734637811406088
segment,tanh,109,62,0.012563749607066799,0.9416149068322981,0.01556357565757524,0.9314285714285714,1.000796327261769
segment,tanh,109,63,0.010628905986670857,0.9503105590062112,0.013311558226347015,0.94,0.8435584771726319
segment,tanh,109,64,0.011712943854915968,0.9472049689440993,0.01414075934354063,0.94,1.0002160614331024
segment,tanh,109,65,0.010266522671090968,0.9527950310559006,0.013295651391183811,0.9457142857142857,1.0001424354947597
segment,tanh,109,66,0.011174442189383262,0.9465838509316771,0.014195950907539858,0.9371428571428572,1.0000951350269913
segment,tanh,109,67,0.009790758721983747,0.9590062111801242,0.012625216127212433,0.9485714285714286,0.232108160004228
segment,tanh,109,68,0.01005115059391066,0.9577639751552796,0.01267229224088599,0.9428571428571428,0.9818033562928709
segment,tanh,109,69,0.010078763039803743,0.9515527950310559,0.01303999602054457,0.9428571428571428,0.30133571681763943
segment,tanh,109,70,0.009666496347986383,0.9577639751552796,0.01267058363449896,0.9457142857142857,1.000120135613101
segment,tanh,109,71,0.012019057073058932,0.9453416149068323,0.015283252911477484,0.9314285714285714,1.0001481923341298
segment,tanh,109,72,0.01050897828152844,0.953416149068323,0.013277338886553872,0.94,0.36121842933192644
segment,tanh,109,73,0.009963089107206986,0.9565217391304348,0.012742563662024264,0.9428571428571428,0.7207694321558392
segment,tanh,109,74,0.016643940681319767,0.9236024844720497,0.019731683472484607,0.9171428571428571,1.0004316658529646
segment,tanh,109,75,0.010298835173913959,0.9521739130434783,0.012925000104195066,0.9428571428571428,1.0010142759814225
segment,tanh,109,76,0.009519881932002356,0.9565217391304348,0.012659123257978317,0.9428571428571428,0.5016468929982223
segment,tanh,109,77,0.009468863007343729,0.9540372670807453,0.012655401465813322,0.9428571428571428,1.0007031787462088
segment,tanh,109,78,0.009765023559021752,0.9546583850931677,0.012683940801384616,0.9457142857142857,0.782691680585251
segment,tanh,109,79,0.009559411180634927,0.9571428571428572,0.012555613081863558,0.9457142857142857,1.0777834548309637
segment,tanh,109,80,0.009589373554975335,0.9540372670807453,0.012829279264656481,0.9428571428571428,0.37450330301843887
segment,tanh,109,81,0.010100644039312347,0.9540372670807453,0.013689153599616921,0.9428571428571428,1.0003026170052824
segment,tanh,109,82,0.009346660414469944,0.9596273291925466,0.012542001889241707,0.9457142857142857,0.5225089377800196
segment,tanh,109,83,0.009483410165184928,0.9590062111801242,0.012746445610143304,0.94,0.9675759020474114
segment,tanh,109,84,0.011536904305017392,0.9434782608695652,0.014938935834820406,0.94,1.0000879886234033
segment,tanh,109,85,0.010947895355328096,0.9503105590062112,0.01290491144130832,0.9485714285714286,1.0000877152059298
segment,tanh,109,86,0.010956056882210009,0.9552795031055901,0.013916333079655905,0.9428571428571428,1.0000877273446598
segment,tanh,109,87,0.010917671727645711,0.9509316770186336,0.013930236258488781,0.9428571428571428,1.0001005485593732
segment,tanh,109,88,0.009087698238527526,0.9602484472049689,0.012168162951238026,0.9457142857142857,0.9605545907791841
segment,tanh,109,89,0.009323563709856876,0.9590062111801242,0.012695712581074745,0.9428571428571428,0.8292979150892806
segment,tanh,109,90,0.009841332674646807,0.9552795031055901,0.013182859713886217,0.94,0.45159776596298806
segment,tanh,109,91,0.009376962147129289,0.9565217391304348,0.013415905840059559,0.94,1.0004172619556466
segment,tanh,109,92,0.00871597124806918,0.9645962732919254,0.012108167056929017,0.9457142857142857,0.1555699157242483
segment,tanh,109,93,0.009486750458087492,0.9583850931677018,0.012397989272367918,0.9485714285714286,0.5078724239179618
segment,tanh,109,94,0.012501069559251623,0.9459627329192547,0.014308756080675207,0.9314285714285714,1.0001124711226939
segment,tanh,109,95,0.009536101303933576,0.9590062111801242,0.01249354490926076,0.94,0.21278799404805185
segment,tanh,109,96,0.0088463590148503,0.9627329192546584,0.012082253132756113,0.94,0.38543518845709596
segment,tanh,109,97,0.008573580386790788,0.9602484472049689,0.011719949014279779,0.9457142857142857,0.6542254993770161
segment,tanh,109,98,0.011682258116418036,0.9434782608695652,0.014936314924240817,0.9314285714285714,1.0001263436210914
segment,tanh,109,99,0.014464282379751602,0.9304347826086956,0.01780728723027521,0.92,1.0000883123230973
segment,tanh,109,100,0.009324190450586533,0.9577639751552796,0.012593365471540724,0.9428571428571428,0.9995796761643578
segment,tanh,109,101,0.009428271502165637,0.9652173913043478,0.012188316280109402,0.9514285714285714,1.0002412044765814
segment,tanh,109,102,0.00858207047968661,0.9639751552795031,0.011737042270220932,0.9485714285714286,1.0013438142374331
segment,tanh,109,103,0.016339831014068853,0.9273291925465839,0.019886060043643728,0.9085714285714286,1.0002827084738157
segment,tanh,109,104,0.008539630917119035,0.9627329192546584,0.012020937914619596,0.94,0.9940781174962598
segment,tanh,109,105,0.008410326511305953,0.962111801242236,0.011910446049553464,0.9371428571428572,1.0000893934516581
segment,tanh,109,106,0.008221957412372407,0.9639751552795031,0.011218086934398215,0.9514285714285714,0.11324396378949245
segment,tanh,109,107,0.00796444950746755,0.9677018633540373,0.011405615099426182,0.9428571428571428,1.0000965858683495
segment,tanh,109,108,0.008043370902444962,0.9652173913043478,0.01081863760277742,0.9514285714285714,0.9877334930844631
segment,tanh,109,109,0.010802102071650138,0.9478260869565217,0.01411955249341527,0.9314285714285714,0.9956677305932193
segment,tanh,109,110,0.008046090917573504,0.9645962732919254,0.011488731770409811,0.9371428571428572,1.0002318407488768
segment,tanh,109,111,0.009560464277041072,0.9571428571428572,0.012408951441804228,0.9457142857142857,0.993764641145029
segment,tanh,109,112,0.008085709783884633,0.9645962732919254,0.011536624035127027,0.9428571428571428,0.9991751710271195
segment,tanh,109,113,0.009074848551260133,0.9652173913043478,0.012099651009833356,0.9514285714285714,1.0000877293987889
segment,tanh,109,114,0.007885903914860506,0.9639751552795031,0.011003331560372396,0.9514285714285714,1.000729635793033
segment,tanh,109,115,0.008451275138717185,0.9645962732919254,0.011825470240596672,0.94,1.000170572932936
segment,tanh,109,116,0.008643460232570363,0.9627329192546584,0.011494549597279552,0.9428571428571428,1.0000901009149785
segment,tanh,109,117,0.007977738470937305,0.9683229813664597,0.010896132128214803,0.9514285714285714,0.21105218475307244
segment,tanh,109,118,0.007849226627822769,0.9695652173913043,0.011041719835626273,0.9485714285714286,1.0002547002790267
segment,tanh,109,119,0.008242595206067372,0.9664596273291925,0.011779939451990143,0.9485714285714286,1.0001017387867281
segment,tanh,109,120,0.007484716656297262,0.9695652173913043,0.010876053238715462,0.9485714285714286,0.167333724604315
segment,tanh,109,121,0.007710421417995877,0.9670807453416149,0.010787946230517069,0.9542857142857143,1.0000928891206209
segment,tanh,109,122,0.007463028969055809,0.968944099378882,0.010634891348329518,0.9514285714285714,0.4966317992780991
segment,tanh,109,123,0.008099653300240225,0.9658385093167702,0.010618097604225982,0.9514285714285714,1.0000874738223078
segment,tanh,109,124,0.007597572536929747,0.9714285714285714,0.010324028166234282,0.9514285714285714,1.0000958793672614
segment,tanh,109,125,0.007205807336157204,0.968944099378882,0.010161586768349828,0.9542857142857143,0.7902878281370556
segment,tanh,109,126,0.006972225669685896,0.9732919254658385,0.0101306193081465,0.9542857142857143,1.00009350665271
segment,tanh,109,127,0.007158077180686086,0.9701863354037267,0.010292383382120695,0.9514285714285714,1.0000888389498115
segment,tanh,109,128,0.0070132362074656045,0.9714285714285714,0.010025522487432178,0.9485714285714286,0.2853710756690674
segment,tanh,109,129,0.00786873784925771,0.968944099378882,0.010700748943718585,0.9542857142857143,0.9998321099628538
segment,tanh,109,130,0.013278939356310165,0.9397515527950311,0.015622640614163236,0.9285714285714286,1.0002330544347953
segment,tanh,109,131,0.00847053816107563,0.9658385093167702,0.010845690443319478,0.9514285714285714,1.0001085042939644
segment,tanh,109,132,0.006847832302694259,0.9739130434782609,0.010067668054492907,0.9485714285714286,0.15270200470567882
segment,tanh,109,133,0.014518009489361347,0.9322981366459627,0.01744305266978098,0.9171428571428571,1.000160596234194
segment,tanh,109,134,0.006923887877577901,0.9714285714285714,0.01006144492150995,0.9514285714285714,0.286111005118712
segment,tanh,109,135,0.009532949047551942,0.9546583850931677,0.012605699099142961,0.94,0.9999910035865193
segment,tanh,109,136,0.00941269031496574,0.9577639751552796,0.01123889309952673,0.9457142857142857,1.0001771622461404
segment,tanh,109,137,0.0069930214243823325,0.970807453416149,0.010327177479127479,0.9514285714285714,0.8224260982952315
segment,tanh,109,138,0.006604718308414335,0.9732919254658385,0.009650514627196264,0.9514285714285714,0.22430071128920318
segment,tanh,109,139,0.006964144152081087,0.970807453416149,0.010088165208782527,0.9514285714285714,0.9396246196747216
segment,tanh,109,140,0.006831009823962865,0.9683229813664597,0.009675201747763033,0.9542857142857143,0.23378235146543497
segment,tanh,109,141,0.006723704097999204,0.9695652173913043,0.009839741391270149,0.9514285714285714,0.7991149769880572
segment,tanh,109,142,0.007225304087272742,0.9695652173913043,0.0105752718420992,0.9457142857142857,0.7909821946198948
segment,tanh,109,143,0.007329353847621865,0.968944099378882,0.01000556346352077,0.9571428571428572,1.0001116660366687
segment,tanh,109,144,0.011363869671045588,0.9521739130434783,0.013307767160374333,0.9457142857142857,1.0002666155891389
segment,tanh,109,145,0.006656341785805269,0.9695652173913043,0.009807239887564073,0.9514285714285714,0.7567461180758553
segment,tanh,109,146,0.006368805219246796,0.9720496894409938,0.009465948498224066,0.9542857142857143,1.0000883340832174
segment,tanh,109,147,0.00710300774490802,0.9683229813664597,0.010221021355575734,0.9485714285714286,1.0006577426669478
segment,tanh,109,148,0.009359927365854614,0.9627329192546584,0.011367715576833613,0.9428571428571428,1.0000888166303088
segment,tanh,109,149,0.0065526626421717965,0.9695652173913043,0.00959157541940233,0.9514285714285714,1.0004308271464517
segment,tanh,109,150,0.006572582997767212,0.9720496894409938,0.009707619976634064,0.9514285714285714,1.0000879506354687
segment,tanh,109,151,0.011228039766015647,0.9527950310559006,0.013285339441200065,0.9314285714285714,1.0000874775830788
segment,tanh,109,152,0.006192061913093268,0.9751552795031055,0.009465525053261448,0.9542857142857143,0.3079298995445938
segment,tanh,109,153,0.006397904816394352,0.968944099378882,0.00941811357569629,0.9542857142857143,0.23422966424881533
segment,tanh,109,154,0.006185414783587257,0.9726708074534162,0.009419338179108205,0.9514285714285714,0.6016137607308502
segment,tanh,109,155,0.006136527561942969,0.9726708074534162,0.009137157918609655,0.9571428571428572,0.9214555268409671
segment,tanh,109,156,0.0065639703382361775,0.9720496894409938,0.009832586435526954,0.9514285714285714,0.8473731266716326
segment,tanh,109,157,0.010213119102530937,0.9509316770186336,0.013164083608027169,0.9342857142857143,1.0000877399189265
segment,tanh,109,158,0.006686031980692599,0.9720496894409938,0.010228372327244337,0.9514285714285714,1.0001062278085349
segment,tanh,109,159,0.005998936598665883,0.9726708074534162,0.009023747785035315,0.9571428571428572,0.4328201999499537
segment,tanh,109,160,0.0060102254354094005,0.9745341614906833,0.009104364594879094,0.9571428571428572,0.35865039780805974
segment,tanh,109,161,0.005901734460336095,0.9751552795031055,0.009137343246436969,0.9542857142857143,0.26596298896286397
segment,tanh,109,162,0.006220265056982334,0.9714285714285714,0.009410896244632126,0.9514285714285714,0.7550510602150996
segment,tanh,109,163,0.006396598367321877,0.9683229813664597,0.009280220617663766,0.9571428571428572,0.6549691056388928
segment,tanh,109,164,0.009280354484376254,0.9552795031055901,0.012228838348857796,0.9342857142857143,1.000373442772951
segment,tanh,109,165,0.00580437622456438,0.9745341614906833,0.00888631115666089,0.9571428571428572,0.6708963656819216
segment,tanh,109,166,0.006036933227546802,0.9745341614906833,0.009240185836808154,0.96,1.0002419864044736
segment,tanh,109,167,0.007166982930658458,0.9670807453416149,0.010125646653503117,0.9514285714285714,0.9989079514163884
segment,tanh,109,168,0.008174706284173824,0.9614906832298137,0.011478670276693694,0.9457142857142857,0.9958225893192818
segment,tanh,109,169,0.00706314568232943,0.9683229813664597,0.010343916720204637,0.9514285714285714,0.9954546157040715
segment,tanh,109,170,0.006082416897368948,0.9745341614906833,0.009464443753378224,0.9485714285714286,0.49119728885077046
segment,tanh,109,171,0.01569715054515032,0.9316770186335404,0.017822506321143787,0.9171428571428571,1.0001047045839528
segment,tanh,109,172,0.005720875163206639,0.9739130434782609,0.008992171784869153,0.9542857142857143,0.08485206226004156
segment,tanh,109,173,0.005630520439169502,0.9745341614906833,0.00884125387747028,0.9571428571428572,0.729462893979067
segment,tanh,109,174,0.006375441079986961,0.9720496894409938,0.009401655477828109,0.9571428571428572,1.0004729378571555
segment,tanh,109,175,0.008147379399423579,0.9608695652173913,0.011359421263989257,0.9485714285714286,0.9995718373801832
segment,tanh,109,176,0.00557454416235616,0.9763975155279503,0.008862445622012789,0.9514285714285714,0.40914821109916755
segment,tanh,109,177,0.01065634739402004,0.9465838509316771,0.01374845405307303,0.9342857142857143,1.0029768775280923
segment,tanh,109,178,0.00977721254407571,0.9614906832298137,0.01215919393704873,0.9428571428571428,1.0013589625637225
segment,tanh,109,179,0.007849277590293717,0.9614906832298137,0.011068683700360555,0.9457142857142857,0.9675150570581375
segment,tanh,109,180,0.005441293893936293,0.977639751552795,0.008775891609335035,0.9571428571428572,0.3258550556615495
segment,tanh,109,181,0.005599879864587692,0.9745341614906833,0.008810782646267818,0.9542857142857143,0.8525612425339738
segment,tanh,109,182,0.0053123525047897744,0.9770186335403727,0.008524108520602373,0.96,0.28020614693658125
segment,tanh,109,183,0.009981553374130146,0.9565217391304348,0.01222030211729331,0.9342857142857143,1.0001231362588734
segment,tanh,109,184,0.009731480195478303,0.9571428571428572,0.01279871146396258,0.9342857142857143,1.0002129784518643
segment,tanh,109,185,0.00571958576866125,0.9745341614906833,0.009107626744802064,0.96,0.3088218075082882
segment,tanh,109,186,0.011665345834308501,0.9540372670807453,0.014129863777241597,0.9342857142857143,1.0004154693068013
segment,tanh,109,187,0.005357891563370995,0.9770186335403727,0.008693264757596172,0.9571428571428572,0.41289792931661723
segment,tanh,109,188,0.00517957324904362,0.9795031055900622,0.008513024269320128,0.96,0.6422820954347862
segment,tanh,109,189,0.013261530384416848,0.9366459627329192,0.015535060936238233,0.9257142857142857,1.0019894571921075
segment,tanh,109,190,0.010948489982359257,0.94472049689441,0.013839193291445727,0.9285714285714286,1.0001579544711077
segment,tanh,109,191,0.006985210708077729,0.9677018633540373,0.010189123275977678,0.9542857142857143,0.9990186352017955
segment,tanh,109,192,0.008604205070704418,0.9614906832298137,0.012150762769818985,0.9428571428571428,1.00018646864965
segment,tanh,109,193,0.009884928562571043,0.9614906832298137,0.011752697405606647,0.9514285714285714,1.0000913631010515
segment,tanh,109,194,0.007036481773323645,0.9714285714285714,0.009698914898769631,0.9571428571428572,0.7281208583458306
segment,tanh,109,195,0.005254580910614583,0.9788819875776398,0.008332051804449321,0.9628571428571429,0.5541462322813242
segment,tanh,109,196,0.005012864015839975,0.9807453416149068,0.008114044793675132,0.96,0.4649963187179268
segment,tanh,109,197,0.011667191149443687,0.9527950310559006,0.013766859167128102,0.9342857142857143,1.000160676812677
segment,tanh,109,198,0.005162452245155841,0.9788819875776398,0.008217252088227234,0.9657142857142857,0.12227930016118531
segment,tanh,109,199,0.0050682308077937156,0.9757763975155279,0.008264187078585493,0.9628571428571429,0.9609445365662757
segment,tanh,109,200,0.007661117791849039,0.9683229813664597,0.010510886322906506,0.9542857142857143,1.000091556753184
segment,tanh,109,201,0.007899719750229215,0.9720496894409938,0.010796030021465867,0.9514285714285714,1.0001841324976484
segment,tanh,109,202,0.005389815450684643,0.9757763975155279,0.008708411111163022,0.9657142857142857,0.16618769983719336
segment,tanh,109,203,0.005050893544421361,0.977639751552795,0.00826459104921237,0.9657142857142857,0.3674065317517675
segment,tanh,109,204,0.0056136102981720675,0.9763975155279503,0.008780464878765295,0.9628571428571429,1.002336116381693
segment,tanh,109,205,0.004925895153109354,0.977639751552795,0.008090109761557737,0.9657142857142857,0.09649893108336552
segment,tanh,109,206,0.005142909180246359,0.9763975155279503,0.008299857622637396,0.9628571428571429,0.34533131739774736
segment,tanh,109,207,0.009723846911251706,0.9608695652173913,0.012161583641184026,0.9428571428571428,1.0000723246374235
segment,tanh,109,208,0.005062248400784608,0.977639751552795,0.008355688525734942,0.9628571428571429,0.1363237801593197
segment,tanh,109,209,0.004805221847071263,0.9807453416149068,0.008043731373230945,0.9685714285714285,0.4124484719593792
segment,tanh,109,210,0.004868849529377969,0.9782608695652174,0.007962951142907695,0.9685714285714285,0.9018684298576695
segment,tanh,109,211,0.01114541109660796,0.9465838509316771,0.013883722171062603,0.9314285714285714,1.003066255394851
segment,tanh,109,212,0.061014981438470096,0.6440993788819875,0.06413202994887783,0.64,1.0038989554695457
segment,tanh,109,213,0.014796307239198362,0.9583850931677018,0.01483008342426637,0.9571428571428572,1.0221248502214777
segment,tanh,109,214,0.006061597515054511,0.977639751552795,0.008389706537483247,0.9657142857142857,0.6447013358558131
segment,tanh,109,215,0.009267592308827288,0.9590062111801242,0.011467212558229196,0.9514285714285714,1.000449818640203
segment,tanh,109,216,0.006246601761185217,0.9751552795031055,0.00875849724559792,0.9714285714285714,0.1190269190626461
segment,tanh,109,217,0.007549872680236195,0.9639751552795031,0.010179470483119644,0.9514285714285714,1.0018118304535968
segment,tanh,109,218,0.005415089329716722,0.977639751552795,0.007945061398744433,0.9628571428571429,0.7723436574119699
segment,tanh,109,219,0.008021986534213868,0.9664596273291925,0.009651491147125803,0.9571428571428572,0.9966297810917938
segment,tanh,109,220,0.005121130542209292,0.9819875776397515,0.007795345853499278,0.9657142857142857,0.6190565128080469
segment,tanh,109,221,0.0049426753605830275,0.9838509316770186,0.007701100415710718,0.9685714285714285,0.1017365937399028
segment,tanh,109,222,0.008030105494218402,0.962111801242236,0.01077687561733663,0.9542857142857143,1.0000984227355778
segment,tanh,109,223,0.0047805764588599985,0.9807453416149068,0.007842113113537195,0.9657142857142857,0.20996436679965438
segment,tanh,109,224,0.017283158081726785,0.922360248447205,0.018276788487736378,0.9257142857142857,1.0000875025344071
segment,tanh,109,225,0.0046911699229659825,0.9832298136645963,0.007664309561256985,0.9685714285714285,0.9027580378522722
segment,tanh,109,226,0.004627270406278548,0.9819875776397515,0.007606344244347458,0.9685714285714285,0.10086769846281268
segment,tanh,109,227,0.006215888027814592,0.9720496894409938,0.008878612527625866,0.9628571428571429,0.00568742440616544
segment,tanh,109,228,0.005284688785192814,0.9782608695652174,0.008306735263823162,0.9657142857142857,0.07312553096785791
segment,tanh,109,229,0.0046132828107082295,0.9826086956521739,0.007609748179637685,0.9657142857142857,0.007278479353081541
segment,tanh,109,230,0.004654620689568834,0.9819875776397515,0.0075159299517122465,0.9742857142857143,0.9393699090300052
segment,tanh,109,231,0.004501333352482951,0.9850931677018634,0.007397458681286441,0.9714285714285714,0.42764838270824956
segment,tanh,109,232,0.00460712387889956,0.9826086956521739,0.007464812903264077,0.9742857142857143,0.195369431799535
segment,tanh,109,233,0.004634992297796357,0.9826086956521739,0.007574198811081308,0.9657142857142857,0.6285955358571752
segment,tanh,109,234,0.004599864803187801,0.9813664596273292,0.0075553233381645095,0.9685714285714285,0.83601752522463
segment,tanh,109,235,0.004506819639575602,0.9850931677018634,0.0076155184708499605,0.9685714285714285,1.0000951016340993
segment,tanh,109,236,0.004731808231325892,0.9826086956521739,0.00759026935078731,0.9742857142857143,1.0002994490342674
segment,tanh,109,237,0.004900874986596168,0.9813664596273292,0.007895735480793442,0.9685714285714285,0.07393874205807739
segment,tanh,109,238,0.005094605307319168,0.9795031055900622,0.007799357388854589,0.9685714285714285,1.0000953157994519
segment,tanh,109,239,0.00942699994047769,0.9559006211180124,0.011772332415826087,0.9457142857142857,1.0002354191078036
segment,tanh,109,240,0.005187672152189188,0.9763975155279503,0.008212688765572443,0.96,0.9999990380779669
segment,tanh,109,241,0.004399349734685468,0.9832298136645963,0.007448876305980518,0.9714285714285714,0.08225462813646052
segment,tanh,109,242,0.004679507034337446,0.9838509316770186,0.0075313100862133865,0.9628571428571429,1.0019267020549938
segment,tanh,109,243,0.005077846894239751,0.9763975155279503,0.008078713449423926,0.9657142857142857,0.0982976229103089
segment,tanh,109,244,0.0044056604755174245,0.9807453416149068,0.007575799710595831,0.9657142857142857,0.20027914677445988
segment,tanh,109,245,0.010394301926622645,0.9565217391304348,0.012545272174702794,0.9428571428571428,1.000174658764625
segment,tanh,109,246,0.004561916312409444,0.9813664596273292,0.007700726847860713,0.9685714285714285,0.9992719371530806
segment,tanh,109,247,0.004294369382756587,0.984472049689441,0.007361222805367264,0.9657142857142857,0.5332972690071489
segment,tanh,109,248,0.004256314189247828,0.9838509316770186,0.007140956699475322,0.9685714285714285,0.9570679389822799
segment,tanh,109,249,0.004205911618890301,0.9838509316770186,0.007242458550907052,0.9714285714285714,0.5427850004408342
segment,tanh,109,250,0.0055727643227347955,0.9751552795031055,0.008611307777070393,0.9628571428571429,0.9896140182346506
segment,tanh,109,251,0.005535918176161822,0.9757763975155279,0.008498758795468415,0.9657142857142857,0.9919392968191577
segment,tanh,109,252,0.00417008824089743,0.9832298136645963,0.0073247859248287825,0.9685714285714285,0.40352986982855243
segment,tanh,109,253,0.004112871154336433,0.9838509316770186,0.007288863844101187,0.9714285714285714,0.05441107573827346
segment,tanh,109,254,0.0051025969241379355,0.977639751552795,0.00793278491613478,0.9685714285714285,0.7999633489064092
segment,tanh,109,255,0.009182595714328095,0.9559006211180124,0.01200096686261622,0.9428571428571428,1.000075285405989
segment,tanh,109,256,0.004234001053424761,0.9838509316770186,0.007643139563146741,0.9657142857142857,0.16837015181346227
segment,tanh,109,257,0.004217637255710969,0.9826086956521739,0.007524548779660144,0.9714285714285714,0.844012378553435
segment,tanh,109,258,0.004337857658933914,0.9807453416149068,0.007565391137613836,0.9657142857142857,0.8536393188853676
segment,tanh,109,259,0.004051869105243157,0.984472049689441,0.007293075723067811,0.9685714285714285,0.06226944133799183
segment,tanh,109,260,0.004032908063408506,0.986335403726708,0.0073220286848372325,0.9657142857142857,0.48302557481555486
segment,tanh,109,261,0.00412107103773231,0.9832298136645963,0.007506312301436546,0.9657142857142857,0.11840876631512051
segment,tanh,109,262,0.003968690187757346,0.986335403726708,0.00721150795092083,0.9657142857142857,0.5511146376802527
segment,tanh,109,263,0.0040574168131959345,0.984472049689441,0.0073755867581659276,0.9685714285714285,0.9728956657263828
segment,tanh,109,264,0.004667412087001503,0.9795031055900622,0.0077407261324759155,0.9685714285714285,0.018513642861527208
segment,tanh,109,265,0.0040381947641370975,0.9850931677018634,0.007247459881260005,0.9685714285714285,0.9768071119217512
segment,tanh,109,266,0.0054706421953270926,0.9770186335403727,0.008605231764528352,0.96,0.999968707835378
segment,tanh,109,267,0.004472085649165754,0.9788819875776398,0.007933843155992363,0.9657142857142857,0.7418985808718427
segment,tanh,109,268,0.004036262112258796,0.9826086956521739,0.007217688009981791,0.9685714285714285,0.9421257420036113
segment,tanh,109,269,0.004944117865121069,0.977639751552795,0.008635266615436829,0.9571428571428572,1.000093115977215
segment,tanh,109,270,0.0038720126826766363,0.9857142857142858,0.007305080072528967,0.9685714285714285,0.19937203932718167
segment,tanh,109,271,0.003922582521201821,0.9850931677018634,0.007126717651388661,0.9714285714285714,0.8414076183778176
segment,tanh,109,272,0.003983814554758003,0.9832298136645963,0.00709444073925763,0.9657142857142857,0.14325608248521754
segment,tanh,109,273,0.0038839252661244795,0.9826086956521739,0.007147570730078474,0.9685714285714285,0.4978228692609566
segment,tanh,109,274,0.004550680025347247,0.984472049689441,0.007669283387098741,0.9742857142857143,0.9984498478561528
segment,tanh,109,275,0.0046172566472906865,0.9795031055900622,0.008018004050393168,0.9628571428571429,0.8981747071417508
segment,tanh,109,276,0.00460368178221905,0.9807453416149068,0.007426397125330138,0.9657142857142857,0.004711790436646541
segment,tanh,109,277,0.013360989473286863,0.9422360248447205,0.01525214691309938,0.9314285714285714,1.0009131704713479
segment,tanh,109,278,0.004936543004025383,0.9795031055900622,0.008412762302424704,0.96,0.9408113477990869
segment,tanh,109,279,0.0038408085920085674,0.9838509316770186,0.0070821756612272704,0.9657142857142857,0.0726024738454049
segment,tanh,109,280,0.005435749438612241,0.9770186335403727,0.007893732959592203,0.9657142857142857,0.9946616292146336
segment,tanh,109,281,0.0043814857064156006,0.9801242236024845,0.007992922926833308,0.9657142857142857,0.9974326048580221
segment,tanh,109,282,0.0049058756858409965,0.9782608695652174,0.008396402886551845,0.9628571428571429,0.9999480140481963
segment,tanh,109,283,0.005406762737813535,0.9763975155279503,0.00877625156113551,0.9571428571428572,1.0000931928583698
segment,tanh,109,284,0.00375186764206477,0.986335403726708,0.007268959012167427,0.9628571428571429,1.0185683107339005
segment,tanh,109,285,0.003735192252932519,0.9850931677018634,0.007177192947361654,0.9685714285714285,0.416352947969738
segment,tanh,109,286,0.0043126091889776575,0.9832298136645963,0.007898149061388244,0.9657142857142857,1.0001408211131484
segment,tanh,109,287,0.009667347228468653,0.9583850931677018,0.01272985477111441,0.9485714285714286,1.0000299329466829
segment,tanh,109,288,0.003811973219843593,0.9850931677018634,0.007235388672766881,0.9685714285714285,0.6160783390752524
segment,tanh,109,289,0.004277934268432208,0.9813664596273292,0.007741784339413115,0.9628571428571429,1.0000888085424258
segment,tanh,109,290,0.003767435450493358,0.9832298136645963,0.007135907443043093,0.9685714285714285,0.013714501373228966
segment,tanh,109,291,0.003737325546749036,0.984472049689441,0.00728200656621208,0.9628571428571429,0.07242772325425086
segment,tanh,109,292,0.0037280341624315967,0.984472049689441,0.0070789439225474,0.9657142857142857,0.9701909350043636
segment,tanh,109,293,0.0037364094274713543,0.986335403726708,0.0072571216421914095,0.9628571428571429,0.8157808444788917
segment,tanh,109,294,0.00615860205073348,0.9701863354037267,0.009487911224079092,0.9542857142857143,1.0001024264238303
segment,tanh,109,295,0.004234370841868929,0.9807453416149068,0.007479922755536302,0.9657142857142857,1.0000974645851657
segment,tanh,109,296,0.0036256524917835575,0.9850931677018634,0.007060856139835381,0.9685714285714285,0.37411968076839885
segment,tanh,109,297,0.003729995419548762,0.9857142857142858,0.007294191083696152,0.9657142857142857,0.035154559563138565
segment,tanh,109,298,0.0037506639774135078,0.9832298136645963,0.0071626794167767,0.9628571428571429,0.05619845681603203
segment,tanh,109,299,0.003906320093453426,0.9826086956521739,0.007179072124762205,0.9714285714285714,0.27950554425616253
segment,tanh,109,300,0.0036592783906992843,0.9850931677018634,0.007061445670932066,0.9685714285714285,1.000104829007775
segment,tanh,109,301,0.0037129501161377015,0.9838509316770186,0.007228125951753188,0.9628571428571429,1.0001015827013713
segment,tanh,109,302,0.006007749884992686,0.9732919254658385,0.009655013310229811,0.96,0.9931971507130267
segment,tanh,109,303,0.003677420289531717,0.9838509316770186,0.007164972221667938,0.9628571428571429,0.017324383663481723
segment,tanh,109,304,0.004107511972369822,0.9813664596273292,0.007740745157575964,0.9628571428571429,0.09814249781949848
segment,tanh,109,305,0.003992302061795166,0.9826086956521739,0.007280946198916238,0.9628571428571429,0.27906406395637545
segment,tanh,109,306,0.0063079992091531695,0.9720496894409938,0.009961396334573127,0.96,1.000085365773322
segment,tanh,109,307,0.003683884075998473,0.9838509316770186,0.007468877838928312,0.96,0.054329351798784856
segment,tanh,109,308,0.00468725065212547,0.9801242236024845,0.007913708552123002,0.9714285714285714,1.0000889886538884
segment,tanh,109,309,0.0062993531208517155,0.9695652173913043,0.00970529190386545,0.9571428571428572,0.9911124969868078
segment,tanh,109,310,0.003612683189588225,0.9850931677018634,0.007129025837836008,0.9657142857142857,0.9949120876988902
segment,tanh,109,311,0.004588935233068566,0.9801242236024845,0.007951813761216923,0.9685714285714285,1.0000874407332259
segment,tanh,109,312,0.0040731611999931285,0.9813664596273292,0.007416901426354514,0.9685714285714285,0.16727487819094403
segment,tanh,109,313,0.0035426106517762765,0.9838509316770186,0.007025488544228452,0.9657142857142857,0.16431368480823458
segment,tanh,109,314,0.003491282078999,0.9857142857142858,0.007214109941734868,0.9685714285714285,0.038731450325690045
segment,tanh,109,315,0.003551152469703559,0.9850931677018634,0.007239229143067915,0.9685714285714285,0.5884033759410852
segment,tanh,109,316,0.0035524671189479675,0.9850931677018634,0.007212683644121166,0.9685714285714285,0.11343879270041754
segment,tanh,109,317,0.009689783219751643,0.9577639751552796,0.011577317245991977,0.9542857142857143,1.0001578821790296
segment,tanh,109,318,0.003994418430944443,0.9807453416149068,0.0073582905732706445,0.9685714285714285,0.06274107552228977
segment,tanh,109,319,0.0036599946614825985,0.9838509316770186,0.007153792038296391,0.9628571428571429,0.6043680739469292
segment,tanh,109,320,0.00811675788581312,0.9608695652173913,0.011511376324346864,0.9457142857142857,1.0000874790618133
segment,tanh,109,321,0.003623849381498071,0.9857142857142858,0.007325026762795792,0.9657142857142857,0.20875912143507197
segment,tanh,109,322,0.003747173233537577,0.9813664596273292,0.007285689407272589,0.9657142857142857,0.9286824163532736
segment,tanh,109,323,0.003531875674050812,0.986335403726708,0.00723659757061564,0.9657142857142857,0.03086161886467845
segment,tanh,109,324,0.0038555587874376093,0.9813664596273292,0.007332403922057635,0.9657142857142857,0.15114633277908945
segment,tanh,109,325,0.003427823193606524,0.984472049689441,0.007066197992303937,0.9685714285714285,0.19049733495175553
segment,tanh,109,326,0.00404473701030079,0.9826086956521739,0.008008307131729724,0.9657142857142857,1.0000887087698234
segment,tanh,109,327,0.004472120096140318,0.9782608695652174,0.007720286064268208,0.9657142857142857,0.9101025795638603
segment,tanh,109,328,0.003435022608353687,0.9850931677018634,0.00737937253141334,0.9714285714285714,0.5561788710131835
segment,tanh,109,329,0.004039407945519812,0.9801242236024845,0.007973188776626174,0.9628571428571429,1.0111918612036022
segment,tanh,109,330,0.003555313504898678,0.984472049689441,0.007394136060474106,0.9685714285714285,0.04530354061104975
segment,tanh,109,331,0.007033729815265264,0.9664596273291925,0.01032523657670887,0.9485714285714286,0.9960561523318994
segment,tanh,109,332,0.0036140639305711135,0.9850931677018634,0.007082892492270398,0.9685714285714285,0.9523727671693004
segment,tanh,109,333,0.0034031471917920037,0.9869565217391304,0.007288055338792179,0.9685714285714285,0.27568411251450387
segment,tanh,109,334,0.00445451212220583,0.9801242236024845,0.0075232594789581995,0.9685714285714285,0.9982570854225065
segment,tanh,109,335,0.003609559854140092,0.9832298136645963,0.007598933846120446,0.9628571428571429,0.06577967578084877
segment,tanh,109,336,0.006028937767398692,0.9701863354037267,0.008749021405040146,0.9628571428571429,0.9952736721623839
segment,tanh,109,337,0.003395039886885465,0.9850931677018634,0.007138215153862766,0.9685714285714285,0.1339232653507751
segment,tanh,109,338,0.0035396617069291415,0.984472049689441,0.007395082529957971,0.9685714285714285,0.8478346180782322
segment,tanh,109,339,0.003338933420112905,0.9857142857142858,0.007228460817111542,0.9685714285714285,0.18393168214219352
segment,tanh,109,340,0.0033713936800357667,0.984472049689441,0.007154858511015008,0.9714285714285714,0.3979667534059579
segment,tanh,109,341,0.0033456237070786108,0.984472049689441,0.00707641148507043,0.9685714285714285,0.24959981026089725
segment,tanh,109,342,0.003458447504103273,0.984472049689441,0.007470505828205629,0.9685714285714285,0.04308570979983417
segment,tanh,109,343,0.0033876112002400563,0.9850931677018634,0.00729741439543411,0.9714285714285714,0.10212022841429143
segment,tanh,109,344,0.0033883193019199585,0.9850931677018634,0.007376477602008252,0.9628571428571429,0.011473863124392823
segment,tanh,109,345,0.0034025356821265097,0.9850931677018634,0.007229528510201947,0.9685714285714285,0.3225941124625216
segment,tanh,109,346,0.0033330816365194824,0.9857142857142858,0.007168234496856063,0.9685714285714285,0.19221980649005668
segment,tanh,109,347,0.005728567302862064,0.9763975155279503,0.008398326241529815,0.9685714285714285,1.0003305372272113
segment,tanh,109,348,0.003325399007720523,0.984472049689441,0.007172404476592932,0.9714285714285714,0.0723250311484698
segment,tanh,109,349,0.004657706079403968,0.9795031055900622,0.008554762644901327,0.9628571428571429,0.29669574335379006
segment,tanh,109,350,0.00469748615881921,0.9813664596273292,0.007922200358523344,0.9685714285714285,1.0000949016141132
segment,tanh,110,1,0.1030055766983607,0.42422360248447205,0.10305901262715356,0.42857142857142855,1.0072856079576373
segment,tanh,110,2,0.08005487244803917,0.5559006211180124,0.07966531701089949,0.56,1.0502259080178535
segment,tanh,110,3,0.06564457195827882,0.6378881987577639,0.06461924984691679,0.6228571428571429,1.0009504442325101
segment,tanh,110,4,0.0606224845377042,0.6602484472049689,0.05948329774051687,0.6657142857142857,1.0008072168220898
segment,tanh,110,5,0.08991591330380456,0.6378881987577639,0.08916269602501928,0.6257142857142857,1.0130757332136593
segment,tanh,110,6,0.03823222146526663,0.860248447204969,0.03735241679538964,0.8742857142857143,1.0000706964161123
segment,tanh,110,7,0.030641324343589262,0.8894409937888199,0.030671438493515574,0.8914285714285715,1.0002221021828441
segment,tanh,110,8,0.02914650079046162,0.9006211180124224,0.029928543883640964,0.9,1.003210838475044
segment,tanh,110,9,0.02663611181008095,0.9211180124223602,0.028267668823626635,0.9171428571428571,1.0001002398362697
segment,tanh,110,10,0.027778848696791775,0.8875776397515528,0.029465092576649456,0.86,1.0011874797466085
segment,tanh,110,11,0.024576361724750587,0.908695652173913,0.026545508816118328,0.9057142857142857,1.0061141991685436
segment,tanh,110,12,0.020781439007456447,0.9285714285714286,0.02259740367744666,0.9171428571428571,1.0028532434333859
segment,tanh,110,13,0.020945565822545014,0.9192546583850931,0.02164949587997595,0.9142857142857143,1.0014882137133692
segment,tanh,110,14,0.021043302550948797,0.9204968944099379,0.023246063925163575,0.9114285714285715,1.001107599914753
segment,tanh,110,15,0.020327185410533438,0.9229813664596274,0.022867207186937164,0.9142857142857143,1.0002148786765122
segment,tanh,110,16,0.01943400421349978,0.9186335403726708,0.020469205122784054,0.9142857142857143,1.0001630120181701
segment,tanh,110,17,0.017922476471137653,0.9316770186335404,0.0193037989562864,0.9228571428571428,1.0016908157345303
segment,tanh,110,18,0.01730076672610966,0.931055900621118,0.018720394560009047,0.9228571428571428,1.0085869375081933
segment,tanh,110,19,0.01706975397204994,0.929192546583851,0.018378953110067847,0.9142857142857143,0.98505561257471
segment,tanh,110,20,0.01563609315757505,0.9366459627329192,0.017304027854841423,0.9228571428571428,0.8045037106334867
segment,tanh,110,21,0.015627316458755727,0.9341614906832298,0.017330551104929582,0.9285714285714286,1.0026602602205787
segment,tanh,110,22,0.0173565427916217,0.9354037267080745,0.01884309621253732,0.92,1.0018495840474277
segment,tanh,110,23,0.018547642112412138,0.9403726708074535,0.02113354586310653,0.9342857142857143,1.0234141422197445
segment,tanh,110,24,0.01807069509975061,0.9273291925465839,0.019881546753143655,0.92,1.000102447586248
segment,tanh,110,25,0.016553000627539425,0.9329192546583851,0.01790306466493199,0.92,1.0004728454067209
segment,tanh,110,26,0.01662526392602502,0.929192546583851,0.018297577069621082,0.92,1.0015617705916127
segment,tanh,110,27,0.015541761843417917,0.9329192546583851,0.017085599275687837,0.9228571428571428,1.0004887524845187
segment,tanh,110,28,0.016943056593963432,0.9335403726708075,0.019676126602621823,0.9314285714285714,1.000295622179287
segment,tanh,110,29,0.014201109911154766,0.9360248447204969,0.015905059390930208,0.9285714285714286,1.0021783729321123
segment,tanh,110,30,0.014913808775105291,0.9341614906832298,0.01655039587124798,0.9228571428571428,1.0235528883445653
segment,tanh,110,31,0.015109536296607754,0.9403726708074535,0.017789711885238754,0.9285714285714286,1.1545672665904956
segment,tanh,110,32,0.013718171989832452,0.9478260869565217,0.01626866088568016,0.9371428571428572,0.5267608754136058
segment,tanh,110,33,0.013750397149251269,0.937888198757764,0.015620746625955055,0.9285714285714286,1.0145140123492442
segment,tanh,110,34,0.013690014598038468,0.9385093167701863,0.015572835433919366,0.9285714285714286,1.0002672192759656
segment,tanh,110,35,0.01740949593506686,0.9211180124223602,0.018166746776805805,0.9228571428571428,1.0079016349346483
segment,tanh,110,36,0.013603635338212293,0.9385093167701863,0.015423270352326315,0.9314285714285714,0.693487814189377
segment,tanh,110,37,0.014118833786043124,0.937888198757764,0.015828681722261446,0.9314285714285714,1.0000804357288482
segment,tanh,110,38,0.012922719069320123,0.9403726708074535,0.014900283066223338,0.9285714285714286,0.48538444016296123
segment,tanh,110,39,0.012547777787687136,0.9422360248447205,0.014759966290476741,0.9285714285714286,0.8595564077406003
segment,tanh,110,40,0.014079923651120454,0.9403726708074535,0.016699908458112974,0.9342857142857143,0.9870872558587237
segment,tanh,110,41,0.012709202483557959,0.9397515527950311,0.014870082952779995,0.9285714285714286,1.0217219996086477
segment,tanh,110,42,0.013113539533394928,0.9490683229813665,0.015550207909989193,0.9342857142857143,1.0005973284408334
segment,tanh,110,43,0.012427839415669856,0.9434782608695652,0.014647908954927282,0.9285714285714286,0.27490750980850176
segment,tanh,110,44,0.012679937316147576,0.9434782608695652,0.014575393994647438,0.9342857142857143,1.1336344403943073
segment,tanh,110,45,0.012773335852192525,0.9428571428571428,0.014740981947303732,0.9342857142857143,1.00030271433161
segment,tanh,110,46,0.014330149471557353,0.9304347826086956,0.016872527479643823,0.9314285714285714,1.00080243469667
segment,tanh,110,47,0.011870953716385442,0.9496894409937888,0.014460769712320963,0.94,1.0004013992733516
segment,tanh,110,48,0.011402069509073975,0.9583850931677018,0.013933859969831248,0.94,1.0073040656136265
segment,tanh,110,49,0.014269650854130669,0.9347826086956522,0.017070643200944674,0.9314285714285714,1.0004854804435264
segment,tanh,110,50,0.014208591932783503,0.9322981366459627,0.015571935942548736,0.9228571428571428,1.0007907617024012
segment,tanh,110,51,0.013118367728355186,0.9434782608695652,0.014983128776418239,0.9342857142857143,1.0008126114800309
segment,tanh,110,52,0.010897215722622183,0.9509316770186336,0.013102481086439004,0.9371428571428572,0.5351059734860976
segment,tanh,110,53,0.011333000081696059,0.9546583850931677,0.01390478187567565,0.9342857142857143,1.0119658406447776
segment,tanh,110,54,0.012314878868246176,0.9453416149068323,0.014330702068939317,0.94,1.2014975701229869
segment,tanh,110,55,0.01064621919707609,0.962111801242236,0.013197885808036831,0.9371428571428572,1.0001948743861526
segment,tanh,110,56,0.010563110661596065,0.9571428571428572,0.013229738462109035,0.9457142857142857,1.003267218055108
segment,tanh,110,57,0.010236337119081989,0.9540372670807453,0.012546015611403179,0.9371428571428572,0.8309405477620556
segment,tanh,110,58,0.009761539894602917,0.9608695652173913,0.012537834166160297,0.9457142857142857,0.420644195414472
segment,tanh,110,59,0.016468911693712503,0.9260869565217391,0.01922397384831852,0.9142857142857143,1.0000559231151924
segment,tanh,110,60,0.010007736549674035,0.9571428571428572,0.01209177161326088,0.9485714285714286,1.0023659643984022
segment,tanh,110,61,0.021520235602881167,0.9037267080745341,0.02374312175137299,0.8942857142857142,1.006786727882483
segment,tanh,110,62,0.009899857258228046,0.9559006211180124,0.011999633721331145,0.9457142857142857,0.994921492242359
segment,tanh,110,63,0.00958041284397392,0.9596273291925466,0.012005663160889198,0.9428571428571428,0.9966249960078666
segment,tanh,110,64,0.009678107440942314,0.9602484472049689,0.012478625901381211,0.9428571428571428,1.0019046390917798
segment,tanh,110,65,0.011282533589580812,0.9496894409937888,0.013102516839496248,0.9485714285714286,1.053055000314423
segment,tanh,110,66,0.009368892618455088,0.962111801242236,0.012241311265160782,0.94,1.0005908661872371
segment,tanh,110,67,0.018889250910344362,0.9192546583850931,0.021492357154877795,0.9057142857142857,1.0021451129762968
segment,tanh,110,68,0.009537161953059998,0.9596273291925466,0.012063855700194153,0.9428571428571428,1.0001313738638165
segment,tanh,110,69,0.00877340510117677,0.9627329192546584,0.011470960922776816,0.9485714285714286,0.19314445106769823
segment,tanh,110,70,0.00906884742458845,0.9614906832298137,0.011570451966851775,0.9457142857142857,0.841870799746862
segment,tanh,110,71,0.010301888687634608,0.9540372670807453,0.01304292084001093,0.94,1.0015766527077206
segment,tanh,110,72,0.016454830493678168,0.9260869565217391,0.01914622059238768,0.9142857142857143,1.005002492608907
segment,tanh,110,73,0.008876555769211243,0.9652173913043478,0.011556708868371148,0.9514285714285714,0.2895875684682145
segment,tanh,110,74,0.00864034950684322,0.9633540372670808,0.011455530315711506,0.9514285714285714,0.9916209767648893
segment,tanh,110,75,0.008603219962559545,0.9652173913043478,0.01188020665560341,0.9514285714285714,1.0025358887285072
segment,tanh,110,76,0.008968802573591774,0.9639751552795031,0.012079144561649229,0.9457142857142857,0.563736843885977
segment,tanh,110,77,0.01174613904725652,0.9453416149068323,0.013528470181887626,0.9371428571428572,1.0014303686936707
segment,tanh,110,78,0.008073619936208806,0.9695652173913043,0.010913991500330648,0.9571428571428572,0.34315171338744876
segment,tanh,110,79,0.008799825915046647,0.9639751552795031,0.011766311611163503,0.9457142857142857,0.4351589929715275
segment,tanh,110,80,0.01461855735845995,0.931055900621118,0.017265137244694972,0.9142857142857143,1.001636582318156
segment,tanh,110,81,0.009135615108825783,0.9677018633540373,0.0115848032600392,0.9485714285714286,1.0000515315727059
segment,tanh,110,82,0.007841413631355317,0.9677018633540373,0.010818819666214697,0.9542857142857143,0.5876760135217917
segment,tanh,110,83,0.008273731008659644,0.9633540372670808,0.011533987129026146,0.9514285714285714,1.000342202214449
segment,tanh,110,84,0.007879303868135705,0.9683229813664597,0.011075982730483772,0.9542857142857143,0.8969205676991944
segment,tanh,110,85,0.008231556874325788,0.9645962732919254,0.011213811834735774,0.9542857142857143,1.0013751985414787
segment,tanh,110,86,0.007941261589744371,0.9658385093167702,0.010895167950045692,0.9514285714285714,0.460291390712159
segment,tanh,110,87,0.009223140612621068,0.9602484472049689,0.011425584417215664,0.9485714285714286,1.001516973815321
segment,tanh,110,88,0.009081874512950583,0.9658385093167702,0.011825840094438114,0.9485714285714286,1.001156706126347
segment,tanh,110,89,0.01403959093952513,0.9316770186335404,0.016966698995655158,0.9228571428571428,1.000014395951291
segment,tanh,110,90,0.007714741123203166,0.9683229813664597,0.010595454794651729,0.9514285714285714,0.9634681214956714
segment,tanh,110,91,0.011218431907781098,0.9496894409937888,0.013499355569321322,0.9371428571428572,1.0002094902367358
segment,tanh,110,92,0.007473502634108378,0.9695652173913043,0.010466097757538607,0.9571428571428572,0.5668455042234531
segment,tanh,110,93,0.008536135872916292,0.9602484472049689,0.011048329347763312,0.9485714285714286,0.997365047350912
segment,tanh,110,94,0.009853863393848432,0.9527950310559006,0.012976143444116319,0.9428571428571428,1.0002969399267674
segment,tanh,110,95,0.007498059452524812,0.9695652173913043,0.010675372095009034,0.9571428571428572,0.6190937739945586
segment,tanh,110,96,0.007785751000119111,0.9664596273291925,0.011018196755030072,0.9514285714285714,0.2742179108910027
segment,tanh,110,97,0.007433667377463694,0.9677018633540373,0.010249388710940823,0.9514285714285714,0.09465997851577773
segment,tanh,110,98,0.007836531264377338,0.9633540372670808,0.01079436554258723,0.9485714285714286,1.0002537648847403
segment,tanh,110,99,0.0075989988919608386,0.9658385093167702,0.010582037979787276,0.9542857142857143,1.0018584569134956
segment,tanh,110,100,0.00924618476160427,0.9627329192546584,0.01196375324344444,0.9428571428571428,0.9999849404684051
segment,tanh,110,101,0.0074866936961885105,0.9670807453416149,0.010569919427458434,0.9514285714285714,0.5789255954585201
segment,tanh,110,102,0.010176733283713116,0.9509316770186336,0.013155896152570398,0.9371428571428572,0.5301367546125613
segment,tanh,110,103,0.008444639844157678,0.9664596273291925,0.011720290898915974,0.9485714285714286,1.0000142084432748
segment,tanh,110,104,0.007907603895723687,0.9633540372670808,0.010895653392659547,0.9542857142857143,1.0005609313982176
segment,tanh,110,105,0.007569375057970458,0.9652173913043478,0.01058636059142855,0.9457142857142857,0.8203126345099865
segment,tanh,110,106,0.0069809910326423886,0.9701863354037267,0.010214363530507422,0.9571428571428572,0.161142762161617
segment,tanh,110,107,0.006965961801994577,0.9701863354037267,0.01010868516464057,0.9542857142857143,0.6387722625940148
segment,tanh,110,108,0.006843570569382429,0.9695652173913043,0.010080476146183051,0.9514285714285714,0.98369637348203
segment,tanh,110,109,0.007350242359501537,0.9670807453416149,0.010148919799017593,0.9485714285714286,1.0148569708121038
segment,tanh,110,110,0.0069861518475203745,0.9683229813664597,0.009968675829459362,0.9542857142857143,0.9638342234297349
segment,tanh,110,111,0.007815378876729147,0.9652173913043478,0.010743220716954773,0.9428571428571428,0.8480665246212714
segment,tanh,110,112,0.006895248928710789,0.968944099378882,0.010190903629442711,0.9485714285714286,0.16797546947974223
segment,tanh,110,113,0.006647599635771663,0.970807453416149,0.00984509091457456,0.9542857142857143,0.7755314537404416
segment,tanh,110,114,0.018253992498980562,0.9267080745341615,0.019406762667328815,0.9142857142857143,1.0000042058732668
segment,tanh,110,115,0.017261022429956453,0.9260869565217391,0.019238630267545784,0.9228571428571428,1.0000826902169262
segment,tanh,110,116,0.006850930520669228,0.968944099378882,0.009868236114577395,0.9514285714285714,0.43222870626895793
segment,tanh,110,117,0.006656710577456926,0.970807453416149,0.0096980518847794,0.9542857142857143,0.7247134996943575
segment,tanh,110,118,0.008187938817569676,0.9652173913043478,0.01074945125351304,0.9485714285714286,1.003730507404724
segment,tanh,110,119,0.0065628247827242536,0.9714285714285714,0.00983669099520155,0.9514285714285714,1.0015894227401096
segment,tanh,110,120,0.006430753518150237,0.9714285714285714,0.009799468346787714,0.9542857142857143,1.0000723224163257
segment,tanh,110,121,0.01616867948256117,0.929192546583851,0.018671239488947822,0.9171428571428571,1.008051826264985
segment,tanh,110,122,0.01212248876973816,0.9391304347826087,0.015160104978033273,0.9285714285714286,1.0000216511314581
segment,tanh,110,123,0.00704959511339206,0.968944099378882,0.010498527848880175,0.9542857142857143,0.9989473093689393
segment,tanh,110,124,0.006622873738885011,0.968944099378882,0.010023945416908325,0.9542857142857143,0.2603287772873653
segment,tanh,110,125,0.007774524977402717,0.9652173913043478,0.010657954965484582,0.9457142857142857,0.9621086887417764
segment,tanh,110,126,0.006794738619614672,0.9732919254658385,0.010054907696418095,0.9514285714285714,1.0000273410867535
segment,tanh,110,127,0.006351945730436687,0.9714285714285714,0.009865428415210733,0.9514285714285714,0.9630597907008229
segment,tanh,110,128,0.006260100924848914,0.9732919254658385,0.009814200484644708,0.9542857142857143,0.0861154272679108
segment,tanh,110,129,0.00633662393585244,0.9720496894409938,0.010048790767600933,0.9514285714285714,0.12607478718383203
segment,tanh,110,130,0.007983024600907386,0.9645962732919254,0.011022100012322589,0.9428571428571428,0.9941994578988592
segment,tanh,110,131,0.006138966297375854,0.9739130434782609,0.009713039858541677,0.9542857142857143,0.18931716725025566
segment,tanh,110,132,0.00723459792097873,0.9683229813664597,0.01080324165196579,0.9571428571428572,1.000128632671921
segment,tanh,110,133,0.006475126744038581,0.968944099378882,0.010071744911351061,0.9542857142857143,0.6569609731751197
segment,tanh,110,134,0.00621132520237943,0.9732919254658385,0.00989465208425934,0.9514285714285714,0.1733457540699235
segment,tanh,110,135,0.007223014834080813,0.970807453416149,0.01054277504521928,0.9542857142857143,1.0136962016567463
segment,tanh,110,136,0.0062645037746226805,0.9714285714285714,0.009704127657662024,0.9514285714285714,1.0010138676271771
segment,tanh,110,137,0.006281414039661936,0.9720496894409938,0.009847096960622474,0.9485714285714286,0.6249637515788288
segment,tanh,110,138,0.0062582335559109095,0.9720496894409938,0.009754554291734815,0.9514285714285714,0.7714568852620621
segment,tanh,110,139,0.006475216320574285,0.9714285714285714,0.010131513176256251,0.9514285714285714,0.9998973300435688
segment,tanh,110,140,0.006316249357137098,0.9726708074534162,0.009748440068895067,0.9542857142857143,0.9993293708737054
segment,tanh,110,141,0.006079378538859673,0.970807453416149,0.009701485015281194,0.9514285714285714,0.42410406221010766
segment,tanh,110,142,0.006038200861787581,0.9720496894409938,0.00953875206605213,0.9542857142857143,0.06213084766957285
segment,tanh,110,143,0.006277940219529017,0.970807453416149,0.009878937096116747,0.9485714285714286,0.9635982818352375
segment,tanh,110,144,0.006447188291344088,0.9720496894409938,0.010193037177558753,0.9514285714285714,1.0000183716807303
segment,tanh,110,145,0.009328871281542183,0.9565217391304348,0.012597243359080626,0.9371428571428572,1.0001275022321805
segment,tanh,110,146,0.0058568616587931785,0.9739130434782609,0.009354223029845218,0.9571428571428572,0.7748656394380512
segment,tanh,110,147,0.008377592128494826,0.9602484472049689,0.011659026436141222,0.9428571428571428,1.003877223866482
segment,tanh,110,148,0.005832328738101851,0.9739130434782609,0.009397569622141418,0.9542857142857143,1.0000330473333596
segment,tanh,110,149,0.0066991464896335486,0.968944099378882,0.010304942470361907,0.9514285714285714,0.9936772603234432
segment,tanh,110,150,0.005859669758636566,0.9751552795031055,0.009512717524519347,0.9542857142857143,0.14125975043208458
segment,tanh,110,151,0.020389986735219766,0.9136645962732919,0.022052016744682826,0.9085714285714286,1.0014644761160687
segment,tanh,110,152,0.0060016349081908294,0.9726708074534162,0.009465888770419777,0.9514285714285714,1.0000036717637648
segment,tanh,110,153,0.00751847263079829,0.9664596273291925,0.010411725410123533,0.9428571428571428,0.9154155013509837
segment,tanh,110,154,0.006282256360405559,0.968944099378882,0.009622003649844368,0.9571428571428572,0.9893568270233953
segment,tanh,110,155,0.005848195926285209,0.9739130434782609,0.009567555788735901,0.96,0.14601995301771245
segment,tanh,110,156,0.006065711192601843,0.970807453416149,0.009655397496869625,0.9514285714285714,0.5055113401412346
segment,tanh,110,157,0.006975535800592117,0.9683229813664597,0.010371402621756303,0.9457142857142857,0.9967088713431776
segment,tanh,110,158,0.006153649394927302,0.970807453416149,0.009489042443843847,0.9542857142857143,0.9930777057459679
segment,tanh,110,159,0.005689779232303885,0.9739130434782609,0.009362748983004583,0.9542857142857143,0.6118164145940556
segment,tanh,110,160,0.005647398464225761,0.9751552795031055,0.009353826266865152,0.9571428571428572,0.6121767503401752
segment,tanh,110,161,0.017437087463039326,0.922360248447205,0.019460321102920647,0.9142857142857143,1.0000803151424984
segment,tanh,110,162,0.005619080305577533,0.9751552795031055,0.009244578707214183,0.9571428571428572,0.5836408612712172
segment,tanh,110,163,0.007067211296337072,0.9677018633540373,0.009976548842592413,0.9428571428571428,1.000226457435641
segment,tanh,110,164,0.006208215719282403,0.9695652173913043,0.009892469677898846,0.9514285714285714,0.33793906951713687
segment,tanh,110,165,0.005648090994998415,0.9732919254658385,0.009354534916138055,0.9514285714285714,0.7929785226873612
segment,tanh,110,166,0.005772041797409824,0.9739130434782609,0.009562860913047479,0.9542857142857143,1.0000287943738122
segment,tanh,110,167,0.005800909181932866,0.9732919254658385,0.009800337562585,0.96,0.9999774010853429
segment,tanh,110,168,0.007018719311122015,0.9683229813664597,0.010144343473093913,0.9457142857142857,0.9957540349887041
segment,tanh,110,169,0.007539450106599937,0.9677018633540373,0.010391804947539735,0.9428571428571428,0.15552978259584332
segment,tanh,110,170,0.007204946057627942,0.9683229813664597,0.01080240839974231,0.9457142857142857,1.0001358582984698
segment,tanh,110,171,0.005591322615810722,0.9739130434782609,0.009178674626717004,0.9542857142857143,0.9291840724804769
segment,tanh,110,172,0.005884742263908829,0.9720496894409938,0.009186760213270842,0.9514285714285714,0.09279844752504839
segment,tanh,110,173,0.005498620559979433,0.9751552795031055,0.009153832440661851,0.9542857142857143,0.16663209593657888
segment,tanh,110,174,0.005362168290686802,0.9770186335403727,0.009252703510523512,0.9542857142857143,0.2798818716638051
segment,tanh,110,175,0.010972552858874574,0.9552795031055901,0.012859199970582914,0.9514285714285714,1.000047873267996
segment,tanh,110,176,0.0055560823497053935,0.9745341614906833,0.009259577676165639,0.9514285714285714,0.9535266480531398
segment,tanh,110,177,0.005264598639588639,0.977639751552795,0.009087352982573915,0.9542857142857143,0.5099440341456398
segment,tanh,110,178,0.006324814687032544,0.9714285714285714,0.010090815867007101,0.9485714285714286,0.5510373785116114
segment,tanh,110,179,0.005449034541831212,0.9763975155279503,0.009265591362149337,0.9514285714285714,0.8158719020725097
segment,tanh,110,180,0.009420023427111875,0.9577639751552796,0.012678704689039155,0.9371428571428572,1.0032292416051405
segment,tanh,110,181,0.005643574068223486,0.9739130434782609,0.009215698813023001,0.9514285714285714,0.9655265091043848
segment,tanh,110,182,0.006325399676088342,0.9714285714285714,0.009769129263055417,0.9428571428571428,0.9583174316919364
segment,tanh,110,183,0.00942118112999883,0.9596273291925466,0.012563138427988245,0.9457142857142857,1.000146426676502
segment,tanh,110,184,0.008812410124830113,0.9652173913043478,0.011270900083113855,0.9514285714285714,1.0002670542184298
segment,tanh,110,185,0.0050790631406420275,0.9795031055900622,0.009308872326542601,0.9571428571428572,0.0399558738067423
segment,tanh,110,186,0.005149771440154874,0.9782608695652174,0.009348203279152721,0.9514285714285714,0.10349893367581217
segment,tanh,110,187,0.005346175416584793,0.977639751552795,0.009290004285340003,0.9485714285714286,1.0001280705908913
segment,tanh,110,188,0.005838065903916201,0.9757763975155279,0.010085876145933518,0.9457142857142857,1.0000434115737544
segment,tanh,110,189,0.00608444242193159,0.9745341614906833,0.00985210322547416,0.9542857142857143,0.9999107748913149
segment,tanh,110,190,0.004995586023967571,0.9782608695652174,0.009048866228158816,0.9514285714285714,0.7479740581966139
segment,tanh,110,191,0.03757382092957067,0.846583850931677,0.04114066325118009,0.8342857142857143,1.0014364792684758
segment,tanh,110,192,0.00785313642486526,0.9714285714285714,0.012093153966121041,0.9485714285714286,1.0066306574217456
segment,tanh,110,193,0.005422491238161275,0.9770186335403727,0.009219443757781222,0.9571428571428572,0.6949472135385768
segment,tanh,110,194,0.011929694380784006,0.9515527950310559,0.01449067663064115,0.94,1.0000643737139983
segment,tanh,110,195,0.007557048975562734,0.9683229813664597,0.011060669200058456,0.9514285714285714,1.0000077022949734
segment,tanh,110,196,0.005141740401511532,0.9770186335403727,0.008689457038629148,0.9628571428571429,0.8823578926917445
segment,tanh,110,197,0.005054512782695054,0.9807453416149068,0.008605238123333338,0.96,0.01766289112618529
segment,tanh,110,198,0.00502051207976689,0.9757763975155279,0.00864762099460491,0.9571428571428572,0.4999735254779479
segment,tanh,110,199,0.007069105665102773,0.9677018633540373,0.0103253072837875,0.96,0.9963766622070246
segment,tanh,110,200,0.005028656803412657,0.9801242236024845,0.008942019970411528,0.96,1.0000329048225307
segment,tanh,110,201,0.0077435930593803565,0.9695652173913043,0.010199819673225355,0.9542857142857143,1.0000087192955547
segment,tanh,110,202,0.004977839625148298,0.9813664596273292,0.00872708099755222,0.96,0.4486935354997467
segment,tanh,110,203,0.00486995027155833,0.9782608695652174,0.008481143093633169,0.9628571428571429,0.7340443543948366
segment,tanh,110,204,0.0047916922935647525,0.9788819875776398,0.008582540834575034,0.9628571428571429,0.5537556492533033
segment,tanh,110,205,0.005058233003999564,0.977639751552795,0.00849337533927225,0.9657142857142857,0.9441208696807291
segment,tanh,110,206,0.005082472560882454,0.9782608695652174,0.008671532559681831,0.9628571428571429,0.811455240952286
segment,tanh,110,207,0.004628516456393403,0.9819875776397515,0.008337778543824207,0.9628571428571429,0.1664629183946463
segment,tanh,110,208,0.004709008295877719,0.9807453416149068,0.00838134181160678,0.9628571428571429,0.3792664096862401
segment,tanh,110,209,0.00461699579655621,0.9801242236024845,0.008371281850541075,0.9657142857142857,0.6527515667133021
segment,tanh,110,210,0.0058867576131338886,0.9739130434782609,0.009996927861256265,0.9514285714285714,1.0000025709654716
segment,tanh,110,211,0.005052898411867434,0.9832298136645963,0.00898699954287318,0.9571428571428572,1.000681058498368
segment,tanh,110,212,0.004674505219350477,0.9801242236024845,0.008382174330954544,0.9628571428571429,0.13201254065027934
segment,tanh,110,213,0.004647326043756728,0.9801242236024845,0.008285891696243972,0.9628571428571429,0.9853168389130543
segment,tanh,110,214,0.010923106388835651,0.9565217391304348,0.01305838658958458,0.9428571428571428,1.0000391960355912
segment,tanh,110,215,0.004567851782418723,0.9819875776397515,0.008574344924212954,0.96,0.8552356571630346
segment,tanh,110,216,0.0044389752074694075,0.9801242236024845,0.008303421871771055,0.9628571428571429,0.04250258764751447
segment,tanh,110,217,0.0044359729008696565,0.9850931677018634,0.008361557160698573,0.9628571428571429,0.5301605188859148
segment,tanh,110,218,0.005397358731929517,0.9788819875776398,0.008982875220115991,0.9542857142857143,1.0001181496538412
segment,tanh,110,219,0.004380706645348914,0.9826086956521739,0.008506756752560183,0.9657142857142857,0.7221879744205852
segment,tanh,110,220,0.004633760709136971,0.9795031055900622,0.008619542639974312,0.96,0.871880648720413
segment,tanh,110,221,0.004391057713181671,0.9838509316770186,0.008353028668636277,0.96,1.0001332032560986
segment,tanh,110,222,0.008991552258134347,0.9652173913043478,0.012502949190109781,0.9514285714285714,1.0039158973166686
segment,tanh,110,223,0.004643551884589915,0.9826086956521739,0.008520262208222357,0.96,0.876660268158997
segment,tanh,110,224,0.004972326063573389,0.9788819875776398,0.00863176367388861,0.9571428571428572,0.9959788897131394
segment,tanh,110,225,0.004180773261843932,0.9838509316770186,0.008213109970163798,0.9628571428571429,0.3164888907083036
segment,tanh,110,226,0.005829384730348138,0.9763975155279503,0.00951662331925647,0.96,0.9966979483526036
segment,tanh,110,227,0.00466350310231055,0.9813664596273292,0.00849615491427057,0.9628571428571429,0.7134110704448037
segment,tanh,110,228,0.004857834245826373,0.9819875776397515,0.0085379469613597,0.96,0.9998456873278236
segment,tanh,110,229,0.012530568943371996,0.9422360248447205,0.015194355304846814,0.9285714285714286,1.0006776788754526
segment,tanh,110,230,0.0042731013081063985,0.9832298136645963,0.008606991067409728,0.9657142857142857,1.0020990823654479
segment,tanh,110,231,0.004484813531758877,0.9819875776397515,0.00854851817173684,0.9571428571428572,0.12895527857905087
segment,tanh,110,232,0.004515256334272386,0.9826086956521739,0.008636049575607575,0.96,1.0033958928242246
segment,tanh,110,233,0.004375150832705227,0.9819875776397515,0.008357166457721178,0.9657142857142857,0.8843960759310366
segment,tanh,110,234,0.003934705273698804,0.9838509316770186,0.008014807439187215,0.9657142857142857,0.123117800660722
segment,tanh,110,235,0.004540675582167082,0.9826086956521739,0.008732888652580975,0.9657142857142857,1.0000399080516884
segment,tanh,110,236,0.004265461396228927,0.9826086956521739,0.008584296065524017,0.96,0.7635519829046121
segment,tanh,110,237,0.004120903786943745,0.9838509316770186,0.008261861156918739,0.9628571428571429,0.7153161097318195
segment,tanh,110,238,0.004120994314168613,0.9832298136645963,0.008193336750527337,0.9628571428571429,0.8782366765188596
segment,tanh,110,239,0.012933686341695496,0.9403726708074535,0.015584165486187185,0.9257142857142857,1.000222155942935
segment,tanh,110,240,0.005370828442169579,0.977639751552795,0.00975675005171197,0.96,1.0007211385317483
segment,tanh,110,241,0.0037094903822721217,0.986335403726708,0.007920658668088708,0.9685714285714285,0.30919023400134243
segment,tanh,110,242,0.003702412816938903,0.9850931677018634,0.007873570268139863,0.9628571428571429,0.2659216390480026
segment,tanh,110,243,0.003859234159696486,0.9838509316770186,0.007988709438574612,0.9628571428571429,0.3648658897507636
segment,tanh,110,244,0.0037153082765049327,0.986335403726708,0.007934266012116225,0.96,0.45001218680953875
segment,tanh,110,245,0.0037960703847889207,0.9838509316770186,0.007975687989406783,0.9628571428571429,0.5047258899821834
segment,tanh,110,246,0.004219444724536742,0.9807453416149068,0.008223045235261005,0.9571428571428572,0.028154563567725114
segment,tanh,110,247,0.008712942347850715,0.9633540372670808,0.011254411057829924,0.96,1.000181368013691
segment,tanh,110,248,0.004541359859054321,0.9838509316770186,0.00876102180552169,0.9657142857142857,1.0001286823208302
segment,tanh,110,249,0.003844820858631442,0.9832298136645963,0.007918517882432662,0.96,0.15638236116441326
segment,tanh,110,250,0.004331928873582125,0.9819875776397515,0.008629487811148041,0.9657142857142857,1.0004365467444514
segment,tanh,110,251,0.003628842440202065,0.9869565217391304,0.008023637050859367,0.9657142857142857,0.14749360938414538
segment,tanh,110,252,0.003667911865497646,0.9869565217391304,0.008158917368215779,0.9685714285714285,0.9932056930577365
segment,tanh,110,253,0.009370715672112355,0.9590062111801242,0.013161065492737505,0.9371428571428572,1.000017941369737
segment,tanh,110,254,0.003626241889077763,0.984472049689441,0.008023258083494383,0.9657142857142857,0.9985958689557861
segment,tanh,110,255,0.003540843298157631,0.986335403726708,0.007938793218939913,0.9685714285714285,0.7819874314219019
segment,tanh,110,256,0.003487394409094692,0.984472049689441,0.007869192981959821,0.9628571428571429,0.1861960438181739
segment,tanh,110,257,0.00359754672895627,0.9869565217391304,0.007961112153077555,0.9628571428571429,0.6211755100247082
segment,tanh,110,258,0.0034812839711762435,0.9869565217391304,0.0078492688299831,0.9628571428571429,0.5874067233634345
segment,tanh,110,259,0.006096335303910802,0.970807453416149,0.010248359434358636,0.9485714285714286,1.0000165299720176
segment,tanh,110,260,0.00802667570742949,0.9664596273291925,0.012306359406669963,0.9485714285714286,1.0002445976996377
segment,tanh,110,261,0.015548585021296406,0.929192546583851,0.017592628854860407,0.9285714285714286,1.0007413051552911
segment,tanh,110,262,0.010809533983879122,0.9503105590062112,0.01406538593874883,0.9257142857142857,1.0000009266193486
segment,tanh,110,263,0.004937051461499399,0.9795031055900622,0.008849315094266768,0.96,0.9997856380299439
segment,tanh,110,264,0.013446599263491489,0.9372670807453416,0.01616245209301288,0.9285714285714286,1.0000285097798947
segment,tanh,110,265,0.003859008682387101,0.9838509316770186,0.007864348250527195,0.96,0.8376515407543624
segment,tanh,110,266,0.003909576244266296,0.9819875776397515,0.007872127522635152,0.9628571428571429,0.007573080830570404
segment,tanh,110,267,0.003517878809485787,0.9850931677018634,0.007774305215806245,0.9628571428571429,0.02644116046372419
segment,tanh,110,268,0.0036712044341468747,0.986335403726708,0.00834319619441908,0.9628571428571429,0.9627169549861025
segment,tanh,110,269,0.015774215445743367,0.9335403726708075,0.017910402516543376,0.9285714285714286,1.0323586189521075
segment,tanh,110,270,0.003757225274438861,0.984472049689441,0.007965901669655434,0.9628571428571429,1.0006827373276006
segment,tanh,110,271,0.0034790906705691625,0.986335403726708,0.007868597565486777,0.9628571428571429,1.00002988517236
segment,tanh,110,272,0.0032952627248084617,0.986335403726708,0.007846934229626148,0.9657142857142857,0.2082057609118304
segment,tanh,110,273,0.007509127930793222,0.9652173913043478,0.011662465628303595,0.9457142857142857,1.00072696789972
segment,tanh,110,274,0.007737470689790608,0.9645962732919254,0.010894759433099824,0.9542857142857143,1.0000224023135074
segment,tanh,110,275,0.004679304754677056,0.9838509316770186,0.00899710561627055,0.96,1.0020000880407218
segment,tanh,110,276,0.0035060875501942883,0.9850931677018634,0.008247978448087206,0.96,0.7578884171318917
segment,tanh,110,277,0.003287692595703532,0.9850931677018634,0.007921930812280478,0.9628571428571429,0.9114759741466406
segment,tanh,110,278,0.012004791151037492,0.9465838509316771,0.015227665397248107,0.9371428571428572,1.0000431290919625
segment,tanh,110,279,0.0033265671777307016,0.986335403726708,0.007865223233942974,0.9628571428571429,0.10460233202382592
segment,tanh,110,280,0.0034289925941191333,0.9881987577639751,0.008123306736677504,0.9628571428571429,1.0000057915106173
segment,tanh,110,281,0.0031637179217361175,0.9869565217391304,0.007872541536701317,0.9657142857142857,0.6550447767995374
segment,tanh,110,282,0.003230623384037431,0.9857142857142858,0.00791482908088846,0.9628571428571429,0.956461450039996
segment,tanh,110,283,0.0032352122463427074,0.9850931677018634,0.007880748507449839,0.9628571428571429,0.5383188918138049
segment,tanh,110,284,0.0034964808837685338,0.9838509316770186,0.007986906244856599,0.96,0.39595792432176274
segment,tanh,110,285,0.01389856637266459,0.9372670807453416,0.016584312198122942,0.9285714285714286,1.000171021559084
segment,tanh,110,286,0.0031924654701318855,0.9857142857142858,0.00788333492948295,0.9657142857142857,0.7174190415320574
segment,tanh,110,287,0.0034039078938710105,0.984472049689441,0.008148370912543603,0.9628571428571429,0.2260388401717066
segment,tanh,110,288,0.0031910920465397117,0.9857142857142858,0.007903516194934025,0.9628571428571429,0.05337535074952721
segment,tanh,110,289,0.003118504420085615,0.9850931677018634,0.007962906938611715,0.9657142857142857,0.06987955998960425
segment,tanh,110,290,0.0032394331493972198,0.986335403726708,0.008207104658817342,0.96,0.9831001410982294
segment,tanh,110,291,0.0037787370594237397,0.9819875776397515,0.008183750120650793,0.9628571428571429,0.5313848229532556
segment,tanh,110,292,0.0034383459753294754,0.984472049689441,0.008005160046833016,0.96,0.7675481057369378
segment,tanh,110,293,0.003110281491330539,0.9869565217391304,0.00793268615038472,0.9657142857142857,0.5143927239910242
segment,tanh,110,294,0.003245099001856928,0.986335403726708,0.008194528683951804,0.96,0.08213401983805388
segment,tanh,110,295,0.003203726441348246,0.9850931677018634,0.007838615721378757,0.96,0.06947864198766845
segment,tanh,110,296,0.005130150526815571,0.9763975155279503,0.01021299234721825,0.9628571428571429,1.0001517844777748
segment,tanh,110,297,0.0033357500923020854,0.9869565217391304,0.008413183980126021,0.9628571428571429,0.976850654925326
segment,tanh,110,298,0.006295907955506333,0.9683229813664597,0.010812838234656298,0.9542857142857143,0.9822108396405049
segment,tanh,110,299,0.003313560688253194,0.9850931677018634,0.008667624607988152,0.9685714285714285,0.06802696479625364
segment,tanh,110,300,0.005662588569572562,0.9739130434782609,0.01037806037610195,0.9571428571428572,0.9993627177213571
segment,tanh,110,301,0.004332172608569035,0.9813664596273292,0.00922304121260885,0.96,0.8284455307065098
segment,tanh,110,302,0.003054778810588778,0.9850931677018634,0.007985350687542504,0.9657142857142857,0.2953263677526425
segment,tanh,110,303,0.003675571126482353,0.9826086956521739,0.008292914684885685,0.9628571428571429,0.6455455576840493
segment,tanh,110,304,0.0031987544602553796,0.984472049689441,0.007983260923654515,0.96,0.8599487839721617
segment,tanh,110,305,0.00304538827944533,0.9875776397515528,0.008037056957518437,0.9657142857142857,0.2345430484745679
segment,tanh,110,306,0.003930295379927016,0.9826086956521739,0.008947584291023377,0.96,0.052538251767274585
segment,tanh,110,307,0.0031539223389969915,0.9869565217391304,0.008165899566540806,0.9628571428571429,0.0454595287481615
segment,tanh,110,308,0.0030218514764461884,0.9881987577639751,0.007934490749130284,0.9628571428571429,0.16750752795236099
segment,tanh,110,309,0.0030357862021200333,0.9850931677018634,0.007932471865768452,0.9657142857142857,0.053387592922019646
segment,tanh,110,310,0.002953315356478509,0.9875776397515528,0.007900049133136362,0.9628571428571429,0.8015412185011751
segment,tanh,110,311,0.002972100893242398,0.9881987577639751,0.007915963923151182,0.9628571428571429,0.824312324543248
segment,tanh,110,312,0.003176408584726586,0.9850931677018634,0.007926344185815322,0.96,0.68221915225562
segment,tanh,110,313,0.002932286909696751,0.9881987577639751,0.007910241998020621,0.9685714285714285,0.526603395529389
segment,tanh,110,314,0.002967087476621448,0.9857142857142858,0.007888084406494448,0.9628571428571429,0.23004930844883
segment,tanh,110,315,0.003521400085239029,0.9832298136645963,0.008260575696196207,0.96,0.05414013445852814
segment,tanh,110,316,0.0029019055614028875,0.9881987577639751,0.007956160228622031,0.9685714285714285,0.7861391912965944
segment,tanh,110,317,0.0036447640725760116,0.9838509316770186,0.008726467729745009,0.96,0.9927383060984583
segment,tanh,110,318,0.002943407591224119,0.9881987577639751,0.00809518836084737,0.9628571428571429,0.27201602033744204
segment,tanh,110,319,0.002967765954614471,0.9869565217391304,0.007995441924828333,0.9628571428571429,0.4557771137263787
segment,tanh,110,320,0.004743636614765498,0.9819875776397515,0.009147211630592218,0.96,1.0001841156513067
segment,tanh,110,321,0.003000457915647061,0.9850931677018634,0.00783907527655124,0.9628571428571429,0.04188608085649556
segment,tanh,110,322,0.003585178101593157,0.9838509316770186,0.008736839483398925,0.9657142857142857,0.043100129778010865
segment,tanh,110,323,0.00297316933870724,0.9869565217391304,0.008041603275410671,0.9657142857142857,0.32983435647162834
segment,tanh,110,324,0.00301110871963868,0.9869565217391304,0.008234626584937912,0.9628571428571429,0.9997508467377573
segment,tanh,110,325,0.002874065217321975,0.9857142857142858,0.007775035479870057,0.9628571428571429,0.04347610366226395
segment,tanh,110,326,0.0029247025271209965,0.9869565217391304,0.007822931962845227,0.9628571428571429,0.8264920005392549
segment,tanh,110,327,0.0036055291909895247,0.9850931677018634,0.008230099697602898,0.9628571428571429,1.0006634077529541
segment,tanh,110,328,0.0033966108110392947,0.9850931677018634,0.008270312517864586,0.96,0.8999156457204911
segment,tanh,110,329,0.0030033778521696758,0.9857142857142858,0.008092546023337817,0.9628571428571429,0.4396373681007142
segment,tanh,110,330,0.01298427296904368,0.9440993788819876,0.01634722998317137,0.9314285714285714,1.0002487043883057
segment,tanh,110,331,0.0029040699696946796,0.986335403726708,0.0080219844991559,0.96,0.03838059994667115
segment,tanh,110,332,0.004597030827091911,0.9788819875776398,0.009931580109060445,0.96,0.3454490088346768
segment,tanh,110,333,0.0030170853608995087,0.9875776397515528,0.008152685830647665,0.9657142857142857,0.9629534095835571
segment,tanh,110,334,0.0028665167106644556,0.9857142857142858,0.007924324933229986,0.9628571428571429,0.1028326337723984
segment,tanh,110,335,0.0033209824250056527,0.984472049689441,0.008166471871944206,0.9628571428571429,0.22990882699624604
segment,tanh,110,336,0.004769747263865456,0.9770186335403727,0.010171547353908218,0.96,1.0007467943280546
segment,tanh,110,337,0.0030289371184645357,0.986335403726708,0.0080058587926596,0.96,0.4901612791111973
segment,tanh,110,338,0.0030423269071551424,0.986335403726708,0.00801904808478363,0.96,0.04980061250750959
segment,tanh,110,339,0.003120290200998775,0.9850931677018634,0.008395218207580489,0.96,0.7485233749837074
segment,tanh,110,340,0.01104092071121528,0.9490683229813665,0.014978292372383855,0.9371428571428572,1.0003187863179994
segment,tanh,110,341,0.0028083488820078184,0.986335403726708,0.007768493305085502,0.9685714285714285,0.01135816679069696
segment,tanh,110,342,0.0028262475405729996,0.9875776397515528,0.0078634029626218,0.9714285714285714,0.8992422008418722
segment,tanh,110,343,0.002896644304084497,0.9881987577639751,0.007866458296864179,0.9628571428571429,0.8511666345571308
segment,tanh,110,344,0.0027970792556942436,0.9881987577639751,0.007779816599347946,0.9628571428571429,0.986785293533677
segment,tanh,110,345,0.002717846034514753,0.9888198757763975,0.0078241766899267,0.9657142857142857,0.8387119584836625
segment,tanh,110,346,0.0027213402603441326,0.9881987577639751,0.007824426718420385,0.9685714285714285,0.03805093933658025
segment,tanh,110,347,0.0060895828421080244,0.9726708074534162,0.009719367325923703,0.9542857142857143,0.9999992656678799
segment,tanh,110,348,0.00276911739986154,0.9857142857142858,0.007934600121220622,0.96,0.01964611273285128
segment,tanh,110,349,0.008011120559136395,0.9614906832298137,0.012825267099875817,0.9457142857142857,1.0000785887113721
segment,tanh,110,350,0.0027506984843432224,0.9869565217391304,0.007901259848051916,0.9657142857142857,0.12372463590047757
segment,tanh,111,1,0.09308917624633961,0.4546583850931677,0.09285800329916309,0.46,1.006399023853977
segment,tanh,111,2,0.08458674807748322,0.6217391304347826,0.08489819197120967,0.6171428571428571,1.008881745598477
segment,tanh,111,3,0.06364710941209331,0.6801242236024845,0.06480059179464556,0.6685714285714286,1.0677314019553357
segment,tanh,111,4,0.05763303598333433,0.6527950310559006,0.05716349686893569,0.64,1.0005479449728212
segment,tanh,111,5,0.049482549081652234,0.7186335403726708,0.05056121182204012,0.7028571428571428,1.008836689859696
segment,tanh,111,6,0.05813430604311261,0.7751552795031056,0.059646413079128775,0.7628571428571429,1.0007583090375003
segment,tanh,111,7,0.043543453007523,0.7993788819875777,0.046890855222529,0.7857142857142857,1.0827880497367657
segment,tanh,111,8,0.03416002901907921,0.8875776397515528,0.03611031500090951,0.8685714285714285,1.0017298314859604
segment,tanh,111,9,0.031711346944336374,0.8521739130434782,0.03504601361607871,0.8228571428571428,1.0037013935597339
segment,tanh,111,10,0.02718245166405134,0.8757763975155279,0.026541840980125797,0.8771428571428571,1.1157621660968153
segment,tanh,111,11,0.019304336759868576,0.9204968944099379,0.02035257909361778,0.9142857142857143,1.0021202786755596
segment,tanh,111,12,0.020649531941916807,0.9167701863354037,0.022219193119315604,0.9085714285714286,1.000848633925823
segment,tanh,111,13,0.02454899012350656,0.8975155279503105,0.026013152404367385,0.9,1.0016626105193547
segment,tanh,111,14,0.020708666768773157,0.908695652173913,0.021491288028824447,0.9171428571428571,1.0179172679197377
segment,tanh,111,15,0.0238487842122878,0.9049689440993789,0.026937730050571502,0.8885714285714286,1.0006107436607108
segment,tanh,111,16,0.01906287610944178,0.924223602484472,0.02011156327593841,0.9171428571428571,1.0038575132362555
segment,tanh,111,17,0.020123512588322054,0.9111801242236025,0.02167271783685809,0.9114285714285715,1.002436855372268
segment,tanh,111,18,0.0212102782351116,0.9211180124223602,0.02371460941426101,0.9057142857142857,1.000167429072421
segment,tanh,111,19,0.015987331774810595,0.9316770186335404,0.017616529511746932,0.9228571428571428,1.000660473787488
segment,tanh,111,20,0.01995643855778783,0.9229813664596274,0.021922383060381148,0.9171428571428571,1.0002083012803233
segment,tanh,111,21,0.0173590261928629,0.9316770186335404,0.019325399565712126,0.9285714285714286,1.0002746480496696
segment,tanh,111,22,0.01544385482511469,0.9322981366459627,0.01743124639772073,0.9257142857142857,1.0006961197558502
segment,tanh,111,23,0.01538553571570364,0.9341614906832298,0.01704390318985685,0.9257142857142857,1.0007621655679733
segment,tanh,111,24,0.016494209648227426,0.9285714285714286,0.01770128563305604,0.92,1.0016955966997172
segment,tanh,111,25,0.014568238048399941,0.9360248447204969,0.016440010015250143,0.9285714285714286,1.001131541812533
segment,tanh,111,26,0.018674503559493606,0.9260869565217391,0.020136399285028445,0.92,1.0004012566872325
segment,tanh,111,27,0.01394403716826134,0.9366459627329192,0.015775249708989955,0.9285714285714286,0.8649659975327483
segment,tanh,111,28,0.013882266087269496,0.937888198757764,0.01597003135387853,0.9285714285714286,0.9563958652679341
segment,tanh,111,29,0.014796187382683755,0.9322981366459627,0.016894408535056017,0.9171428571428571,1.006898696449165
segment,tanh,111,30,0.01334840967931666,0.9440993788819876,0.01564888978988385,0.9342857142857143,0.878573069920267
segment,tanh,111,31,0.027430304245714812,0.8701863354037267,0.030066779601782386,0.8542857142857143,1.0001801810406055
segment,tanh,111,32,0.014885868718629295,0.9403726708074535,0.017540768013773023,0.9285714285714286,1.0045192106855452
segment,tanh,111,33,0.01367636128184303,0.9484472049689441,0.01667016697970086,0.9342857142857143,1.0009494733007098
segment,tanh,111,34,0.013337517272861484,0.9465838509316771,0.015801130686778065,0.9371428571428572,0.9147090444614925
segment,tanh,111,35,0.01566461072526599,0.9279503105590062,0.01685540348695277,0.9228571428571428,1.1207599789560436
segment,tanh,111,36,0.015647205953542912,0.937888198757764,0.01753796326404979,0.9285714285714286,1.0001390266172854
segment,tanh,111,37,0.013346468798757578,0.937888198757764,0.015446622133011864,0.9314285714285714,0.12488762302348602
segment,tanh,111,38,0.018019130754549705,0.9229813664596274,0.021281807303651434,0.9142857142857143,1.0010753086434436
segment,tanh,111,39,0.013600821465926206,0.937888198757764,0.015731280092369227,0.9257142857142857,1.0001276559961505
segment,tanh,111,40,0.015164068344540142,0.931055900621118,0.01680542495627175,0.9257142857142857,1.0005139293946492
segment,tanh,111,41,0.014634395260012605,0.9322981366459627,0.01612694558058089,0.9285714285714286,1.0003187229838264
segment,tanh,111,42,0.012311656184500837,0.9472049689440993,0.014783174212565073,0.9342857142857143,1.0016921891344424
segment,tanh,111,43,0.019995909081729935,0.9062111801242236,0.022723633276992183,0.8971428571428571,1.0018617279983328
segment,tanh,111,44,0.01515229904375291,0.9341614906832298,0.018169684900572615,0.9314285714285714,1.0001358112882472
segment,tanh,111,45,0.012348855384348855,0.9465838509316771,0.015253672214224011,0.9371428571428572,0.9990641501020232
segment,tanh,111,46,0.011255846965625994,0.9515527950310559,0.013755267728737142,0.9428571428571428,0.2884908808219824
segment,tanh,111,47,0.011823578592637414,0.9496894409937888,0.01436228958509126,0.9428571428571428,1.0003940013283246
segment,tanh,111,48,0.011326237965888353,0.9478260869565217,0.013691103774462773,0.9371428571428572,1.0003076355398164
segment,tanh,111,49,0.01566577135136551,0.9211180124223602,0.018341257231483245,0.9114285714285715,1.0002760824133403
segment,tanh,111,50,0.011651177218393817,0.9490683229813665,0.014388364541363692,0.9457142857142857,1.0011638298235843
segment,tanh,111,51,0.017051775342639037,0.9211180124223602,0.019801512716407413,0.9114285714285715,1.000737510040783
segment,tanh,111,52,0.01262310981239222,0.9453416149068323,0.015417824663193242,0.9342857142857143,1.0003454778177554
segment,tanh,111,53,0.012870078283328106,0.9416149068322981,0.01509096123069668,0.9314285714285714,1.0072327096073734
segment,tanh,111,54,0.014376454418525548,0.9279503105590062,0.01706511464139888,0.92,1.0002857414043151
segment,tanh,111,55,0.011075145528790919,0.9521739130434783,0.013747325275142065,0.94,1.0004131828015987
segment,tanh,111,56,0.01059429756505565,0.9571428571428572,0.013571138911972069,0.94,0.9982582379796988
segment,tanh,111,57,0.010113804671974204,0.9583850931677018,0.013202634344778882,0.9342857142857143,0.9968147632532715
segment,tanh,111,58,0.010545242458929453,0.9559006211180124,0.013719844182192983,0.9371428571428572,0.9976021989236956
segment,tanh,111,59,0.0112140100800592,0.9503105590062112,0.014099675368294535,0.9428571428571428,1.0001981127354655
segment,tanh,111,60,0.009691131110586204,0.9608695652173913,0.01284811033574757,0.94,1.0001426817590306
segment,tanh,111,61,0.010296657918127306,0.9565217391304348,0.013485833230719682,0.94,1.000143266282345
segment,tanh,111,62,0.017708107700708017,0.9173913043478261,0.020725748735168956,0.9057142857142857,1.0004000207957509
segment,tanh,111,63,0.00968629750655725,0.9596273291925466,0.013076791071321304,0.9371428571428572,0.9998966297000906
segment,tanh,111,64,0.00956976854121187,0.9596273291925466,0.012712124483665018,0.94,1.0003972533756498
segment,tanh,111,65,0.010316743075671174,0.9546583850931677,0.011759860633535893,0.9485714285714286,1.000157413223048
segment,tanh,111,66,0.009996992070922871,0.9540372670807453,0.012166770015643515,0.9457142857142857,1.0461169280185205
segment,tanh,111,67,0.01354322516209424,0.9422360248447205,0.014841015423700353,0.9457142857142857,1.0001338619976152
segment,tanh,111,68,0.011260919155497706,0.9453416149068323,0.013111551660941198,0.9514285714285714,1.000154311943985
segment,tanh,111,69,0.010759799310841662,0.9552795031055901,0.012576721954216049,0.9428571428571428,1.0001280327924904
segment,tanh,111,70,0.017062082859615274,0.9260869565217391,0.018001713385119463,0.9257142857142857,1.0001466371454375
segment,tanh,111,71,0.011515034834283146,0.9509316770186336,0.013745636221057686,0.9485714285714286,1.0057571870739355
segment,tanh,111,72,0.01267547754365243,0.9347826086956522,0.015587147515957385,0.9228571428571428,1.0001478261163137
segment,tanh,111,73,0.010568244596547063,0.9484472049689441,0.012929604563815937,0.94,1.0023448077750596
segment,tanh,111,74,0.008738296947883221,0.9639751552795031,0.011997461457920378,0.9457142857142857,1.0014137635190288
segment,tanh,111,75,0.01113248932417839,0.9546583850931677,0.014400820750945243,0.9342857142857143,1.000135234247368
segment,tanh,111,76,0.00862850662693757,0.9664596273291925,0.011292501148902923,0.9542857142857143,0.8219067321357366
segment,tanh,111,77,0.00829049051828781,0.9670807453416149,0.011161895973118898,0.9542857142857143,0.13941935577096282
segment,tanh,111,78,0.008601030274966651,0.9658385093167702,0.011587128548538082,0.9428571428571428,0.3523944070777353
segment,tanh,111,79,0.012661390235713487,0.9422360248447205,0.014423051409426402,0.9428571428571428,1.0003882680432359
segment,tanh,111,80,0.01252590582643035,0.9366459627329192,0.015241142053849058,0.9228571428571428,1.0001628305470462
segment,tanh,111,81,0.009662984712556824,0.9552795031055901,0.012044595727262119,0.9428571428571428,0.7667803233140237
segment,tanh,111,82,0.008321905354782319,0.9639751552795031,0.01130369942398697,0.9485714285714286,0.91697473685069
segment,tanh,111,83,0.008174980800919765,0.9645962732919254,0.011261517973310282,0.9428571428571428,1.0001687633937462
segment,tanh,111,84,0.008305288935909842,0.9633540372670808,0.011904147116036125,0.9485714285714286,1.0001937962222907
segment,tanh,111,85,0.008228452445863602,0.9652173913043478,0.011570971784810794,0.9457142857142857,1.002398523304561
segment,tanh,111,86,0.008030320121478715,0.9645962732919254,0.011671783963397027,0.94,0.6544471674528864
segment,tanh,111,87,0.014720654944383025,0.9385093167701863,0.01644592020035388,0.94,1.0006579955083648
segment,tanh,111,88,0.010275737387584295,0.953416149068323,0.013698377386574295,0.9371428571428572,1.0001813258695758
segment,tanh,111,89,0.013578493650023478,0.9372670807453416,0.01427047113492504,0.9485714285714286,1.000141895930982
segment,tanh,111,90,0.007901013679858602,0.9695652173913043,0.011435720375063222,0.9485714285714286,1.0008090945672765
segment,tanh,111,91,0.011482613001464583,0.9440993788819876,0.014527064283157568,0.9228571428571428,1.0009870414699387
segment,tanh,111,92,0.01050661382293498,0.9478260869565217,0.01394020418363528,0.9342857142857143,1.0001972764169325
segment,tanh,111,93,0.007450706576516689,0.970807453416149,0.011032507314883769,0.9457142857142857,0.945882102918117
segment,tanh,111,94,0.007151573879467083,0.9732919254658385,0.010691254804912148,0.9457142857142857,0.5866058702501232
segment,tanh,111,95,0.013519506474457023,0.9385093167701863,0.01540498374509413,0.9342857142857143,1.0001330253300893
segment,tanh,111,96,0.009455598172053813,0.953416149068323,0.012748130685807213,0.9371428571428572,0.6168457531901698
segment,tanh,111,97,0.008209782675038812,0.9645962732919254,0.011581460225269737,0.9371428571428572,0.9999915576238811
segment,tanh,111,98,0.00787474791119745,0.9670807453416149,0.011167732874198031,0.9428571428571428,0.9913949902128878
segment,tanh,111,99,0.007088076854825982,0.9714285714285714,0.010571094161656937,0.9542857142857143,0.9935156731544529
segment,tanh,111,100,0.007018614339476111,0.9714285714285714,0.010388066164394413,0.9485714285714286,0.8034137155092188
segment,tanh,111,101,0.00715048293981383,0.970807453416149,0.010715230729500575,0.9485714285714286,0.8689170313594128
segment,tanh,111,102,0.006937231766208204,0.9726708074534162,0.010690732298319277,0.9514285714285714,0.9949219594950861
segment,tanh,111,103,0.007032259103906983,0.9701863354037267,0.010722144480848963,0.9485714285714286,0.9970832588325148
segment,tanh,111,104,0.006644104559127782,0.9714285714285714,0.010426498281561456,0.9428571428571428,0.6108190355558104
segment,tanh,111,105,0.010790322604243606,0.9453416149068323,0.01439723226076248,0.9314285714285714,1.0001749271652007
segment,tanh,111,106,0.0065599261216806775,0.9726708074534162,0.010414593636825705,0.9457142857142857,0.14774561395633817
segment,tanh,111,107,0.006469960872400632,0.9745341614906833,0.010417041247814349,0.9457142857142857,0.8974604388971319
segment,tanh,111,108,0.006573278019523256,0.9739130434782609,0.01035876250979048,0.9485714285714286,0.8995003687486696
segment,tanh,111,109,0.009520359784775372,0.9527950310559006,0.012761112791445282,0.9371428571428572,1.000942078056877
segment,tanh,111,110,0.007808201699691221,0.9664596273291925,0.011009741241632556,0.9457142857142857,0.9949011475904482
segment,tanh,111,111,0.006402653413427995,0.9732919254658385,0.010087057946147376,0.9457142857142857,0.16699496248872225
segment,tanh,111,112,0.006615080971985703,0.9726708074534162,0.010585649711841082,0.9428571428571428,1.0001376659587282
segment,tanh,111,113,0.006392067967719262,0.9751552795031055,0.010407184475555867,0.9485714285714286,0.7942254078741631
segment,tanh,111,114,0.006835200387387593,0.9701863354037267,0.010149869487548199,0.9457142857142857,0.8652260502604846
segment,tanh,111,115,0.006543386923677567,0.9726708074534162,0.010303826945806312,0.9485714285714286,0.8484534991734689
segment,tanh,111,116,0.0069232486519038485,0.9701863354037267,0.010741064822758254,0.9457142857142857,0.687529342868824
segment,tanh,111,117,0.006629357106512168,0.970807453416149,0.009978143639385118,0.9485714285714286,0.9576811971244189
segment,tanh,111,118,0.017207020775202427,0.922360248447205,0.0201136270759983,0.9085714285714286,1.0009465573766814
segment,tanh,111,119,0.008743686537408465,0.9596273291925466,0.011615679985900193,0.9457142857142857,1.000760475071855
segment,tanh,111,120,0.006877823997878833,0.9683229813664597,0.010443765588266618,0.9428571428571428,0.7871345553397162
segment,tanh,111,121,0.006599710369545347,0.9720496894409938,0.010271206023629548,0.9571428571428572,1.0002447896407425
segment,tanh,111,122,0.011631732681461487,0.9503105590062112,0.0138248276137364,0.94,1.0003339933051156
segment,tanh,111,123,0.0061196700955232705,0.9732919254658385,0.009769690607383835,0.9514285714285714,0.9937451818163979
segment,tanh,111,124,0.005963785503596726,0.9770186335403727,0.009703762563030046,0.9542857142857143,0.4395952183248263
segment,tanh,111,125,0.005901701569142513,0.977639751552795,0.009725513379951936,0.9542857142857143,0.1597068003496371
segment,tanh,111,126,0.006922702414532356,0.9720496894409938,0.010256221283000438,0.9514285714285714,0.9998130567533692
segment,tanh,111,127,0.008537083356901617,0.9608695652173913,0.010609812782477206,0.9571428571428572,1.0423928301767698
segment,tanh,111,128,0.010704948338491184,0.9503105590062112,0.013987573716232615,0.94,1.0006581104979584
segment,tanh,111,129,0.006626040628964732,0.9739130434782609,0.01065188218643538,0.9457142857142857,1.0002393693750466
segment,tanh,111,130,0.0060421183694135926,0.9757763975155279,0.00991389677686317,0.9514285714285714,0.9782209062905524
segment,tanh,111,131,0.005921888793816353,0.9745341614906833,0.009703813167085434,0.9542857142857143,0.876185673489122
segment,tanh,111,132,0.006272485444757143,0.9739130434782609,0.010115097643495795,0.9514285714285714,0.07603063768671528
segment,tanh,111,133,0.006330777755355086,0.9745341614906833,0.010172643168809494,0.9514285714285714,1.0001512740320904
segment,tanh,111,134,0.011098672473280976,0.9521739130434783,0.013763952443384757,0.94,1.000360672931584
segment,tanh,111,135,0.005819358686504962,0.9770186335403727,0.009524606344852339,0.9542857142857143,0.6315428132340596
segment,tanh,111,136,0.0056365702349117485,0.9763975155279503,0.00926166420755299,0.9542857142857143,0.9664575345812653
segment,tanh,111,137,0.005565789509556967,0.977639751552795,0.009175738840189202,0.9542857142857143,0.023289606247490154
segment,tanh,111,138,0.006289038996039787,0.9757763975155279,0.009912027891169012,0.9542857142857143,0.9289994362098951
segment,tanh,111,139,0.005426833517135458,0.9801242236024845,0.009013346938388787,0.9571428571428572,0.16380212551621223
segment,tanh,111,140,0.00550300417174897,0.9795031055900622,0.009020881532232718,0.9571428571428572,0.17492455103023624
segment,tanh,111,141,0.005414189688732826,0.9782608695652174,0.009059326099949942,0.96,0.8242014259306837
segment,tanh,111,142,0.005927646116076375,0.9763975155279503,0.009439779021390997,0.9542857142857143,0.9514825565465045
segment,tanh,111,143,0.005351760764776727,0.9788819875776398,0.009074881954505124,0.9542857142857143,0.8912336418516695
segment,tanh,111,144,0.005388042651450882,0.977639751552795,0.009036332275138054,0.9542857142857143,0.9130801921129954
segment,tanh,111,145,0.005195768148324277,0.9801242236024845,0.008989078114861422,0.9571428571428572,0.8307077522564166
segment,tanh,111,146,0.005796777437382165,0.9770186335403727,0.009524525265580482,0.9485714285714286,0.7194250415417791
segment,tanh,111,147,0.005358986412374974,0.9782608695652174,0.009294904841474062,0.9542857142857143,0.9690648060580055
segment,tanh,111,148,0.005409623168715991,0.9801242236024845,0.008996826758567418,0.9571428571428572,0.9983590855279678
segment,tanh,111,149,0.005791137894291206,0.977639751552795,0.009328026865616242,0.96,1.0001280118360762
segment,tanh,111,150,0.005548983602785059,0.9770186335403727,0.009584034057241422,0.9571428571428572,1.0002238178823926
segment,tanh,111,151,0.006540890424384351,0.9739130434782609,0.009985988365904943,0.9542857142857143,1.0001330126445582
segment,tanh,111,152,0.005691638828354156,0.9782608695652174,0.009085512567606322,0.96,0.8959274981047245
segment,tanh,111,153,0.005448433099637995,0.9782608695652174,0.009011683403901165,0.9542857142857143,0.09351465742426458
segment,tanh,111,154,0.005020989309206912,0.9795031055900622,0.008890838070240473,0.9571428571428572,0.8933761796067227
segment,tanh,111,155,0.005184120039668161,0.9826086956521739,0.008790262093186977,0.9628571428571429,1.0016960492954097
segment,tanh,111,156,0.005742138765702238,0.9751552795031055,0.009355238514108992,0.9542857142857143,0.3769860967179348
segment,tanh,111,157,0.00744454431269191,0.9639751552795031,0.01105928530516229,0.9514285714285714,1.0002316840578958
segment,tanh,111,158,0.004973215381091887,0.9788819875776398,0.008842838046337202,0.9571428571428572,0.9184386747847936
segment,tanh,111,159,0.0048967905348227345,0.9801242236024845,0.008640251177398209,0.9571428571428572,0.625664356855076
segment,tanh,111,160,0.004882517933706024,0.9826086956521739,0.008591584341288207,0.9628571428571429,0.792115400027721
segment,tanh,111,161,0.012393124776917447,0.9478260869565217,0.014613495886551761,0.94,1.0023750251365668
segment,tanh,111,162,0.009738868735055518,0.9527950310559006,0.012935951568344558,0.9371428571428572,1.00024280859127
segment,tanh,111,163,0.0052098923625109655,0.9801242236024845,0.0088532224116241,0.9628571428571429,0.5778862539968611
segment,tanh,111,164,0.004981199702267913,0.9801242236024845,0.008796943849072245,0.96,0.992748947114767
segment,tanh,111,165,0.004755723540654585,0.9832298136645963,0.008563682928100282,0.96,0.22015707982928004
segment,tanh,111,166,0.005360707813898703,0.9788819875776398,0.008959987978583599,0.9542857142857143,0.9989829215023861
segment,tanh,111,167,0.004673190572982991,0.9826086956521739,0.008574367003556618,0.9571428571428572,0.416199775054822
segment,tanh,111,168,0.008373319539750075,0.968944099378882,0.010834056266658228,0.9542857142857143,1.0039045361368117
segment,tanh,111,169,0.0047364493727462,0.9801242236024845,0.008572533837624345,0.96,0.6816713148577973
segment,tanh,111,170,0.005786955566839737,0.9763975155279503,0.009283010618887392,0.9571428571428572,0.026281234264711358
segment,tanh,111,171,0.01661718795683466,0.9260869565217391,0.018762288343500168,0.9171428571428571,1.0001718438655776
segment,tanh,111,172,0.004593171806899483,0.9819875776397515,0.008409699545353023,0.96,0.5487072468355169
segment,tanh,111,173,0.005077494131742548,0.9782608695652174,0.008980111547806735,0.96,0.9930647197966251
segment,tanh,111,174,0.00455859210689354,0.9826086956521739,0.00853711183037691,0.96,0.10274246373912051
segment,tanh,111,175,0.0046333268964289295,0.9813664596273292,0.008386477013939096,0.9571428571428572,0.2074206093198316
segment,tanh,111,176,0.014685345292988226,0.9372670807453416,0.017035292033024372,0.9285714285714286,1.000148990180847
segment,tanh,111,177,0.004583920781271475,0.9832298136645963,0.0084942718742465,0.96,0.38096639065427707
segment,tanh,111,178,0.006726265725806114,0.968944099378882,0.01053263283480319,0.9542857142857143,1.0002125678373146
segment,tanh,111,179,0.0044697022571469685,0.9838509316770186,0.008301905092564826,0.9628571428571429,0.9058225194153021
segment,tanh,111,180,0.00451027815877064,0.9826086956521739,0.008371466388951922,0.96,0.5366477605212058
segment,tanh,111,181,0.0046808958785967,0.9819875776397515,0.008473125454940219,0.96,1.000432131981234
segment,tanh,111,182,0.004491777324755676,0.9832298136645963,0.008335804433013929,0.96,0.4254003552949988
segment,tanh,111,183,0.004434884817925227,0.9832298136645963,0.008319305637657341,0.9628571428571429,0.1776696658961177
segment,tanh,111,184,0.004472924055408326,0.9838509316770186,0.008348128271534336,0.9628571428571429,0.45664162496209215
segment,tanh,111,185,0.004449274171003873,0.9832298136645963,0.008438704459929032,0.9571428571428572,0.912984494129033
segment,tanh,111,186,0.004386793129687307,0.9819875776397515,0.00829763661614848,0.9571428571428572,0.6221228846242428
segment,tanh,111,187,0.004760985449749488,0.9826086956521739,0.008807713110931792,0.9542857142857143,0.681949851154537
segment,tanh,111,188,0.004428971094300082,0.9832298136645963,0.008352185786030867,0.9628571428571429,0.2148520759411186
segment,tanh,111,189,0.004333098612440614,0.9832298136645963,0.008186111971731755,0.9628571428571429,0.2841251050024735
segment,tanh,111,190,0.0068413978212792615,0.9745341614906833,0.010111464683513543,0.9657142857142857,1.0001340694563623
segment,tanh,111,191,0.006320138785151391,0.9745341614906833,0.009181571713349788,0.96,0.968200557714333
segment,tanh,111,192,0.0045866914751527665,0.9813664596273292,0.008299652335010494,0.96,0.9520182751566866
segment,tanh,111,193,0.004619158007165024,0.9801242236024845,0.00827129570571677,0.9628571428571429,0.346453904808465
segment,tanh,111,194,0.004261825664369966,0.9838509316770186,0.008210055210664173,0.9628571428571429,0.6495669213737153
segment,tanh,111,195,0.004213311539380043,0.984472049689441,0.008202053348227194,0.96,0.8307202910629423
segment,tanh,111,196,0.004233181272592911,0.9832298136645963,0.008251615911679453,0.9571428571428572,0.360662789117019
segment,tanh,111,197,0.005106002025130931,0.977639751552795,0.008523384038228986,0.9571428571428572,0.68089479552767
segment,tanh,111,198,0.005247094656543427,0.984472049689441,0.00887835933171701,0.9628571428571429,1.0006673244297317
segment,tanh,111,199,0.004197858039636101,0.9850931677018634,0.008236147541060427,0.9628571428571429,0.1319818947955032
segment,tanh,111,200,0.004278107457319593,0.9832298136645963,0.008092072150362362,0.9628571428571429,0.8298358312877218
segment,tanh,111,201,0.004588191236685374,0.9807453416149068,0.008561547303975984,0.9628571428571429,0.9958583059747659
segment,tanh,111,202,0.004513469618569445,0.9832298136645963,0.008645264362773304,0.9571428571428572,0.29066411313788615
segment,tanh,111,203,0.004532554288448862,0.9832298136645963,0.008518266386348719,0.96,0.945866948356312
segment,tanh,111,204,0.004184742261851113,0.984472049689441,0.008281622758628556,0.96,0.2699732365026004
segment,tanh,111,205,0.00409685771814976,0.9838509316770186,0.008161221375464019,0.96,0.1594855318291664
segment,tanh,111,206,0.005656846184936406,0.9770186335403727,0.009629962747370855,0.9657142857142857,1.0001246141937932
segment,tanh,111,207,0.004162278071117191,0.984472049689441,0.008125143196325466,0.96,0.08694301946333483
segment,tanh,111,208,0.004887556042744022,0.9788819875776398,0.008583334993121963,0.9542857142857143,0.9845472944252945
segment,tanh,111,209,0.004168177876289725,0.9832298136645963,0.008142850954849937,0.9628571428571429,0.333720097622803
segment,tanh,111,210,0.004119085380622122,0.984472049689441,0.00814019815436158,0.9657142857142857,0.9702493350286177
segment,tanh,111,211,0.0041481868228192215,0.984472049689441,0.00809504701682312,0.96,0.9024506583388608
segment,tanh,111,212,0.0041307956551892774,0.984472049689441,0.008125068358953685,0.9628571428571429,0.9918861240960768
segment,tanh,111,213,0.004335499070365136,0.9819875776397515,0.008020500298363918,0.96,0.12145337835014162
segment,tanh,111,214,0.0045694441274615446,0.9819875776397515,0.00808543144360465,0.9685714285714285,1.0003952634207636
segment,tanh,111,215,0.004186309949810906,0.9826086956521739,0.00823060869704221,0.9628571428571429,0.9247658002358922
segment,tanh,111,216,0.004142190865068553,0.9838509316770186,0.008229000632621691,0.96,0.5838338746185557
segment,tanh,111,217,0.005814940311636759,0.9757763975155279,0.009025080894298437,0.9571428571428572,0.9966380819777455
segment,tanh,111,218,0.004268690456497273,0.9826086956521739,0.008480109525782141,0.9628571428571429,0.09709500940364701
segment,tanh,111,219,0.004222307975388089,0.9838509316770186,0.008147506732343268,0.96,0.21145545636007815
segment,tanh,111,220,0.009387884943635705,0.9614906832298137,0.011800278573652356,0.9514285714285714,1.000201620532709
segment,tanh,111,221,0.004169375778021324,0.9838509316770186,0.008103859428782525,0.9628571428571429,0.19750211894749486
segment,tanh,111,222,0.004507396659628868,0.9795031055900622,0.00857098722940115,0.9628571428571429,0.9640461516928617
segment,tanh,111,223,0.003921220137924749,0.984472049689441,0.007896777300257075,0.9657142857142857,0.09504102779854065
segment,tanh,111,224,0.01607028996937502,0.931055900621118,0.0180874637804585,0.9257142857142857,1.0009743373886182
segment,tanh,111,225,0.006085051812173899,0.9726708074534162,0.009973144340641919,0.96,1.0033606464693732
segment,tanh,111,226,0.004138450117074328,0.9838509316770186,0.007960525201712504,0.9628571428571429,0.8687915874245365
segment,tanh,111,227,0.00460754989983308,0.9832298136645963,0.008452210540928186,0.96,0.961816413073823
segment,tanh,111,228,0.004820097474009562,0.9826086956521739,0.008583073882714924,0.9628571428571429,1.000516968407063
segment,tanh,111,229,0.004102139618046946,0.9857142857142858,0.008187745151894783,0.9657142857142857,0.4557625981269656
segment,tanh,111,230,0.005525538434641657,0.977639751552795,0.008785048104654351,0.96,0.09272129930681147
segment,tanh,111,231,0.004014620755777685,0.9850931677018634,0.007893341747094006,0.9657142857142857,0.9234888638805395
segment,tanh,111,232,0.004239511739876979,0.9826086956521739,0.008215605009327616,0.9628571428571429,0.16772276345088838
segment,tanh,111,233,0.003958364212131672,0.984472049689441,0.007938880049074544,0.9628571428571429,0.3062218574650356
segment,tanh,111,234,0.004389835478444674,0.9826086956521739,0.008156530821223794,0.9657142857142857,0.9690211325251596
segment,tanh,111,235,0.0038749857014755127,0.9875776397515528,0.007872576231614517,0.9657142857142857,0.017471224034184867
segment,tanh,111,236,0.005833531235390864,0.9751552795031055,0.009677598982586787,0.96,1.0000482679298133
segment,tanh,111,237,0.003923428807802748,0.986335403726708,0.007947305227389755,0.9628571428571429,0.5610832587537855
segment,tanh,111,238,0.003927662585657038,0.9850931677018634,0.007883092437757812,0.9628571428571429,0.4777995659509863
segment,tanh,111,239,0.003922891555337045,0.9875776397515528,0.007914728188806489,0.9628571428571429,0.3420982939103525
segment,tanh,111,240,0.003941071585366754,0.9869565217391304,0.007961743444567453,0.9657142857142857,0.6369848724418248
segment,tanh,111,241,0.003842276658214299,0.9857142857142858,0.007814091986240043,0.9657142857142857,0.3532203664193354
segment,tanh,111,242,0.00505237143622768,0.9801242236024845,0.008897694303019158,0.9657142857142857,0.9997127052179864
segment,tanh,111,243,0.0038924900511091965,0.9881987577639751,0.0077829179065972256,0.9628571428571429,0.38848388411681334
segment,tanh,111,244,0.004174395635217946,0.9832298136645963,0.007855844093112163,0.96,0.09004823542244184
segment,tanh,111,245,0.004349041843582231,0.9832298136645963,0.007878416657306896,0.9657142857142857,0.9983952775064617
segment,tanh,111,246,0.003965074442610936,0.9869565217391304,0.007714714122260047,0.9657142857142857,1.000132526050218
segment,tanh,111,247,0.003924445077508165,0.9850931677018634,0.00765328549257526,0.96,0.16802117434192257
segment,tanh,111,248,0.0037213216606251185,0.9857142857142858,0.007644756138727849,0.96,0.04221407524506674
segment,tanh,111,249,0.004219088984481888,0.9838509316770186,0.007669354108529225,0.9685714285714285,1.000610054990892
segment,tanh,111,250,0.0039462919143602,0.986335403726708,0.007726043558101507,0.9685714285714285,1.0002703908086434
segment,tanh,111,251,0.0039983119680852604,0.9838509316770186,0.00766515433023419,0.9628571428571429,0.3359202478878198
segment,tanh,111,252,0.004914025014262531,0.9813664596273292,0.008860292269597034,0.96,0.03796172623153648
segment,tanh,111,253,0.004367835418719481,0.9832298136645963,0.007837062298772525,0.9657142857142857,0.9997090307637002
segment,tanh,111,254,0.00367752538496313,0.9850931677018634,0.007624388962217559,0.9628571428571429,0.15854362281001316
segment,tanh,111,255,0.004049523316076767,0.9832298136645963,0.00784739130076955,0.96,0.1872997869861985
segment,tanh,111,256,0.0038272506010711364,0.986335403726708,0.007904369900628445,0.9628571428571429,0.35859013673450857
segment,tanh,111,257,0.0037293170914374256,0.9857142857142858,0.007617930737269733,0.9628571428571429,0.4474598874146096
segment,tanh,111,258,0.003634279743240116,0.9875776397515528,0.007629004706610432,0.9628571428571429,0.09459718036822932
segment,tanh,111,259,0.0036516289530348273,0.9857142857142858,0.007521106356932019,0.9628571428571429,0.9006170411921741
segment,tanh,111,260,0.004910824578782031,0.9801242236024845,0.008853956933715301,0.9628571428571429,0.7789748213468315
segment,tanh,111,261,0.0044223662824957,0.9832298136645963,0.007947010119422712,0.9657142857142857,1.0001390249997837
segment,tanh,111,262,0.003614012256644192,0.984472049689441,0.00757909861472667,0.9628571428571429,0.5995159192519142
segment,tanh,111,263,0.0040193984038787035,0.9826086956521739,0.007710638202112551,0.96,0.3728464814356846
segment,tanh,111,264,0.0037234572626403195,0.9881987577639751,0.007592727433332492,0.9685714285714285,1.0001272784215676
segment,tanh,111,265,0.003582001687307214,0.9875776397515528,0.007583864027747911,0.9657142857142857,0.3960826971926333
segment,tanh,111,266,0.003639980569181835,0.9850931677018634,0.007481849779771007,0.9628571428571429,0.13851000856009785
segment,tanh,111,267,0.0036422615444720503,0.9850931677018634,0.007480960347376751,0.9628571428571429,0.26559976794694096
segment,tanh,111,268,0.005045427364440245,0.9795031055900622,0.008024143685317552,0.9571428571428572,1.0001277029055957
segment,tanh,111,269,0.0038098219303241447,0.9838509316770186,0.0074478493615817935,0.9628571428571429,0.0357252760407674
segment,tanh,111,270,0.0035704148399729953,0.9869565217391304,0.007535560410884615,0.9657142857142857,0.13467195831522105
segment,tanh,111,271,0.00351357165019445,0.986335403726708,0.007379952619115819,0.9657142857142857,0.284550811036416
segment,tanh,111,272,0.0035484211117362005,0.9857142857142858,0.007433006573913563,0.9628571428571429,1.0001257475305287
segment,tanh,111,273,0.0039641684557824575,0.9838509316770186,0.007606558328281393,0.96,0.9825209340649677
segment,tanh,111,274,0.0035341722956175052,0.9857142857142858,0.007317297073485414,0.9657142857142857,0.5977500475878073
segment,tanh,111,275,0.00378371149202874,0.9850931677018634,0.007553574285459474,0.96,0.7808752115259807
segment,tanh,111,276,0.0036978897902520697,0.9838509316770186,0.007461805518957737,0.96,0.4804649726141346
segment,tanh,111,277,0.003732513751941026,0.9850931677018634,0.007442792648303836,0.9628571428571429,0.02963944690314104
segment,tanh,111,278,0.007402547349475648,0.9701863354037267,0.011171115945267911,0.9485714285714286,1.0032114462690398
segment,tanh,111,279,0.0064324061185692,0.9701863354037267,0.010357506128060369,0.9514285714285714,1.000126445574512
segment,tanh,111,280,0.0035346307568148794,0.9875776397515528,0.007331390793041336,0.9628571428571429,0.5570514915648191
segment,tanh,111,281,0.0036586245895105754,0.9857142857142858,0.007258595655743046,0.9657142857142857,0.1752692733798876
segment,tanh,111,282,0.003471351604039615,0.9894409937888199,0.007409296196884844,0.9685714285714285,0.3926690300003963
segment,tanh,111,283,0.01209727662353649,0.94472049689441,0.014644122209897336,0.9314285714285714,1.0001478772412946
segment,tanh,111,284,0.0033936619781123546,0.9888198757763975,0.007278221409254103,0.9628571428571429,0.7184490858783908
segment,tanh,111,285,0.003506151185394936,0.9857142857142858,0.0071639873465316655,0.9657142857142857,0.24000353814551406
segment,tanh,111,286,0.003418393569722609,0.9857142857142858,0.007247663052840807,0.9657142857142857,0.5710514953427444
segment,tanh,111,287,0.003386415387139108,0.9869565217391304,0.007270428616301137,0.9657142857142857,0.6977207141065057
segment,tanh,111,288,0.003462582592749539,0.986335403726708,0.007298634319810648,0.9628571428571429,0.014220137846256647
segment,tanh,111,289,0.003379070035172987,0.9888198757763975,0.007402813782122567,0.9657142857142857,1.0001297595271914
segment,tanh,111,290,0.0037707028194414404,0.9832298136645963,0.007801048460078645,0.9628571428571429,0.5792082629016905
segment,tanh,111,291,0.003452846633342797,0.9850931677018634,0.0072198607410529836,0.9628571428571429,0.4759356453542851
segment,tanh,111,292,0.008853644305043701,0.9596273291925466,0.011915608646844492,0.9514285714285714,1.0002551527270303
segment,tanh,111,293,0.003629491054715896,0.986335403726708,0.00729170312240281,0.9685714285714285,0.932352166021273
segment,tanh,111,294,0.0034014900754946857,0.9875776397515528,0.007455211384136565,0.9628571428571429,0.31454548411829475
segment,tanh,111,295,0.0033330915964432054,0.9888198757763975,0.007314006459396963,0.9685714285714285,0.5027284753824567
segment,tanh,111,296,0.005395291615302997,0.9770186335403727,0.00945021123052176,0.9628571428571429,1.0000279416974573
segment,tanh,111,297,0.004040347546354298,0.9826086956521739,0.007416640397303944,0.9628571428571429,0.7517214533601131
segment,tanh,111,298,0.007947844731795023,0.9683229813664597,0.00972930354159645,0.96,1.000141615597652
segment,tanh,111,299,0.003279949417869156,0.9881987577639751,0.007156636103604247,0.9685714285714285,0.38791867518572404
segment,tanh,111,300,0.003338557679082333,0.9881987577639751,0.007328005039321626,0.9685714285714285,0.29716204081590736
segment,tanh,111,301,0.0033444038353543154,0.9875776397515528,0.0073669909572007565,0.9628571428571429,0.5475198941068451
segment,tanh,111,302,0.0036187078534853584,0.9857142857142858,0.007152363947857862,0.9628571428571429,0.10829319309860423
segment,tanh,111,303,0.003458237883580652,0.9875776397515528,0.007173115794618806,0.9657142857142857,0.998931879824758
segment,tanh,111,304,0.0033489931589637608,0.9875776397515528,0.007343199010507123,0.9657142857142857,0.03193352871540919
segment,tanh,111,305,0.0037028594233305327,0.9869565217391304,0.007644425780513723,0.9628571428571429,1.0001283927910616
segment,tanh,111,306,0.0034622752399448746,0.986335403726708,0.0075645923852814155,0.9628571428571429,0.9841061881292416
segment,tanh,111,307,0.0033093105889837353,0.986335403726708,0.007126577298065736,0.9657142857142857,0.7853276983674942
segment,tanh,111,308,0.003649639146288881,0.986335403726708,0.007161932477416144,0.9685714285714285,1.0008471531064167
segment,tanh,111,309,0.027910227970532383,0.8975155279503105,0.03104051068578926,0.8714285714285714,1.0044204014765172
segment,tanh,111,310,0.006449282460999087,0.9819875776397515,0.011184122617079562,0.9514285714285714,0.9708972426950269
segment,tanh,111,311,0.005888531791850551,0.9807453416149068,0.009074850186651467,0.9628571428571429,1.000310490548441
segment,tanh,111,312,0.004641056330767254,0.9838509316770186,0.008223048780212615,0.9628571428571429,1.000200460262207
segment,tanh,111,313,0.0037495522731667984,0.9869565217391304,0.007688036661271779,0.9657142857142857,0.03276558864004062
segment,tanh,111,314,0.0036507260270099355,0.9857142857142858,0.007567025410812485,0.9628571428571429,0.9835032778863718
segment,tanh,111,315,0.004311853060895428,0.9832298136645963,0.008541106410887058,0.96,0.9995444734223353
segment,tanh,111,316,0.003424989953703214,0.986335403726708,0.007172780634403948,0.9628571428571429,0.4534243229591842
segment,tanh,111,317,0.0033426595972672643,0.9869565217391304,0.007251848153460064,0.9657142857142857,0.20199008933126597
segment,tanh,111,318,0.0034809052172445143,0.9875776397515528,0.00728542227245161,0.9657142857142857,1.00012599174353
segment,tanh,111,319,0.003972048355214551,0.9826086956521739,0.008095856251406417,0.96,0.9948652244540871
segment,tanh,111,320,0.003421995159524626,0.9875776397515528,0.007376302909249384,0.9657142857142857,0.614512432337294
segment,tanh,111,321,0.0040492797331583875,0.9813664596273292,0.008533932095962293,0.9571428571428572,0.999525690845587
segment,tanh,111,322,0.0034944752982587314,0.9869565217391304,0.007515729201150868,0.9628571428571429,0.0060033637837951645
segment,tanh,111,323,0.00336493345132701,0.986335403726708,0.006980912939935244,0.9657142857142857,0.00657790582905861
segment,tanh,111,324,0.0037207029749740986,0.9850931677018634,0.007841448303023283,0.9628571428571429,1.0001686177987446
segment,tanh,111,325,0.0033622635994779927,0.9875776397515528,0.007147146260084139,0.9628571428571429,0.8587939601606072
segment,tanh,111,326,0.003202760709898751,0.9875776397515528,0.007067964544389836,0.9685714285714285,0.39263858998205325
segment,tanh,111,327,0.0035708509459693866,0.9869565217391304,0.006973279397268653,0.9628571428571429,0.015857096144828074
segment,tanh,111,328,0.003388650227296573,0.9869565217391304,0.007452919783062124,0.9657142857142857,0.04826897589500593
segment,tanh,111,329,0.003319136276005751,0.9881987577639751,0.007273089497380162,0.9714285714285714,0.02045717921795199
segment,tanh,111,330,0.003351069177914871,0.986335403726708,0.006931603573607715,0.9657142857142857,0.8514487585364057
segment,tanh,111,331,0.0034603828821592243,0.9875776397515528,0.006931562763816127,0.9657142857142857,1.0001644648926324
segment,tanh,111,332,0.006752506242460912,0.9726708074534162,0.008660036288837944,0.9571428571428572,1.0001671915324049
segment,tanh,111,333,0.0035685879810827457,0.9850931677018634,0.007016589313298485,0.9657142857142857,0.40657468923679124
segment,tanh,111,334,0.0032615660678732275,0.986335403726708,0.006963248705516789,0.9657142857142857,1.0001571579899748
segment,tanh,111,335,0.003602852447738666,0.986335403726708,0.007023611347675549,0.9628571428571429,0.003245040807055463
segment,tanh,111,336,0.0037037998055117695,0.9857142857142858,0.0078077169948266275,0.9628571428571429,0.02290142128755545
segment,tanh,111,337,0.0031564103873940475,0.9881987577639751,0.0069329951176665605,0.9685714285714285,0.022747787328321493
segment,tanh,111,338,0.007886305016245378,0.962111801242236,0.011286252773903709,0.9485714285714286,1.0003028209092195
segment,tanh,111,339,0.0033320105775083786,0.986335403726708,0.0068089387793136115,0.9657142857142857,0.005174385297807849
segment,tanh,111,340,0.0031149566029027554,0.9900621118012423,0.006962767402481461,0.9685714285714285,0.36931152338676765
segment,tanh,111,341,0.003654039695895774,0.9869565217391304,0.006864942619282178,0.9657142857142857,0.8212976437482292
segment,tanh,111,342,0.0033286825111250797,0.9894409937888199,0.006912001682650033,0.9657142857142857,0.8834157551444162
segment,tanh,111,343,0.003113651273865442,0.986335403726708,0.0069352303175106616,0.9657142857142857,0.8659025131472958
segment,tanh,111,344,0.00321049314854401,0.986335403726708,0.006828299822110275,0.9657142857142857,0.29453802019935965
segment,tanh,111,345,0.00309532910879214,0.9857142857142858,0.006832862431897469,0.96,0.8016352820401195
segment,tanh,111,346,0.0032154921582095222,0.9875776397515528,0.006763675268680523,0.9657142857142857,0.13611731971433072
segment,tanh,111,347,0.003441402743121806,0.986335403726708,0.0068412750922873565,0.9657142857142857,1.0001587258586724
segment,tanh,111,348,0.0030743034370157626,0.9857142857142858,0.006882468538649058,0.9628571428571429,0.7399639515559002
segment,tanh,111,349,0.003139777590171345,0.9869565217391304,0.00686606685514776,0.9628571428571429,0.6702316889972261
segment,tanh,111,350,0.007831968146402888,0.9627329192546584,0.01098869730103446,0.9485714285714286,1.0002948513847785
segment,tanh,112,1,0.1017631552094469,0.4496894409937888,0.09943596575674503,0.46,1.0012196034562335
segment,tanh,112,2,0.08231779670430259,0.6173913043478261,0.0807723838165215,0.6314285714285715,1.0016441456122755
segment,tanh,112,3,0.061182303465555685,0.6962732919254658,0.061011328426299735,0.6971428571428572,1.007367550004079
segment,tanh,112,4,0.033844625111768334,0.8875776397515528,0.03386255794647132,0.9028571428571428,1.0019585002963214
segment,tanh,112,5,0.02735240074149531,0.9055900621118013,0.027413511597612426,0.9085714285714286,1.001409552619812
segment,tanh,112,6,0.02696161942127857,0.9012422360248448,0.027242799089001256,0.9085714285714286,1.0019528864611156
segment,tanh,112,7,0.023643391631511718,0.9217391304347826,0.02523711859965859,0.9085714285714286,1.0004576539753474
segment,tanh,112,8,0.025433251666510125,0.8950310559006212,0.02589014891307136,0.8885714285714286,1.0005365266872357
segment,tanh,112,9,0.02177424192248034,0.9285714285714286,0.02338052059063583,0.9257142857142857,1.0000848807918832
segment,tanh,112,10,0.01938591183977946,0.9198757763975155,0.02060050038681317,0.9171428571428571,0.9538357451722684
segment,tanh,112,11,0.017381966637975737,0.9316770186335404,0.018944370280202932,0.92,1.000397615222913
segment,tanh,112,12,0.01799863807095459,0.9322981366459627,0.019984956211652083,0.9371428571428572,1.0026450630566546
segment,tanh,112,13,0.023173935661325317,0.908695652173913,0.024174684319684392,0.9057142857142857,1.0009533353969833
segment,tanh,112,14,0.025876545068770407,0.877639751552795,0.027634078243688714,0.88,1.002936394286547
segment,tanh,112,15,0.016246851645510443,0.9347826086956522,0.01833855988325319,0.9314285714285714,1.0000047662992932
segment,tanh,112,16,0.0271249607606088,0.9031055900621118,0.0284428084674587,0.8771428571428571,1.002569668540102
segment,tanh,112,17,0.01573245803544243,0.9397515527950311,0.017475704807948907,0.94,1.0006386442017994
segment,tanh,112,18,0.016998991383815908,0.931055900621118,0.017908136964826953,0.9285714285714286,0.9973955626285234
segment,tanh,112,19,0.014612346223365859,0.9385093167701863,0.016720377543230566,0.9285714285714286,1.0001891931153373
segment,tanh,112,20,0.014807213880900543,0.9459627329192547,0.017061434985424805,0.9428571428571428,0.9999255851683693
segment,tanh,112,21,0.015368085402008697,0.937888198757764,0.016774771305972824,0.9314285714285714,0.4346062565549796
segment,tanh,112,22,0.01374440577478487,0.9440993788819876,0.015873372663377197,0.94,0.9999278404090468
segment,tanh,112,23,0.01431610059305631,0.9434782608695652,0.016229392085802326,0.94,1.0001018504143633
segment,tanh,112,24,0.020787258226345653,0.9130434782608695,0.02322073434223293,0.8971428571428571,1.0002981051936102
segment,tanh,112,25,0.014868777572862313,0.9403726708074535,0.017970738002780536,0.9342857142857143,1.0004623696757908
segment,tanh,112,26,0.014789474726983049,0.9372670807453416,0.01753514430098968,0.9342857142857143,0.661183517159018
segment,tanh,112,27,0.021790288237709416,0.9062111801242236,0.024581774659825414,0.8942857142857142,1.0009658816155915
segment,tanh,112,28,0.017091285453665957,0.9217391304347826,0.019939948421439972,0.9085714285714286,1.0025796383581806
segment,tanh,112,29,0.013929010999866345,0.9385093167701863,0.015533799660746016,0.9314285714285714,1.0001888295544574
segment,tanh,112,30,0.014281930119106008,0.9490683229813665,0.015846452938144094,0.9428571428571428,1.0000657619903939
segment,tanh,112,31,0.012424324177122737,0.9484472049689441,0.014987733250403897,0.94,0.18634975777055787
segment,tanh,112,32,0.012829229990619733,0.9391304347826087,0.015181872315754607,0.9285714285714286,0.7479638195860903
segment,tanh,112,33,0.011980953279883353,0.9459627329192547,0.014667737237859385,0.9342857142857143,0.9495753832717883
segment,tanh,112,34,0.012110991456980977,0.9521739130434783,0.014809078744394908,0.94,0.6960290742056786
segment,tanh,112,35,0.01255501640021685,0.9453416149068323,0.014835752397451428,0.9371428571428572,0.9973085652951607
segment,tanh,112,36,0.01762173178063879,0.9304347826086956,0.019015144496287585,0.9285714285714286,1.008636777184482
segment,tanh,112,37,0.0194878478629042,0.9149068322981366,0.022281410747546776,0.9085714285714286,1.0000377407784722
segment,tanh,112,38,0.011602451653910746,0.9515527950310559,0.014325506035149899,0.9371428571428572,0.6076032529636876
segment,tanh,112,39,0.013816053581293798,0.9372670807453416,0.016738531526343827,0.9342857142857143,1.000055084092775
segment,tanh,112,40,0.01495975215493335,0.9298136645962732,0.01874998804013653,0.9171428571428571,1.0172740023205216
segment,tanh,112,41,0.013152000406418776,0.9403726708074535,0.01540527592344987,0.9257142857142857,1.0001174010024307
segment,tanh,112,42,0.01193063750695849,0.9509316770186336,0.015187030715840112,0.94,1.0007119267636069
segment,tanh,112,43,0.011131780643788496,0.9527950310559006,0.013676298785794284,0.94,1.000067954015404
segment,tanh,112,44,0.01101890398999572,0.9540372670807453,0.014012373356864172,0.9428571428571428,0.6906416948457574
segment,tanh,112,45,0.013687741724410741,0.9335403726708075,0.015122941816565821,0.9257142857142857,1.0000091188741094
segment,tanh,112,46,0.014743699278394602,0.929192546583851,0.017864353525747667,0.9171428571428571,1.000054219822067
segment,tanh,112,47,0.0134645427722847,0.9391304347826087,0.015386634872138205,0.9285714285714286,1.000000814212686
segment,tanh,112,48,0.02307093387481209,0.8981366459627329,0.02602934398675102,0.8914285714285715,1.0015692988843081
segment,tanh,112,49,0.017725115460885905,0.9248447204968944,0.01805213933522257,0.9314285714285714,1.0001294444040798
segment,tanh,112,50,0.011612167840297125,0.94472049689441,0.013739842997405834,0.9314285714285714,1.0000041689239598
segment,tanh,112,51,0.01051484468790997,0.9546583850931677,0.013664991173378353,0.94,0.9948815639776593
segment,tanh,112,52,0.014727489342250488,0.9273291925465839,0.01818203595557283,0.9142857142857143,1.0000134000893326
segment,tanh,112,53,0.018464443428141613,0.9167701863354037,0.021855835820280008,0.9114285714285715,1.000033338141889
segment,tanh,112,54,0.011236836937377256,0.9453416149068323,0.014047817594985752,0.9314285714285714,0.9961743324324099
segment,tanh,112,55,0.011510039308596405,0.9484472049689441,0.014101726117038227,0.9314285714285714,1.000013792445324
segment,tanh,112,56,0.012994204841856672,0.9509316770186336,0.015696394362989433,0.9428571428571428,1.000795430747418
segment,tanh,112,57,0.01046288283328916,0.9540372670807453,0.013164288129756254,0.9342857142857143,1.0018175874831545
segment,tanh,112,58,0.01722802426459842,0.9217391304347826,0.017393303118049687,0.92,1.0001699847386247
segment,tanh,112,59,0.012437147774576147,0.9354037267080745,0.014139133104439858,0.9342857142857143,0.9985181566650112
segment,tanh,112,60,0.010094294788995456,0.9546583850931677,0.012913523997721204,0.9428571428571428,0.9723314595304382
segment,tanh,112,61,0.010242693123009143,0.953416149068323,0.014149135877317594,0.9371428571428572,1.0010427944459417
segment,tanh,112,62,0.01075990660768183,0.9552795031055901,0.013178198115387015,0.94,1.0008422192598043
segment,tanh,112,63,0.009701962271159556,0.9559006211180124,0.012606115744631014,0.9428571428571428,0.09012727692114718
segment,tanh,112,64,0.009710818120903526,0.9559006211180124,0.01284020980061642,0.9428571428571428,1.0031216753348806
segment,tanh,112,65,0.011589929660718281,0.9428571428571428,0.01351969635102835,0.9428571428571428,1.0032733717922016
segment,tanh,112,66,0.01013049629528157,0.9559006211180124,0.013279416144336488,0.9342857142857143,1.0002931527521008
segment,tanh,112,67,0.011159242844563638,0.9459627329192547,0.01317948433972526,0.9428571428571428,0.9670279720478457
segment,tanh,112,68,0.009660549400012335,0.9602484472049689,0.012496882270786422,0.9485714285714286,1.0000058449446334
segment,tanh,112,69,0.009085347925160785,0.9608695652173913,0.01213116967958853,0.9457142857142857,0.6277162605868346
segment,tanh,112,70,0.011018669133118343,0.9602484472049689,0.013296025406300116,0.94,1.0000466844293951
segment,tanh,112,71,0.009673600500220536,0.9596273291925466,0.012364875185443562,0.9428571428571428,1.000232173258483
segment,tanh,112,72,0.011717516279880344,0.9484472049689441,0.013871615797637704,0.9371428571428572,1.000113834806378
segment,tanh,112,73,0.013493326627194314,0.9354037267080745,0.015477023247753317,0.9285714285714286,1.0000538553519553
segment,tanh,112,74,0.009222460290740713,0.9608695652173913,0.012172943868972533,0.9428571428571428,0.9963465242332076
segment,tanh,112,75,0.009980005049319693,0.9490683229813665,0.012784190935076283,0.9485714285714286,0.8807058442787593
segment,tanh,112,76,0.018153299246506365,0.9304347826086956,0.020540101023941455,0.9285714285714286,1.0001449817479426
segment,tanh,112,77,0.008754892351071662,0.9614906832298137,0.011970336242361523,0.9457142857142857,1.000087590293009
segment,tanh,112,78,0.009072479155184266,0.9565217391304348,0.012260252365912062,0.9428571428571428,0.9990193577472245
segment,tanh,112,79,0.008650118916887935,0.9633540372670808,0.012009785976683354,0.9457142857142857,1.0000005864474082
segment,tanh,112,80,0.009836687196026978,0.9509316770186336,0.012590165728151508,0.9457142857142857,1.0001491685601234
segment,tanh,112,81,0.011113695440141813,0.9453416149068323,0.014027137413420087,0.94,1.0034899322011275
segment,tanh,112,82,0.01080308926533879,0.9472049689440993,0.01396421570287863,0.9314285714285714,1.0000002220291995
segment,tanh,112,83,0.008962122327043407,0.962111801242236,0.012407676400963982,0.9457142857142857,0.9988691812355277
segment,tanh,112,84,0.00872589681415179,0.962111801242236,0.01203810002542478,0.9457142857142857,1.0000026298359521
segment,tanh,112,85,0.011039648789504919,0.9490683229813665,0.013709005896464083,0.9371428571428572,1.0003528760971296
segment,tanh,112,86,0.009089077152134287,0.9583850931677018,0.012469138039517812,0.9457142857142857,0.9871222139740374
segment,tanh,112,87,0.008343156626311845,0.9614906832298137,0.011784407825681123,0.9485714285714286,0.08906824480769969
segment,tanh,112,88,0.011539883421110694,0.9484472049689441,0.013656440792598742,0.9371428571428572,1.000002073121268
segment,tanh,112,89,0.008376005148783354,0.9608695652173913,0.011489931469956615,0.9457142857142857,1.0000922840412096
segment,tanh,112,90,0.012704104978671232,0.9409937888198758,0.014971501745000402,0.9285714285714286,1.0000010644733477
segment,tanh,112,91,0.010186931724131308,0.9509316770186336,0.013708774258448533,0.94,1.0000445547157188
segment,tanh,112,92,0.008181268778134958,0.9633540372670808,0.011680612281159691,0.9428571428571428,0.9967353045702528
segment,tanh,112,93,0.016923853745117987,0.9254658385093167,0.018300636101099686,0.9228571428571428,1.0000064060910285
segment,tanh,112,94,0.012662847747973202,0.9360248447204969,0.014801052162016264,0.9314285714285714,0.2884835840042187
segment,tanh,112,95,0.012175455420649066,0.9416149068322981,0.015231555650671358,0.9371428571428572,1.0017874806184024
segment,tanh,112,96,0.009925954347708245,0.9509316770186336,0.012765269797791193,0.94,0.9945070457570576
segment,tanh,112,97,0.008355951517906994,0.9614906832298137,0.011900217684242102,0.9485714285714286,0.07337180094667585
segment,tanh,112,98,0.008184900110463493,0.9608695652173913,0.011905308122012362,0.9457142857142857,0.12857455595524245
segment,tanh,112,99,0.008254972050569182,0.962111801242236,0.01210435131650911,0.9485714285714286,0.865538439607391
segment,tanh,112,100,0.008884732959934307,0.9596273291925466,0.012596319644541163,0.94,0.9995881381618664
segment,tanh,112,101,0.008876169141137674,0.9614906832298137,0.01258822237918229,0.9428571428571428,0.9822266891605267
segment,tanh,112,102,0.008053173968906332,0.9633540372670808,0.011753434131019026,0.94,0.27146679097835824
segment,tanh,112,103,0.008774552758835989,0.9577639751552796,0.012054482289764593,0.94,1.0000675805171624
segment,tanh,112,104,0.007964200295757166,0.9639751552795031,0.011686252307691101,0.9485714285714286,0.9771453635085242
segment,tanh,112,105,0.009415466109497658,0.9583850931677018,0.012868786856025065,0.9428571428571428,1.0102874297349351
segment,tanh,112,106,0.008097722162451856,0.962111801242236,0.01193104372154099,0.9428571428571428,1.0001176240144296
segment,tanh,112,107,0.008242115372343336,0.9608695652173913,0.012223384981934593,0.94,0.9995774921975554
segment,tanh,112,108,0.008824464919579876,0.9614906832298137,0.012753085836639541,0.9428571428571428,0.16946101041254916
segment,tanh,112,109,0.010199220962977065,0.9465838509316771,0.014268231777893721,0.9342857142857143,1.0001147144330291
segment,tanh,112,110,0.008222696390822556,0.9614906832298137,0.011472351952432024,0.9485714285714286,1.000108261515139
segment,tanh,112,111,0.01083295805400328,0.9496894409937888,0.013624326757693801,0.9371428571428572,0.9998014213738795
segment,tanh,112,112,0.008234906035407276,0.962111801242236,0.011816988483841327,0.9457142857142857,1.0044213443495933
segment,tanh,112,113,0.007551431869132576,0.9639751552795031,0.01109646050581964,0.9514285714285714,0.19248404435072514
segment,tanh,112,114,0.010961334022607114,0.9465838509316771,0.013701098120115976,0.9371428571428572,1.0004563139015907
segment,tanh,112,115,0.0074583296198930185,0.9670807453416149,0.011267164184349232,0.9514285714285714,0.5928755463106208
segment,tanh,112,116,0.008565156798027839,0.9583850931677018,0.012568199029909197,0.94,1.0033444175253272
segment,tanh,112,117,0.008048215354963747,0.9645962732919254,0.012025947492671007,0.9457142857142857,0.90174781357499
segment,tanh,112,118,0.009364183133720666,0.9521739130434783,0.012975452370552481,0.94,1.0002757268227334
segment,tanh,112,119,0.007853746631630888,0.962111801242236,0.011825012848342892,0.94,0.9994652260002217
segment,tanh,112,120,0.007449564634298691,0.9664596273291925,0.011345149956047197,0.9457142857142857,1.0013990113111337
segment,tanh,112,121,0.007230020306074421,0.9670807453416149,0.011038345343899593,0.9428571428571428,0.7001117681881521
segment,tanh,112,122,0.00877788914407467,0.9639751552795031,0.01300873252621976,0.9371428571428572,1.0007914358644716
segment,tanh,112,123,0.007094728793314509,0.9695652173913043,0.011176642285360042,0.9428571428571428,0.6485412548959375
segment,tanh,112,124,0.024670985551895508,0.8919254658385093,0.0269266813890755,0.8885714285714286,1.0001492231000768
segment,tanh,112,125,0.008475416815334674,0.9596273291925466,0.012475505870691024,0.9428571428571428,0.9986166444882235
segment,tanh,112,126,0.0077365352587951105,0.9639751552795031,0.01163152877674474,0.94,0.24809875733786638
segment,tanh,112,127,0.007014728842882359,0.9695652173913043,0.011131501391633254,0.9457142857142857,0.8737582037462649
segment,tanh,112,128,0.007169272475060789,0.9683229813664597,0.011560491134814489,0.9457142857142857,0.8597622345259454
segment,tanh,112,129,0.007507055027332538,0.9683229813664597,0.01159592303545082,0.9428571428571428,0.9289980411280219
segment,tanh,112,130,0.006846063341704674,0.970807453416149,0.010860953997414626,0.9457142857142857,0.6806471001322829
segment,tanh,112,131,0.007474569038927838,0.9670807453416149,0.011905546977533567,0.9342857142857143,1.000206353511762
segment,tanh,112,132,0.008261336954484038,0.9596273291925466,0.012343572045657152,0.94,1.0003971913165979
segment,tanh,112,133,0.006764628614813074,0.9701863354037267,0.010817010833642142,0.9457142857142857,0.7203514917060039
segment,tanh,112,134,0.006803266434298021,0.9720496894409938,0.010750580361060287,0.9457142857142857,0.30387138017236487
segment,tanh,112,135,0.006692193186062674,0.9726708074534162,0.010735357680608123,0.9485714285714286,0.04765878974071708
segment,tanh,112,136,0.0068995932777199745,0.970807453416149,0.011097548740748154,0.9428571428571428,0.8203757143169399
segment,tanh,112,137,0.006946886665907668,0.9739130434782609,0.01109014730068251,0.9457142857142857,1.000177659587235
segment,tanh,112,138,0.00709244930997072,0.970807453416149,0.011226876029279773,0.94,1.0000560344621836
segment,tanh,112,139,0.0067267747415044555,0.9701863354037267,0.010815261571273502,0.9457142857142857,0.9480309154765796
segment,tanh,112,140,0.006739812149393992,0.9726708074534162,0.010966062834486642,0.9428571428571428,0.28250791050091334
segment,tanh,112,141,0.006970197673011656,0.968944099378882,0.010716594599372742,0.9428571428571428,1.0058355135842063
segment,tanh,112,142,0.010910333408592071,0.9478260869565217,0.014972461486619648,0.9228571428571428,0.9999964533012469
segment,tanh,112,143,0.0070022501873527486,0.9714285714285714,0.011375990827607044,0.9342857142857143,1.0000086420991054
segment,tanh,112,144,0.006559213925723633,0.9745341614906833,0.010725865089602759,0.9428571428571428,0.7111698324483692
segment,tanh,112,145,0.006539945839155397,0.9732919254658385,0.01067897235607694,0.9428571428571428,0.9993532192774469
segment,tanh,112,146,0.006308741522152053,0.9751552795031055,0.010591324793591334,0.9485714285714286,0.0833805424845438
segment,tanh,112,147,0.006411523981027934,0.9757763975155279,0.01057695912909173,0.9514285714285714,0.0943490449289543
segment,tanh,112,148,0.006533299025265972,0.9751552795031055,0.010676737732821405,0.9485714285714286,0.14438464577292842
segment,tanh,112,149,0.006284023323423339,0.9745341614906833,0.01055534776187898,0.9485714285714286,0.6753821758118802
segment,tanh,112,150,0.012720454775638244,0.9409937888198758,0.01620346159346785,0.9228571428571428,1.0014323452705705
segment,tanh,112,151,0.006511811567425363,0.9732919254658385,0.010674202119889538,0.9485714285714286,0.1878344408333323
segment,tanh,112,152,0.009275744661878327,0.9565217391304348,0.012483735468395082,0.9457142857142857,1.0000838446337916
segment,tanh,112,153,0.006849474243565947,0.970807453416149,0.011135334411895976,0.9514285714285714,1.0000446141693449
segment,tanh,112,154,0.00602477090836895,0.9757763975155279,0.010179314865062555,0.9514285714285714,0.06365322643066776
segment,tanh,112,155,0.006588340668490675,0.9726708074534162,0.010682672571966083,0.96,0.7004710239238706
segment,tanh,112,156,0.006417628505798769,0.9782608695652174,0.010332789457331702,0.9571428571428572,1.000716551744786
segment,tanh,112,157,0.006098090867882991,0.9745341614906833,0.01032138819714804,0.9571428571428572,0.14978848882864138
segment,tanh,112,158,0.005825302653927008,0.9763975155279503,0.009911992946449328,0.9542857142857143,1.0006081227653663
segment,tanh,112,159,0.007472507837346768,0.9695652173913043,0.011899235930907746,0.9571428571428572,0.9993902788438521
segment,tanh,112,160,0.022774158046643324,0.901863354037267,0.02498417967660647,0.9057142857142857,1.0004885782368511
segment,tanh,112,161,0.005729424234698782,0.9770186335403727,0.009852010187283794,0.9514285714285714,0.1667662182437302
segment,tanh,112,162,0.005725787626604028,0.977639751552795,0.009951262832791673,0.9485714285714286,0.9789270458545708
segment,tanh,112,163,0.013653652784837836,0.9416149068322981,0.016878274566649257,0.9285714285714286,1.0000058938963716
segment,tanh,112,164,0.005975012588320905,0.9745341614906833,0.010417142827791439,0.9457142857142857,0.24850140736202092
segment,tanh,112,165,0.005937856401936983,0.9739130434782609,0.010313654445575785,0.9514285714285714,0.9964985506769217
segment,tanh,112,166,0.005729489329109118,0.9763975155279503,0.009966654034847545,0.9514285714285714,0.9519458514282675
segment,tanh,112,167,0.00559091354642568,0.9770186335403727,0.00980810528223495,0.9542857142857143,0.03813246676980053
segment,tanh,112,168,0.005666904662334831,0.9757763975155279,0.009888575041482254,0.9571428571428572,0.7597092544998464
segment,tanh,112,169,0.00831400932069824,0.9577639751552796,0.012244170452768221,0.9542857142857143,1.0000369494095578
segment,tanh,112,170,0.005547356416319085,0.9763975155279503,0.009704539597127814,0.9485714285714286,0.09974621139384246
segment,tanh,112,171,0.005523000347875476,0.9757763975155279,0.009736420822218261,0.9485714285714286,0.4770379487919284
segment,tanh,112,172,0.0059586046702261,0.9757763975155279,0.010303277582685719,0.9514285714285714,1.0003379375825283
segment,tanh,112,173,0.006475456850452569,0.9720496894409938,0.010783217625815652,0.9542857142857143,1.0000297385527877
segment,tanh,112,174,0.0053915865900673885,0.977639751552795,0.009550200366929064,0.9514285714285714,0.22375094021233613
segment,tanh,112,175,0.00536542641828594,0.9770186335403727,0.009602286701928201,0.9542857142857143,0.1867166732801642
segment,tanh,112,176,0.005576491107648622,0.9770186335403727,0.009761229006415944,0.9571428571428572,0.9368888664834663
segment,tanh,112,177,0.005412985409527376,0.9751552795031055,0.009654835754654487,0.9571428571428572,0.748909396286802
segment,tanh,112,178,0.005299009483295151,0.9763975155279503,0.009433561571334391,0.9514285714285714,0.971088490708234
segment,tanh,112,179,0.005446411449262602,0.9751552795031055,0.009703526458551536,0.9514285714285714,0.9993467426356877
segment,tanh,112,180,0.007270387454576336,0.9645962732919254,0.010973590479911387,0.9542857142857143,1.000026210317123
segment,tanh,112,181,0.005362814166865898,0.9751552795031055,0.009415714217500393,0.9485714285714286,0.9968439845190454
segment,tanh,112,182,0.005340037561107221,0.9757763975155279,0.00951063959921725,0.9571428571428572,0.048098504873846766
segment,tanh,112,183,0.00525767998693048,0.9807453416149068,0.009257495780594264,0.9571428571428572,0.6495912277496344
segment,tanh,112,184,0.006320592020069132,0.9726708074534162,0.010854099963954707,0.9571428571428572,1.000023385369623
segment,tanh,112,185,0.0052102815451605675,0.977639751552795,0.009512880461963443,0.96,0.08910418688969134
segment,tanh,112,186,0.0052052651289791075,0.9795031055900622,0.00936491879486927,0.9571428571428572,1.000799337443704
segment,tanh,112,187,0.0072364469477081556,0.9670807453416149,0.011318865849939783,0.9457142857142857,1.0002019679890206
segment,tanh,112,188,0.015117992421221652,0.9322981366459627,0.01813105707109911,0.9257142857142857,1.0000398265234915
segment,tanh,112,189,0.005158544013147816,0.977639751552795,0.009284299884009802,0.9514285714285714,0.3871006401188956
segment,tanh,112,190,0.005241630856399255,0.9770186335403727,0.009311721948123759,0.96,0.5516885574008765
segment,tanh,112,191,0.005333302662754108,0.9770186335403727,0.009494361330750477,0.9542857142857143,0.9999650751683149
segment,tanh,112,192,0.005452099672692883,0.9751552795031055,0.00952675338726818,0.9542857142857143,0.07970671446356474
segment,tanh,112,193,0.006096822393805823,0.9745341614906833,0.010223578486406749,0.96,1.0000260356845097
segment,tanh,112,194,0.006134571801539007,0.9695652173913043,0.010071574208348892,0.9457142857142857,1.0000201268340614
segment,tanh,112,195,0.0049902185713637075,0.9782608695652174,0.009106762219611752,0.96,0.29509721896408364
segment,tanh,112,196,0.0058110517202849075,0.9732919254658385,0.010009408550098605,0.96,0.9798967701642138
segment,tanh,112,197,0.004924645029509334,0.9795031055900622,0.009003330257776915,0.9571428571428572,1.000147456621861
segment,tanh,112,198,0.00991353833040969,0.9503105590062112,0.0131209335047647,0.9342857142857143,0.9995299521995653
segment,tanh,112,199,0.0048903194975447,0.9819875776397515,0.008825923757048965,0.96,0.9349910446012786
segment,tanh,112,200,0.008446866610395117,0.9583850931677018,0.011389203589103876,0.94,1.0000493069827794
segment,tanh,112,201,0.0055299188252489005,0.9745341614906833,0.009342404562208396,0.9542857142857143,0.07093825015266463
segment,tanh,112,202,0.004824004852040741,0.9813664596273292,0.008891355422925169,0.9571428571428572,1.0001069909057587
segment,tanh,112,203,0.004891840704304941,0.9795031055900622,0.009008078729049657,0.96,0.7004237172050264
segment,tanh,112,204,0.004849290908557057,0.9795031055900622,0.008842556424294263,0.9571428571428572,0.5274636459223624
segment,tanh,112,205,0.004897172507849655,0.9782608695652174,0.008956647958602003,0.96,0.39310250640883326
segment,tanh,112,206,0.004841107271785056,0.9813664596273292,0.008855857721504124,0.96,0.23523417880144426
segment,tanh,112,207,0.005349934154296733,0.9745341614906833,0.009245392506612021,0.96,0.9226888619080461
segment,tanh,112,208,0.004885788851379191,0.9795031055900622,0.008905048129908055,0.9542857142857143,0.24758695416603785
segment,tanh,112,209,0.0048623499409295124,0.9788819875776398,0.008840842686828406,0.9542857142857143,0.901195299656489
segment,tanh,112,210,0.015173273647213287,0.9285714285714286,0.017081652408664477,0.9228571428571428,1.000031609035012
segment,tanh,112,211,0.0047527449352665315,0.9813664596273292,0.008829583767780477,0.9628571428571429,0.549190113615856
segment,tanh,112,212,0.006438981466787442,0.9782608695652174,0.009933698909545765,0.9571428571428572,1.0001146211930156
segment,tanh,112,213,0.0049689014654068,0.9770186335403727,0.008958696782358035,0.9571428571428572,0.8300641785270185
segment,tanh,112,214,0.0048774103157759995,0.9782608695652174,0.008893849378032182,0.96,0.169598823316214
segment,tanh,112,215,0.005079033334010968,0.9751552795031055,0.009079661187967571,0.96,0.03085842698844676
segment,tanh,112,216,0.004683991697305973,0.9801242236024845,0.008757203692735055,0.9571428571428572,0.3032008639618069
segment,tanh,112,217,0.00703676665634055,0.9633540372670808,0.010996975524436415,0.9485714285714286,0.999359596734438
segment,tanh,112,218,0.004609372851253737,0.9807453416149068,0.008741174077216824,0.96,0.27198644316590237
segment,tanh,112,219,0.008478753550054216,0.9596273291925466,0.011051881033988778,0.9457142857142857,1.0001646328005747
segment,tanh,112,220,0.004745586566538157,0.9782608695652174,0.008953795697388892,0.96,0.4743693151718079
segment,tanh,112,221,0.0046655091534773055,0.9801242236024845,0.008750940187363162,0.9571428571428572,0.33969482798000494
segment,tanh,112,222,0.0050762811193985095,0.9770186335403727,0.008935347104965533,0.9571428571428572,0.9636523947630886
segment,tanh,112,223,0.007473639416101465,0.9645962732919254,0.01058688206829235,0.9542857142857143,0.9989153621786414
segment,tanh,112,224,0.005033685152704322,0.977639751552795,0.00888037781024353,0.9542857142857143,1.0000580532565442
segment,tanh,112,225,0.004517740715072326,0.9813664596273292,0.00850907149881828,0.96,0.05131850287618782
segment,tanh,112,226,0.004759179603412218,0.9788819875776398,0.0086398267307267,0.96,1.0000832051888309
segment,tanh,112,227,0.004581279132085958,0.9813664596273292,0.008498212195884357,0.9571428571428572,0.7644510975412702
segment,tanh,112,228,0.004481375270816333,0.9813664596273292,0.008493152763886102,0.9571428571428572,1.000060521925958
segment,tanh,112,229,0.004938808996708211,0.9770186335403727,0.009012806844002592,0.9514285714285714,0.6156745311743766
segment,tanh,112,230,0.004488617582123438,0.9807453416149068,0.008488184090681925,0.9657142857142857,0.1424042607888333
segment,tanh,112,231,0.004485074651044138,0.9813664596273292,0.0085515692837511,0.96,0.11148831380208817
segment,tanh,112,232,0.004499685648009661,0.9813664596273292,0.008418644517825485,0.96,0.8567577565569241
segment,tanh,112,233,0.0044748563625320115,0.9795031055900622,0.008644930850580155,0.9628571428571429,0.9738455545012732
segment,tanh,112,234,0.004497447160478166,0.9807453416149068,0.00854396690895069,0.9571428571428572,0.9848448424115156
segment,tanh,112,235,0.004435643260418305,0.9807453416149068,0.008506623703109244,0.96,1.0000405778785944
segment,tanh,112,236,0.004566397209826872,0.9801242236024845,0.008495832246060028,0.9571428571428572,1.00014592501216
segment,tanh,112,237,0.0049082862398956055,0.977639751552795,0.008895745040539714,0.96,0.3341950141430485
segment,tanh,112,238,0.004547044556224388,0.9795031055900622,0.008748527216999213,0.9571428571428572,0.24351685665803613
segment,tanh,112,239,0.004806153947340892,0.9782608695652174,0.009318579127402377,0.96,1.0002576345599805
segment,tanh,112,240,0.0045044502873719085,0.9801242236024845,0.008641430100645298,0.96,0.07184574462737688
segment,tanh,112,241,0.005030939127981673,0.9757763975155279,0.009027429669014132,0.9514285714285714,0.0734964200487833
segment,tanh,112,242,0.00580874064599683,0.9745341614906833,0.00987732644729173,0.9485714285714286,1.000162701774935
segment,tanh,112,243,0.004897239763784857,0.9770186335403727,0.009017271952607977,0.9571428571428572,0.9097023205030841
segment,tanh,112,244,0.004380468894468954,0.9819875776397515,0.008310690783237703,0.96,0.9977731551966559
segment,tanh,112,245,0.004751847508862617,0.9795031055900622,0.008607072185442243,0.96,1.000492315130867
segment,tanh,112,246,0.004389247552870278,0.9795031055900622,0.008382984020245947,0.96,1.0011152455650343
segment,tanh,112,247,0.0045617882986794525,0.9788819875776398,0.008347770701568856,0.9628571428571429,1.0004406348674293
segment,tanh,112,248,0.00428825355248502,0.9813664596273292,0.008211944537210275,0.96,1.000536160502674
segment,tanh,112,249,0.004318309790145225,0.9788819875776398,0.00839576891551804,0.9571428571428572,0.20672714422541388
segment,tanh,112,250,0.004284222998915556,0.9801242236024845,0.008312624644823345,0.96,0.06882699800432106
segment,tanh,112,251,0.004262852915567447,0.9813664596273292,0.008358830570454364,0.9628571428571429,0.4254538519438405
segment,tanh,112,252,0.004664935004833809,0.9763975155279503,0.008769840232603495,0.96,0.8888603024935006
segment,tanh,112,253,0.0042322594327471085,0.9807453416149068,0.008326467201254205,0.9571428571428572,0.20514976406460506
segment,tanh,112,254,0.006626437699505534,0.9677018633540373,0.010902392120975263,0.9485714285714286,1.00053562243217
segment,tanh,112,255,0.004769912424140494,0.9763975155279503,0.008823159690028209,0.9571428571428572,1.0004758994826208
segment,tanh,112,256,0.004837643359995171,0.9782608695652174,0.00885019847380721,0.9571428571428572,0.08642224199016896
segment,tanh,112,257,0.004215286247876862,0.9819875776397515,0.00835933440836963,0.9657142857142857,0.38853412273521115
segment,tanh,112,258,0.004255439117648892,0.9801242236024845,0.008338750326048847,0.9628571428571429,0.08599886912883943
segment,tanh,112,259,0.005199618856918791,0.9770186335403727,0.009333149108848741,0.9542857142857143,0.9991195897651228
segment,tanh,112,260,0.00426722677864302,0.9801242236024845,0.008297609256482376,0.9628571428571429,0.14632250167252842
segment,tanh,112,261,0.00431934472082781,0.9795031055900622,0.008440547047152164,0.96,0.6701481310480022
segment,tanh,112,262,0.004185920775223013,0.9813664596273292,0.008340397974190653,0.9571428571428572,0.2485584891765523
segment,tanh,112,263,0.004485853973607326,0.9788819875776398,0.008676053752758721,0.9628571428571429,0.3774861238089375
segment,tanh,112,264,0.00423035146383376,0.9819875776397515,0.008498253148971223,0.9628571428571429,0.12146020460876497
segment,tanh,112,265,0.005036944108656252,0.9807453416149068,0.009280748271058506,0.96,1.0001785962467897
segment,tanh,112,266,0.004671250276279713,0.977639751552795,0.008647725424523843,0.96,0.21806970847917767
segment,tanh,112,267,0.004715615418429243,0.9763975155279503,0.008668052587334834,0.9571428571428572,0.9986540338151337
segment,tanh,112,268,0.004091432880349666,0.9819875776397515,0.008262720475429525,0.9628571428571429,0.12720616249218789
segment,tanh,112,269,0.005473846573798026,0.9714285714285714,0.009167321547071158,0.9514285714285714,1.0000847724508481
segment,tanh,112,270,0.004175541198076306,0.9813664596273292,0.008384872253253345,0.96,0.9972036451104291
segment,tanh,112,271,0.004403901449030473,0.9788819875776398,0.008469225590445183,0.9628571428571429,0.23394115725970646
segment,tanh,112,272,0.004414445286261686,0.9782608695652174,0.008744726305809084,0.96,0.3177421736372391
segment,tanh,112,273,0.004031034064559974,0.9813664596273292,0.008311155418602787,0.9628571428571429,0.5165296235642717
segment,tanh,112,274,0.005145811109907262,0.9782608695652174,0.009453135419620489,0.9542857142857143,1.0003722722627948
segment,tanh,112,275,0.0041796776681108025,0.9813664596273292,0.008439266061437705,0.96,0.8374068425708404
segment,tanh,112,276,0.004071126773496842,0.9813664596273292,0.008221836433427176,0.96,0.5203752139463347
segment,tanh,112,277,0.006473702230158914,0.9677018633540373,0.009533040257410735,0.9514285714285714,1.0003150210353535
segment,tanh,112,278,0.004335577729629405,0.9782608695652174,0.008489146417675788,0.9542857142857143,0.35948476634247767
segment,tanh,112,279,0.004409886669868641,0.9795031055900622,0.008632412333425534,0.9628571428571429,0.7189970873480891
segment,tanh,112,280,0.004171124698926689,0.9807453416149068,0.00840548872732485,0.9628571428571429,0.9307405508867175
segment,tanh,112,281,0.005082571568234547,0.9795031055900622,0.009479418357538861,0.9542857142857143,1.0001197323254376
segment,tanh,112,282,0.004085714507090604,0.9801242236024845,0.00840944817379665,0.96,0.8615347523275702
segment,tanh,112,283,0.006324485685493908,0.9701863354037267,0.009740307886440982,0.9514285714285714,0.9995842037380315
segment,tanh,112,284,0.004097526252955172,0.9807453416149068,0.008235538022872864,0.9628571428571429,0.9666724320496579
segment,tanh,112,285,0.0040182064252902855,0.9807453416149068,0.0082100019661132,0.9628571428571429,0.2984508719937471
segment,tanh,112,286,0.004120771977811995,0.9819875776397515,0.008390857481353618,0.9657142857142857,0.04194835016165162
segment,tanh,112,287,0.004063921955363617,0.9826086956521739,0.008266914754349593,0.9628571428571429,1.000104359255635
segment,tanh,112,288,0.0040400655128084795,0.9813664596273292,0.008354023093745774,0.9685714285714285,0.8314914604446723
segment,tanh,112,289,0.004798150343564151,0.9788819875776398,0.009297656442446747,0.9485714285714286,1.0003323890814182
segment,tanh,112,290,0.004016370208498924,0.9807453416149068,0.0083004746434817,0.96,0.6485152145015572
segment,tanh,112,291,0.0040150691084833165,0.9826086956521739,0.008237736401064446,0.96,0.13744230456492898
segment,tanh,112,292,0.004273014926529983,0.9788819875776398,0.008595987968185998,0.96,0.8894701714873223
segment,tanh,112,293,0.0039456577144104015,0.9832298136645963,0.008179978579851624,0.96,0.15570412201612438
segment,tanh,112,294,0.004042432903519154,0.9807453416149068,0.00830890546765926,0.96,0.6287208046448842
segment,tanh,112,295,0.004215507254720005,0.9795031055900622,0.008505164362926447,0.9628571428571429,0.04983820448211976
segment,tanh,112,296,0.003872944273459158,0.9826086956521739,0.008184493933196462,0.9657142857142857,0.057326340578185454
segment,tanh,112,297,0.005534822480948604,0.9745341614906833,0.009146214987464048,0.9542857142857143,1.000102598975886
segment,tanh,112,298,0.0040522991787284605,0.9813664596273292,0.008150821034232496,0.96,0.046010080206040374
segment,tanh,112,299,0.003865437214622215,0.9832298136645963,0.008097232692910402,0.9628571428571429,0.46297803891897205
segment,tanh,112,300,0.004378727023973329,0.9782608695652174,0.008691805238996788,0.96,0.48228623583526453
segment,tanh,112,301,0.005265910803195305,0.9751552795031055,0.009083494709818224,0.9485714285714286,0.9836883736698665
segment,tanh,112,302,0.00812133123030703,0.9596273291925466,0.011978386198364725,0.9428571428571428,1.000189465918813
segment,tanh,112,303,0.004187224434902042,0.9826086956521739,0.008217602641916193,0.96,0.8050830214540073
segment,tanh,112,304,0.010871286783893572,0.9546583850931677,0.012666085565961265,0.9428571428571428,1.0008883256806607
segment,tanh,112,305,0.009332222491923402,0.9571428571428572,0.011279094997506657,0.9485714285714286,1.0001841416568629
segment,tanh,112,306,0.004162926102197155,0.9819875776397515,0.008092272302164269,0.96,0.20289783760053237
segment,tanh,112,307,0.003858450646305765,0.9826086956521739,0.008051694382015898,0.9628571428571429,0.1822090501383774
segment,tanh,112,308,0.004487828804391651,0.9788819875776398,0.008499606866485737,0.9571428571428572,0.05254419730921443
segment,tanh,112,309,0.003854721240635449,0.9826086956521739,0.008124873829467664,0.9657142857142857,0.1348550150962184
segment,tanh,112,310,0.003767841392612437,0.9826086956521739,0.008076712603600131,0.96,0.07675469916325169
segment,tanh,112,311,0.0037980892848381016,0.9838509316770186,0.00808012405816796,0.96,0.1437830199825648
segment,tanh,112,312,0.004089520578077999,0.9838509316770186,0.00828010865460491,0.96,1.0001188649620067
segment,tanh,112,313,0.004014580680675231,0.984472049689441,0.008193907893058796,0.96,0.6941080650785572
segment,tanh,112,314,0.005565042066857532,0.9751552795031055,0.009258104134175226,0.9485714285714286,1.000024527061744
segment,tanh,112,315,0.003870426278294992,0.9832298136645963,0.00804856689145549,0.9628571428571429,0.9063027464656374
segment,tanh,112,316,0.004129628899043979,0.9838509316770186,0.008240246484333656,0.9542857142857143,0.7905838548445427
segment,tanh,112,317,0.003749786449177423,0.9857142857142858,0.0079793070173434,0.9542857142857143,0.8281321739333187
segment,tanh,112,318,0.00846910480484973,0.9614906832298137,0.010801765386055448,0.9457142857142857,1.0000735818505233
segment,tanh,112,319,0.009310722512786855,0.9540372670807453,0.012228755992369101,0.9428571428571428,1.0002990243318002
segment,tanh,112,320,0.008961387903974185,0.9608695652173913,0.01223715431176352,0.9371428571428572,1.0000883314723703
segment,tanh,112,321,0.0041693181909117335,0.9832298136645963,0.008607024521710973,0.96,0.9999393000512524
segment,tanh,112,322,0.00409562799132767,0.9838509316770186,0.008494112379522998,0.9571428571428572,0.9771915701758266
segment,tanh,112,323,0.003866016411738999,0.984472049689441,0.00830080685271474,0.9628571428571429,0.3770707000548607
segment,tanh,112,324,0.0037802018714988813,0.9857142857142858,0.00811570172328203,0.96,0.4073082927968863
segment,tanh,112,325,0.003744861759794773,0.9857142857142858,0.008199285323292017,0.96,0.6342137796008834
segment,tanh,112,326,0.0037829105090632005,0.986335403726708,0.00810717463224434,0.9571428571428572,0.9220584345268037
segment,tanh,112,327,0.003805085017635811,0.9857142857142858,0.008149632261512645,0.96,0.12321147195326723
segment,tanh,112,328,0.0037711449435724894,0.9857142857142858,0.00822003635571194,0.9542857142857143,0.31742294446104596
segment,tanh,112,329,0.004639822002291164,0.9807453416149068,0.009075944388638011,0.9542857142857143,1.0000691181262438
segment,tanh,112,330,0.004824473633108761,0.9795031055900622,0.009043331506476866,0.9571428571428572,0.6611799318092121
segment,tanh,112,331,0.00387176783566608,0.9857142857142858,0.008457256336363813,0.9542857142857143,0.7825942079978926
segment,tanh,112,332,0.003751690611942389,0.986335403726708,0.008293202336459105,0.96,0.4858845369860621
segment,tanh,112,333,0.004973774483760571,0.9788819875776398,0.009468807062961614,0.9542857142857143,0.8303929940662053
segment,tanh,112,334,0.0036133511692127743,0.9857142857142858,0.008284967512018427,0.9571428571428572,0.3245759554460382
segment,tanh,112,335,0.003679506649629879,0.9857142857142858,0.008342107941155478,0.9542857142857143,0.20901456559439743
segment,tanh,112,336,0.003597672422577915,0.986335403726708,0.008137006423533395,0.9571428571428572,1.0012141678488853
segment,tanh,112,337,0.0036444633935484388,0.9857142857142858,0.008290267311162327,0.9542857142857143,0.1275661385066399
segment,tanh,112,338,0.004076611937910192,0.984472049689441,0.00888971126126704,0.96,0.9996667791107304
segment,tanh,112,339,0.0036438176917543727,0.984472049689441,0.00816422885651784,0.96,1.0002096550352504
segment,tanh,112,340,0.0036328274058943523,0.9850931677018634,0.00824748244838821,0.9571428571428572,0.021919336066291904
segment,tanh,112,341,0.004559035926727624,0.9788819875776398,0.008673953354928113,0.9514285714285714,0.9993701357842707
segment,tanh,112,342,0.004228211999205338,0.9813664596273292,0.008720885555284828,0.9514285714285714,0.973347642830345
segment,tanh,112,343,0.003431738187500961,0.986335403726708,0.00809889826842068,0.9571428571428572,0.16417703496598166
segment,tanh,112,344,0.00501551143637469,0.9795031055900622,0.009559642569819941,0.9485714285714286,0.9996457899841938
segment,tanh,112,345,0.003958273327887962,0.9819875776397515,0.008210357674757812,0.96,1.0003555829920934
segment,tanh,112,346,0.003856194998563221,0.9832298136645963,0.00847813314472811,0.9571428571428572,0.9800239237494842
segment,tanh,112,347,0.0033983053593702466,0.986335403726708,0.008087793275021685,0.96,0.2735529046930011
segment,tanh,112,348,0.0033394390565772035,0.986335403726708,0.007868774933443713,0.9571428571428572,0.04167294127990422
segment,tanh,112,349,0.0033287986795710036,0.9869565217391304,0.00800809805468896,0.9628571428571429,0.3589654643158462
segment,tanh,112,350,0.0039149440623195185,0.9819875776397515,0.00856912589891926,0.9571428571428572,0.8694532562841079
segment,tanh,113,1,0.13152929221614543,0.2857142857142857,0.1304698815097548,0.2857142857142857,1.0113747279845409
segment,tanh,113,2,0.09605830359429197,0.5434782608695652,0.09579527414878633,0.5428571428571428,1.0121143600109872
segment,tanh,113,3,0.07444584858250225,0.6,0.07368801731212021,0.6314285714285715,1.0023149914563605
segment,tanh,113,4,0.06483437817135525,0.6745341614906832,0.0645595762469927,0.6685714285714286,1.004131953901356
segment,tanh,113,5,0.07299556339221064,0.7,0.07347529572049512,0.68,1.0004790282470233
segment,tanh,113,6,0.04698908275768112,0.7639751552795031,0.047727195013632755,0.7628571428571429,1.0007183807961986
segment,tanh,113,7,0.04531680569442707,0.7708074534161491,0.04634371886279127,0.7685714285714286,1.0001619278669005
segment,tanh,113,8,0.043338108216391266,0.7652173913043478,0.04463751097125577,0.76,1.0166389356812613
segment,tanh,113,9,0.04280761473937799,0.7627329192546584,0.04306865597357913,0.7657142857142857,1.0005939837375897
segment,tanh,113,10,0.04252673760440254,0.782608695652174,0.04435201978169417,0.7742857142857142,1.0001090310331544
segment,tanh,113,11,0.04212525027510556,0.7683229813664596,0.04331238244771075,0.7771428571428571,1.0000052243205686
segment,tanh,113,12,0.047986693175167475,0.737888198757764,0.048237490024867116,0.7485714285714286,1.000220859678547
segment,tanh,113,13,0.038234252035698926,0.7863354037267081,0.03982403137695013,0.7857142857142857,1.000093144021159
segment,tanh,113,14,0.03949408635311591,0.7776397515527951,0.0403404104269342,0.7657142857142857,1.0003107611008226
segment,tanh,113,15,0.0372175896165851,0.7881987577639752,0.038455152528898195,0.7828571428571428,1.0004861327604835
segment,tanh,113,16,0.03896404520996504,0.7894409937888198,0.04207065773776736,0.7828571428571428,1.0010235388881306
segment,tanh,113,17,0.036922253509545526,0.7931677018633541,0.039448465121347615,0.7857142857142857,1.0004984054209407
segment,tanh,113,18,0.044938774933851074,0.760248447204969,0.04864992356520659,0.7285714285714285,1.0014414925594837
segment,tanh,113,19,0.04590592687552897,0.7590062111801242,0.04969675227638296,0.7314285714285714,1.000007071318193
segment,tanh,113,20,0.041611795224950475,0.7596273291925466,0.042289186702822924,0.7685714285714286,1.0017032958632497
segment,tanh,113,21,0.036404117588947224,0.7888198757763976,0.037974345512225186,0.78,1.0001465468028259
segment,tanh,113,22,0.035309464024250045,0.7956521739130434,0.03781925400063489,0.78,1.0001243191691087
segment,tanh,113,23,0.03495484432013336,0.7962732919254658,0.036982009476438454,0.7885714285714286,1.0000491618232725
segment,tanh,113,24,0.03517852617286846,0.7956521739130434,0.0378742351458443,0.7828571428571428,1.0006504929103426
segment,tanh,113,25,0.038785483877890645,0.7732919254658385,0.04014465151259517,0.7771428571428571,1.0000289600993109
segment,tanh,113,26,0.03905408788361913,0.7919254658385093,0.04252522872849886,0.7771428571428571,1.0000817924819732
segment,tanh,113,27,0.03494928704805616,0.7987577639751553,0.03788700227380452,0.7828571428571428,1.0001026270049185
segment,tanh,113,28,0.03428324096014626,0.7962732919254658,0.03631046115696927,0.7885714285714286,1.0008886754493187
segment,tanh,113,29,0.03504544260539266,0.7937888198757764,0.03674211416712838,0.7857142857142857,1.0002715187658995
segment,tanh,113,30,0.034799890237669114,0.7950310559006211,0.03682498373463095,0.7885714285714286,1.0003461701911007
segment,tanh,113,31,0.034333200101253875,0.7962732919254658,0.03613771054144722,0.7914285714285715,1.0001582771255273
segment,tanh,113,32,0.03346984319565761,0.8006211180124223,0.03608474439042111,0.7857142857142857,1.000169187847072
segment,tanh,113,33,0.03402940439389913,0.8006211180124223,0.03681511469414377,0.7885714285714286,1.0002137538664806
segment,tanh,113,34,0.03637210851944123,0.7875776397515528,0.03994451050860799,0.7742857142857142,1.0003067723347743
segment,tanh,113,35,0.03332462911211657,0.8080745341614907,0.03632971239332005,0.7914285714285715,1.0051116393738695
segment,tanh,113,36,0.032585282170364285,0.8012422360248447,0.035545184779469365,0.7857142857142857,1.0000105217495228
segment,tanh,113,37,0.037391227359368555,0.7888198757763976,0.04125972902196778,0.7714285714285715,1.000851178270446
segment,tanh,113,38,0.03308393053749883,0.8,0.0354736727551534,0.7885714285714286,1.0001841038179777
segment,tanh,113,39,0.034587477744596126,0.7975155279503106,0.036734215714871676,0.7857142857142857,1.0046403868363887
segment,tanh,113,40,0.034522134986914456,0.8031055900621118,0.038014321989191364,0.7885714285714286,1.003210402536004
segment,tanh,113,41,0.03201627514807047,0.8049689440993789,0.03504546375831073,0.7828571428571428,1.0014312176564792
segment,tanh,113,42,0.03483139340797044,0.7975155279503106,0.037040791859108996,0.7857142857142857,1.0156898842519424
segment,tanh,113,43,0.0350906276487847,0.7950310559006211,0.037378171226879676,0.7742857142857142,1.002055999694855
segment,tanh,113,44,0.032264068921098024,0.8,0.03500918288975261,0.7857142857142857,1.0003278603899335
segment,tanh,113,45,0.034586621465930424,0.7931677018633541,0.03814485975409566,0.7742857142857142,1.000267979495586
segment,tanh,113,46,0.03187558033096193,0.8031055900621118,0.03502853628007294,0.78,0.9756175120800012
segment,tanh,113,47,0.0315447276425203,0.8124223602484472,0.03503884826571911,0.8,0.9656431993299088
segment,tanh,113,48,0.03222482103312713,0.8,0.03525650443898708,0.7828571428571428,1.0000091675479765
segment,tanh,113,49,0.032253275818685964,0.8012422360248447,0.03504948343110284,0.7828571428571428,1.0005398618767936
segment,tanh,113,50,0.03140438751535625,0.8105590062111802,0.03499822705869923,0.8,1.0001102212847366
segment,tanh,113,51,0.04677667585448855,0.746583850931677,0.050723955002706655,0.74,1.0040102291024726
segment,tanh,113,52,0.03128666845211319,0.8068322981366459,0.034508533923062204,0.7828571428571428,1.0002813268069402
segment,tanh,113,53,0.030789967449667433,0.8099378881987578,0.034177420045620216,0.7857142857142857,1.000002756905684
segment,tanh,113,54,0.0306336402004838,0.8124223602484472,0.03449595538203949,0.7914285714285715,1.0004860605093107
segment,tanh,113,55,0.033197360251145745,0.8031055900621118,0.0358168697146798,0.7857142857142857,1.0009273274292207
segment,tanh,113,56,0.03157783668300058,0.8118012422360248,0.034772924562475896,0.8,1.005903148833535
segment,tanh,113,57,0.031291928171515215,0.8118012422360248,0.03493963738081858,0.7942857142857143,1.000001408340063
segment,tanh,113,58,0.03104003074036876,0.8068322981366459,0.034225157782458764,0.7885714285714286,1.0015405964111608
segment,tanh,113,59,0.031634464073571386,0.8080745341614907,0.034734786480800285,0.7857142857142857,1.0012685706696816
segment,tanh,113,60,0.0317203739175823,0.8074534161490683,0.03479429323701539,0.7914285714285715,1.0003448084867121
segment,tanh,113,61,0.0299259957645249,0.8161490683229814,0.033451777643944705,0.7942857142857143,1.000116615501249
segment,tanh,113,62,0.030400268377398225,0.8142857142857143,0.03414642493703126,0.7942857142857143,0.8951056781561176
segment,tanh,113,63,0.030622901482181723,0.8111801242236025,0.034531936110287445,0.7914285714285715,1.000023568045977
segment,tanh,113,64,0.029887202828806397,0.8161490683229814,0.033552756209755064,0.7971428571428572,1.0007464104627852
segment,tanh,113,65,0.031043284218668678,0.8099378881987578,0.034443250060021885,0.8,1.0010831282812291
segment,tanh,113,66,0.029944374942981397,0.8180124223602484,0.03364737169151325,0.7971428571428572,1.056914605730061
segment,tanh,113,67,0.030004726207654472,0.8217391304347826,0.033436044023522724,0.8028571428571428,1.0000038724868845
segment,tanh,113,68,0.02935226213861638,0.8372670807453416,0.032888670532850425,0.8257142857142857,1.0003851853491483
segment,tanh,113,69,0.01768155398221198,0.94472049689441,0.020401274258666537,0.9257142857142857,1.000515671886451
segment,tanh,113,70,0.012251180701372075,0.94472049689441,0.015841937797888197,0.9342857142857143,1.0036460250602115
segment,tanh,113,71,0.010326907820015368,0.9571428571428572,0.013827875483323477,0.9371428571428572,0.9971455804531327
segment,tanh,113,72,0.009850188057369045,0.9546583850931677,0.013210444898822817,0.9457142857142857,0.8882909519786706
segment,tanh,113,73,0.010180570052582156,0.9577639751552796,0.013191566384166162,0.9485714285714286,0.984857328386271
segment,tanh,113,74,0.009564622979905131,0.9565217391304348,0.012740038754734718,0.9457142857142857,1.0000231091670746
segment,tanh,113,75,0.009166903551445095,0.9596273291925466,0.012385532189204499,0.9485714285714286,0.22962056419565954
segment,tanh,113,76,0.0096054907393563,0.9596273291925466,0.012608548267916816,0.94,0.9999852976737701
segment,tanh,113,77,0.011145610783525585,0.9521739130434783,0.014511698084630315,0.9371428571428572,0.9873709776377257
segment,tanh,113,78,0.009538385899144852,0.9577639751552796,0.012901435417539976,0.9514285714285714,0.9997741540017794
segment,tanh,113,79,0.008933059551215516,0.9608695652173913,0.012081626136062116,0.9428571428571428,0.0971797309558435
segment,tanh,113,80,0.01019108748208617,0.9577639751552796,0.013114800460325236,0.9485714285714286,1.011319825824026
segment,tanh,113,81,0.011910450215155738,0.9403726708074535,0.015283589093424105,0.9285714285714286,1.000049740900284
segment,tanh,113,82,0.01621465551578574,0.9360248447204969,0.017535219218101052,0.9285714285714286,1.0047386795115745
segment,tanh,113,83,0.0087393979996465,0.9596273291925466,0.01153850551169187,0.9514285714285714,0.9850632257650895
segment,tanh,113,84,0.008663384200498513,0.9583850931677018,0.011739148878772688,0.9457142857142857,0.43488184536908164
segment,tanh,113,85,0.008469943577740618,0.9596273291925466,0.011651833357411592,0.9485714285714286,0.377302420628505
segment,tanh,113,86,0.008561963876376083,0.9614906832298137,0.011557086069774593,0.9457142857142857,1.0024851854773653
segment,tanh,113,87,0.008991098704455441,0.9614906832298137,0.01223715881045816,0.9485714285714286,0.20049821344481544
segment,tanh,113,88,0.008818384156754,0.9596273291925466,0.01190839394668478,0.9428571428571428,1.0025639890850484
segment,tanh,113,89,0.009938093365210524,0.9559006211180124,0.012771054021906272,0.9428571428571428,0.9992919753549161
segment,tanh,113,90,0.011624122960621363,0.9453416149068323,0.01391217405803107,0.94,1.0002336682252493
segment,tanh,113,91,0.00828602433539177,0.9608695652173913,0.011363211085799605,0.9514285714285714,0.9519576096172749
segment,tanh,113,92,0.011941407875103982,0.9409937888198758,0.013895612030120892,0.9428571428571428,1.0001358857476184
segment,tanh,113,93,0.009781437863599295,0.962111801242236,0.01261449890223068,0.9428571428571428,1.000002436379482
segment,tanh,113,94,0.008142057149612384,0.9614906832298137,0.011513258907868243,0.9485714285714286,0.13683279338442475
segment,tanh,113,95,0.007969462706950977,0.9608695652173913,0.011266372163504231,0.9485714285714286,1.0001236866548389
segment,tanh,113,96,0.007936632201107184,0.962111801242236,0.011172418316880244,0.9485714285714286,0.16023639711602689
segment,tanh,113,97,0.008362154613554157,0.9614906832298137,0.011702063277706103,0.9457142857142857,0.6430839334664175
segment,tanh,113,98,0.007941178919464813,0.9627329192546584,0.011371477287162559,0.9514285714285714,0.9949478982560432
segment,tanh,113,99,0.008271257194833723,0.9645962732919254,0.011433788578328122,0.9457142857142857,0.14653181957963096
segment,tanh,113,100,0.018949843156516752,0.9149068322981366,0.02170937453852592,0.9,1.0001169574656705
segment,tanh,113,101,0.007941963146498787,0.9608695652173913,0.011197701548598633,0.9457142857142857,0.9947606640580524
segment,tanh,113,102,0.009588838311450205,0.9608695652173913,0.012841959130003766,0.9457142857142857,1.0000869609072118
segment,tanh,113,103,0.008931718833863329,0.9596273291925466,0.011836456615939002,0.9457142857142857,1.0000165104613885
segment,tanh,113,104,0.008872721629688655,0.9590062111801242,0.011943633195776352,0.9428571428571428,1.0000139699842396
segment,tanh,113,105,0.008277190231209647,0.9614906832298137,0.011872963976176359,0.94,1.000230522895141
segment,tanh,113,106,0.014433453948333114,0.931055900621118,0.017490518086909032,0.9228571428571428,1.00035073034275
segment,tanh,113,107,0.008613643430986112,0.9602484472049689,0.011897623691157804,0.9428571428571428,0.8285172710310503
segment,tanh,113,108,0.007656224704975216,0.962111801242236,0.01100678125691431,0.9428571428571428,0.9909018250253759
segment,tanh,113,109,0.00751946095809637,0.9645962732919254,0.010893076699416346,0.9457142857142857,0.9677732278663043
segment,tanh,113,110,0.007421890460824375,0.9639751552795031,0.010764847500913338,0.9514285714285714,0.9768888632386127
segment,tanh,113,111,0.008448937137988768,0.9602484472049689,0.011817975387666215,0.94,0.9999072915974465
segment,tanh,113,112,0.007333545204098607,0.9645962732919254,0.010654735290353356,0.9485714285714286,0.256555934520266
segment,tanh,113,113,0.00755744999409268,0.9633540372670808,0.010964362050796154,0.9428571428571428,1.0005644995018925
segment,tanh,113,114,0.007291256632197656,0.9658385093167702,0.010635458268771398,0.9514285714285714,0.1370935566733024
segment,tanh,113,115,0.007267540294215621,0.9639751552795031,0.010529135739023381,0.9457142857142857,0.9742614293030801
segment,tanh,113,116,0.007278874286571687,0.9664596273291925,0.010744233553197148,0.9542857142857143,0.0696035216157321
segment,tanh,113,117,0.007186188156917767,0.9664596273291925,0.010628916622879821,0.9542857142857143,0.6788605474182744
segment,tanh,113,118,0.0075077403273934844,0.962111801242236,0.010871782631034199,0.9514285714285714,0.5167194826099648
segment,tanh,113,119,0.00855580289751702,0.9627329192546584,0.01119857368625479,0.9514285714285714,1.0022101145659117
segment,tanh,113,120,0.00801032493748807,0.9633540372670808,0.011231656662095255,0.9428571428571428,1.0015841727064103
segment,tanh,113,121,0.007091661015089007,0.9658385093167702,0.010502526859431432,0.9514285714285714,0.0824956844036826
segment,tanh,113,122,0.007378930823481688,0.9645962732919254,0.010673347248022087,0.9457142857142857,0.3746088897666433
segment,tanh,113,123,0.007674752702534046,0.9664596273291925,0.010894513542396265,0.9514285714285714,0.9962816040117207
segment,tanh,113,124,0.01037069314487072,0.9478260869565217,0.013525577985322161,0.9342857142857143,1.0004106344873582
segment,tanh,113,125,0.007174181755652916,0.9652173913043478,0.010587664629925298,0.9514285714285714,0.8322307767409273
segment,tanh,113,126,0.010173112729897623,0.9540372670807453,0.012760791091490663,0.9485714285714286,1.0005600761198397
segment,tanh,113,127,0.007389474400687827,0.9664596273291925,0.010605554669172618,0.9485714285714286,0.9292672440585773
segment,tanh,113,128,0.007020141003743337,0.9670807453416149,0.01034143212540912,0.9485714285714286,0.2950346317146713
segment,tanh,113,129,0.008267480434029802,0.962111801242236,0.011078858186659081,0.9457142857142857,1.0002183394828152
segment,tanh,113,130,0.006916572621586744,0.9670807453416149,0.010381173598987884,0.9542857142857143,0.9035294040818359
segment,tanh,113,131,0.007273739546627491,0.9645962732919254,0.01083649957163404,0.9514285714285714,0.9843671183613327
segment,tanh,113,132,0.007609612322777305,0.9645962732919254,0.010959994073604424,0.9457142857142857,0.9939107976280688
segment,tanh,113,133,0.006756400437006951,0.9670807453416149,0.01039209123369949,0.9542857142857143,0.479277663958601
segment,tanh,113,134,0.01197706695988121,0.9440993788819876,0.014907123484454108,0.94,1.0001422771003414
segment,tanh,113,135,0.016810875978421933,0.9254658385093167,0.01949235302216813,0.92,1.000100753274611
segment,tanh,113,136,0.0112132327865287,0.953416149068323,0.01384452422886992,0.9371428571428572,1.0002084846876147
segment,tanh,113,137,0.006692299248110886,0.9664596273291925,0.01023027155007312,0.9485714285714286,0.4709780851944952
segment,tanh,113,138,0.007786292878516792,0.9652173913043478,0.010940912188131499,0.9485714285714286,1.000150023697262
segment,tanh,113,139,0.006705999159798539,0.9677018633540373,0.010102739255442627,0.9485714285714286,0.5242061748531756
segment,tanh,113,140,0.006643648633465478,0.9664596273291925,0.0101866560815416,0.9514285714285714,0.8918431098269303
segment,tanh,113,141,0.007115322324662356,0.9677018633540373,0.010273391712838678,0.9514285714285714,0.9889211603088597
segment,tanh,113,142,0.01266318329321602,0.9366459627329192,0.015284829577744562,0.9285714285714286,1.0001922211291037
segment,tanh,113,143,0.006570676118881641,0.9683229813664597,0.009939113929372283,0.9514285714285714,0.4464107011527621
segment,tanh,113,144,0.007396999330371337,0.9658385093167702,0.010169284441521837,0.9485714285714286,1.000180189011615
segment,tanh,113,145,0.013603045715062222,0.9341614906832298,0.016468209730097105,0.9257142857142857,1.0006292963088046
segment,tanh,113,146,0.006828877913736051,0.9664596273291925,0.010656219384935784,0.9485714285714286,1.0005678123798074
segment,tanh,113,147,0.012196866638808304,0.9496894409937888,0.01518692335613264,0.9428571428571428,1.0007136893941757
segment,tanh,113,148,0.007941131920545783,0.9633540372670808,0.011020649980274994,0.9514285714285714,1.0001172450532474
segment,tanh,113,149,0.006456348939737593,0.968944099378882,0.010122545734498906,0.9514285714285714,0.9456900239856505
segment,tanh,113,150,0.006667654304316574,0.9677018633540373,0.010258514080385066,0.9428571428571428,0.4781311534008401
segment,tanh,113,151,0.006425516234353617,0.970807453416149,0.00999785957660011,0.9485714285714286,0.7182638093473601
segment,tanh,113,152,0.008053497776101103,0.9627329192546584,0.011510802019040462,0.9514285714285714,0.9999821515748755
segment,tanh,113,153,0.006485792561777021,0.9701863354037267,0.010019173266202084,0.9542857142857143,0.40659060597419416
segment,tanh,113,154,0.006923462517883874,0.9677018633540373,0.010360929518158084,0.9457142857142857,0.9694437194058674
segment,tanh,113,155,0.006291076336161463,0.9714285714285714,0.009855888564329866,0.9485714285714286,0.0309093555057667
segment,tanh,113,156,0.006460473885275875,0.9701863354037267,0.00995878192493423,0.9514285714285714,0.8397908128039226
segment,tanh,113,157,0.0066021593300348465,0.968944099378882,0.01014407183661384,0.9514285714285714,0.5286794764787769
segment,tanh,113,158,0.006208651854075076,0.970807453416149,0.009739055185049906,0.9485714285714286,0.01015792174616605
segment,tanh,113,159,0.007486925351081564,0.9670807453416149,0.010828297347527003,0.9542857142857143,0.9918256464659941
segment,tanh,113,160,0.00830199798088771,0.9596273291925466,0.011298617618687893,0.9485714285714286,1.0054119045153855
segment,tanh,113,161,0.006411903631286768,0.9695652173913043,0.009475288107111644,0.9571428571428572,0.22301278308265995
segment,tanh,113,162,0.006456165691553026,0.9695652173913043,0.00956592563467347,0.9571428571428572,0.10812824534005781
segment,tanh,113,163,0.007080750590788588,0.9701863354037267,0.010312870254664212,0.9542857142857143,0.9972451050893769
segment,tanh,113,164,0.0063804208033419185,0.9732919254658385,0.009719396502887702,0.9542857142857143,1.0000030955390382
segment,tanh,113,165,0.005986264833141164,0.9751552795031055,0.009256841769097301,0.9571428571428572,0.9059922137450789
segment,tanh,113,166,0.00600190178643663,0.9745341614906833,0.009374790529824381,0.9514285714285714,0.9987729383636296
segment,tanh,113,167,0.007020671395287841,0.970807453416149,0.009177591506726259,0.9628571428571429,0.33628963375462
segment,tanh,113,168,0.006373848806586832,0.9732919254658385,0.009176994176397448,0.9542857142857143,0.9859326923462937
segment,tanh,113,169,0.006790655491597026,0.9720496894409938,0.009546264267770199,0.9514285714285714,0.7790848981661913
segment,tanh,113,170,0.008522786476059023,0.9633540372670808,0.011197475616381887,0.9514285714285714,1.0000210761174144
segment,tanh,113,171,0.0065140344571316625,0.9770186335403727,0.009281349194525628,0.9628571428571429,0.985797073560245
segment,tanh,113,172,0.010605563677874302,0.9552795031055901,0.01293624752507958,0.9485714285714286,1.0000331278756116
segment,tanh,113,173,0.006322173313363427,0.9720496894409938,0.009106709804324006,0.9571428571428572,0.5008145105171575
segment,tanh,113,174,0.005755540820183068,0.9739130434782609,0.008820905664844485,0.9571428571428572,0.7462327074970979
segment,tanh,113,175,0.0067492145514023065,0.9732919254658385,0.009814913188185406,0.9571428571428572,1.000457705740742
segment,tanh,113,176,0.006197449247885404,0.9745341614906833,0.009494245071981978,0.9542857142857143,1.0003788707271075
segment,tanh,113,177,0.005798370144211564,0.9739130434782609,0.0088019309171566,0.9571428571428572,0.0760672618640913
segment,tanh,113,178,0.005911963378848855,0.9757763975155279,0.009079299433717195,0.9628571428571429,0.8723366361744712
segment,tanh,113,179,0.006039064813015397,0.9720496894409938,0.009037737115883907,0.96,0.7488201301420753
segment,tanh,113,180,0.005529824840047059,0.9757763975155279,0.008585226283821693,0.9628571428571429,0.621546298184345
segment,tanh,113,181,0.007031413595729745,0.9714285714285714,0.01008348426340044,0.9514285714285714,0.9999640153484001
segment,tanh,113,182,0.005510966446807801,0.977639751552795,0.008608639708817157,0.9628571428571429,0.9961712787874757
segment,tanh,113,183,0.006245985716822996,0.9745341614906833,0.009231815371535772,0.9657142857142857,1.0000071845510123
segment,tanh,113,184,0.005776663551378818,0.9739130434782609,0.008732999668067063,0.9628571428571429,0.8619418805302009
segment,tanh,113,185,0.005619213738708695,0.9751552795031055,0.008352862820633683,0.9657142857142857,0.04528624110862475
segment,tanh,113,186,0.005595210437644968,0.9751552795031055,0.0083044629498337,0.9657142857142857,0.06698930458318333
segment,tanh,113,187,0.006549145646792008,0.9695652173913043,0.00894056681730703,0.9657142857142857,1.0001439314009648
segment,tanh,113,188,0.005126638955224525,0.9795031055900622,0.00803067970990574,0.9685714285714285,0.16334858858660126
segment,tanh,113,189,0.005406367491146628,0.9763975155279503,0.008446043369639354,0.9657142857142857,0.5932776733087382
segment,tanh,113,190,0.005278163739197392,0.9770186335403727,0.008153991045162562,0.9657142857142857,1.0000011388967098
segment,tanh,113,191,0.008916352399457138,0.9552795031055901,0.011847647576728184,0.9428571428571428,1.0051153785368556
segment,tanh,113,192,0.0050966476899343355,0.9795031055900622,0.008391422773761892,0.9628571428571429,0.2573754158173449
segment,tanh,113,193,0.005101361783847096,0.9801242236024845,0.008322359167517277,0.9628571428571429,0.476783472029493
segment,tanh,113,194,0.005224362945309413,0.9745341614906833,0.008562962347059548,0.96,0.9980326180395898
segment,tanh,113,195,0.007855532355684489,0.9645962732919254,0.010590413138001922,0.9514285714285714,1.000005872553598
segment,tanh,113,196,0.005128319792323082,0.9788819875776398,0.008270010097575104,0.9628571428571429,0.19336486962941069
segment,tanh,113,197,0.005746093150779034,0.9745341614906833,0.008922123670991261,0.9657142857142857,1.000014993306479
segment,tanh,113,198,0.005039572029192668,0.9801242236024845,0.008242876395484766,0.9628571428571429,1.0000237504112748
segment,tanh,113,199,0.008445799831903755,0.962111801242236,0.0113433394577454,0.9428571428571428,1.0000237061869972
segment,tanh,113,200,0.005146824093424992,0.9745341614906833,0.008464040940946622,0.9685714285714285,1.0008866941927688
segment,tanh,113,201,0.006058715313040104,0.9745341614906833,0.009407407419195234,0.9571428571428572,1.0000132756101863
segment,tanh,113,202,0.006962213564746137,0.9701863354037267,0.009712495770559253,0.96,0.9998547694612445
segment,tanh,113,203,0.0049550222007812995,0.9813664596273292,0.008057678296500845,0.9657142857142857,0.21799544736371637
segment,tanh,113,204,0.005253884846953261,0.977639751552795,0.008384323535994467,0.9657142857142857,0.5860618860062277
segment,tanh,113,205,0.0049592308603878185,0.9782608695652174,0.008060616066074331,0.9657142857142857,0.6526353525355628
segment,tanh,113,206,0.005191799856462413,0.9770186335403727,0.008424075641789956,0.9657142857142857,0.5447270231479794
segment,tanh,113,207,0.004665437964906382,0.9813664596273292,0.00803961127149311,0.9685714285714285,0.20076498429448683
segment,tanh,113,208,0.004810035156990251,0.9782608695652174,0.008299467059240524,0.9628571428571429,1.0000920254868229
segment,tanh,113,209,0.004789063060354782,0.9788819875776398,0.008156795787254733,0.9657142857142857,0.9125339205243086
segment,tanh,113,210,0.004692027429240845,0.9788819875776398,0.008241834035627133,0.9685714285714285,0.7985032209134452
segment,tanh,113,211,0.01250028371038996,0.9422360248447205,0.01494783037773859,0.9342857142857143,1.000043563161191
segment,tanh,113,212,0.004698562031024922,0.9801242236024845,0.00803797116990169,0.9685714285714285,0.7272184087780635
segment,tanh,113,213,0.006301467211660596,0.970807453416149,0.009285493631583182,0.9628571428571429,1.0000761066197712
segment,tanh,113,214,0.007016875853072607,0.9677018633540373,0.010371285795784132,0.9542857142857143,1.0004658135568594
segment,tanh,113,215,0.004976989899662085,0.9770186335403727,0.008458940075158477,0.9657142857142857,0.9867985177199743
segment,tanh,113,216,0.004724409569897609,0.9807453416149068,0.008031531396770956,0.9685714285714285,0.9918345204761002
segment,tanh,113,217,0.004761812637491932,0.9801242236024845,0.00815800208651282,0.9657142857142857,0.6560518892536804
segment,tanh,113,218,0.0047619496412323725,0.977639751552795,0.008239154402433412,0.9657142857142857,0.44541896681230586
segment,tanh,113,219,0.008818936605676866,0.9608695652173913,0.010828038467120906,0.9542857142857143,1.0008656318223539
segment,tanh,113,220,0.00460878096895408,0.9819875776397515,0.008027321278315238,0.9685714285714285,1.0000720456001457
segment,tanh,113,221,0.0058589242258861585,0.9751552795031055,0.008913726466244809,0.96,0.7255111184644812
segment,tanh,113,222,0.004631046717106549,0.9795031055900622,0.008106903812626513,0.9657142857142857,0.5432443445772813
segment,tanh,113,223,0.00578581931791312,0.9770186335403727,0.008760962394747395,0.9657142857142857,1.000117244565953
segment,tanh,113,224,0.004467276987306743,0.9801242236024845,0.008192200062610122,0.9657142857142857,0.3675771287263869
segment,tanh,113,225,0.004935763491643921,0.9801242236024845,0.008269172151607851,0.9628571428571429,0.026419320251237527
segment,tanh,113,226,0.004538234527551063,0.9795031055900622,0.008180261145754208,0.9685714285714285,0.37141491513328906
segment,tanh,113,227,0.004416156692080564,0.9801242236024845,0.00801979165957625,0.9657142857142857,0.6610835587956742
segment,tanh,113,228,0.004371625874620822,0.9807453416149068,0.007852329468660175,0.9714285714285714,1.1532294199194575
segment,tanh,113,229,0.004813621208541734,0.9788819875776398,0.008340695700302155,0.9657142857142857,0.18708572138169657
segment,tanh,113,230,0.0045141159890807765,0.9795031055900622,0.008019566852644993,0.9628571428571429,0.872498751726297
segment,tanh,113,231,0.006292723961491083,0.970807453416149,0.009545787670696283,0.96,0.9985486989357752
segment,tanh,113,232,0.0051407680390819135,0.9770186335403727,0.008698577714199844,0.9628571428571429,1.0033638069597794
segment,tanh,113,233,0.0043054619868559355,0.9813664596273292,0.007877661945555097,0.9685714285714285,0.056693530812664254
segment,tanh,113,234,0.0071309274408479515,0.9683229813664597,0.010066472601809904,0.9571428571428572,0.9985313676353548
segment,tanh,113,235,0.004197900495618119,0.9838509316770186,0.007792689139914628,0.9685714285714285,0.06643417939583723
segment,tanh,113,236,0.004420646454312271,0.9813664596273292,0.007908499923155333,0.9685714285714285,0.13342653944001326
segment,tanh,113,237,0.0041918609758113175,0.9826086956521739,0.00786468952936874,0.9685714285714285,0.2207318840876027
segment,tanh,113,238,0.004285878288082479,0.9807453416149068,0.007777616319466713,0.9685714285714285,0.7087828111979875
segment,tanh,113,239,0.00919757433353437,0.9602484472049689,0.011209122611568029,0.9514285714285714,1.0001109239259136
segment,tanh,113,240,0.004137864323173492,0.9813664596273292,0.007853871299479186,0.9714285714285714,0.17447008018751947
segment,tanh,113,241,0.0043233755669571305,0.9807453416149068,0.008002270260292009,0.9657142857142857,0.11673430159216283
segment,tanh,113,242,0.00436626832123876,0.9807453416149068,0.008071628033851216,0.9657142857142857,0.720579451664462
segment,tanh,113,243,0.004150227332728239,0.9813664596273292,0.007993095841273851,0.9685714285714285,0.43718315689442405
segment,tanh,113,244,0.004225168970413578,0.984472049689441,0.0077318166396776146,0.9714285714285714,0.3485067152718222
segment,tanh,113,245,0.004095768368508368,0.9838509316770186,0.007774014451273424,0.9714285714285714,0.6463752418968268
segment,tanh,113,246,0.00411474940429038,0.9832298136645963,0.007936651199462583,0.9714285714285714,0.8754395576434895
segment,tanh,113,247,0.0041834863418115376,0.9819875776397515,0.007835622464636921,0.9685714285714285,0.3842323363241796
segment,tanh,113,248,0.010240104336967563,0.9565217391304348,0.01254500877984616,0.9485714285714286,1.000152426801961
segment,tanh,113,249,0.004291562925208476,0.9807453416149068,0.008079614286570072,0.9657142857142857,0.06897944535065297
segment,tanh,113,250,0.004193693504922693,0.9807453416149068,0.008053703269940088,0.9685714285714285,0.8871438200844267
segment,tanh,113,251,0.00410101312977918,0.9838509316770186,0.007933779759112521,0.9714285714285714,0.4138940456601422
segment,tanh,113,252,0.0040157010401018645,0.9826086956521739,0.007843267347667472,0.9685714285714285,0.021274131957491168
segment,tanh,113,253,0.004087116477843242,0.9832298136645963,0.007770391258471188,0.9657142857142857,1.0000282282164137
segment,tanh,113,254,0.004955282396475507,0.9763975155279503,0.00854542709979447,0.9657142857142857,0.9888723896660352
segment,tanh,113,255,0.004104159902006969,0.9826086956521739,0.007983027689703248,0.9657142857142857,0.06239246785003021
segment,tanh,113,256,0.004142547091010025,0.9819875776397515,0.007980017541116888,0.9657142857142857,0.8336581546692933
segment,tanh,113,257,0.0059632520842358315,0.970807453416149,0.009559278583549762,0.96,0.1557584407927296
segment,tanh,113,258,0.004231391220049311,0.9826086956521739,0.007820179305005092,0.9685714285714285,1.0004606097444073
segment,tanh,113,259,0.004817546095466949,0.977639751552795,0.008433437302591322,0.9628571428571429,0.7099415196228207
segment,tanh,113,260,0.003910555062783244,0.9832298136645963,0.007712347639017544,0.9685714285714285,0.15985815628797886
segment,tanh,113,261,0.0040416952597871385,0.9819875776397515,0.007894904597899356,0.9685714285714285,0.30781780695529914
segment,tanh,113,262,0.005466691817547546,0.9757763975155279,0.009280955104422747,0.9571428571428572,1.000107887446592
segment,tanh,113,263,0.004106055321186181,0.9813664596273292,0.007910412805753888,0.9657142857142857,0.561024282418091
segment,tanh,113,264,0.003925814779723788,0.9819875776397515,0.007908885702180686,0.9685714285714285,0.4029034467518999
segment,tanh,113,265,0.003921019051063439,0.9826086956521739,0.007771805473074003,0.9685714285714285,1.0002525856088802
segment,tanh,113,266,0.0038721967263906885,0.9826086956521739,0.00770568699840474,0.9714285714285714,0.03552876924511375
segment,tanh,113,267,0.003883272334329844,0.9826086956521739,0.007879694346368928,0.9714285714285714,0.20368567696006878
segment,tanh,113,268,0.0038991128297087988,0.984472049689441,0.007795247096123115,0.9685714285714285,0.7404638952644995
segment,tanh,113,269,0.003892867345962057,0.9826086956521739,0.007795069082941215,0.9714285714285714,0.36102340028452506
segment,tanh,113,270,0.010920005746868505,0.9472049689440993,0.013517469288988546,0.9342857142857143,1.0066358665417783
segment,tanh,113,271,0.003944160027810626,0.9826086956521739,0.007897235915969155,0.9685714285714285,0.025882733982481657
segment,tanh,113,272,0.003996731534524371,0.9819875776397515,0.008171177966428854,0.9714285714285714,0.7716691170677737
segment,tanh,113,273,0.009939942628735323,0.953416149068323,0.01254195159570989,0.94,1.000004208068606
segment,tanh,113,274,0.003813458190239799,0.9838509316770186,0.007742838249561632,0.9685714285714285,0.5444471640236038
segment,tanh,113,275,0.0037961739742553876,0.9850931677018634,0.007659038603792724,0.9685714285714285,0.05646646483735915
segment,tanh,113,276,0.0037502507452197987,0.9857142857142858,0.0077020467289226425,0.9685714285714285,0.9516150046909124
segment,tanh,113,277,0.00457710396371394,0.9819875776397515,0.00864977094442623,0.9628571428571429,0.14164039498558853
segment,tanh,113,278,0.00392889934607896,0.9826086956521739,0.007847895437998556,0.9657142857142857,0.5028151604590676
segment,tanh,113,279,0.003834896396973745,0.9832298136645963,0.007971311643423273,0.9685714285714285,0.44079246012937673
segment,tanh,113,280,0.005690564545903749,0.9739130434782609,0.009613187498551962,0.9571428571428572,0.9980962784559912
segment,tanh,113,281,0.0037803724819372407,0.9826086956521739,0.00776510464286184,0.9714285714285714,0.7270123518667331
segment,tanh,113,282,0.0038637696389044,0.9838509316770186,0.008143081071480507,0.9714285714285714,0.99896090396538
segment,tanh,113,283,0.0037402105438860385,0.9857142857142858,0.007742200576882124,0.9714285714285714,0.021726329877450885
segment,tanh,113,284,0.004997637260367093,0.9788819875776398,0.008524760734460637,0.9685714285714285,0.9926143294058719
segment,tanh,113,285,0.007831435554063187,0.9602484472049689,0.011555465276799903,0.9485714285714286,1.0012933666506474
segment,tanh,113,286,0.003736293051782498,0.9869565217391304,0.007749569531385244,0.9685714285714285,0.09476529586667934
segment,tanh,113,287,0.0037075683913846587,0.986335403726708,0.007780614062045262,0.9714285714285714,0.8010883474585335
segment,tanh,113,288,0.0037860176052630034,0.984472049689441,0.00791982018049743,0.9685714285714285,0.3558525258305164
segment,tanh,113,289,0.004091584405107171,0.9832298136645963,0.008185848439655745,0.9685714285714285,1.000139746727304
segment,tanh,113,290,0.0036957278458418837,0.9838509316770186,0.007776259360886697,0.9714285714285714,0.05657873324108542
segment,tanh,113,291,0.004033318815523026,0.9826086956521739,0.008060832579277137,0.9657142857142857,0.3514491669780816
segment,tanh,113,292,0.003668215668721068,0.9857142857142858,0.007673947925644483,0.9685714285714285,0.5671419344124702
segment,tanh,113,293,0.008748378522218242,0.9639751552795031,0.010715903483066455,0.9542857142857143,1.0002042864745673
segment,tanh,113,294,0.0039598987532002685,0.9832298136645963,0.00805550769888395,0.9657142857142857,0.4289595196979361
segment,tanh,113,295,0.0036216044933383785,0.9850931677018634,0.007774993005421723,0.9685714285714285,0.027773405928268022
segment,tanh,113,296,0.003626337929245347,0.9838509316770186,0.0077616346131805175,0.9685714285714285,0.61411993678059
segment,tanh,113,297,0.00379741107885876,0.9819875776397515,0.007907957758618607,0.9657142857142857,0.7725377715064963
segment,tanh,113,298,0.0040346070569302695,0.9826086956521739,0.008424616129738157,0.9628571428571429,1.0007226622536558
segment,tanh,113,299,0.0036913663470831788,0.984472049689441,0.007849198398395032,0.9685714285714285,0.7703003907613384
segment,tanh,113,300,0.0036940672187547874,0.984472049689441,0.007876355977553656,0.9685714285714285,0.03211734044394272
segment,tanh,113,301,0.003623237637707384,0.984472049689441,0.007845089083923848,0.9685714285714285,0.2881302336731841
segment,tanh,113,302,0.009232119101638942,0.9583850931677018,0.01180012737371606,0.9542857142857143,1.0000476531415443
segment,tanh,113,303,0.004285172356952343,0.9788819875776398,0.008418893136759052,0.9657142857142857,0.033774320879152775
segment,tanh,113,304,0.0035480468448365336,0.9857142857142858,0.0077826729719637725,0.9714285714285714,0.006803417539964886
segment,tanh,113,305,0.004636810959345423,0.9813664596273292,0.00887529534631607,0.9628571428571429,0.9982481814799811
segment,tanh,113,306,0.0036674330660356187,0.9850931677018634,0.008064773170631236,0.9685714285714285,0.1879603086498316
segment,tanh,113,307,0.003601824528370169,0.986335403726708,0.00787119759279837,0.9714285714285714,0.05200111768231629
segment,tanh,113,308,0.0035123756726590035,0.9850931677018634,0.007790931105941936,0.9714285714285714,0.41016443132497254
segment,tanh,113,309,0.003502258145533395,0.9857142857142858,0.007770348496059645,0.9714285714285714,0.6487429188839047
segment,tanh,113,310,0.00796541824936552,0.9614906832298137,0.011391260931892267,0.9542857142857143,0.9997518118896543
segment,tanh,113,311,0.004095417694109263,0.9832298136645963,0.008766698961288066,0.9628571428571429,1.0008608700264845
segment,tanh,113,312,0.003832536032497056,0.9838509316770186,0.008260829588736956,0.9657142857142857,0.9371104168135919
segment,tanh,113,313,0.003666892258688793,0.984472049689441,0.00802853033508389,0.9685714285714285,1.0000234647365671
segment,tanh,113,314,0.0035078850368121728,0.986335403726708,0.00790830568134738,0.9714285714285714,0.28401722171099636
segment,tanh,113,315,0.003763249201625275,0.9832298136645963,0.008123085291721783,0.9714285714285714,0.3530392051692836
segment,tanh,113,316,0.0035185997086564715,0.9838509316770186,0.00805915322158015,0.9685714285714285,0.7212265331546369
segment,tanh,113,317,0.003436385018624322,0.9869565217391304,0.007922861908656167,0.9685714285714285,0.1198198171632444
segment,tanh,113,318,0.004318910357050509,0.9795031055900622,0.008609482403393211,0.9628571428571429,0.9864170003407249
segment,tanh,113,319,0.004783733311381972,0.9826086956521739,0.007968505868779764,0.9685714285714285,1.0007121108267936
segment,tanh,113,320,0.0034390290172510093,0.9875776397515528,0.007924241811605967,0.9714285714285714,0.013587774654033538
segment,tanh,113,321,0.0034222127454940836,0.986335403726708,0.007918768307900706,0.9714285714285714,0.7883328528934834
segment,tanh,113,322,0.003800046115127998,0.9807453416149068,0.008153831726914968,0.9657142857142857,0.20938735327534735
segment,tanh,113,323,0.003950287830385511,0.9801242236024845,0.0081422700462591,0.9657142857142857,0.5489445856472923
segment,tanh,113,324,0.0038223629090869955,0.9838509316770186,0.008420763451966708,0.9657142857142857,0.9981717215355647
segment,tanh,113,325,0.0035329598664638165,0.9857142857142858,0.007845845108278694,0.9714285714285714,0.29278715896850255
segment,tanh,113,326,0.00554306552711619,0.977639751552795,0.010056202970221507,0.9628571428571429,1.0000006515407067
segment,tanh,113,327,0.0035573096410234806,0.9857142857142858,0.008012510168649487,0.9685714285714285,0.42172079968563747
segment,tanh,113,328,0.0033807880950470796,0.9875776397515528,0.00786589502515048,0.9714285714285714,0.5835982689375852
segment,tanh,113,329,0.0033571109234389654,0.986335403726708,0.007865752237630886,0.9714285714285714,0.6791370483195389
segment,tanh,113,330,0.0040848073399331495,0.9813664596273292,0.008678492629929452,0.96,1.0000087844202898
segment,tanh,113,331,0.0034424105797289566,0.9838509316770186,0.007894466381982334,0.9714285714285714,0.5395290715348712
segment,tanh,113,332,0.0036123196051134764,0.984472049689441,0.007983308146954738,0.9714285714285714,0.013889980388213076
segment,tanh,113,333,0.003334743834773062,0.9869565217391304,0.0077508120972877795,0.9742857142857143,0.2891806945676998
segment,tanh,113,334,0.006313078853696121,0.9701863354037267,0.010507897327304819,0.9628571428571429,0.9989963947191504
segment,tanh,113,335,0.0043095964250891555,0.9819875776397515,0.008291107016988852,0.9628571428571429,0.9999868353658626
segment,tanh,113,336,0.0033305784924333687,0.986335403726708,0.007917180759591358,0.9714285714285714,0.33766787844370905
segment,tanh,113,337,0.0034441277651574773,0.9850931677018634,0.007762376940845325,0.9742857142857143,0.08519792658086747
segment,tanh,113,338,0.003457165573100936,0.9875776397515528,0.008084139208995918,0.9714285714285714,0.9506892333014767
segment,tanh,113,339,0.0033110065948394342,0.986335403726708,0.007685206623119813,0.9742857142857143,0.46460049864225017
segment,tanh,113,340,0.00332216943221481,0.9857142857142858,0.007730704622390386,0.9742857142857143,1.0002362665994793
segment,tanh,113,341,0.004297295671849179,0.9801242236024845,0.008491480416948194,0.9685714285714285,0.04489914128797458
segment,tanh,113,342,0.0040491035417326415,0.9838509316770186,0.008245312972695882,0.9742857142857143,1.0002430365695962
segment,tanh,113,343,0.0033789692203461254,0.9838509316770186,0.007859811310912193,0.9714285714285714,0.06859123278552351
segment,tanh,113,344,0.003395374696841911,0.9850931677018634,0.007930111105263756,0.9685714285714285,1.0001363502844212
segment,tanh,113,345,0.003262615242162708,0.9875776397515528,0.0077199616869624375,0.9742857142857143,0.43925102037898667
segment,tanh,113,346,0.0033407049505265363,0.9857142857142858,0.007828946309176518,0.9685714285714285,0.091115905065945
segment,tanh,113,347,0.003307925625771073,0.986335403726708,0.007784225640916894,0.9714285714285714,0.01712024450365061
segment,tanh,113,348,0.003729284773616629,0.984472049689441,0.008452440418642224,0.9657142857142857,0.036863784020618705
segment,tanh,113,349,0.0035890386388995775,0.9832298136645963,0.008187177262242487,0.9657142857142857,0.37883441677142915
segment,tanh,113,350,0.003273951500472388,0.9875776397515528,0.00776828965851649,0.9742857142857143,1.000335464441588
segment,tanh,114,1,0.11672917001070607,0.2850931677018634,0.1167527539863915,0.2857142857142857,1.0023957958008327
segment,tanh,114,2,0.09095544156632701,0.5559006211180124,0.09117680661035131,0.5571428571428572,1.0021910918657755
segment,tanh,114,3,0.0767890530895968,0.5602484472049689,0.07629678894641759,0.5685714285714286,1.0018377755159393
segment,tanh,114,4,0.07720096035952803,0.6403726708074534,0.07803955980098402,0.6571428571428571,1.0074872033084001
segment,tanh,114,5,0.055995987078210574,0.7217391304347827,0.05576904677397481,0.7342857142857143,1.0066249228042343
segment,tanh,114,6,0.04972520791808592,0.737888198757764,0.04925960733296703,0.7428571428571429,1.0027590005225369
segment,tanh,114,7,0.044549163664429854,0.768944099378882,0.04545876152034681,0.7685714285714286,1.0002038444891355
segment,tanh,114,8,0.049006131651738956,0.7695652173913043,0.05062694704987662,0.7542857142857143,1.00189348440067
segment,tanh,114,9,0.16524891469385086,0.14285714285714285,0.16619720054084866,0.14285714285714285,1.0032623195638195
segment,tanh,114,10,0.1320832499449716,0.3627329192546584,0.1315367843236781,0.3457142857142857,1.0013915267882416
segment,tanh,114,11,0.039607762544670466,0.7813664596273292,0.04076779199681879,0.7742857142857142,1.0012976768831598
segment,tanh,114,12,0.039579136869197895,0.7850931677018633,0.04115554592957316,0.78,1.0001189783073388
segment,tanh,114,13,0.041667767219896984,0.7788819875776397,0.04465853260902512,0.7571428571428571,1.000917597877661
segment,tanh,114,14,0.04463063787099372,0.7795031055900621,0.0488479736372347,0.7542857142857143,1.0039904730306746
segment,tanh,114,15,0.03762334833743893,0.7850931677018633,0.03878780407531017,0.78,1.0011519123682415
segment,tanh,114,16,0.036311090541226755,0.7968944099378882,0.03812849783342236,0.7828571428571428,1.0000512316883925
segment,tanh,114,17,0.03627805045722738,0.7906832298136646,0.038002867914650885,0.7857142857142857,1.000385124879222
segment,tanh,114,18,0.04539726276108316,0.7490683229813665,0.04858310751244186,0.7142857142857143,1.0000670192847485
segment,tanh,114,19,0.037084363451956745,0.7857142857142857,0.03824332942947626,0.7771428571428571,1.0002040702569686
segment,tanh,114,20,0.03505488233198384,0.8,0.0368731465940022,0.7828571428571428,1.0001763114016002
segment,tanh,114,21,0.06151503584365084,0.6993788819875777,0.06427803098061019,0.6885714285714286,1.000189842524402
segment,tanh,114,22,0.034743310095307525,0.8031055900621118,0.03676756779988507,0.7942857142857143,1.00007219194817
segment,tanh,114,23,0.034605260943602514,0.7981366459627329,0.03680528687930042,0.7857142857142857,1.0004148620843638
segment,tanh,114,24,0.036986969051441256,0.7944099378881988,0.03807289079743729,0.7857142857142857,1.0014520313208124
segment,tanh,114,25,0.03776961533334877,0.7795031055900621,0.038644971883966255,0.7771428571428571,1.003571303347186
segment,tanh,114,26,0.034704643913493524,0.8031055900621118,0.0371275621802479,0.7885714285714286,1.0000526915035912
segment,tanh,114,27,0.03380261881145576,0.7987577639751553,0.03536144287265681,0.7857142857142857,1.0000496094947382
segment,tanh,114,28,0.03543602911813518,0.7950310559006211,0.037543048377033546,0.7857142857142857,1.0000886989272562
segment,tanh,114,29,0.0484214166797933,0.7391304347826086,0.05154592014389956,0.7285714285714285,1.0003749865356033
segment,tanh,114,30,0.03331838933404113,0.7981366459627329,0.035073046938219755,0.7857142857142857,1.0000726312515247
segment,tanh,114,31,0.035299369656604754,0.7968944099378882,0.03701472905917902,0.7857142857142857,1.0023873219730324
segment,tanh,114,32,0.035318370975355416,0.8024844720496894,0.03798851716997558,0.7828571428571428,1.0005597840136842
segment,tanh,114,33,0.03307467255635464,0.7993788819875777,0.03495806534264782,0.7914285714285715,1.0001676653118747
segment,tanh,114,34,0.03463580044328735,0.7919254658385093,0.037295734183099415,0.7828571428571428,1.000151525477708
segment,tanh,114,35,0.0333206070175297,0.801863354037267,0.03502199221017549,0.7885714285714286,1.001597872890849
segment,tanh,114,36,0.035442813966914705,0.7950310559006211,0.03677913699466153,0.7857142857142857,1.0197568392316883
segment,tanh,114,37,0.03588449988839687,0.7819875776397516,0.03803841108797047,0.7771428571428571,1.0059960158427261
segment,tanh,114,38,0.03289535557454397,0.8006211180124223,0.03445699076793405,0.7914285714285715,1.0000907627645366
segment,tanh,114,39,0.03193366233206743,0.8093167701863354,0.033831332631449045,0.7971428571428572,1.0000618858094212
segment,tanh,114,40,0.03228100932085519,0.8037267080745342,0.03404757396766128,0.7914285714285715,1.001039964690029
segment,tanh,114,41,0.03251808302787676,0.808695652173913,0.03478032680728121,0.7971428571428572,1.0000751373901398
segment,tanh,114,42,0.05099094760517129,0.7304347826086957,0.05319238261463009,0.7171428571428572,1.000173206951566
segment,tanh,114,43,0.03413013768690796,0.7968944099378882,0.03552395799284006,0.7942857142857143,1.0002715883702198
segment,tanh,114,44,0.03304475445438989,0.7993788819875777,0.03450021042388043,0.7914285714285715,1.0001317944399988
segment,tanh,114,45,0.034676716597302266,0.7894409937888198,0.03604938841386933,0.7857142857142857,1.0001715645514333
segment,tanh,114,46,0.03496149380179483,0.801863354037267,0.03748390467196332,0.7942857142857143,1.0041715834725118
segment,tanh,114,47,0.03429572911891863,0.7944099378881988,0.035563741944167566,0.7942857142857143,1.004648739513499
segment,tanh,114,48,0.03679999778152388,0.7813664596273292,0.03749936379672423,0.7885714285714286,1.0000833770687905
segment,tanh,114,49,0.03091423718493934,0.8124223602484472,0.03295644229766024,0.8028571428571428,1.0009903114385486
segment,tanh,114,50,0.03488273180201984,0.784472049689441,0.03691418807443374,0.78,1.0877707428365528
segment,tanh,114,51,0.03128233460669319,0.8111801242236025,0.03292428795366738,0.8057142857142857,1.000217717195141
segment,tanh,114,52,0.03838524790129196,0.7739130434782608,0.04087251459695179,0.7685714285714286,1.0002666549717574
segment,tanh,114,53,0.032547026348715626,0.8105590062111802,0.03443404989358524,0.8085714285714286,1.002267738074778
segment,tanh,114,54,0.030810438801443657,0.8428571428571429,0.032935447857160426,0.8342857142857143,1.0160366592574959
segment,tanh,114,55,0.03007013162215574,0.877639751552795,0.0322410376825481,0.8628571428571429,1.0077885578875403
segment,tanh,114,56,0.021780269045731087,0.9198757763975155,0.021895213910949514,0.9171428571428571,1.0001866297838717
segment,tanh,114,57,0.015158559782190448,0.9285714285714286,0.01575595733124618,0.9257142857142857,1.0010864698287298
segment,tanh,114,58,0.020120313986170778,0.9149068322981366,0.021425686685173563,0.9085714285714286,1.009491597009134
segment,tanh,114,59,0.01579007942903635,0.9267080745341615,0.017165982566324487,0.9257142857142857,1.0000467552986323
segment,tanh,114,60,0.010949772386893953,0.9559006211180124,0.011975475870463749,0.9428571428571428,1.0006429472213207
segment,tanh,114,61,0.01123051829578467,0.9515527950310559,0.01200030015113048,0.9514285714285714,1.0001785336777633
segment,tanh,114,62,0.01040416382119241,0.9565217391304348,0.011778875247226242,0.9485714285714286,0.49861986521913126
segment,tanh,114,63,0.012070706378058736,0.9465838509316771,0.013513279606963798,0.9457142857142857,1.000197560128043
segment,tanh,114,64,0.012461600211756074,0.9459627329192547,0.01386203261711535,0.9485714285714286,1.000424420299526
segment,tanh,114,65,0.010730115384106396,0.9515527950310559,0.011981849451720794,0.9457142857142857,0.7012248288514398
segment,tanh,114,66,0.01007460544451268,0.9590062111801242,0.011758867383387146,0.9457142857142857,1.0000758712813147
segment,tanh,114,67,0.013371432414251878,0.9465838509316771,0.015006466580950496,0.9371428571428572,1.0004071928567635
segment,tanh,114,68,0.010138811337044695,0.9515527950310559,0.011670822525198223,0.9485714285714286,1.0000991041005252
segment,tanh,114,69,0.014785357067056821,0.9329192546583851,0.015636746717627943,0.94,1.0000568090288364
segment,tanh,114,70,0.010116602238298121,0.962111801242236,0.011590835244698238,0.9457142857142857,0.9950208416550687
segment,tanh,114,71,0.01052661033038637,0.9540372670807453,0.012039772865500424,0.9485714285714286,0.9935186702077436
segment,tanh,114,72,0.009832202110513137,0.9552795031055901,0.011697808076782551,0.9485714285714286,1.0000406139662892
segment,tanh,114,73,0.013342815660380042,0.9335403726708075,0.014936908875064827,0.9285714285714286,1.0000580098744674
segment,tanh,114,74,0.009460306890065861,0.9614906832298137,0.011490093777998336,0.9428571428571428,0.9245068269834779
segment,tanh,114,75,0.012310756095754102,0.9434782608695652,0.013377048127013083,0.94,1.0004549803223013
segment,tanh,114,76,0.010431578631189879,0.9527950310559006,0.012433505361690854,0.9428571428571428,1.0001438686368145
segment,tanh,114,77,0.00978192224985267,0.9552795031055901,0.011383469846331744,0.9485714285714286,0.9972052351193308
segment,tanh,114,78,0.010806068027505647,0.9509316770186336,0.01249723985682339,0.9514285714285714,1.0039255186081364
segment,tanh,114,79,0.010051056661160624,0.9602484472049689,0.012081424858050435,0.9428571428571428,1.000126330688927
segment,tanh,114,80,0.010122853441338708,0.9540372670807453,0.011899949354945082,0.9428571428571428,1.0427785752794574
segment,tanh,114,81,0.009491285246517274,0.9590062111801242,0.011780022761082781,0.9428571428571428,0.918747977331874
segment,tanh,114,82,0.011711790180643921,0.9478260869565217,0.013428256771156912,0.9485714285714286,1.0004387557580183
segment,tanh,114,83,0.015094937888332641,0.9248447204968944,0.01670210858619449,0.92,1.0001230150951235
segment,tanh,114,84,0.010115338873061945,0.9552795031055901,0.01175273331037919,0.9457142857142857,0.9952871794436923
segment,tanh,114,85,0.008565617366671564,0.9677018633540373,0.010806881980156387,0.9457142857142857,0.46185775832949094
segment,tanh,114,86,0.008692022839276383,0.9658385093167702,0.011053014016796607,0.9428571428571428,0.833475516206565
segment,tanh,114,87,0.00970361008058048,0.9602484472049689,0.011946525855225978,0.9485714285714286,1.0001898629118378
segment,tanh,114,88,0.019739493345630788,0.915527950310559,0.021252211317288855,0.92,1.0000615656349403
segment,tanh,114,89,0.009049314307082695,0.9664596273291925,0.011449290587192087,0.9485714285714286,1.0008237287020125
segment,tanh,114,90,0.014010809139473461,0.9304347826086956,0.01553148849581304,0.9257142857142857,1.0000745569340195
segment,tanh,114,91,0.008236389147090432,0.968944099378882,0.010328315031788007,0.9485714285714286,0.9660231927987051
segment,tanh,114,92,0.008061709103807765,0.9664596273291925,0.010315051086710367,0.9457142857142857,0.169686885354588
segment,tanh,114,93,0.008018054037881863,0.9701863354037267,0.010072172892479673,0.9571428571428572,0.9752276494338942
segment,tanh,114,94,0.00805043239209485,0.9683229813664597,0.010120841040724051,0.9514285714285714,0.9459021434471505
segment,tanh,114,95,0.009536968804004543,0.9633540372670808,0.011176107981700443,0.9457142857142857,1.000482321160785
segment,tanh,114,96,0.008472726261251612,0.9658385093167702,0.010408823927601228,0.9485714285714286,0.7107240542834405
segment,tanh,114,97,0.008552014720247287,0.9664596273291925,0.010433101280512329,0.9514285714285714,0.9993618915308029
segment,tanh,114,98,0.008468074499730024,0.9658385093167702,0.010057754274465402,0.9485714285714286,1.0002980223777065
segment,tanh,114,99,0.009812385982033014,0.953416149068323,0.011201700001821533,0.9514285714285714,1.000245588527121
segment,tanh,114,100,0.007945546886366084,0.9683229813664597,0.01005899553529578,0.9514285714285714,0.5790785305966276
segment,tanh,114,101,0.008062563515306985,0.9645962732919254,0.010008834653397412,0.9514285714285714,1.0000566886673141
segment,tanh,114,102,0.007803909809240872,0.9683229813664597,0.009890178052362803,0.9514285714285714,0.6305205740322157
segment,tanh,114,103,0.011647393056083066,0.9465838509316771,0.013459865100459639,0.9342857142857143,1.0009172477599957
segment,tanh,114,104,0.007914642577573948,0.9670807453416149,0.010385145902379435,0.9485714285714286,0.8591654392799601
segment,tanh,114,105,0.00798643157833942,0.9664596273291925,0.010253908196394011,0.9514285714285714,0.9686329161824208
segment,tanh,114,106,0.00773481988658592,0.9670807453416149,0.009978601984353757,0.9514285714285714,0.8273641538462224
segment,tanh,114,107,0.008157619539564476,0.9670807453416149,0.010346069723828757,0.9571428571428572,0.10806775053802467
segment,tanh,114,108,0.00799030789749664,0.968944099378882,0.010278020551815563,0.9542857142857143,1.0000993270670904
segment,tanh,114,109,0.007361954490156073,0.9714285714285714,0.0095683335279196,0.9571428571428572,0.8886134204969919
segment,tanh,114,110,0.009059042612974806,0.9577639751552796,0.011277100943017744,0.9514285714285714,0.9997212408403947
segment,tanh,114,111,0.008006135058998458,0.9658385093167702,0.009988896328208763,0.9514285714285714,0.8750608959750106
segment,tanh,114,112,0.01060900493616532,0.9509316770186336,0.01236981473423029,0.9485714285714286,1.0000387373755864
segment,tanh,114,113,0.012435340044792274,0.9453416149068323,0.013497917249616263,0.94,1.0009926114305345
segment,tanh,114,114,0.00846134469171038,0.9664596273291925,0.010424078709833981,0.96,1.0019707566569018
segment,tanh,114,115,0.008265014761629705,0.9614906832298137,0.010567013015777773,0.9542857142857143,1.0000533005427688
segment,tanh,114,116,0.007382281986723469,0.9670807453416149,0.009686583431317695,0.9542857142857143,0.5973901370589492
segment,tanh,114,117,0.00991474505161083,0.9583850931677018,0.01164866621823713,0.9571428571428572,1.000093642644437
segment,tanh,114,118,0.007864482639989151,0.9670807453416149,0.010296174654974944,0.9514285714285714,1.0005219610781786
segment,tanh,114,119,0.006981764960456356,0.970807453416149,0.009420373792834094,0.9514285714285714,1.000137391404068
segment,tanh,114,120,0.00884748644551725,0.962111801242236,0.011532722943495303,0.9457142857142857,1.0007184594488552
segment,tanh,114,121,0.010725130700092216,0.9527950310559006,0.012604027416075676,0.9485714285714286,1.0003980182395242
segment,tanh,114,122,0.009431212323950777,0.9590062111801242,0.011441184556066667,0.9485714285714286,0.9850613987871147
segment,tanh,114,123,0.007899687755333468,0.9639751552795031,0.010380201280458442,0.9514285714285714,0.9664956426791159
segment,tanh,114,124,0.007427683992673048,0.9720496894409938,0.009932705986454397,0.9542857142857143,1.0001780533758047
segment,tanh,114,125,0.007751036888678021,0.9732919254658385,0.010033954505650746,0.9571428571428572,1.0000539083334108
segment,tanh,114,126,0.006602363745679811,0.9751552795031055,0.00927953728683238,0.96,0.9789949399380709
segment,tanh,114,127,0.007140693342010042,0.9701863354037267,0.009887434841177472,0.9514285714285714,0.08162855563251348
segment,tanh,114,128,0.012148945245526241,0.9422360248447205,0.014325331632944967,0.9342857142857143,1.0008385620942395
segment,tanh,114,129,0.00858130264402717,0.9614906832298137,0.011009143147212243,0.9514285714285714,1.00004313428522
segment,tanh,114,130,0.006441750190472817,0.9751552795031055,0.0093289215300865,0.9571428571428572,0.3030115961822676
segment,tanh,114,131,0.00749163581107,0.9664596273291925,0.010100324669549705,0.9542857142857143,1.0000798630607934
segment,tanh,114,132,0.006117126723001064,0.9763975155279503,0.009314443284606214,0.9571428571428572,0.9807916246690175
segment,tanh,114,133,0.006330167606453876,0.9770186335403727,0.00902452156864181,0.96,1.0000406585766504
segment,tanh,114,134,0.006565478852024319,0.9732919254658385,0.009594206995577871,0.9571428571428572,1.0013869532356399
segment,tanh,114,135,0.010436102469189605,0.953416149068323,0.012965099159858292,0.9485714285714286,1.0016900701326503
segment,tanh,114,136,0.005822322291154961,0.9745341614906833,0.008990096871948858,0.96,0.6316960253981438
segment,tanh,114,137,0.006959993608597204,0.9683229813664597,0.010022035530751658,0.9514285714285714,0.9975070827540565
segment,tanh,114,138,0.005806752348586445,0.9770186335403727,0.008935899928247086,0.96,0.7607544150916502
segment,tanh,114,139,0.005717949660053104,0.9782608695652174,0.009006710650059216,0.96,0.9918164122051056
segment,tanh,114,140,0.006175061908588323,0.9732919254658385,0.009296946300020103,0.9542857142857143,0.3833285200547008
segment,tanh,114,141,0.005944927674322127,0.9763975155279503,0.009020587137737342,0.96,0.02075880058579182
segment,tanh,114,142,0.00677348020958503,0.9732919254658385,0.009691915285480803,0.96,0.9997655345971362
segment,tanh,114,143,0.005554290773058805,0.977639751552795,0.008737359766412179,0.96,0.30464163398700816
segment,tanh,114,144,0.006083036148124888,0.9757763975155279,0.009154666253305547,0.9571428571428572,1.0000701546679183
segment,tanh,114,145,0.0057018227079712255,0.9757763975155279,0.008950362716255142,0.9571428571428572,1.0000608753930438
segment,tanh,114,146,0.005691776023490131,0.9763975155279503,0.00876525317218196,0.96,0.5565753867940064
segment,tanh,114,147,0.0056596140944904704,0.977639751552795,0.0088152146642527,0.9628571428571429,1.0000531977287093
segment,tanh,114,148,0.0060813118732672205,0.9739130434782609,0.009352135587910882,0.9514285714285714,0.49057109734720367
segment,tanh,114,149,0.010368959149602617,0.9515527950310559,0.013053521362571601,0.9371428571428572,1.000227877899628
segment,tanh,114,150,0.005873063186800951,0.9751552795031055,0.00888546246520603,0.9571428571428572,0.9783912938023815
segment,tanh,114,151,0.005417905712034308,0.9763975155279503,0.008468655262350046,0.96,0.8509143161030377
segment,tanh,114,152,0.005379455968795012,0.9770186335403727,0.00840786014565517,0.96,0.9716444957429842
segment,tanh,114,153,0.006228064445022038,0.9720496894409938,0.00918632142085578,0.9571428571428572,0.9966082859651346
segment,tanh,114,154,0.005334162177440573,0.9782608695652174,0.008403523136910496,0.96,0.28672453620558963
segment,tanh,114,155,0.006351097488075079,0.9732919254658385,0.009623603640936831,0.9514285714285714,1.0004015761498875
segment,tanh,114,156,0.020176828514816565,0.9136645962732919,0.02072175546898969,0.9142857142857143,1.0003500792499105
segment,tanh,114,157,0.011596145911076541,0.9527950310559006,0.013816951196900283,0.9314285714285714,1.000763087993034
segment,tanh,114,158,0.005323361361327322,0.9770186335403727,0.008611641868030224,0.96,0.07699597368900643
segment,tanh,114,159,0.005954308239863964,0.9739130434782609,0.009173109722054953,0.9571428571428572,1.0000699742754473
segment,tanh,114,160,0.005420056001800113,0.9763975155279503,0.008710407013452704,0.96,0.873970343943949
segment,tanh,114,161,0.005704921839136244,0.9745341614906833,0.008905386112816343,0.9571428571428572,0.9790364852330062
segment,tanh,114,162,0.005387137349701292,0.9757763975155279,0.008586702564004066,0.9628571428571429,0.6198421787868073
segment,tanh,114,163,0.005383035471273304,0.9770186335403727,0.008523230285894166,0.9571428571428572,0.523726936029619
segment,tanh,114,164,0.005173836884870538,0.977639751552795,0.008303687697467846,0.96,0.6342188028067737
segment,tanh,114,165,0.005183099345912705,0.9795031055900622,0.008439430609114807,0.9628571428571429,0.7511423514774872
segment,tanh,114,166,0.005361647030607803,0.9782608695652174,0.008725142786017683,0.96,1.0024661755494872
segment,tanh,114,167,0.00511191644908726,0.977639751552795,0.008425258735331736,0.96,0.24192294925164048
segment,tanh,114,168,0.005141442473795761,0.9770186335403727,0.008399727979031294,0.96,0.7945782778882287
segment,tanh,114,169,0.005147982783447188,0.9770186335403727,0.008377423604630205,0.9628571428571429,0.8988116350163102
segment,tanh,114,170,0.005568531685380018,0.9757763975155279,0.008744047502960707,0.96,0.6422014073437703
segment,tanh,114,171,0.005176675582044688,0.9763975155279503,0.008395612170472612,0.96,0.9297813757699248
segment,tanh,114,172,0.005640350854903765,0.9770186335403727,0.009151074114697505,0.9657142857142857,1.0001974802434936
segment,tanh,114,173,0.0052202719093360364,0.9757763975155279,0.008621196699058779,0.9542857142857143,0.23176319184236274
segment,tanh,114,174,0.006560732618092642,0.9720496894409938,0.00959316101536702,0.9571428571428572,0.9981527508088869
segment,tanh,114,175,0.008109333941437851,0.9639751552795031,0.010362513021228937,0.9514285714285714,1.0002470960240435
segment,tanh,114,176,0.004933025047307419,0.9788819875776398,0.008060545830376109,0.9657142857142857,0.3111126346375887
segment,tanh,114,177,0.006149060665151173,0.9732919254658385,0.009940553183142,0.96,1.0003981387361807
segment,tanh,114,178,0.005009718607155349,0.977639751552795,0.00836398502001107,0.96,0.35435339370656554
segment,tanh,114,179,0.005341842046979014,0.9757763975155279,0.008692237413682469,0.96,0.9999701663523788
segment,tanh,114,180,0.005045872782066803,0.977639751552795,0.008261542782280834,0.9571428571428572,0.2115385694220337
segment,tanh,114,181,0.00501502060386067,0.9795031055900622,0.008342099626209945,0.9657142857142857,0.7303302158039285
segment,tanh,114,182,0.008534516442103936,0.9596273291925466,0.011535899971172096,0.94,1.0003089210110616
segment,tanh,114,183,0.005088162439255012,0.9770186335403727,0.008522261926331752,0.96,0.8006777207233919
segment,tanh,114,184,0.005130384235364507,0.9763975155279503,0.008543933066995938,0.9657142857142857,0.9870637096259083
segment,tanh,114,185,0.004882421205217058,0.9782608695652174,0.008228863800618618,0.9657142857142857,0.9250132997830552
segment,tanh,114,186,0.008550472670015508,0.9590062111801242,0.011134515391298982,0.9514285714285714,1.0006021835220917
segment,tanh,114,187,0.0048559791317292055,0.9795031055900622,0.008275729160942689,0.9628571428571429,0.2041411677349563
segment,tanh,114,188,0.004919677995155004,0.9770186335403727,0.008240788444134284,0.9657142857142857,0.3111996064154379
segment,tanh,114,189,0.004863625850301589,0.9807453416149068,0.008290643764649443,0.9628571428571429,1.0003445440201573
segment,tanh,114,190,0.006725663433469638,0.9677018633540373,0.00988423772900247,0.9514285714285714,0.9773491856247495
segment,tanh,114,191,0.004960313163426838,0.9782608695652174,0.00830597624500053,0.9657142857142857,0.5521796300659598
segment,tanh,114,192,0.00481184852783838,0.9795031055900622,0.00831741489512823,0.9657142857142857,1.0003263500561106
segment,tanh,114,193,0.004878896337650681,0.9782608695652174,0.008317485548029087,0.9657142857142857,0.10997538897187645
segment,tanh,114,194,0.009701231280904821,0.9559006211180124,0.012567061262814632,0.9485714285714286,1.00033199297217
segment,tanh,114,195,0.008545065105889023,0.9590062111801242,0.011663683770960111,0.9485714285714286,1.000067669637018
segment,tanh,114,196,0.004677576165347278,0.9801242236024845,0.008116415390352367,0.9657142857142857,0.8099084910351707
segment,tanh,114,197,0.005042072000297325,0.9770186335403727,0.008318609103005596,0.9657142857142857,0.7750221167886739
segment,tanh,114,198,0.0059499602844672785,0.9757763975155279,0.009808887634705804,0.9571428571428572,1.0003601139889153
segment,tanh,114,199,0.0047678522803418655,0.977639751552795,0.008341747589976661,0.96,0.8958453211973746
segment,tanh,114,200,0.004686983054232489,0.9788819875776398,0.008106734191613221,0.9628571428571429,0.8309130528959181
segment,tanh,114,201,0.004614952140666871,0.9795031055900622,0.008067751954661065,0.9628571428571429,0.6006667478368299
segment,tanh,114,202,0.012389610828732588,0.9490683229813665,0.01451859621623131,0.9314285714285714,1.0003534769805147
segment,tanh,114,203,0.004795749046639602,0.9788819875776398,0.008139817369094342,0.9628571428571429,1.0000475639782278
segment,tanh,114,204,0.004743835086015385,0.9801242236024845,0.008128657578478513,0.9657142857142857,0.9996679067099263
segment,tanh,114,205,0.004582596137669669,0.9795031055900622,0.0080198719566414,0.9685714285714285,1.0000410551122139
segment,tanh,114,206,0.006055169269013341,0.9701863354037267,0.009454563957972006,0.96,0.09714996154842084
segment,tanh,114,207,0.004668598110350792,0.9807453416149068,0.008172976790624016,0.9628571428571429,0.445285975221527
segment,tanh,114,208,0.005398099481915685,0.9763975155279503,0.008947551602241553,0.96,1.0000554892522742
segment,tanh,114,209,0.005134043728018623,0.9763975155279503,0.008528917608575194,0.9628571428571429,0.9752135950801704
segment,tanh,114,210,0.004535794071585725,0.9795031055900622,0.007979806923844892,0.96,0.022493825095496016
segment,tanh,114,211,0.004621695650429585,0.9795031055900622,0.008000085302399115,0.9657142857142857,0.6225493127634549
segment,tanh,114,212,0.008033986605944461,0.9608695652173913,0.010714490771729738,0.9485714285714286,1.003791011673457
segment,tanh,114,213,0.009072352364211724,0.9583850931677018,0.011619040592955232,0.9542857142857143,1.0000091982333161
segment,tanh,114,214,0.004590423217016533,0.9795031055900622,0.008116538310841822,0.9685714285714285,0.6586737493676358
segment,tanh,114,215,0.004535448046094026,0.9807453416149068,0.007986098424057243,0.9628571428571429,0.15520900115544656
segment,tanh,114,216,0.010607504680297515,0.9527950310559006,0.013451728597313455,0.9371428571428572,1.0000408284635776
segment,tanh,114,217,0.004680421706316495,0.9795031055900622,0.008256147153361,0.9628571428571429,0.8994532520096349
segment,tanh,114,218,0.004914217170460518,0.977639751552795,0.0085615177609599,0.9657142857142857,0.6817682390469635
segment,tanh,114,219,0.004996703305020858,0.9751552795031055,0.008470374006703672,0.9628571428571429,0.9592218451856351
segment,tanh,114,220,0.005002790084326231,0.9745341614906833,0.008466468793326342,0.9628571428571429,0.8789428675972515
segment,tanh,114,221,0.005925156444843541,0.9714285714285714,0.009314045865413423,0.9571428571428572,0.9688606517507921
segment,tanh,114,222,0.004399617573000551,0.9819875776397515,0.007920395492319748,0.9685714285714285,0.12713386457994
segment,tanh,114,223,0.004371931836775535,0.9807453416149068,0.007934956040353394,0.9657142857142857,0.7212356321245619
segment,tanh,114,224,0.005007643022381811,0.9770186335403727,0.008751301714325845,0.9657142857142857,1.0001521563990459
segment,tanh,114,225,0.005102360607849543,0.9757763975155279,0.008655797716903365,0.9628571428571429,1.0000733409458658
segment,tanh,114,226,0.004396306404270676,0.9801242236024845,0.008038669137896234,0.9685714285714285,0.7516577881225427
segment,tanh,114,227,0.007106622328338368,0.9645962732919254,0.010398419119596583,0.9542857142857143,0.9998636930927012
segment,tanh,114,228,0.011051569456734646,0.9509316770186336,0.013450873937876312,0.94,1.000187173650653
segment,tanh,114,229,0.004461044275790913,0.9813664596273292,0.008061598651204845,0.96,0.7755812638239576
segment,tanh,114,230,0.0043807973180070405,0.9826086956521739,0.00807203926015288,0.9657142857142857,0.20472421115480863
segment,tanh,114,231,0.004983857647210065,0.977639751552795,0.008816250163807847,0.9657142857142857,1.0009377963913269
segment,tanh,114,232,0.00489307197594524,0.9788819875776398,0.008528391359935944,0.9685714285714285,1.001243289101017
segment,tanh,114,233,0.004382147116323867,0.9801242236024845,0.007989938962711225,0.9628571428571429,0.056047980375390105
segment,tanh,114,234,0.006003699182968821,0.9714285714285714,0.008924630214341953,0.96,1.0005443066692874
segment,tanh,114,235,0.004409376460658561,0.9795031055900622,0.008042672687962852,0.9628571428571429,0.04988880152208212
segment,tanh,114,236,0.004390063847240318,0.9819875776397515,0.008034884107520276,0.9685714285714285,0.9860078200180957
segment,tanh,114,237,0.004368195154338399,0.9819875776397515,0.008072456286435777,0.9685714285714285,0.7313090846769382
segment,tanh,114,238,0.0043661190656269855,0.9788819875776398,0.008048914374706648,0.9628571428571429,0.9867768533442225
segment,tanh,114,239,0.008268635668972056,0.962111801242236,0.012098526350821424,0.9485714285714286,1.0001192092709443
segment,tanh,114,240,0.004317267788509509,0.9807453416149068,0.008076484191755167,0.9628571428571429,1.0002327196599483
segment,tanh,114,241,0.004827516520282292,0.9795031055900622,0.008528071669402856,0.9628571428571429,0.04869955610708263
segment,tanh,114,242,0.005784374828909418,0.9739130434782609,0.009261124835654555,0.9542857142857143,0.989928560265063
segment,tanh,114,243,0.007301914292063774,0.9645962732919254,0.01078196157576209,0.9542857142857143,0.9922188969155804
segment,tanh,114,244,0.004641604062279381,0.9782608695652174,0.008457857868624364,0.9657142857142857,0.1961321049599646
segment,tanh,114,245,0.005315568737013012,0.9763975155279503,0.009002513439838735,0.9628571428571429,0.03959381176820869
segment,tanh,114,246,0.004357297962866066,0.9807453416149068,0.008157313872797245,0.9657142857142857,0.6076532404601723
segment,tanh,114,247,0.004350151636715903,0.9795031055900622,0.00814884979186758,0.9628571428571429,0.8662173499909993
segment,tanh,114,248,0.004733043050256809,0.9788819875776398,0.008560076801017051,0.9628571428571429,0.7187888154350863
segment,tanh,114,249,0.00434202458791174,0.9795031055900622,0.008073360804202649,0.9685714285714285,0.9932723762971603
segment,tanh,114,250,0.007443808823662067,0.9627329192546584,0.011028686728200959,0.9514285714285714,0.9993561849239715
segment,tanh,114,251,0.004463749164057289,0.9795031055900622,0.008337360697410938,0.9657142857142857,0.03245268176047296
segment,tanh,114,252,0.004840984504951325,0.9788819875776398,0.008775762938795461,0.9657142857142857,1.00006444061691
segment,tanh,114,253,0.0041936786252423286,0.9813664596273292,0.00796097532172187,0.9657142857142857,0.02037240292271805
segment,tanh,114,254,0.0041248301509717806,0.9813664596273292,0.007909409890376598,0.9685714285714285,0.317847895295394
segment,tanh,114,255,0.004226466482263344,0.9801242236024845,0.008085881153664903,0.9685714285714285,1.000063255189532
segment,tanh,114,256,0.0049102126623529795,0.977639751552795,0.008754146268095115,0.9571428571428572,0.23800231217417692
segment,tanh,114,257,0.0042046624215475855,0.9813664596273292,0.008041232561168139,0.9657142857142857,0.7457578729900413
segment,tanh,114,258,0.00415866515848046,0.9819875776397515,0.0080704575045731,0.9685714285714285,0.30588917656924913
segment,tanh,114,259,0.004261478146141106,0.9801242236024845,0.008125928405668685,0.9657142857142857,0.5774913000318816
segment,tanh,114,260,0.00745690564808786,0.9639751552795031,0.010698222959082607,0.9542857142857143,1.000034862025459
segment,tanh,114,261,0.006211343290827447,0.9732919254658385,0.010018094746992055,0.96,1.0000334174075391
segment,tanh,114,262,0.00408644163136437,0.9813664596273292,0.007991709581520762,0.9657142857142857,0.21007365331979533
segment,tanh,114,263,0.004175893897482642,0.9813664596273292,0.008046703907262434,0.9685714285714285,0.2712207628415485
segment,tanh,114,264,0.004174970713167554,0.9807453416149068,0.008028802183502552,0.9685714285714285,0.29551885317078447
segment,tanh,114,265,0.004178738080627818,0.9813664596273292,0.007957918586903269,0.9657142857142857,0.07810389371838733
segment,tanh,114,266,0.0045390511417132805,0.9801242236024845,0.008351483216162409,0.9628571428571429,0.36943558575143925
segment,tanh,114,267,0.004086481851749942,0.9826086956521739,0.007936990065047837,0.9685714285714285,0.7168766238846582
segment,tanh,114,268,0.008020243256737584,0.962111801242236,0.011533971580685086,0.9542857142857143,1.0000523905874987
segment,tanh,114,269,0.004224496038161743,0.9807453416149068,0.008205732685095484,0.9685714285714285,0.47699780654864077
segment,tanh,114,270,0.00681145768621267,0.968944099378882,0.009809840182705205,0.96,1.0000455356729034
segment,tanh,114,271,0.015548547569001491,0.931055900621118,0.017151655125530404,0.9314285714285714,1.000055512501526
segment,tanh,114,272,0.004079811085250662,0.9826086956521739,0.008095992567345436,0.9657142857142857,0.6797218758637811
segment,tanh,114,273,0.004188677039730768,0.9819875776397515,0.008167868834753107,0.9628571428571429,0.22134732831617313
segment,tanh,114,274,0.004074096437746771,0.9826086956521739,0.008038986698643799,0.9685714285714285,0.7697758786639546
segment,tanh,114,275,0.004272066015686283,0.9807453416149068,0.008216546012438174,0.9685714285714285,0.29159994253722654
segment,tanh,114,276,0.00462631382909033,0.9795031055900622,0.008624067257813813,0.9628571428571429,0.19826585297015148
segment,tanh,114,277,0.0040225563066711035,0.9819875776397515,0.007985214094768843,0.9657142857142857,0.7375837724875858
segment,tanh,114,278,0.0069003285743150415,0.9670807453416149,0.010926455027487842,0.9571428571428572,1.00419965006922
segment,tanh,114,279,0.003992759244582362,0.9826086956521739,0.008010212102359806,0.9685714285714285,0.030246706014963976
segment,tanh,114,280,0.017113610716077917,0.924223602484472,0.018370499031709578,0.9314285714285714,1.0008230418573996
segment,tanh,114,281,0.0040229498724016705,0.9807453416149068,0.008000784700906835,0.9657142857142857,0.07441570488440315
segment,tanh,114,282,0.004897763672862904,0.9782608695652174,0.008894014039370736,0.9571428571428572,1.000126281612108
segment,tanh,114,283,0.004038486265081453,0.9832298136645963,0.007914302316735816,0.9685714285714285,0.09560959962398516
segment,tanh,114,284,0.004269886087855318,0.9807453416149068,0.008213797274830533,0.9657142857142857,0.8160317378039891
segment,tanh,114,285,0.00454360384237905,0.9795031055900622,0.008504334098529862,0.9657142857142857,0.9819880188492309
segment,tanh,114,286,0.0045430384055814245,0.9819875776397515,0.008411419306708117,0.9657142857142857,0.9779145503705158
segment,tanh,114,287,0.004144346842416409,0.9832298136645963,0.008114797929697921,0.9657142857142857,0.9710824954665984
segment,tanh,114,288,0.004842171171046809,0.9782608695652174,0.008846278823101721,0.9571428571428572,0.9729060852934249
segment,tanh,114,289,0.0038966194159177,0.9838509316770186,0.007928750348447368,0.9685714285714285,0.46855345199694914
segment,tanh,114,290,0.009185800667992195,0.9552795031055901,0.01265507052121973,0.9428571428571428,1.0000683047507417
segment,tanh,114,291,0.0039008298308386255,0.9838509316770186,0.007736558955592281,0.9685714285714285,0.9997672363865338
segment,tanh,114,292,0.003829299372301858,0.9838509316770186,0.007808826233260162,0.9657142857142857,0.6793333831013343
segment,tanh,114,293,0.004752982751867296,0.9801242236024845,0.008475719946862212,0.9571428571428572,0.8062772418823817
segment,tanh,114,294,0.0037537110328316617,0.984472049689441,0.007723361315581836,0.9685714285714285,0.913001035275037
segment,tanh,114,295,0.004203648732245172,0.986335403726708,0.008108673573453528,0.9657142857142857,1.0001383175663068
segment,tanh,114,296,0.004119377132441444,0.9826086956521739,0.008193975613699946,0.9628571428571429,0.9880291155571516
segment,tanh,114,297,0.019173045520485606,0.9198757763975155,0.020628184864218278,0.9171428571428571,1.0000838055720882
segment,tanh,114,298,0.0037086238573287114,0.9857142857142858,0.0076843402259850315,0.9685714285714285,0.26958144676817813
segment,tanh,114,299,0.004519787277109685,0.9819875776397515,0.008154693532840157,0.9657142857142857,0.9563081567077418
segment,tanh,114,300,0.00902273700927748,0.9614906832298137,0.012937943998546595,0.9428571428571428,1.000154301131097
segment,tanh,114,301,0.0037556882765604734,0.9850931677018634,0.007840924965761959,0.9657142857142857,0.6869663650945035
segment,tanh,114,302,0.0035579035722379873,0.9875776397515528,0.007596304983563138,0.9714285714285714,0.8281063247014433
segment,tanh,114,303,0.003627679600321852,0.9869565217391304,0.007889611858307681,0.9685714285714285,0.8760433833119002
segment,tanh,114,304,0.003550981695092919,0.9869565217391304,0.007826041001993944,0.9657142857142857,0.1174614223941407
segment,tanh,114,305,0.005071724696325227,0.9801242236024845,0.009532436861892707,0.9628571428571429,0.9995656312049612
segment,tanh,114,306,0.003886712007500029,0.9826086956521739,0.00805400093371058,0.9685714285714285,1.020208883809668
segment,tanh,114,307,0.0034986978327403977,0.986335403726708,0.007694097942648681,0.9685714285714285,0.608142431287629
segment,tanh,114,308,0.0039669601972201615,0.986335403726708,0.008508486695928125,0.9685714285714285,1.0054441714620348
segment,tanh,114,309,0.0034108441299373427,0.9881987577639751,0.007605977286355164,0.9714285714285714,0.9078463855090764
segment,tanh,114,310,0.0033962594482013194,0.9850931677018634,0.007440837907345912,0.9742857142857143,0.15682239436117001
segment,tanh,114,311,0.004476488747764658,0.9826086956521739,0.008718047565069048,0.9685714285714285,0.05680326870810351
segment,tanh,114,312,0.0033142166428202354,0.9875776397515528,0.007468984107350176,0.9714285714285714,0.18306956291091908
segment,tanh,114,313,0.00342578285043833,0.9869565217391304,0.007617151459741542,0.9685714285714285,0.8768393791250157
segment,tanh,114,314,0.0033017526783706095,0.9869565217391304,0.0073736173302719225,0.9742857142857143,1.0000830928752529
segment,tanh,114,315,0.004057530425678899,0.9832298136645963,0.008217039570075696,0.9685714285714285,0.4600743339549704
segment,tanh,114,316,0.0035601845012226685,0.986335403726708,0.007527151218899403,0.9714285714285714,0.16092972347397375
segment,tanh,114,317,0.0039170417496932905,0.984472049689441,0.007995895994256815,0.9628571428571429,0.14788491809734655
segment,tanh,114,318,0.0037867434084296737,0.984472049689441,0.007951606627155473,0.9657142857142857,0.29615650263886395
segment,tanh,114,319,0.003209501505674047,0.9875776397515528,0.007341032909043637,0.9714285714285714,0.04999534904138365
segment,tanh,114,320,0.0033384716350045142,0.986335403726708,0.007424955579189105,0.9714285714285714,0.11042763476894729
segment,tanh,114,321,0.004930350390993485,0.9807453416149068,0.008777734464226198,0.96,0.9999131294323532
segment,tanh,114,322,0.0032004569911717154,0.9869565217391304,0.007218592088041113,0.9714285714285714,0.5027770589398727
segment,tanh,114,323,0.003187609072173482,0.9869565217391304,0.007215273610797154,0.9714285714285714,0.8870885985904852
segment,tanh,114,324,0.003996577885962608,0.984472049689441,0.007796434015512138,0.9657142857142857,0.3127332792001893
segment,tanh,114,325,0.0031951811675190573,0.986335403726708,0.007229844590807134,0.9742857142857143,0.5105818722834908
segment,tanh,114,326,0.0033093320206553224,0.9869565217391304,0.007369829906506852,0.9685714285714285,0.8706091078185444
segment,tanh,114,327,0.0034050147230907674,0.9850931677018634,0.00736761397848217,0.9714285714285714,0.07126627105978273
segment,tanh,114,328,0.0030886406365102045,0.9875776397515528,0.007214762481134495,0.9742857142857143,0.03536391680725225
segment,tanh,114,329,0.003536773313983666,0.984472049689441,0.007685118831766045,0.9685714285714285,1.0000459228703196
segment,tanh,114,330,0.005138092492720408,0.9745341614906833,0.009297760936104155,0.9628571428571429,0.32767235196385336
segment,tanh,114,331,0.0033920821022861186,0.9875776397515528,0.007484907884782543,0.9685714285714285,0.9973285979798863
segment,tanh,114,332,0.003108632656126357,0.9869565217391304,0.007167953815127382,0.9742857142857143,0.7447617050252257
segment,tanh,114,333,0.0030596753062807442,0.9875776397515528,0.007176015045223301,0.9742857142857143,0.12067680945962164
segment,tanh,114,334,0.0036027344333893633,0.9857142857142858,0.007807332540780197,0.9714285714285714,1.0030682534256188
segment,tanh,114,335,0.005125327870562136,0.977639751552795,0.008986327849376427,0.9628571428571429,1.0003840228788852
segment,tanh,114,336,0.003373125785924609,0.984472049689441,0.007569916293265014,0.9685714285714285,0.10622600832739124
segment,tanh,114,337,0.003298050045539334,0.986335403726708,0.007370020602615481,0.9714285714285714,1.000504096622271
segment,tanh,114,338,0.006414782674022142,0.9795031055900622,0.011019305287877298,0.9571428571428572,1.0001249894922728
segment,tanh,114,339,0.003412448854779064,0.9869565217391304,0.007175605788904858,0.9685714285714285,0.9835637961134336
segment,tanh,114,340,0.003099168960243466,0.986335403726708,0.0071348594551911134,0.9685714285714285,0.6485849384405316
segment,tanh,114,341,0.002999122993298156,0.9881987577639751,0.007093902903093242,0.9714285714285714,0.014787797762447317
segment,tanh,114,342,0.0030408548015493065,0.9881987577639751,0.007127359477537509,0.9685714285714285,0.7329770421116237
segment,tanh,114,343,0.0030187525009768893,0.9875776397515528,0.0071442151832715175,0.9685714285714285,0.7291814275931918
segment,tanh,114,344,0.0029834163553275356,0.9875776397515528,0.00706867592702688,0.9742857142857143,0.5337373435375266
segment,tanh,114,345,0.0070197494632937025,0.970807453416149,0.009404765792166113,0.96,1.0000468475693525
segment,tanh,114,346,0.002979074237416187,0.986335403726708,0.00702892447883025,0.9714285714285714,0.6019531618586146
segment,tanh,114,347,0.003072986208889992,0.9881987577639751,0.007219774376054793,0.9685714285714285,0.47374281237550653
segment,tanh,114,348,0.0029530979206429686,0.9875776397515528,0.007037773606293273,0.9742857142857143,0.8670021030260986
segment,tanh,114,349,0.003805025320829358,0.9869565217391304,0.007484619248617734,0.9714285714285714,1.0000405290229328
segment,tanh,114,350,0.0029475153811951813,0.9881987577639751,0.006933848942270463,0.9742857142857143,0.9049917492899989
segment,tanh,115,1,0.09736252715182231,0.3770186335403727,0.09740362681400085,0.36857142857142855,1.00517926918187
segment,tanh,115,2,0.08876016022264278,0.5167701863354037,0.0882745015505051,0.5142857142857142,1.0063823648718162
segment,tanh,115,3,0.08014772504518104,0.5422360248447204,0.08019905741577188,0.5342857142857143,1.0017203144331488
segment,tanh,115,4,0.06458425155509782,0.753416149068323,0.06625002122926153,0.7257142857142858,1.004341209600939
segment,tanh,115,5,0.04667261273935408,0.775776397515528,0.04698819101079203,0.7714285714285715,1.0006296834525208
segment,tanh,115,6,0.03473613982650204,0.860248447204969,0.035587571756348226,0.8657142857142858,1.001494260745805
segment,tanh,115,7,0.03561104813969725,0.8285714285714286,0.03643174613769815,0.8142857142857143,1.0230741564665613
segment,tanh,115,8,0.02344625384690353,0.9124223602484473,0.024154408698328113,0.9057142857142857,1.0019151186472335
segment,tanh,115,9,0.024250894104128177,0.9055900621118013,0.026240480847199047,0.8914285714285715,1.001276791883387
segment,tanh,115,10,0.02386029329590593,0.9093167701863354,0.025759331834616466,0.8885714285714286,1.0011458367161055
segment,tanh,115,11,0.022624964670239344,0.906832298136646,0.023608088102231025,0.9,1.0019759460502566
segment,tanh,115,12,0.027386816617796024,0.8968944099378882,0.029178303176232052,0.8657142857142858,1.0088195947080745
segment,tanh,115,13,0.01794091736203782,0.9298136645962732,0.019040486908675908,0.9171428571428571,0.9999350510887463
segment,tanh,115,14,0.017260780449663365,0.9329192546583851,0.018754160511627135,0.9257142857142857,1.0006312614724053
segment,tanh,115,15,0.016788899370735934,0.9360248447204969,0.018280981486735626,0.9228571428571428,0.9999470918109482
segment,tanh,115,16,0.01927130982231506,0.9136645962732919,0.020521376176674648,0.9142857142857143,1.000532708806325
segment,tanh,115,17,0.01820321470362124,0.9149068322981366,0.019445840423912,0.9171428571428571,1.000117943916871
segment,tanh,115,18,0.016189795685584107,0.9347826086956522,0.017911955205963007,0.9285714285714286,1.0002532778874256
segment,tanh,115,19,0.017880353673929955,0.9167701863354037,0.018703414978797905,0.9171428571428571,1.0011843460903989
segment,tanh,115,20,0.015806247358373784,0.9347826086956522,0.017279454422736817,0.9257142857142857,1.0006631472794847
segment,tanh,115,21,0.016324904409500764,0.9304347826086956,0.018544422239669664,0.9257142857142857,1.0000098781371702
segment,tanh,115,22,0.016616145452556644,0.9391304347826087,0.019018318096643165,0.9285714285714286,1.0012823619451796
segment,tanh,115,23,0.014806838335266881,0.9440993788819876,0.016893137833779076,0.9342857142857143,1.0002553491042978
segment,tanh,115,24,0.014352442508419693,0.9391304347826087,0.0160418242011525,0.9285714285714286,1.0007456099820684
segment,tanh,115,25,0.020565428322842444,0.9093167701863354,0.021493531808161416,0.9057142857142857,1.0059848888674883
segment,tanh,115,26,0.015269740445842957,0.9354037267080745,0.01742723033495679,0.9285714285714286,1.0014470235136004
segment,tanh,115,27,0.01430758586943032,0.9360248447204969,0.015813625512354237,0.9228571428571428,1.0661034648547416
segment,tanh,115,28,0.023111325288735562,0.9024844720496894,0.02530349311046529,0.8885714285714286,1.0000002103326633
segment,tanh,115,29,0.013894391374703167,0.9397515527950311,0.01616664097525695,0.92,1.0000445834300709
segment,tanh,115,30,0.012927245017123199,0.9434782608695652,0.015389834266838456,0.9314285714285714,0.8755938708485584
segment,tanh,115,31,0.014847632243773399,0.9267080745341615,0.016956855083141337,0.9228571428571428,1.0000782847228344
segment,tanh,115,32,0.014027936827840287,0.9428571428571428,0.016472593662481074,0.9257142857142857,0.9889285967591596
segment,tanh,115,33,0.012896702221940578,0.9416149068322981,0.014741059470650932,0.9285714285714286,1.0008833177483738
segment,tanh,115,34,0.012663805719238388,0.9403726708074535,0.014805924342567847,0.9314285714285714,0.8302366216852959
segment,tanh,115,35,0.01369554573290305,0.9428571428571428,0.015973919008867153,0.9257142857142857,1.0040407484916674
segment,tanh,115,36,0.016113886855133038,0.9236024844720497,0.017812554652123093,0.92,1.0008890283039353
segment,tanh,115,37,0.012522606143858219,0.9440993788819876,0.014959420595805427,0.9314285714285714,0.9999981416169111
segment,tanh,115,38,0.012477927328027235,0.9422360248447205,0.014972803465190967,0.9314285714285714,0.9990041508768882
segment,tanh,115,39,0.011815213549170105,0.9496894409937888,0.014089522465757705,0.9428571428571428,0.2948070136792152
segment,tanh,115,40,0.013792206677724175,0.9354037267080745,0.01582581522284062,0.9257142857142857,1.0000177186926757
segment,tanh,115,41,0.02254913672232216,0.8993788819875776,0.025713925111467178,0.8828571428571429,1.0000023958271127
segment,tanh,115,42,0.011583059820734877,0.9472049689440993,0.014347959316844922,0.9371428571428572,1.0017090698477864
segment,tanh,115,43,0.011200869854267562,0.9478260869565217,0.013725588194661196,0.9314285714285714,0.624173696718452
segment,tanh,115,44,0.015513716102494558,0.9254658385093167,0.01696204406574237,0.9257142857142857,1.0003765816595294
segment,tanh,115,45,0.020813507853792653,0.9043478260869565,0.023629276358858774,0.8857142857142857,1.002785978819125
segment,tanh,115,46,0.013558655111511005,0.9347826086956522,0.015679658695569632,0.9342857142857143,1.0029491132657495
segment,tanh,115,47,0.012218155834778638,0.9484472049689441,0.015011163658253241,0.94,1.0010234576400319
segment,tanh,115,48,0.010921772364679923,0.9509316770186336,0.013761589711916487,0.9342857142857143,0.9150128263307777
segment,tanh,115,49,0.010511030360169423,0.9559006211180124,0.013001561116646902,0.94,1.0012965139770633
segment,tanh,115,50,0.013166294894955336,0.937888198757764,0.015627299416354587,0.9371428571428572,1.0000726458495222
segment,tanh,115,51,0.01120560755892529,0.9484472049689441,0.013667676497540306,0.9457142857142857,0.9998962245928004
segment,tanh,115,52,0.011794867676618328,0.9403726708074535,0.01470097031256348,0.9342857142857143,1.001423918610437
segment,tanh,115,53,0.010797255701220964,0.9515527950310559,0.013880654844478105,0.9371428571428572,1.001261059256581
segment,tanh,115,54,0.010929547912739875,0.9496894409937888,0.013867289557463566,0.9285714285714286,1.0010185392269886
segment,tanh,115,55,0.011588808743183382,0.9434782608695652,0.014205067553481544,0.9342857142857143,0.9810124802186725
segment,tanh,115,56,0.01438140739250719,0.9285714285714286,0.017520284240589656,0.92,1.0005712532289004
segment,tanh,115,57,0.010269218649423695,0.9515527950310559,0.013476461871033928,0.9371428571428572,0.9529141816263609
segment,tanh,115,58,0.009688380519098344,0.9577639751552796,0.012747581242868448,0.9428571428571428,0.4009372710956527
segment,tanh,115,59,0.017913198736420916,0.9198757763975155,0.019333053292063827,0.9142857142857143,1.0001604235876274
segment,tanh,115,60,0.010949368314029583,0.9515527950310559,0.014225555743232626,0.94,0.9999554261966587
segment,tanh,115,61,0.012158319481662652,0.9440993788819876,0.01511813088020555,0.9371428571428572,1.0000017770342864
segment,tanh,115,62,0.012685270870683591,0.9329192546583851,0.016223418404732067,0.9257142857142857,0.8179008658211544
segment,tanh,115,63,0.0096227240752832,0.9565217391304348,0.01282795031710808,0.9371428571428572,0.5899533935329622
segment,tanh,115,64,0.009903824545031328,0.9559006211180124,0.013385778197484176,0.9457142857142857,1.0000026387174341
segment,tanh,115,65,0.009321257139365756,0.9608695652173913,0.012684432610388211,0.9457142857142857,0.4990428312965716
segment,tanh,115,66,0.009483536525135575,0.9590062111801242,0.012998609948930744,0.9428571428571428,0.13669795107408264
segment,tanh,115,67,0.009179065444913285,0.9590062111801242,0.012964954828153127,0.9457142857142857,1.001031395182343
segment,tanh,115,68,0.010199135672227608,0.9527950310559006,0.013539677201695306,0.9485714285714286,0.9780401568040316
segment,tanh,115,69,0.009552764028671371,0.9590062111801242,0.01309368806999393,0.9428571428571428,0.9813035163199665
segment,tanh,115,70,0.014472241628744576,0.9279503105590062,0.018123594871659852,0.9171428571428571,1.0003940149748416
segment,tanh,115,71,0.00944901633518761,0.9583850931677018,0.013157521266590186,0.9457142857142857,1.0052209972460375
segment,tanh,115,72,0.009751970238761246,0.9552795031055901,0.013036340242520051,0.94,1.000132220237565
segment,tanh,115,73,0.009998916025516138,0.9565217391304348,0.013070465483907716,0.9428571428571428,1.0002788618453546
segment,tanh,115,74,0.011177166575571608,0.9478260869565217,0.01419438032468434,0.94,1.000103550764684
segment,tanh,115,75,0.008854893887699975,0.962111801242236,0.012307354774702302,0.9485714285714286,0.7407094792209081
segment,tanh,115,76,0.009170660424910871,0.9602484472049689,0.01268985414069811,0.9457142857142857,0.9476442958796213
segment,tanh,115,77,0.009457608102580348,0.9571428571428572,0.013236143685737854,0.9457142857142857,0.7224197293157818
segment,tanh,115,78,0.008544444645628325,0.9633540372670808,0.012314287301447185,0.9514285714285714,0.9663540850796842
segment,tanh,115,79,0.009785560499516746,0.9546583850931677,0.013139645394007823,0.9428571428571428,0.946610250623207
segment,tanh,115,80,0.009897403784004477,0.953416149068323,0.01293379415518475,0.94,0.9910534230146284
segment,tanh,115,81,0.010002599721575904,0.9503105590062112,0.01361191081523649,0.94,1.0000832742350185
segment,tanh,115,82,0.008762360530005793,0.962111801242236,0.012736584151278879,0.9514285714285714,0.9997064038322301
segment,tanh,115,83,0.009137007686506078,0.9590062111801242,0.01305147965323951,0.9457142857142857,0.6155681325284194
segment,tanh,115,84,0.00861826092262455,0.9602484472049689,0.01207674682558954,0.9485714285714286,0.8919269580499299
segment,tanh,115,85,0.009097699989966694,0.9583850931677018,0.012492746105442952,0.9485714285714286,0.05928822623945439
segment,tanh,115,86,0.008221266805350782,0.9614906832298137,0.011833095886561973,0.9485714285714286,1.000007202598047
segment,tanh,115,87,0.00864031893570865,0.9602484472049689,0.012519122895218886,0.9485714285714286,0.9909850533852651
segment,tanh,115,88,0.010451887547797717,0.9509316770186336,0.01336150887896325,0.94,1.000009937234646
segment,tanh,115,89,0.009006443041667603,0.9577639751552796,0.012633012501629196,0.9457142857142857,0.992367124412756
segment,tanh,115,90,0.008471935325127956,0.9590062111801242,0.012458979478299156,0.9485714285714286,0.4723144139412775
segment,tanh,115,91,0.008295963314321093,0.9645962732919254,0.011845109624771824,0.9485714285714286,1.0021832768044427
segment,tanh,115,92,0.009183947346282967,0.9596273291925466,0.012947242602027108,0.9457142857142857,1.0725060769661572
segment,tanh,115,93,0.008020971591157736,0.9645962732919254,0.012002602716946462,0.9485714285714286,1.0000127238153473
segment,tanh,115,94,0.008373978228082373,0.9608695652173913,0.012574775287277603,0.9485714285714286,0.03194791979961227
segment,tanh,115,95,0.008769184912639977,0.9602484472049689,0.012600566868000668,0.9457142857142857,1.0000154928749199
segment,tanh,115,96,0.007945851249746547,0.9633540372670808,0.012065492351256195,0.9514285714285714,0.606084935462508
segment,tanh,115,97,0.012508809082573718,0.9397515527950311,0.015378065131764925,0.9342857142857143,1.0000516649956024
segment,tanh,115,98,0.00782951469823612,0.9627329192546584,0.0117179572877625,0.9457142857142857,0.14475129028876196
segment,tanh,115,99,0.00801963017057766,0.9633540372670808,0.011668711135809997,0.9485714285714286,0.3162177174688855
segment,tanh,115,100,0.013176180736287095,0.9354037267080745,0.017141797800796305,0.9228571428571428,1.0002406701502908
segment,tanh,115,101,0.0121131053084552,0.9385093167701863,0.01614901540812871,0.9314285714285714,1.0003099757042866
segment,tanh,115,102,0.00820484653187462,0.9614906832298137,0.012273126768176223,0.9428571428571428,1.000074617939512
segment,tanh,115,103,0.008717010035311702,0.9596273291925466,0.013002423302287099,0.9457142857142857,0.6235559141373104
segment,tanh,115,104,0.011767749672544686,0.9453416149068323,0.014566028623792835,0.94,1.0001561183849779
segment,tanh,115,105,0.00786480216827985,0.9627329192546584,0.011833804803071153,0.9514285714285714,1.000008407474583
segment,tanh,115,106,0.008649419701188208,0.9596273291925466,0.01232925008048349,0.9457142857142857,0.16620626012854675
segment,tanh,115,107,0.00754083237167378,0.9633540372670808,0.011795605238529686,0.9514285714285714,0.9366294632385722
segment,tanh,115,108,0.015601881752716217,0.9254658385093167,0.019669513553589025,0.9171428571428571,1.0003517103780024
segment,tanh,115,109,0.01203258150289281,0.9354037267080745,0.016352154402983893,0.9285714285714286,1.0004920181637773
segment,tanh,115,110,0.007443591694577629,0.9639751552795031,0.011676760345359851,0.9485714285714286,0.5484290552091199
segment,tanh,115,111,0.0074433274321421975,0.9670807453416149,0.011721049930124133,0.9485714285714286,0.8641702080609888
segment,tanh,115,112,0.007426361111038014,0.9639751552795031,0.011773754251845552,0.9514285714285714,0.9338990987081126
segment,tanh,115,113,0.0074626713207855255,0.9645962732919254,0.011753896698365213,0.9485714285714286,1.0000916376026754
segment,tanh,115,114,0.007356172713686844,0.9664596273291925,0.011662952108142817,0.9485714285714286,1.0021221349557905
segment,tanh,115,115,0.00770260000829203,0.9645962732919254,0.011776085907124041,0.9514285714285714,0.2648357251281652
segment,tanh,115,116,0.01616835990036642,0.9279503105590062,0.018758682703846626,0.92,1.00007318797548
segment,tanh,115,117,0.007666561113078584,0.9633540372670808,0.01221363722698124,0.9514285714285714,1.00011114636245
segment,tanh,115,118,0.007271146273272593,0.9652173913043478,0.011754699942746574,0.9514285714285714,0.4442926046769875
segment,tanh,115,119,0.007261473880662201,0.9652173913043478,0.011704453338232886,0.9514285714285714,0.9844240431955434
segment,tanh,115,120,0.008181473203695578,0.9652173913043478,0.01201268655510734,0.9457142857142857,1.0027135039328852
segment,tanh,115,121,0.00771119000862064,0.9645962732919254,0.011752281093438201,0.9457142857142857,1.0004966588823034
segment,tanh,115,122,0.007265745807481398,0.9670807453416149,0.01144497493442335,0.9485714285714286,1.000270090196454
segment,tanh,115,123,0.01283434618308254,0.9329192546583851,0.017112760104626625,0.9228571428571428,1.0001313063096158
segment,tanh,115,124,0.007092586531376994,0.9677018633540373,0.011539311560616956,0.9514285714285714,0.9600516297503316
segment,tanh,115,125,0.009346212139165564,0.9559006211180124,0.013325670925933494,0.9428571428571428,1.0023215590658434
segment,tanh,115,126,0.00721849962106568,0.9677018633540373,0.011874161393423541,0.9514285714285714,0.9544819350265993
segment,tanh,115,127,0.008316425121730923,0.9633540372670808,0.012516718528207134,0.9485714285714286,1.000615564522556
segment,tanh,115,128,0.007240797772241323,0.9664596273291925,0.011743873780774938,0.9485714285714286,0.0664519491961379
segment,tanh,115,129,0.011152553389633023,0.9453416149068323,0.01561935308864088,0.9342857142857143,1.0023246183724581
segment,tanh,115,130,0.01145332208405801,0.9484472049689441,0.014750031701733958,0.9371428571428572,1.000547873835445
segment,tanh,115,131,0.007262529250638939,0.9658385093167702,0.011527877021530039,0.9485714285714286,1.000549395933794
segment,tanh,115,132,0.0069390537249261145,0.968944099378882,0.011431413799812499,0.9514285714285714,0.8920590992264321
segment,tanh,115,133,0.007144369675510732,0.9670807453416149,0.011465499944544658,0.9485714285714286,0.14934287706848753
segment,tanh,115,134,0.006917018901161585,0.9683229813664597,0.011564746905180858,0.9514285714285714,0.1994498687580433
segment,tanh,115,135,0.0069011163540217075,0.9670807453416149,0.01127365519952839,0.9485714285714286,0.6356316077899699
segment,tanh,115,136,0.007105428621528946,0.9664596273291925,0.011718722567666708,0.9514285714285714,0.9952846743407295
segment,tanh,115,137,0.007948773880832233,0.9633540372670808,0.012705114678002711,0.9514285714285714,0.9969174783974988
segment,tanh,115,138,0.00823532721447345,0.9590062111801242,0.012796675934240862,0.9457142857142857,1.0003177665528242
segment,tanh,115,139,0.02389385951885541,0.8975155279503105,0.026405487954726022,0.8971428571428571,1.0001698026976655
segment,tanh,115,140,0.007473819960549861,0.9695652173913043,0.011545466505427525,0.9457142857142857,1.0000691119015963
segment,tanh,115,141,0.010819522216778637,0.9527950310559006,0.014274325025199125,0.9371428571428572,1.0001297009043901
segment,tanh,115,142,0.006675972493647961,0.9695652173913043,0.011265166442094096,0.9485714285714286,0.8978686719503207
segment,tanh,115,143,0.006932966951052983,0.9683229813664597,0.011512304426471387,0.9514285714285714,1.0000255590099105
segment,tanh,115,144,0.0190871676398297,0.9118012422360249,0.022371645319203482,0.9114285714285715,1.000082606989845
segment,tanh,115,145,0.007300106052659667,0.9658385093167702,0.011711073571701936,0.9457142857142857,1.0000313133143688
segment,tanh,115,146,0.00665771165273547,0.970807453416149,0.011314415878229251,0.9514285714285714,0.6071488825806564
segment,tanh,115,147,0.00670773034087624,0.9701863354037267,0.011226144689665339,0.9457142857142857,1.0000416938242962
segment,tanh,115,148,0.006569521605901813,0.970807453416149,0.011213284802319888,0.9457142857142857,0.05178509266649974
segment,tanh,115,149,0.006589583005694824,0.9720496894409938,0.011356067003549453,0.9514285714285714,0.964979220795864
segment,tanh,115,150,0.008275325909481162,0.9614906832298137,0.012988464601127228,0.9485714285714286,0.9995302452832083
segment,tanh,115,151,0.006558611273399241,0.968944099378882,0.011019777752475292,0.9514285714285714,0.1503635759688594
segment,tanh,115,152,0.010151823741365036,0.9496894409937888,0.014536706890942705,0.9371428571428572,1.016846334988673
segment,tanh,115,153,0.006651336362324814,0.9695652173913043,0.011126399127615323,0.9514285714285714,0.034024535461615095
segment,tanh,115,154,0.006672775806289547,0.9683229813664597,0.011427654918361792,0.9485714285714286,0.08204847608167494
segment,tanh,115,155,0.00696001117517189,0.9701863354037267,0.0117736885043551,0.9485714285714286,0.9990416895650154
segment,tanh,115,156,0.006402835523490443,0.9701863354037267,0.01104445447489336,0.9485714285714286,0.2334567733982674
segment,tanh,115,157,0.007125503024128611,0.9670807453416149,0.011320345592080882,0.9514285714285714,0.993483691143202
segment,tanh,115,158,0.010038661886457455,0.9540372670807453,0.013389153015433876,0.94,1.0000661714308259
segment,tanh,115,159,0.006345526504241912,0.9745341614906833,0.010774371735920385,0.9514285714285714,0.9561481486988499
segment,tanh,115,160,0.01317443141719892,0.9372670807453416,0.01701961012378152,0.9228571428571428,1.0000395237464625
segment,tanh,115,161,0.006239537241813809,0.9745341614906833,0.010849570582504629,0.9514285714285714,0.27679301881042223
segment,tanh,115,162,0.006695510940286293,0.9677018633540373,0.011605606540950147,0.9485714285714286,0.999959538692829
segment,tanh,115,163,0.007162443455949461,0.9670807453416149,0.012160879914847723,0.9457142857142857,1.001106211319417
segment,tanh,115,164,0.022790788542559105,0.9043478260869565,0.02542079287450955,0.9028571428571428,1.0002283124105427
segment,tanh,115,165,0.00621834255390818,0.970807453416149,0.010877011086801894,0.9514285714285714,0.09695874863602397
segment,tanh,115,166,0.006157017978732088,0.9732919254658385,0.010887101596152225,0.9485714285714286,0.821590076358009
segment,tanh,115,167,0.006200207979594608,0.9751552795031055,0.01109420914067133,0.9485714285714286,0.9564454186085685
segment,tanh,115,168,0.006654003515267267,0.968944099378882,0.011004930652439456,0.9514285714285714,0.13334401433704807
segment,tanh,115,169,0.008703786910807984,0.9596273291925466,0.013494136404170045,0.9457142857142857,1.0001992560116542
segment,tanh,115,170,0.006068766184146417,0.9726708074534162,0.010791920590986433,0.9514285714285714,0.6877237330188932
segment,tanh,115,171,0.009478527914212111,0.9540372670807453,0.014209207886700147,0.9371428571428572,1.0000605310384667
segment,tanh,115,172,0.006065492581448436,0.9714285714285714,0.010743874222738006,0.9485714285714286,0.3577960243454513
segment,tanh,115,173,0.006080457626393195,0.9745341614906833,0.010732479498935292,0.9485714285714286,0.38855305657476885
segment,tanh,115,174,0.01167103888288558,0.9422360248447205,0.016042604131832252,0.9257142857142857,1.0000264110980128
segment,tanh,115,175,0.006299520398311202,0.9732919254658385,0.010865480465152587,0.9514285714285714,1.0000193761368776
segment,tanh,115,176,0.0058848078259286524,0.9757763975155279,0.010392993460403387,0.9514285714285714,0.7429697511626656
segment,tanh,115,177,0.0058304745556616,0.9745341614906833,0.010371221505137656,0.9485714285714286,0.6532162657797376
segment,tanh,115,178,0.006662398537420153,0.9701863354037267,0.011204669685293543,0.9457142857142857,0.9992789415422968
segment,tanh,115,179,0.005821958892446334,0.9763975155279503,0.009913274345405277,0.9571428571428572,0.9805395302154799
segment,tanh,115,180,0.00823351410770623,0.9627329192546584,0.012839309086782949,0.9457142857142857,0.9998924522567338
segment,tanh,115,181,0.005932223166834618,0.9745341614906833,0.010561261948352706,0.9485714285714286,0.18477756321066835
segment,tanh,115,182,0.005729942230146753,0.9751552795031055,0.010408589899665257,0.9485714285714286,0.8574117782920623
segment,tanh,115,183,0.006887553310192159,0.9714285714285714,0.011317606268563193,0.9371428571428572,1.00002076655915
segment,tanh,115,184,0.006328273381869406,0.9720496894409938,0.010652979275609108,0.9485714285714286,0.9991182374794075
segment,tanh,115,185,0.005743440464691669,0.9770186335403727,0.010529940592223199,0.9485714285714286,0.22571407644561123
segment,tanh,115,186,0.005525263050291058,0.9770186335403727,0.010573814834422568,0.9485714285714286,0.6899392403643572
segment,tanh,115,187,0.005575964219485057,0.9757763975155279,0.010708240780263402,0.9485714285714286,0.11996055043990062
segment,tanh,115,188,0.006048792664089467,0.9745341614906833,0.011157816985157859,0.9428571428571428,1.0022987326521529
segment,tanh,115,189,0.00671292460972684,0.9763975155279503,0.011154363917470319,0.9457142857142857,1.0000261176673368
segment,tanh,115,190,0.006498001584764969,0.9720496894409938,0.011073862168394535,0.9428571428571428,0.9996493281629263
segment,tanh,115,191,0.013485351641826295,0.9329192546583851,0.017610801541360598,0.92,1.0002098590590176
segment,tanh,115,192,0.01769508035167975,0.9204968944099379,0.020593195735062044,0.9142857142857143,1.0001184810377404
segment,tanh,115,193,0.005464794091115332,0.9782608695652174,0.010733140484748166,0.9485714285714286,0.8693502863424533
segment,tanh,115,194,0.005363862792114227,0.9795031055900622,0.010518541386263918,0.9514285714285714,0.061870838433504514
segment,tanh,115,195,0.005481754706666756,0.977639751552795,0.01077906604231593,0.9514285714285714,0.5674268853526113
segment,tanh,115,196,0.007279780123244252,0.9720496894409938,0.01172358307289819,0.9428571428571428,1.00010752178755
segment,tanh,115,197,0.01668288774062076,0.9260869565217391,0.01984741313520855,0.92,1.0003212396800287
segment,tanh,115,198,0.005232723751736724,0.9795031055900622,0.010384150864259051,0.9514285714285714,1.0001443919737862
segment,tanh,115,199,0.005397546907933746,0.977639751552795,0.01056701716224782,0.9514285714285714,0.7643889318788827
segment,tanh,115,200,0.00526046166767721,0.9782608695652174,0.010582432274453638,0.9542857142857143,0.9915785803507935
segment,tanh,115,201,0.005396707640230864,0.9795031055900622,0.010350729875556545,0.9542857142857143,0.9534346237024363
segment,tanh,115,202,0.005071121722017492,0.9826086956521739,0.010116771418742669,0.9571428571428572,0.07121970160723944
segment,tanh,115,203,0.005229256897290742,0.9826086956521739,0.009874017972681243,0.9571428571428572,1.0002681815950807
segment,tanh,115,204,0.006174970242748724,0.9732919254658385,0.01082037146277045,0.9485714285714286,0.9963078735313559
segment,tanh,115,205,0.005030592752328989,0.9819875776397515,0.010193561353840965,0.9542857142857143,0.34398720922927817
segment,tanh,115,206,0.011044457789055809,0.9490683229813665,0.015527924509892495,0.9257142857142857,1.0000688264110402
segment,tanh,115,207,0.007414688372231165,0.9683229813664597,0.012574312622310959,0.9485714285714286,1.000038275297166
segment,tanh,115,208,0.008693710413709478,0.9627329192546584,0.01285250626132379,0.9457142857142857,1.000076998651726
segment,tanh,115,209,0.005930922441300425,0.9757763975155279,0.010379257366983042,0.9542857142857143,1.0000274084924203
segment,tanh,115,210,0.005106355368212352,0.9788819875776398,0.009807179018838812,0.9514285714285714,0.821707782010493
segment,tanh,115,211,0.004922578258217661,0.9807453416149068,0.00964786174744436,0.9542857142857143,0.9636416878496735
segment,tanh,115,212,0.004876886924767481,0.9819875776397515,0.009659749071776396,0.9514285714285714,0.29062427986175055
segment,tanh,115,213,0.006238485787496084,0.9757763975155279,0.010828180031117445,0.9571428571428572,1.0000490014723011
segment,tanh,115,214,0.0051664209766357026,0.9801242236024845,0.009834161678314125,0.9542857142857143,0.63204421229546
segment,tanh,115,215,0.004857004104184216,0.9813664596273292,0.009617747091922289,0.96,0.9936177178155938
segment,tanh,115,216,0.00533878707605461,0.9770186335403727,0.010167295035460967,0.9457142857142857,0.9983809901474126
segment,tanh,115,217,0.004947530580219934,0.9813664596273292,0.009703994256691167,0.9542857142857143,1.0001024337158884
segment,tanh,115,218,0.006604660579896661,0.9739130434782609,0.01146270132966032,0.96,1.001359524201265
segment,tanh,115,219,0.005271479377871435,0.9795031055900622,0.00988131238742145,0.9514285714285714,0.9973150270181949
segment,tanh,115,220,0.005159010236712645,0.9782608695652174,0.009648688607807774,0.9514285714285714,0.3080343773860004
segment,tanh,115,221,0.004796879726084748,0.9807453416149068,0.009649095312129393,0.9542857142857143,0.9767388455840844
segment,tanh,115,222,0.00501012102389423,0.9801242236024845,0.009795089145141378,0.9514285714285714,0.10985802640370707
segment,tanh,115,223,0.004941026001664571,0.9788819875776398,0.00938679893312995,0.9571428571428572,0.7559895094906331
segment,tanh,115,224,0.004781273699614861,0.9795031055900622,0.009249614360470287,0.9542857142857143,0.030088583270173466
segment,tanh,115,225,0.010149607643595822,0.9590062111801242,0.013438465640399709,0.9371428571428572,1.002548658863306
segment,tanh,115,226,0.005322277349116646,0.9788819875776398,0.009518062889418151,0.9542857142857143,0.9990303606443511
segment,tanh,115,227,0.004678311926449529,0.9807453416149068,0.009409803890363777,0.9514285714285714,0.15799711168639805
segment,tanh,115,228,0.004868118495995384,0.9788819875776398,0.009770156460975012,0.9571428571428572,0.8353540185076624
segment,tanh,115,229,0.00480480230668772,0.9826086956521739,0.009406516215123924,0.9571428571428572,1.0007023383645428
segment,tanh,115,230,0.004583121109366021,0.9813664596273292,0.00916085507875659,0.9542857142857143,0.007717599030363744
segment,tanh,115,231,0.004838192030089443,0.9788819875776398,0.009662582653805327,0.9571428571428572,0.5045790996351704
segment,tanh,115,232,0.0045830968870094685,0.9819875776397515,0.009172034510299472,0.9628571428571429,1.0012167387480344
segment,tanh,115,233,0.004740897407113704,0.9807453416149068,0.009107176638606895,0.9514285714285714,0.0811355422215673
segment,tanh,115,234,0.01011108445513488,0.9596273291925466,0.012641981380430512,0.9428571428571428,1.0000382095265488
segment,tanh,115,235,0.004537836432011574,0.9813664596273292,0.009214038321529477,0.9628571428571429,0.07654485007910561
segment,tanh,115,236,0.006336808749828206,0.9720496894409938,0.01124383642478951,0.9514285714285714,0.9849381882950994
segment,tanh,115,237,0.0050844125807112135,0.977639751552795,0.009451419596916196,0.9514285714285714,0.9994417643714137
segment,tanh,115,238,0.010458242153813399,0.9490683229813665,0.014766821701485291,0.9342857142857143,1.0000785263315142
segment,tanh,115,239,0.004388646693671113,0.9832298136645963,0.009134923813760706,0.9628571428571429,0.26287839151167997
segment,tanh,115,240,0.006279936074090051,0.9732919254658385,0.010299837682377624,0.9514285714285714,0.9674874220448342
segment,tanh,115,241,0.005103022148400754,0.9782608695652174,0.009565321834162165,0.9571428571428572,0.9997910950508779
segment,tanh,115,242,0.00446990251215732,0.9813664596273292,0.009112225948407165,0.9542857142857143,0.42878492397820034
segment,tanh,115,243,0.005144241116865339,0.977639751552795,0.010086516594202464,0.9628571428571429,0.903155747081127
segment,tanh,115,244,0.00917713100219905,0.9583850931677018,0.01219561318708644,0.9428571428571428,1.0073927335869142
segment,tanh,115,245,0.00440346970735029,0.9819875776397515,0.009220391843390147,0.96,0.892010198073241
segment,tanh,115,246,0.007132252274309449,0.9658385093167702,0.012007417789821702,0.9514285714285714,1.0000401230810232
segment,tanh,115,247,0.004459997011328828,0.9832298136645963,0.009191354053399648,0.9571428571428572,1.0000306289811807
segment,tanh,115,248,0.00467378369391299,0.9813664596273292,0.009265574221947594,0.9514285714285714,0.77783680368746
segment,tanh,115,249,0.004282186357750039,0.9826086956521739,0.009100363722610024,0.96,0.7731579362466184
segment,tanh,115,250,0.004319298004404138,0.9832298136645963,0.009149192925825755,0.9571428571428572,0.510949753945654
segment,tanh,115,251,0.010008132909539742,0.9571428571428572,0.012841252660963705,0.9371428571428572,1.0016122849415579
segment,tanh,115,252,0.004354794082963567,0.9813664596273292,0.008978705594669048,0.96,1.000254892641305
segment,tanh,115,253,0.0042492967749901515,0.9813664596273292,0.009008123901847234,0.9657142857142857,0.3551383006704574
segment,tanh,115,254,0.004836966106557329,0.9813664596273292,0.009089404322187578,0.9542857142857143,0.9804102460035331
segment,tanh,115,255,0.004213544116649701,0.9813664596273292,0.008954917542152415,0.9657142857142857,0.5562493061334001
segment,tanh,115,256,0.004476879273783215,0.9807453416149068,0.009569852112399756,0.96,0.992092403259975
segment,tanh,115,257,0.005233928689897748,0.9770186335403727,0.010008175990600613,0.9514285714285714,1.0000200406383286
segment,tanh,115,258,0.005080000683150126,0.9801242236024845,0.010095833044969018,0.9571428571428572,1.0000415280767803
segment,tanh,115,259,0.004202824426060154,0.9819875776397515,0.008984530180240908,0.96,0.05894521091753987
segment,tanh,115,260,0.004327781964073532,0.9807453416149068,0.009149860638860028,0.96,0.8552204445260543
segment,tanh,115,261,0.004490161150996555,0.9795031055900622,0.009465054304707406,0.96,0.7029550666193226
segment,tanh,115,262,0.0044596794642292855,0.9788819875776398,0.009342187430004565,0.96,0.4293960006527118
segment,tanh,115,263,0.006074937565046043,0.9720496894409938,0.011195751425297485,0.9485714285714286,1.008027683382251
segment,tanh,115,264,0.00421194219120808,0.9813664596273292,0.008841594865130992,0.9571428571428572,0.20116650912680586
segment,tanh,115,265,0.004339278416907827,0.9813664596273292,0.009224571455328453,0.9657142857142857,0.6453031679697103
segment,tanh,115,266,0.004137118737606736,0.9819875776397515,0.008860226468309427,0.9628571428571429,0.7120686659217221
segment,tanh,115,267,0.004105539758818192,0.9819875776397515,0.008804935709833093,0.9628571428571429,0.13246831204739973
segment,tanh,115,268,0.004369284573421885,0.9801242236024845,0.008855536986493846,0.9514285714285714,0.41000623252168517
segment,tanh,115,269,0.0047005621235840485,0.9801242236024845,0.009123351556705073,0.9542857142857143,0.9901689033662939
segment,tanh,115,270,0.004405375863839724,0.9807453416149068,0.009136605300084089,0.9542857142857143,0.24217580840309755
segment,tanh,115,271,0.01175421035590106,0.9465838509316771,0.015423325237494368,0.9342857142857143,1.000087743076775
segment,tanh,115,272,0.004066888892507959,0.9819875776397515,0.008627861409396729,0.9657142857142857,0.1391981619406006
segment,tanh,115,273,0.0042846439334535144,0.9807453416149068,0.008728041097979002,0.9571428571428572,0.2528863020706489
segment,tanh,115,274,0.004107149521834491,0.9826086956521739,0.00862933395633437,0.9628571428571429,0.27014126855625725
segment,tanh,115,275,0.004039588595992676,0.9826086956521739,0.00868425487247126,0.9628571428571429,0.9201585620383537
segment,tanh,115,276,0.004480595356528236,0.9801242236024845,0.009813009339889676,0.9571428571428572,0.9999693531700847
segment,tanh,115,277,0.003997316159361241,0.9832298136645963,0.009137338254668446,0.9628571428571429,0.322028278825527
segment,tanh,115,278,0.00443611534260134,0.9788819875776398,0.009555073609176899,0.96,0.11813325825293998
segment,tanh,115,279,0.0040781947235563176,0.9819875776397515,0.008822014233912275,0.96,0.03414890822619551
segment,tanh,115,280,0.004177990767865023,0.9813664596273292,0.00888949832335533,0.9571428571428572,0.06595598922957017
segment,tanh,115,281,0.004010785633825325,0.9832298136645963,0.00897499662632387,0.9628571428571429,0.18719484438535597
segment,tanh,115,282,0.0039281590299691214,0.9832298136645963,0.008734360914599735,0.9657142857142857,0.5646834872261824
segment,tanh,115,283,0.007483166558591678,0.9652173913043478,0.012588395796634056,0.9428571428571428,1.0000863548487209
segment,tanh,115,284,0.0040838197691941735,0.9819875776397515,0.008700264092958591,0.96,0.8757852979947763
segment,tanh,115,285,0.003914651514752356,0.9832298136645963,0.008642633191857098,0.9628571428571429,0.9411081065928315
segment,tanh,115,286,0.004427286563127162,0.9795031055900622,0.009497198069186374,0.96,1.0002046025409312
segment,tanh,115,287,0.0040047985236271845,0.984472049689441,0.009016760675178885,0.96,0.9721726861033738
segment,tanh,115,288,0.009192035345863782,0.9596273291925466,0.011708477023212559,0.9457142857142857,1.000454740177003
segment,tanh,115,289,0.004413208354012561,0.9807453416149068,0.008689084699715336,0.9542857142857143,0.4406952395680331
segment,tanh,115,290,0.0039628999014556104,0.9832298136645963,0.008481848650546157,0.9628571428571429,0.9452837484372654
segment,tanh,115,291,0.0040697233857482544,0.9832298136645963,0.008702779347887752,0.9571428571428572,0.8779367545996498
segment,tanh,115,292,0.004230067553999613,0.9795031055900622,0.008651683076128161,0.9542857142857143,0.43305778017777163
segment,tanh,115,293,0.0038975830711293043,0.9832298136645963,0.008540297889718293,0.9628571428571429,0.024792109607752993
segment,tanh,115,294,0.003912716381852858,0.9832298136645963,0.008600264829249329,0.9628571428571429,1.0002271472792597
segment,tanh,115,295,0.0038960084642024966,0.9838509316770186,0.00873533576179396,0.9628571428571429,0.012830951592352258
segment,tanh,115,296,0.0038740285209792782,0.9832298136645963,0.008581350605779291,0.9628571428571429,0.6525027106169983
segment,tanh,115,297,0.003988238542171371,0.9819875776397515,0.008970081656072588,0.96,0.04795614318366781
segment,tanh,115,298,0.0038702666445223854,0.9838509316770186,0.008636072259701269,0.9628571428571429,0.0432302903264621
segment,tanh,115,299,0.0038328930834958482,0.9832298136645963,0.008447840643508758,0.9628571428571429,0.03174207557208083
segment,tanh,115,300,0.0038469834584238007,0.984472049689441,0.00857301221470324,0.9657142857142857,0.613712625246019
segment,tanh,115,301,0.004363876527314661,0.9788819875776398,0.008726939072245931,0.9542857142857143,0.207288523279382
segment,tanh,115,302,0.003802197546242044,0.9832298136645963,0.008642867680954297,0.9628571428571429,0.32375562304967187
segment,tanh,115,303,0.004040625394486991,0.9832298136645963,0.008524866766200978,0.9571428571428572,0.14536253394728238
segment,tanh,115,304,0.0038582295276304275,0.9838509316770186,0.008677407364131433,0.9628571428571429,1.0003217184903057
segment,tanh,115,305,0.004085436974551191,0.9819875776397515,0.008588982475829657,0.9628571428571429,1.0002303632822096
segment,tanh,115,306,0.0038303910717833504,0.9838509316770186,0.008636441089360335,0.96,0.4245406341238293
segment,tanh,115,307,0.0037607763729126382,0.9838509316770186,0.008447312408241231,0.9628571428571429,0.5275363927883423
segment,tanh,115,308,0.004490197864553883,0.9788819875776398,0.008750179812282754,0.9542857142857143,0.010209679083623227
segment,tanh,115,309,0.0037681490131102093,0.9832298136645963,0.008355003149159953,0.96,0.9284693557890642
segment,tanh,115,310,0.005762212892694153,0.9807453416149068,0.009891315017567409,0.9485714285714286,1.0002929080557053
segment,tanh,115,311,0.003812119092860758,0.9838509316770186,0.008469362758630089,0.9628571428571429,0.006880457004439399
segment,tanh,115,312,0.00409355143571249,0.9826086956521739,0.00914377090755187,0.9571428571428572,0.833135890772651
segment,tanh,115,313,0.004220620244563115,0.9813664596273292,0.008659493363241379,0.9542857142857143,0.02194065584098078
segment,tanh,115,314,0.008964338924670955,0.9571428571428572,0.013544803117146198,0.9371428571428572,0.995491898848485
segment,tanh,115,315,0.00430577813525076,0.9801242236024845,0.00876045681342428,0.9514285714285714,0.9662767418546366
segment,tanh,115,316,0.004249914263924107,0.9795031055900622,0.008378428519455059,0.96,0.9990311348598414
segment,tanh,115,317,0.016463129198702343,0.929192546583851,0.018991592049429667,0.9228571428571428,1.0002116818141331
segment,tanh,115,318,0.0037980377500953354,0.9832298136645963,0.008602592317340037,0.9628571428571429,0.0498276934568023
segment,tanh,115,319,0.0036729277645049206,0.9832298136645963,0.008354180768070768,0.96,0.21949396209775204
segment,tanh,115,320,0.0037266708630158377,0.9826086956521739,0.008524458573500105,0.9628571428571429,0.04682539225955629
segment,tanh,115,321,0.010523971075713987,0.9540372670807453,0.012588195172349334,0.9371428571428572,1.000277870393001
segment,tanh,115,322,0.003928611609450555,0.9832298136645963,0.00868761760954643,0.9628571428571429,0.20593249223774962
segment,tanh,115,323,0.004171043860555957,0.9807453416149068,0.00860942251517463,0.9542857142857143,0.017654774066494267
segment,tanh,115,324,0.003967415812951335,0.9819875776397515,0.0083210113253497,0.9542857142857143,0.15406326884702118
segment,tanh,115,325,0.003776474151901943,0.9826086956521739,0.00833661126482444,0.96,1.0000639814861243
segment,tanh,115,326,0.0037019170920496143,0.9832298136645963,0.008259784165948305,0.96,0.4821131966086508
segment,tanh,115,327,0.003916584748127555,0.9813664596273292,0.008964155053772406,0.9571428571428572,0.9081189149855434
segment,tanh,115,328,0.0036741210243725125,0.9826086956521739,0.008238127895470973,0.96,0.1926193731111486
segment,tanh,115,329,0.0040912299206353345,0.9819875776397515,0.008975545530342466,0.96,0.014484542984356969
segment,tanh,115,330,0.00372511475741359,0.9832298136645963,0.00836561471430994,0.96,0.23411413138329842
segment,tanh,115,331,0.0038195237197424245,0.9813664596273292,0.008322527939131224,0.9571428571428572,0.05230527366587363
segment,tanh,115,332,0.003690239646989367,0.9838509316770186,0.008418293834277337,0.9628571428571429,0.42381511961664664
segment,tanh,115,333,0.0038694820787866864,0.9838509316770186,0.008447414868436606,0.9628571428571429,1.0000113159061113
segment,tanh,115,334,0.003781806337333702,0.9838509316770186,0.00859282371131638,0.96,0.017497533786642976
segment,tanh,115,335,0.0037484983066162704,0.9819875776397515,0.008340184110326073,0.9571428571428572,0.6223015988769568
segment,tanh,115,336,0.004018387911541477,0.9813664596273292,0.008417583625112517,0.9542857142857143,0.01877549800144063
segment,tanh,115,337,0.0038031138233527283,0.9832298136645963,0.008637679950423704,0.96,0.1406444746366297
segment,tanh,115,338,0.00370920034457446,0.984472049689441,0.00835224056406445,0.9628571428571429,0.33848745933050073
segment,tanh,115,339,0.003760583676011277,0.984472049689441,0.008326984143689438,0.9657142857142857,0.9983165162497788
segment,tanh,115,340,0.004124925374732454,0.9819875776397515,0.008281740838396865,0.96,0.97982782350815
segment,tanh,115,341,0.0035693142526070877,0.9838509316770186,0.008256566698437788,0.96,0.29781393090831254
segment,tanh,115,342,0.0036262577621578285,0.9838509316770186,0.008437379559313004,0.96,0.2305532484347878
segment,tanh,115,343,0.004587617224455413,0.9782608695652174,0.00966895818596075,0.9571428571428572,1.0001525548584123
segment,tanh,115,344,0.003733409023736487,0.9826086956521739,0.008609918278012444,0.9628571428571429,0.12076820259467932
segment,tanh,115,345,0.0035931351399098948,0.9850931677018634,0.00830547358325007,0.9628571428571429,0.6524109426374731
segment,tanh,115,346,0.0035520430784669824,0.984472049689441,0.008192310828702176,0.9628571428571429,0.9147638704947854
segment,tanh,115,347,0.00371583854169191,0.9832298136645963,0.008155110381153118,0.9628571428571429,0.07754561885431924
segment,tanh,115,348,0.003707721852517595,0.9826086956521739,0.008296213735448735,0.96,1.0000206272137655
segment,tanh,115,349,0.0038510129378144485,0.9826086956521739,0.008302240572206587,0.9571428571428572,0.8994248279630686
segment,tanh,115,350,0.0035219179524577002,0.984472049689441,0.008262807754979996,0.9628571428571429,0.7754783454240161
segment,log,100,1,0.11208952865584967,0.42795031055900623,0.11223840510862763,0.42857142857142855,1.0075927934958344
segment,log,100,2,0.09013626662172135,0.5012422360248447,0.0898179948168671,0.52,0.9253226667807936
segment,log,100,3,0.06823321096969104,0.6683229813664596,0.06666375777325542,0.6742857142857143,0.8378302230684213
segment,log,100,4,0.062115029407514885,0.6254658385093168,0.06095706456836735,0.6342857142857142,0.8993352467394685
segment,log,100,5,0.0641876624635323,0.6608695652173913,0.06285806983068104,0.6628571428571428,0.8515814275158847
segment,log,100,6,0.047775053815758715,0.7677018633540372,0.045990668805352804,0.7685714285714286,0.7820283528793924
segment,log,100,7,0.04355596352811341,0.7838509316770186,0.04158101561599679,0.8142857142857143,0.6944869602264542
segment,log,100,8,0.03867089475561783,0.7931677018633541,0.03668128868322261,0.8028571428571428,0.7210455873641538
segment,log,100,9,0.03791789332584284,0.7937888198757764,0.03597421445055419,0.8028571428571428,0.6860909102259034
segment,log,100,10,0.033386645053845226,0.8614906832298137,0.032430356271098956,0.8742857142857143,0.7447253219264695
segment,log,100,11,0.03176203890218311,0.8559006211180125,0.03106924665836922,0.8742857142857143,0.5881371394979369
segment,log,100,12,0.025532886121578762,0.9062111801242236,0.024983526750165377,0.9142857142857143,0.5730264411576503
segment,log,100,13,0.02528852243944021,0.9037267080745341,0.024696962765353974,0.9057142857142857,0.4906101118559321
segment,log,100,14,0.026902041388078935,0.9236024844720497,0.028098428240773292,0.9057142857142857,0.5780258348027256
segment,log,100,15,0.03357295147315479,0.8577639751552795,0.035734343681359595,0.8342857142857143,0.7373165608170066
segment,log,100,16,0.022723675777398256,0.9080745341614906,0.02314503795010916,0.9085714285714286,0.6806199452578321
segment,log,100,17,0.021235420118733566,0.924223602484472,0.02221185409593175,0.9257142857142857,0.6862363739061349
segment,log,100,18,0.019512511764782702,0.9347826086956522,0.02004338165217781,0.9257142857142857,0.7146749771091297
segment,log,100,19,0.018521827683666423,0.9341614906832298,0.019406153487495165,0.9314285714285714,0.3829328036006466
segment,log,100,20,0.019999478890747015,0.9173913043478261,0.020388155105831078,0.92,0.5323779085265761
segment,log,100,21,0.02193472828830887,0.9217391304347826,0.024078927358747407,0.9057142857142857,0.6968589675196919
segment,log,100,22,0.018001015779838616,0.9285714285714286,0.01859561487298619,0.9314285714285714,0.594001517914082
segment,log,100,23,0.01727098527802817,0.9354037267080745,0.018298705459294674,0.9285714285714286,0.49270396921030407
segment,log,100,24,0.01743592864988142,0.9335403726708075,0.018572977387336407,0.9257142857142857,0.7570160577751002
segment,log,100,25,0.017822896963746962,0.9298136645962732,0.019549532660444645,0.9314285714285714,0.7553992133381771
segment,log,100,26,0.019488198893237264,0.9298136645962732,0.021991961982851686,0.9257142857142857,0.6183977353904855
segment,log,100,27,0.016779533647972536,0.9335403726708075,0.017964504371224703,0.9228571428571428,0.5467804419548093
segment,log,100,28,0.017181944472368562,0.9354037267080745,0.01908897047254665,0.9285714285714286,0.5771528133491405
segment,log,100,29,0.016220255771350903,0.9354037267080745,0.017201213422775502,0.9285714285714286,0.5867512483228681
segment,log,100,30,0.0172581633282469,0.9316770186335404,0.01953017622307144,0.9314285714285714,0.6736210325160638
segment,log,100,31,0.018830925001953186,0.9279503105590062,0.021732250235028592,0.9285714285714286,0.5934497700676306
segment,log,100,32,0.015731633819862468,0.9354037267080745,0.017163939911667613,0.9228571428571428,0.2951753637425709
segment,log,100,33,0.015420009190182786,0.937888198757764,0.017460636430456658,0.9314285714285714,0.5918287193214691
segment,log,100,34,0.01742618214373499,0.9360248447204969,0.020183431386486712,0.9342857142857143,0.6719848405241938
segment,log,100,35,0.015697846420993762,0.9341614906832298,0.016867109654552122,0.9285714285714286,0.588870626733776
segment,log,100,36,0.015582093934880959,0.9341614906832298,0.01670973324203686,0.9285714285714286,0.5288589021972453
segment,log,100,37,0.01603834835399661,0.9285714285714286,0.016920894985521955,0.9285714285714286,0.7054724518862184
segment,log,100,38,0.014615296304412027,0.9385093167701863,0.016590722063652998,0.9342857142857143,0.48513969824298436
segment,log,100,39,0.01437874304763029,0.9403726708074535,0.016123348768786412,0.9314285714285714,0.33032472509123784
segment,log,100,40,0.014275868424280266,0.937888198757764,0.015955333760215757,0.9257142857142857,0.3480099176777341
segment,log,100,41,0.014270931816126578,0.9409937888198758,0.016124980535993715,0.9314285714285714,0.49312663714601634
segment,log,100,42,0.01439931942329398,0.9397515527950311,0.01657575163002349,0.9314285714285714,0.6585066798263168
segment,log,100,43,0.015539232848287154,0.9316770186335404,0.016616157081873174,0.9285714285714286,0.6869329933889962
segment,log,100,44,0.015414086928235916,0.9366459627329192,0.017790577720662924,0.9285714285714286,0.5817760712380727
segment,log,100,45,0.017964546127905344,0.9173913043478261,0.01850629011350448,0.9171428571428571,0.6814729730954059
segment,log,100,46,0.018821124136414735,0.915527950310559,0.02159811350542867,0.9028571428571428,0.6669222077814971
segment,log,100,47,0.0135630632411338,0.9434782608695652,0.01564800844315004,0.9371428571428572,0.4674660598011593
segment,log,100,48,0.013377166159619418,0.9440993788819876,0.0154089851211433,0.94,0.552794031061177
segment,log,100,49,0.016893220547369605,0.9217391304347826,0.017444011027752667,0.9171428571428571,0.6752892422010887
segment,log,100,50,0.01346210425112089,0.9434782608695652,0.015703195677338577,0.9371428571428572,0.4569747406098469
segment,log,100,51,0.013420202526428327,0.9422360248447205,0.015459376414043371,0.9342857142857143,0.5580703568611467
segment,log,100,52,0.013342515156621375,0.9391304347826087,0.015069180388578088,0.9285714285714286,0.4203232738859568
segment,log,100,53,0.013219611326254432,0.9397515527950311,0.014978158133724067,0.9314285714285714,0.29490916045014864
segment,log,100,54,0.013357339617021536,0.9416149068322981,0.01498213196850157,0.9342857142857143,0.6239102970863524
segment,log,100,55,0.014253211228997711,0.9416149068322981,0.016737577532626502,0.9285714285714286,0.5495976703203035
segment,log,100,56,0.014925751966162491,0.9347826086956522,0.016023787673882225,0.9257142857142857,0.5735031033255292
segment,log,100,57,0.013389637827603159,0.9472049689440993,0.015710018543123042,0.9342857142857143,0.5316427894734695
segment,log,100,58,0.012634158864959527,0.9478260869565217,0.015008843164802653,0.94,0.5626481229977645
segment,log,100,59,0.012840863898586798,0.9409937888198758,0.014656665578832507,0.9314285714285714,0.27907550609998477
segment,log,100,60,0.01259971981759958,0.9403726708074535,0.0145007417062135,0.9314285714285714,0.44926314254548516
segment,log,100,61,0.012188921738502043,0.9490683229813665,0.01421716507842299,0.94,0.2233830883929975
segment,log,100,62,0.012675504303879395,0.9434782608695652,0.014441833495301428,0.9371428571428572,0.12993929968569642
segment,log,100,63,0.012785671977804006,0.94472049689441,0.015109550272664462,0.9314285714285714,0.6346984805807058
segment,log,100,64,0.012148774046868488,0.9440993788819876,0.013988783035092172,0.9342857142857143,0.4330406959393046
segment,log,100,65,0.011868770595099271,0.9503105590062112,0.01399489150295373,0.94,0.22321668784890902
segment,log,100,66,0.012538498221878601,0.9490683229813665,0.01492050265002584,0.94,0.32436332122632583
segment,log,100,67,0.011848827753493994,0.9484472049689441,0.013934603150291046,0.94,0.4993270383653948
segment,log,100,68,0.011713162221361198,0.9509316770186336,0.01401340153374508,0.94,0.40260280134140897
segment,log,100,69,0.012702816692648312,0.9490683229813665,0.015158474903327482,0.9371428571428572,0.5963100943837265
segment,log,100,70,0.0297641328318905,0.8658385093167702,0.0320200391449056,0.86,0.7965998332406096
segment,log,100,71,0.011796719770784463,0.9459627329192547,0.013760801922371927,0.9342857142857143,0.6080357251626296
segment,log,100,72,0.012623576879113646,0.9490683229813665,0.01487436331338821,0.9342857142857143,0.5387261048071154
segment,log,100,73,0.01146219779160824,0.9496894409937888,0.013528573246216086,0.9371428571428572,0.14948998018584098
segment,log,100,74,0.0119961834268798,0.9472049689440993,0.01407377433658101,0.9342857142857143,0.5283455593322894
segment,log,100,75,0.01146600716905868,0.9478260869565217,0.013458458667462054,0.9342857142857143,0.2914164356647141
segment,log,100,76,0.011216884134230902,0.9552795031055901,0.013373853199531924,0.9428571428571428,0.4036899228890273
segment,log,100,77,0.011343132367169098,0.9478260869565217,0.013343137256229497,0.9371428571428572,0.19954333864403864
segment,log,100,78,0.011418106083542226,0.9478260869565217,0.013515660656958386,0.9314285714285714,0.23178479557534706
segment,log,100,79,0.01108891893665217,0.9559006211180124,0.013418766202785211,0.9428571428571428,0.472424004645869
segment,log,100,80,0.011104104235771363,0.9521739130434783,0.013530766951484504,0.9371428571428572,0.39172658379554
segment,log,100,81,0.010935278120078091,0.9515527950310559,0.013259295062076862,0.9371428571428572,0.2825931018903362
segment,log,100,82,0.010894308353812271,0.9527950310559006,0.01330479319848965,0.9371428571428572,0.23307520641794297
segment,log,100,83,0.011030690158032567,0.9509316770186336,0.01343015840227028,0.9342857142857143,0.6345588323004973
segment,log,100,84,0.011359285912187985,0.9552795031055901,0.013994652092828574,0.94,0.09976416858562856
segment,log,100,85,0.011183670581142958,0.9484472049689441,0.013547432210891035,0.9342857142857143,0.5071195279686606
segment,log,100,86,0.011823441830709904,0.9565217391304348,0.01471391936679152,0.94,0.6503387800314836
segment,log,100,87,0.0115777183575287,0.9472049689440993,0.013562199363559192,0.9314285714285714,0.5566325030151399
segment,log,100,88,0.012852324485801897,0.9484472049689441,0.01551368233264881,0.9371428571428572,0.5287576029418067
segment,log,100,89,0.01090018751776261,0.9583850931677018,0.013507430126092653,0.9428571428571428,0.5147826805107941
segment,log,100,90,0.011022262570684617,0.9515527950310559,0.01320126343666506,0.9371428571428572,0.5924663116015694
segment,log,100,91,0.010441943854440793,0.953416149068323,0.012789723126718238,0.9342857142857143,0.2848936357524057
segment,log,100,92,0.01031633541271691,0.9596273291925466,0.012844912373292595,0.9371428571428572,0.11726489058459
segment,log,100,93,0.012841050672321242,0.9440993788819876,0.014534349564377802,0.9428571428571428,0.6200974045124293
segment,log,100,94,0.010276175092928016,0.9559006211180124,0.012631215911950783,0.94,0.2869713377172084
segment,log,100,95,0.010415173314670336,0.9527950310559006,0.012701842900120185,0.9371428571428572,0.46251950354823945
segment,log,100,96,0.011023869696322647,0.9521739130434783,0.013026052975730767,0.9428571428571428,0.6085288759736013
segment,log,100,97,0.01010041361583884,0.9602484472049689,0.012565934037401753,0.94,0.3867294536422576
segment,log,100,98,0.010577882123538676,0.9546583850931677,0.013018721036152443,0.9485714285714286,0.5675088125521268
segment,log,100,99,0.010259315590197975,0.9571428571428572,0.012536005603886295,0.9428571428571428,0.6053423679610971
segment,log,100,100,0.011812252961915513,0.9490683229813665,0.013329104025849367,0.9428571428571428,0.6951476399397597
segment,log,100,101,0.010534354904088689,0.9527950310559006,0.012680755211615448,0.9428571428571428,0.49141626992681947
segment,log,100,102,0.010294576875662534,0.9546583850931677,0.012576821648415993,0.9371428571428572,0.5556844777189553
segment,log,100,103,0.010812825888577293,0.9546583850931677,0.01343763394285155,0.9428571428571428,0.39099874431072384
segment,log,100,104,0.010982223869270754,0.9546583850931677,0.012904290927368217,0.9428571428571428,0.6890362885900949
segment,log,100,105,0.009789965181459456,0.9627329192546584,0.012257905491655991,0.9457142857142857,0.35849168814868937
segment,log,100,106,0.011317593603125143,0.9496894409937888,0.013613865115726135,0.94,0.5691839452002798
segment,log,100,107,0.009786453618975541,0.9571428571428572,0.012272925056315958,0.9428571428571428,0.40487602514682286
segment,log,100,108,0.009825324461042116,0.9577639751552796,0.012040935430877694,0.9428571428571428,0.4552037835361667
segment,log,100,109,0.00963662448597162,0.9590062111801242,0.011824125826727224,0.9428571428571428,0.6797115878134252
segment,log,100,110,0.010073871092754224,0.9614906832298137,0.012513366126108606,0.9485714285714286,0.47975952742080574
segment,log,100,111,0.012645523131091595,0.9422360248447205,0.014943791636380682,0.9342857142857143,0.5907053882656416
segment,log,100,112,0.009696611501582882,0.9577639751552796,0.011902781023174143,0.9428571428571428,0.40288265342413243
segment,log,100,113,0.009396127527512893,0.9608695652173913,0.01178556749289978,0.9428571428571428,0.2929132068895137
segment,log,100,114,0.01230551076516036,0.9416149068322981,0.014810644282958727,0.9314285714285714,0.6414844944136947
segment,log,100,115,0.00972325842986047,0.9627329192546584,0.012298402003535491,0.9457142857142857,0.2516272632286947
segment,log,100,116,0.009315023334040301,0.9602484472049689,0.011713432184162584,0.9457142857142857,0.6840711436568322
segment,log,100,117,0.009791567567180791,0.962111801242236,0.012138867876319431,0.9457142857142857,0.5522894219597212
segment,log,100,118,0.009725001025153676,0.9614906832298137,0.012489020579831965,0.9485714285714286,0.41175613382901743
segment,log,100,119,0.010944749586827009,0.9509316770186336,0.013528232914990284,0.94,0.6214730968681338
segment,log,100,120,0.010506507730089727,0.9602484472049689,0.013333363397266079,0.9457142857142857,0.513718694994095
segment,log,100,121,0.009228707679774604,0.9627329192546584,0.011773228738392767,0.9457142857142857,0.3008409410298082
segment,log,100,122,0.009265417803131976,0.9590062111801242,0.011500889301645764,0.9457142857142857,0.3738477801230968
segment,log,100,123,0.009047966433815318,0.9608695652173913,0.011365436619505783,0.9457142857142857,0.18693084949580752
segment,log,100,124,0.009232501455867318,0.9633540372670808,0.011632245445522686,0.9485714285714286,0.32858896573212804
segment,log,100,125,0.008977987072036522,0.9614906832298137,0.011279950318901602,0.9457142857142857,0.16126871763063758
segment,log,100,126,0.00897452678983813,0.9602484472049689,0.011272688506355332,0.9457142857142857,0.18103332113684628
segment,log,100,127,0.01231366678446253,0.9428571428571428,0.014577915379732001,0.9342857142857143,0.6143002092076016
segment,log,100,128,0.008967726242967466,0.9633540372670808,0.011243941574375475,0.9485714285714286,0.19204221716320222
segment,log,100,129,0.008901065297985416,0.9602484472049689,0.01120966862675665,0.9457142857142857,0.3283935395909869
segment,log,100,130,0.010770187818076638,0.9490683229813665,0.013102089235463297,0.9428571428571428,0.44208721927090144
segment,log,100,131,0.009702135415709882,0.9590062111801242,0.01222799742401859,0.9485714285714286,0.3884436729286683
segment,log,100,132,0.009925522457182352,0.9602484472049689,0.012290363004190752,0.9485714285714286,0.520784460794232
segment,log,100,133,0.009873309753603005,0.9590062111801242,0.011670460732821287,0.9485714285714286,0.667828033686616
segment,log,100,134,0.008759549305626255,0.9652173913043478,0.011023799664497272,0.9485714285714286,0.2406982174836524
segment,log,100,135,0.008716063596163838,0.9627329192546584,0.01101901430616388,0.9457142857142857,0.44994627088839745
segment,log,100,136,0.015816026622827495,0.9260869565217391,0.017963489454126073,0.9257142857142857,0.6744192031728674
segment,log,100,137,0.008948751253060081,0.9602484472049689,0.011092940161738682,0.9514285714285714,0.4136744082312538
segment,log,100,138,0.008990868925529631,0.9633540372670808,0.011218948783125971,0.9457142857142857,0.6142840141012598
segment,log,100,139,0.00977748419324441,0.9590062111801242,0.011558875318641224,0.9542857142857143,0.5366906002627543
segment,log,100,140,0.008633728256696893,0.9652173913043478,0.011050311059388303,0.9485714285714286,0.3555855619678446
segment,log,100,141,0.010403990812775954,0.9527950310559006,0.012789302432105068,0.94,0.489268223269827
segment,log,100,142,0.008793083436498369,0.9652173913043478,0.011003918154520693,0.9485714285714286,0.16630305098805842
segment,log,100,143,0.011712966634392674,0.9428571428571428,0.013912908658428832,0.9371428571428572,0.5569427121602079
segment,log,100,144,0.00885943826945793,0.9639751552795031,0.01117051238469937,0.9485714285714286,0.4069761187524058
segment,log,100,145,0.00934591973177381,0.9583850931677018,0.011017296295118753,0.9485714285714286,0.6182937110875016
segment,log,100,146,0.01014801946979691,0.9596273291925466,0.01236808864938213,0.9514285714285714,0.5580202232660891
segment,log,100,147,0.008392031180842136,0.9652173913043478,0.010592162628207641,0.9485714285714286,0.501105194465569
segment,log,100,148,0.008375248751550735,0.962111801242236,0.010608966863483773,0.9457142857142857,0.3080878362615677
segment,log,100,149,0.00871990503543932,0.9614906832298137,0.010807768894023682,0.9457142857142857,0.6115236997465635
segment,log,100,150,0.008617977527029969,0.9639751552795031,0.010637784060127884,0.9514285714285714,0.5773378883114045
segment,log,100,151,0.00870740989775238,0.9633540372670808,0.011177777454795085,0.9485714285714286,0.4158860992143328
segment,log,100,152,0.010964353154988966,0.9472049689440993,0.01321758877947754,0.9371428571428572,0.43905110797483615
segment,log,100,153,0.009457583277423388,0.9590062111801242,0.011610409144378437,0.9457142857142857,0.6690310147690499
segment,log,100,154,0.008204755352627591,0.9658385093167702,0.010448758137448303,0.9457142857142857,0.1012318868260976
segment,log,100,155,0.008545741177400383,0.9645962732919254,0.010967637760796954,0.9428571428571428,0.24048877543173544
segment,log,100,156,0.008820372081045405,0.962111801242236,0.010655992836982701,0.9542857142857143,0.5587260615607997
segment,log,100,157,0.009557653108297462,0.9571428571428572,0.011846928286255254,0.9457142857142857,0.4946852593260618
segment,log,100,158,0.00819441383294794,0.9639751552795031,0.010345516289457733,0.9485714285714286,0.37413852028388533
segment,log,100,159,0.008255352447356427,0.9658385093167702,0.010866166937011569,0.9485714285714286,0.44203960912143436
segment,log,100,160,0.008142504239631611,0.9677018633540373,0.010433753580323717,0.9514285714285714,0.4860903173843309
segment,log,100,161,0.008648450659227973,0.9614906832298137,0.011038758637909036,0.9457142857142857,0.5883437783200716
segment,log,100,162,0.008544726970193563,0.962111801242236,0.010928067214288822,0.9457142857142857,0.199784448923887
segment,log,100,163,0.007949983593250847,0.9658385093167702,0.010156375338118638,0.9457142857142857,0.36718306738204903
segment,log,100,164,0.007934680913023188,0.9670807453416149,0.010212692792601336,0.9485714285714286,0.39718209581311503
segment,log,100,165,0.0082683304021298,0.9658385093167702,0.010681109148784597,0.9542857142857143,0.548226355040989
segment,log,100,166,0.008499928235703516,0.9658385093167702,0.0109107572505616,0.9485714285714286,0.5270361727237706
segment,log,100,167,0.008385669454809234,0.9645962732919254,0.010659539832349112,0.9485714285714286,0.5665901505920502
segment,log,100,168,0.00933122485376607,0.9645962732919254,0.011773722479593513,0.9485714285714286,0.6489913529609993
segment,log,100,169,0.007860094264862946,0.9683229813664597,0.010327452975000014,0.9485714285714286,0.14651095838360456
segment,log,100,170,0.007781473994398779,0.968944099378882,0.01012915979137474,0.9485714285714286,0.10347690305263085
segment,log,100,171,0.009944345574807091,0.9571428571428572,0.011285645908193514,0.96,0.4955514268778202
segment,log,100,172,0.008430302027278925,0.9633540372670808,0.010916453396862355,0.9485714285714286,0.45536571259754777
segment,log,100,173,0.00816663689117147,0.9683229813664597,0.010067592243396336,0.96,0.5627962852122784
segment,log,100,174,0.00781880487464594,0.9664596273291925,0.010064222378844016,0.9485714285714286,0.5566841683246812
segment,log,100,175,0.009148117118955596,0.9596273291925466,0.010797504042462798,0.9628571428571429,0.6607239239815699
segment,log,100,176,0.007863128432755244,0.9677018633540373,0.010279727278974395,0.9485714285714286,0.3178720730568827
segment,log,100,177,0.007622899138655821,0.9695652173913043,0.00986106530579172,0.9485714285714286,0.30396522354150074
segment,log,100,178,0.007643028003258945,0.9695652173913043,0.009640998446228448,0.9542857142857143,0.5714791612504663
segment,log,100,179,0.007568171009712156,0.9683229813664597,0.009719057857575724,0.9485714285714286,0.08748237990014338
segment,log,100,180,0.01020635931955884,0.9496894409937888,0.012371156327066302,0.9371428571428572,0.5062814010061585
segment,log,100,181,0.007535325703040274,0.970807453416149,0.009756199511438756,0.9485714285714286,0.30191559835364956
segment,log,100,182,0.00816653377326073,0.9658385093167702,0.009967103047809086,0.9571428571428572,0.5435999266863023
segment,log,100,183,0.007479037875317784,0.970807453416149,0.009539956368607612,0.9485714285714286,0.28728304501212776
segment,log,100,184,0.007980633593925885,0.9714285714285714,0.009897555975807064,0.9514285714285714,0.629275237245006
segment,log,100,185,0.009134712577363459,0.9565217391304348,0.011363173964046644,0.9428571428571428,0.5199432029428783
segment,log,100,186,0.007456589431439086,0.9720496894409938,0.009440760881141395,0.9514285714285714,0.20635297050008533
segment,log,100,187,0.007543291337812365,0.9695652173913043,0.00951808649316735,0.9514285714285714,0.2538618303231859
segment,log,100,188,0.007671444313223803,0.968944099378882,0.009590016569433098,0.9571428571428572,0.48096613225653884
segment,log,100,189,0.0073665289523702415,0.9720496894409938,0.009427065840517146,0.9485714285714286,0.2988078550758445
segment,log,100,190,0.0072679199478435435,0.9732919254658385,0.009414246081389653,0.9514285714285714,0.10870299740826209
segment,log,100,191,0.00724488866995089,0.9732919254658385,0.009334268351828557,0.9514285714285714,0.10275764359511663
segment,log,100,192,0.007677756614413397,0.9677018633540373,0.009577648487146874,0.9628571428571429,0.4223395496359506
segment,log,100,193,0.00724815836266851,0.9726708074534162,0.009311717616158682,0.9514285714285714,0.11681130205653943
segment,log,100,194,0.007175858009758798,0.9732919254658385,0.00934950111154511,0.9542857142857143,0.13822499923148973
segment,log,100,195,0.007578758996143672,0.9695652173913043,0.009864757860735781,0.9457142857142857,0.5373850642385469
segment,log,100,196,0.007259417522893385,0.9726708074534162,0.009262788979257995,0.9514285714285714,0.22269986159637212
segment,log,100,197,0.007314277260305762,0.9732919254658385,0.00940117567193542,0.9542857142857143,0.4021294206937962
segment,log,100,198,0.007164798530508642,0.9714285714285714,0.009416804343689057,0.9457142857142857,0.5929929448315145
segment,log,100,199,0.007658502560805994,0.9670807453416149,0.009980333957714261,0.9485714285714286,0.5171500228631599
segment,log,100,200,0.0070496999205818455,0.9726708074534162,0.00920613419055444,0.9514285714285714,0.3612987555622953
segment,log,100,201,0.007200179554544892,0.9714285714285714,0.009561939992330723,0.9485714285714286,0.38675430684021533
segment,log,100,202,0.007061084196627483,0.9714285714285714,0.00938163001901976,0.9514285714285714,0.41173790087895495
segment,log,100,203,0.011092594989444147,0.9440993788819876,0.0125482469694142,0.9485714285714286,0.6120725157049217
segment,log,100,204,0.007147447303868491,0.9745341614906833,0.009393593541011687,0.9571428571428572,0.4786747322274713
segment,log,100,205,0.006995013301573851,0.9757763975155279,0.009219024358485753,0.9514285714285714,0.30310401405447884
segment,log,100,206,0.007132999243674363,0.9726708074534162,0.009292130261944899,0.9514285714285714,0.33419852977704867
segment,log,100,207,0.006924408184920218,0.9745341614906833,0.009193404844081585,0.9514285714285714,0.13692320909183886
segment,log,100,208,0.0068815673863537995,0.9739130434782609,0.009198315337177567,0.9542857142857143,0.23579202470456603
segment,log,100,209,0.009510204988101435,0.953416149068323,0.011815054651134907,0.94,0.5158183207100842
segment,log,100,210,0.006923955440910751,0.9757763975155279,0.009035911868844901,0.9514285714285714,0.36005405017696135
segment,log,100,211,0.007463877014917807,0.9714285714285714,0.009817200338071222,0.9542857142857143,0.40630153082411535
segment,log,100,212,0.0068858119177847114,0.9739130434782609,0.009071276353309612,0.9514285714285714,0.14714821938388656
segment,log,100,213,0.007702452568740493,0.9683229813664597,0.009678738641101338,0.9571428571428572,0.5874692591051969
segment,log,100,214,0.007935522155444984,0.968944099378882,0.010250572205513092,0.9542857142857143,0.4781408794682169
segment,log,100,215,0.0067389083530283445,0.9732919254658385,0.008918885817057368,0.9514285714285714,0.12078532464174954
segment,log,100,216,0.006791279818494313,0.9751552795031055,0.009073141006859029,0.9571428571428572,0.16378954036451224
segment,log,100,217,0.006795644482506566,0.9763975155279503,0.00899288193082787,0.9514285714285714,0.3395793678305612
segment,log,100,218,0.007157287934151999,0.970807453416149,0.009474259551404513,0.9571428571428572,0.4356006522770169
segment,log,100,219,0.006681449697232802,0.9763975155279503,0.008791554869253058,0.9542857142857143,0.16593563159056074
segment,log,100,220,0.006688071250782971,0.977639751552795,0.00879118399805744,0.9571428571428572,0.6632022701132371
segment,log,100,221,0.006682186788623655,0.9782608695652174,0.00880061662200061,0.9571428571428572,0.16938553463010775
segment,log,100,222,0.006930243311639103,0.9720496894409938,0.00927637392495586,0.9571428571428572,0.37461710607377163
segment,log,100,223,0.006616221543764063,0.9763975155279503,0.008864233514617787,0.96,0.019762995602992783
segment,log,100,224,0.006840780399112347,0.9745341614906833,0.008882868446595926,0.9571428571428572,0.5055730932305523
segment,log,100,225,0.006724438692716867,0.9757763975155279,0.00905648598598886,0.9542857142857143,0.31333963896633477
segment,log,100,226,0.006874779092294922,0.9757763975155279,0.008781466241348974,0.9571428571428572,0.37238394128036145
segment,log,100,227,0.006542389778642066,0.977639751552795,0.00879002211587838,0.9571428571428572,0.08738228298647378
segment,log,100,228,0.006476378330425238,0.9757763975155279,0.008753647185182062,0.9542857142857143,0.11733327599497821
segment,log,100,229,0.006902932763054962,0.9751552795031055,0.009307732010395876,0.9542857142857143,0.4048739593041841
segment,log,100,230,0.006795362675018559,0.9732919254658385,0.009267447176659786,0.9571428571428572,0.43443545552421614
segment,log,100,231,0.007473937655710314,0.9739130434782609,0.009619393690098914,0.96,0.6123582604952936
segment,log,100,232,0.007960134080911523,0.9652173913043478,0.009383696109415082,0.9628571428571429,0.4992253358454436
segment,log,100,233,0.006411130430667368,0.9770186335403727,0.008486987119161566,0.9571428571428572,0.09588364298393323
segment,log,100,234,0.006726856955154454,0.9732919254658385,0.00862844167798876,0.9571428571428572,0.5728430085786983
segment,log,100,235,0.006594054476913616,0.9763975155279503,0.008622873528311295,0.9571428571428572,0.27328791586277934
segment,log,100,236,0.006404112790488391,0.9770186335403727,0.00866475955784695,0.96,0.5865145356978854
segment,log,100,237,0.0075785712913664545,0.9701863354037267,0.010143170450217455,0.9542857142857143,0.5466887532050368
segment,log,100,238,0.006588454044275619,0.9732919254658385,0.009053127766775255,0.9571428571428572,0.2054639177987189
segment,log,100,239,0.006429881488211339,0.9745341614906833,0.008850771943875587,0.9571428571428572,0.32140813601146134
segment,log,100,240,0.00644173001588263,0.9739130434782609,0.008845511719229114,0.9542857142857143,0.1515117525078849
segment,log,100,241,0.006233559415416266,0.9782608695652174,0.00852363327017121,0.9571428571428572,0.10377206383202002
segment,log,100,242,0.0063128330860287366,0.9763975155279503,0.008556353223694642,0.9542857142857143,0.4071900452314235
segment,log,100,243,0.007596432153703479,0.970807453416149,0.009393585480203444,0.96,0.6421908117236373
segment,log,100,244,0.006199950376954059,0.9782608695652174,0.008489899462422968,0.9571428571428572,0.1370251041548272
segment,log,100,245,0.006288321352906096,0.9770186335403727,0.008447434153001008,0.9542857142857143,0.3343912790359731
segment,log,100,246,0.007968523132783388,0.9652173913043478,0.009421273944215184,0.9571428571428572,0.49997232850290246
segment,log,100,247,0.006300412051915267,0.9745341614906833,0.008713565066250907,0.9571428571428572,0.4273617779087711
segment,log,100,248,0.009179154521699357,0.9571428571428572,0.011388072910311537,0.9428571428571428,0.5994334926111179
segment,log,100,249,0.006422671229282974,0.9745341614906833,0.008402291811515429,0.9571428571428572,0.17441881029530817
segment,log,100,250,0.006162308946879731,0.9770186335403727,0.008349023371538613,0.9542857142857143,0.24129560791093932
segment,log,100,251,0.00606612122524075,0.977639751552795,0.008352489490907184,0.9571428571428572,0.3081607860874714
segment,log,100,252,0.006068074655452935,0.977639751552795,0.008406024349738972,0.9571428571428572,0.027175428045253712
segment,log,100,253,0.006027350570346878,0.9770186335403727,0.008340913378045146,0.9542857142857143,0.20555387414956597
segment,log,100,254,0.006609833366063876,0.9732919254658385,0.008525930118149908,0.9571428571428572,0.36903545076236655
segment,log,100,255,0.0070201875965234355,0.9739130434782609,0.009501744291068035,0.9542857142857143,0.4258343107749517
segment,log,100,256,0.005997421532783547,0.9757763975155279,0.008379368553269085,0.9542857142857143,0.2844166246426284
segment,log,100,257,0.005974246272884961,0.977639751552795,0.00829915645862335,0.9542857142857143,0.10030430775277893
segment,log,100,258,0.005993295586965552,0.9757763975155279,0.008375510669191618,0.9571428571428572,0.3787691028412665
segment,log,100,259,0.006004480826833944,0.9782608695652174,0.008351990580220887,0.9542857142857143,0.15600942834046966
segment,log,100,260,0.006101527093452125,0.977639751552795,0.008435660420603976,0.9542857142857143,0.5976370767249826
segment,log,100,261,0.008395142146720854,0.9577639751552796,0.010686885735980253,0.9457142857142857,0.5031228856563436
segment,log,100,262,0.00652806272199303,0.9726708074534162,0.00905704855792011,0.9571428571428572,0.37486559024925575
segment,log,100,263,0.005908422135862248,0.9770186335403727,0.008364931319799275,0.9571428571428572,0.18360199544766606
segment,log,100,264,0.006146374487161399,0.9757763975155279,0.008258764308417134,0.96,0.3322194955855614
segment,log,100,265,0.005998978714415298,0.977639751552795,0.008194403004840235,0.9571428571428572,0.2726074224338352
segment,log,100,266,0.006199039851287333,0.9757763975155279,0.008534868253456765,0.9542857142857143,0.43756298899422985
segment,log,100,267,0.005830509053012706,0.977639751552795,0.008277648117361133,0.9542857142857143,0.23756807200395091
segment,log,100,268,0.005848611593309352,0.9788819875776398,0.00837841939265359,0.9571428571428572,0.11801547287279464
segment,log,100,269,0.005881483463235364,0.977639751552795,0.008416709217490409,0.9542857142857143,0.18768774330715196
segment,log,100,270,0.007975853706975322,0.9614906832298137,0.010558201407969394,0.9485714285714286,0.4487385330095747
segment,log,100,271,0.00579349653567935,0.9770186335403727,0.00832629236962234,0.9542857142857143,0.3509305285335048
segment,log,100,272,0.005853761898073083,0.9782608695652174,0.00818188394908581,0.9542857142857143,0.5694215597385253
segment,log,100,273,0.005735772072164286,0.9782608695652174,0.008171208192803378,0.9571428571428572,0.20340015420736618
segment,log,100,274,0.006182956363942081,0.9732919254658385,0.008292405071822193,0.96,0.4458380048910637
segment,log,100,275,0.005917453938192762,0.9757763975155279,0.008565962132742274,0.9542857142857143,0.4635305038911315
segment,log,100,276,0.005700093074346406,0.9770186335403727,0.008244070156659332,0.9571428571428572,0.2880303075120758
segment,log,100,277,0.00632681381421713,0.9732919254658385,0.008483034096961111,0.96,0.43150287487278705
segment,log,100,278,0.005655918666520933,0.977639751552795,0.008281535463783537,0.9571428571428572,0.09774722901712639
segment,log,100,279,0.005860262716463755,0.977639751552795,0.008191941573259571,0.96,0.01713504547548385
segment,log,100,280,0.005756271418527545,0.977639751552795,0.00827500264694819,0.9571428571428572,0.46428510645609217
segment,log,100,281,0.005720656769943853,0.977639751552795,0.0081677571447659,0.9571428571428572,0.29025560953579854
segment,log,100,282,0.00643051704889754,0.9720496894409938,0.008508049418648807,0.9571428571428572,0.44322691321572605
segment,log,100,283,0.005586275347082895,0.977639751552795,0.00817373641849021,0.9571428571428572,0.1587058137292345
segment,log,100,284,0.006012143967364617,0.977639751552795,0.008887718510777432,0.9628571428571429,0.5086518322945623
segment,log,100,285,0.0057258409667234585,0.9782608695652174,0.008547099279626064,0.9628571428571429,0.4926399215968932
segment,log,100,286,0.005634169441245688,0.977639751552795,0.008408277069689891,0.9542857142857143,0.14564024392545757
segment,log,100,287,0.00565464587447061,0.9770186335403727,0.008230814980115927,0.9571428571428572,0.3977025873040972
segment,log,100,288,0.005554529927682716,0.9782608695652174,0.00814952179866392,0.9571428571428572,0.34098586239680584
segment,log,100,289,0.006097563537309353,0.9751552795031055,0.008236727042429547,0.9628571428571429,0.3218293844940111
segment,log,100,290,0.0055689941212065785,0.9782608695652174,0.008187324058007433,0.96,0.48756294928900823
segment,log,100,291,0.005486047724992122,0.9795031055900622,0.007968036780757746,0.96,0.056147371310912575
segment,log,100,292,0.0055747834282506865,0.9782608695652174,0.008231025865770075,0.9571428571428572,0.5755281528643035
segment,log,100,293,0.005627038446036674,0.9801242236024845,0.00814882402558979,0.96,0.3964625304090095
segment,log,100,294,0.005533103404619221,0.9788819875776398,0.008153037611660707,0.9571428571428572,0.2720502912729771
segment,log,100,295,0.006302324272497049,0.9751552795031055,0.008413569383039972,0.96,0.35173537379444253
segment,log,100,296,0.005553689141229077,0.9782608695652174,0.00804004327552731,0.9571428571428572,0.1673063514548078
segment,log,100,297,0.007082308855619901,0.9677018633540373,0.008943171677946974,0.9628571428571429,0.4383228038857666
segment,log,100,298,0.005436296562698662,0.9782608695652174,0.008259734172192638,0.9571428571428572,0.3112617224254321
segment,log,100,299,0.009876851927453757,0.9509316770186336,0.012286958250736202,0.9371428571428572,0.5139628948184576
segment,log,100,300,0.005379816733128608,0.9795031055900622,0.008164766586628621,0.96,0.08834056074734095
segment,log,100,301,0.01089999909347702,0.9440993788819876,0.013177447021530559,0.9314285714285714,0.5208940827787918
segment,log,100,302,0.006681751218385795,0.9732919254658385,0.008755874714490451,0.9628571428571429,0.5977471736159398
segment,log,100,303,0.005373451627616405,0.9788819875776398,0.008233303520115512,0.9571428571428572,0.27325728107968583
segment,log,100,304,0.005368465188170252,0.9819875776397515,0.00816165695839638,0.9628571428571429,0.5846465749819598
segment,log,100,305,0.008780581932705903,0.9552795031055901,0.011439865339003603,0.94,0.5677679156768463
segment,log,100,306,0.005336893565315951,0.9801242236024845,0.008178394636657408,0.96,0.13344469075108722
segment,log,100,307,0.00549663582213695,0.9801242236024845,0.008152872173992895,0.96,0.1134125714218152
segment,log,100,308,0.005447344197772958,0.9795031055900622,0.008123788064439242,0.96,0.10606301939553608
segment,log,100,309,0.005268507345070938,0.9801242236024845,0.00815735829133779,0.9571428571428572,0.22127726326067615
segment,log,100,310,0.005426006322810439,0.9801242236024845,0.008221391616750126,0.96,0.5184257552381001
segment,log,100,311,0.005267583170767275,0.9788819875776398,0.00816347942103009,0.9542857142857143,0.029711246762413532
segment,log,100,312,0.007934566703417517,0.962111801242236,0.01088893297584848,0.9485714285714286,0.5659241799700128
segment,log,100,313,0.005219774678768965,0.9813664596273292,0.00808131758237589,0.9571428571428572,0.23458801272107163
segment,log,100,314,0.00626737372248412,0.9745341614906833,0.009295399390145407,0.9542857142857143,0.3835616276182813
segment,log,100,315,0.005278595153106643,0.9813664596273292,0.008222906260823558,0.9571428571428572,0.09688329682827286
segment,log,100,316,0.005306819407877906,0.9795031055900622,0.008313994567864691,0.9571428571428572,0.1914099067034477
segment,log,100,317,0.005497958523019481,0.9801242236024845,0.008155208319622813,0.9571428571428572,0.20523753107758816
segment,log,100,318,0.005179603313408903,0.9826086956521739,0.008141307607119836,0.9571428571428572,0.11213808776844834
segment,log,100,319,0.0052204930875226945,0.9807453416149068,0.008165374491358283,0.9542857142857143,0.054072436086268015
segment,log,100,320,0.005145324073235655,0.9819875776397515,0.00809128318705771,0.9571428571428572,0.09878993063687783
segment,log,100,321,0.005145345075883142,0.9813664596273292,0.008116930309963619,0.9571428571428572,0.07023967439309202
segment,log,100,322,0.0052183148017619346,0.9801242236024845,0.008245838195842181,0.9571428571428572,0.11174264624188227
segment,log,100,323,0.005207222784233816,0.9807453416149068,0.008227149780912928,0.9571428571428572,0.15222243080972023
segment,log,100,324,0.005112846434798899,0.9819875776397515,0.008030674988367176,0.9571428571428572,0.1794308331988285
segment,log,100,325,0.005384227505388475,0.9813664596273292,0.00801699704129602,0.96,0.4835801807331522
segment,log,100,326,0.005221751213886251,0.9813664596273292,0.008042671388203209,0.9571428571428572,0.18829220793313617
segment,log,100,327,0.005086373250783504,0.9813664596273292,0.008120056537443934,0.9571428571428572,0.24044902826254613
segment,log,100,328,0.005668528730760342,0.9770186335403727,0.008828338617684901,0.9514285714285714,0.3662759870475822
segment,log,100,329,0.008215581341463999,0.9652173913043478,0.009919092309032203,0.9628571428571429,0.5548357802026608
segment,log,100,330,0.006670219129854091,0.970807453416149,0.00859668831802017,0.9571428571428572,0.5462164379581118
segment,log,100,331,0.0051255632214031056,0.9826086956521739,0.008168485227437685,0.9542857142857143,0.11984551159257233
segment,log,100,332,0.005162649445434534,0.9801242236024845,0.007937225951714456,0.96,0.31832889627271754
segment,log,100,333,0.005184793875552056,0.9826086956521739,0.008146926224403475,0.9571428571428572,0.4141491581046033
segment,log,100,334,0.005193825907726287,0.9813664596273292,0.008286201747362831,0.96,0.2810031304218882
segment,log,100,335,0.005050981595127416,0.9813664596273292,0.008087206905208841,0.9571428571428572,0.11040332913806968
segment,log,100,336,0.005048229976962305,0.9813664596273292,0.008033966755448747,0.96,0.04718331128633944
segment,log,100,337,0.007100585181951443,0.9683229813664597,0.008843661311602117,0.96,0.5626980183617144
segment,log,100,338,0.004985546006469124,0.9826086956521739,0.007948907163212794,0.9571428571428572,0.3824048196332209
segment,log,100,339,0.005375026334036249,0.9801242236024845,0.008138569035387429,0.9628571428571429,0.47190934242270405
segment,log,100,340,0.005080209481149711,0.9801242236024845,0.007934320257977754,0.96,0.5620830504231498
segment,log,100,341,0.00506260435614856,0.9813664596273292,0.007978783672321552,0.9657142857142857,0.3893886334474335
segment,log,100,342,0.008382062125772857,0.9596273291925466,0.011060718227747247,0.9457142857142857,0.5010479357924333
segment,log,100,343,0.0057724246253452694,0.9757763975155279,0.008959889123748293,0.96,0.2436990406649023
segment,log,100,344,0.004999494993827038,0.9819875776397515,0.00793771947345774,0.9628571428571429,0.2864077757669074
segment,log,100,345,0.0049706806690673275,0.9826086956521739,0.007940689960577183,0.96,0.24344406290448825
segment,log,100,346,0.004987503625782373,0.9813664596273292,0.007908994199171118,0.96,0.11135219330193882
segment,log,100,347,0.004927276949461929,0.9819875776397515,0.008025674208704186,0.96,0.12654679591732726
segment,log,100,348,0.0050004488954141935,0.9807453416149068,0.0078982469407234,0.96,0.13835591439645742
segment,log,100,349,0.004890564913268889,0.9819875776397515,0.007906375363923749,0.96,0.22821361772096024
segment,log,100,350,0.005122681339619426,0.9807453416149068,0.008291609565783727,0.9571428571428572,0.42510677484786435
segment,log,101,1,0.12126048841775822,0.2850931677018634,0.1203200753131287,0.2857142857142857,1.000158089765565
segment,log,101,2,0.11729284991707152,0.31801242236024846,0.11601427324358699,0.3314285714285714,0.9048219570529096
segment,log,101,3,0.07916153236327599,0.5440993788819876,0.07769978191851763,0.5657142857142857,0.9347362712690022
segment,log,101,4,0.07371806236655955,0.5987577639751552,0.07293874928831857,0.6085714285714285,0.867199325302803
segment,log,101,5,0.06808559664103146,0.6242236024844721,0.06835728175112527,0.6342857142857142,0.8906563756405117
segment,log,101,6,0.06665931583000821,0.6267080745341614,0.06680987395926503,0.6285714285714286,0.9392583486660212
segment,log,101,7,0.06500794051317245,0.6322981366459627,0.0658424499720004,0.6285714285714286,0.9111875747971566
segment,log,101,8,0.06701903944194731,0.6180124223602484,0.06743128615640659,0.62,0.9286154145379321
segment,log,101,9,0.061113925942885755,0.6403726708074534,0.06185486725709819,0.6428571428571429,0.8462117836197383
segment,log,101,10,0.0625440066966928,0.6354037267080745,0.0638073479246337,0.6285714285714286,0.7909907857639186
segment,log,101,11,0.07287619581276114,0.7229813664596273,0.07429336264612159,0.7342857142857143,0.8226608917804483
segment,log,101,12,0.045816846043058274,0.7708074534161491,0.04707283346117635,0.7657142857142857,0.9194388245790203
segment,log,101,13,0.042655755528426126,0.7639751552795031,0.042983006548922974,0.7657142857142857,0.8033809102402086
segment,log,101,14,0.04374664319731819,0.7807453416149068,0.04552779350769965,0.78,0.7905464238461056
segment,log,101,15,0.03878668021083227,0.8236024844720496,0.03919812034274052,0.8371428571428572,0.7424403968571262
segment,log,101,16,0.02103689728802996,0.915527950310559,0.021386141439495816,0.9171428571428571,0.4662476017590439
segment,log,101,17,0.01962546051456851,0.9229813664596274,0.020258747058472963,0.92,0.3974243311641256
segment,log,101,18,0.019049225684530824,0.9298136645962732,0.020764101188342994,0.92,0.6733472818766806
segment,log,101,19,0.018558258108497303,0.9267080745341615,0.019410642047060965,0.9228571428571428,0.6671047294731521
segment,log,101,20,0.01883801061129409,0.922360248447205,0.019390782070358863,0.9171428571428571,0.7649775390513903
segment,log,101,21,0.0176739427442386,0.9329192546583851,0.018738511851211184,0.9285714285714286,0.6514902608178833
segment,log,101,22,0.017650591664233137,0.9335403726708075,0.01933806621033936,0.9228571428571428,0.6621283756520228
segment,log,101,23,0.01764683845653804,0.929192546583851,0.018599574890720356,0.9285714285714286,0.6792655738612956
segment,log,101,24,0.01750147611529648,0.9298136645962732,0.018859921727026836,0.9285714285714286,0.5350457051503789
segment,log,101,25,0.017037781443495232,0.9298136645962732,0.017930985776540183,0.9285714285714286,0.5577995775248782
segment,log,101,26,0.016556109768338646,0.9360248447204969,0.017954619880481013,0.9228571428571428,0.4845522535392082
segment,log,101,27,0.016454785033342446,0.9347826086956522,0.017834634850780243,0.9228571428571428,0.6000965645918054
segment,log,101,28,0.016484674296181213,0.9304347826086956,0.017585358781078815,0.9285714285714286,0.4708786835051389
segment,log,101,29,0.016236579275907968,0.9316770186335404,0.017217954832927554,0.9285714285714286,0.4524114514038356
segment,log,101,30,0.01615991225070716,0.9360248447204969,0.01736733275487571,0.9314285714285714,0.5999782479885059
segment,log,101,31,0.016263615887028893,0.9397515527950311,0.017795580771746835,0.9371428571428572,0.5887683541660279
segment,log,101,32,0.01568495731797011,0.9391304347826087,0.017201252838138115,0.9285714285714286,0.5309587718037785
segment,log,101,33,0.015595353737816661,0.9335403726708075,0.017113160755696025,0.92,0.680608352057994
segment,log,101,34,0.015555146676976283,0.9422360248447205,0.017379294319587527,0.9314285714285714,0.5843814562355368
segment,log,101,35,0.015063240158883127,0.9403726708074535,0.016783041233010495,0.9342857142857143,0.28761501985540566
segment,log,101,36,0.0157406197678241,0.9422360248447205,0.017586335377777942,0.9342857142857143,0.44297327102196116
segment,log,101,37,0.015098596120155851,0.9347826086956522,0.01649691488060808,0.9314285714285714,0.6880922587538048
segment,log,101,38,0.014894759630337867,0.9341614906832298,0.01626540428759053,0.9257142857142857,0.4493691908715883
segment,log,101,39,0.015046353564055205,0.9397515527950311,0.016662798303851832,0.9314285714285714,0.691014587462527
segment,log,101,40,0.014836183005665537,0.9366459627329192,0.016531431737483244,0.9257142857142857,0.5811423778559544
segment,log,101,41,0.014351982493646233,0.9422360248447205,0.015974971672697166,0.9371428571428572,0.4593414774959312
segment,log,101,42,0.014503079310077174,0.9409937888198758,0.016713872240795333,0.94,0.7072533259943681
segment,log,101,43,0.01588302675605085,0.9422360248447205,0.01758160653403366,0.9342857142857143,0.6455103251486962
segment,log,101,44,0.01510643477218413,0.9341614906832298,0.016250579570661613,0.9285714285714286,0.5751377543136461
segment,log,101,45,0.014307727824010071,0.9440993788819876,0.01596393521270184,0.9314285714285714,0.572088795368915
segment,log,101,46,0.0141053497509303,0.9459627329192547,0.015989951393098473,0.9342857142857143,0.6859554247201167
segment,log,101,47,0.013823050210317897,0.9385093167701863,0.015468673436725661,0.9285714285714286,0.3570776084828198
segment,log,101,48,0.014500181188415484,0.9354037267080745,0.015852538366921333,0.9257142857142857,0.6210371640547204
segment,log,101,49,0.014432229343375876,0.9459627329192547,0.01643671627303261,0.9314285714285714,0.5754484716754497
segment,log,101,50,0.01523096831610339,0.9403726708074535,0.017298383207674677,0.9314285714285714,0.5925047898128981
segment,log,101,51,0.013483960011505968,0.9391304347826087,0.015271705132189962,0.9314285714285714,0.31896493551218524
segment,log,101,52,0.013323807783644764,0.9403726708074535,0.015099943714045211,0.9314285714285714,0.624763622934534
segment,log,101,53,0.01445320109757868,0.9403726708074535,0.016384858335449753,0.9285714285714286,0.7145353130973302
segment,log,101,54,0.01336948811907854,0.937888198757764,0.015098594097014872,0.9285714285714286,0.6300069571164946
segment,log,101,55,0.013100237255112198,0.9496894409937888,0.015012060993462568,0.94,0.5469140533089596
segment,log,101,56,0.012800518051002184,0.9490683229813665,0.01470729041428787,0.94,0.3288577906744125
segment,log,101,57,0.012681290491062851,0.94472049689441,0.014557563177365887,0.94,0.3629506624083753
segment,log,101,58,0.01333303985456278,0.9397515527950311,0.01515685090004595,0.9314285714285714,0.5985062918958468
segment,log,101,59,0.012917855383295878,0.9428571428571428,0.014788265551712526,0.9342857142857143,0.7280985615476878
segment,log,101,60,0.015091965554162895,0.9304347826086956,0.016357605695864648,0.9257142857142857,0.6966904953955003
segment,log,101,61,0.012521880321404548,0.9453416149068323,0.01431868387645188,0.94,0.2521849172567199
segment,log,101,62,0.012279562848316994,0.9478260869565217,0.014317722654873192,0.9371428571428572,0.30733073862268795
segment,log,101,63,0.012355003849252841,0.9453416149068323,0.014369647273880626,0.94,0.5077464290492832
segment,log,101,64,0.01303038618759075,0.9521739130434783,0.014876995635951065,0.9485714285714286,0.6177227508595442
segment,log,101,65,0.012082041698784294,0.9490683229813665,0.01388678119098696,0.9428571428571428,0.3272171743437405
segment,log,101,66,0.01266153557250732,0.9478260869565217,0.014452230446451452,0.9371428571428572,0.6850367775508687
segment,log,101,67,0.012972234044576541,0.9484472049689441,0.015119905633428554,0.9428571428571428,0.5364520602334092
segment,log,101,68,0.012944153329746784,0.94472049689441,0.01482931196066703,0.94,0.6876308844531834
segment,log,101,69,0.01402159319905016,0.9372670807453416,0.016234086809348625,0.9314285714285714,0.6056145247266962
segment,log,101,70,0.011882036337789895,0.9540372670807453,0.013985598521338953,0.9428571428571428,0.6108094105618855
segment,log,101,71,0.011895605238752724,0.9496894409937888,0.013803596346615885,0.9428571428571428,0.6461670339985138
segment,log,101,72,0.011758365542598364,0.9515527950310559,0.013913509219011458,0.9457142857142857,0.703594186908466
segment,log,101,73,0.013901653131888311,0.9329192546583851,0.015191547292234524,0.9285714285714286,0.5947862140713591
segment,log,101,74,0.013735388035814559,0.9372670807453416,0.01600499962758342,0.9285714285714286,0.620694294945959
segment,log,101,75,0.011409610591738346,0.9527950310559006,0.013630946101533307,0.9457142857142857,0.27096586436903736
segment,log,101,76,0.012718691608771331,0.9453416149068323,0.014965511304724604,0.9342857142857143,0.6531832379259759
segment,log,101,77,0.011438042808585035,0.9559006211180124,0.013809866058225477,0.9457142857142857,0.7092361407583745
segment,log,101,78,0.011208114315599335,0.9527950310559006,0.013599776771506677,0.9485714285714286,0.6787413806956905
segment,log,101,79,0.01278783445142403,0.9416149068322981,0.014666996828439856,0.9285714285714286,0.5343767309931283
segment,log,101,80,0.011067074643846745,0.9527950310559006,0.013351004418887194,0.9457142857142857,0.2694002798928096
segment,log,101,81,0.010954934056337757,0.9521739130434783,0.0131936526658015,0.9457142857142857,0.4161276474719373
segment,log,101,82,0.010942019254532774,0.9527950310559006,0.01319269533811471,0.9428571428571428,0.5812603317035075
segment,log,101,83,0.01131428236527783,0.9552795031055901,0.013609331550394597,0.9457142857142857,0.4232912054193281
segment,log,101,84,0.010899944649236448,0.9546583850931677,0.013137020420622916,0.9457142857142857,0.38497287491140253
segment,log,101,85,0.01079808887054062,0.9540372670807453,0.01307504731062047,0.9428571428571428,0.6112476164673514
segment,log,101,86,0.011670953390112015,0.9490683229813665,0.013921738584520227,0.9457142857142857,0.6297575039320565
segment,log,101,87,0.011867639124300246,0.9484472049689441,0.013868152031824104,0.9342857142857143,0.5033538727631472
segment,log,101,88,0.01160746543114995,0.9559006211180124,0.013873112883898801,0.9457142857142857,0.5700139589674087
segment,log,101,89,0.010719211261821113,0.9552795031055901,0.012840979333542706,0.9457142857142857,0.3044356507488022
segment,log,101,90,0.011557967034586336,0.9515527950310559,0.013842690015668506,0.94,0.5302214592387555
segment,log,101,91,0.010450354395587357,0.9546583850931677,0.012690303834950567,0.9428571428571428,0.12308461617086164
segment,log,101,92,0.010388564672463936,0.9565217391304348,0.012691958795969283,0.9457142857142857,0.4044714073027954
segment,log,101,93,0.01065042594344617,0.9559006211180124,0.012964492330743947,0.9428571428571428,0.19284881198501622
segment,log,101,94,0.011546378611721997,0.9496894409937888,0.013460705439346174,0.9371428571428572,0.5313244310887967
segment,log,101,95,0.011070334568100587,0.9552795031055901,0.013205443731566081,0.9485714285714286,0.5724332022736183
segment,log,101,96,0.0123778981256465,0.9409937888198758,0.014574498049790344,0.9314285714285714,0.5323485545291605
segment,log,101,97,0.010196645772390014,0.9583850931677018,0.012320526370659736,0.9457142857142857,0.3110361221583518
segment,log,101,98,0.011097063524375311,0.9527950310559006,0.013054995054492306,0.9542857142857143,0.0720485132461721
segment,log,101,99,0.012053884210071527,0.9409937888198758,0.014008545482191692,0.9342857142857143,0.6542867972722702
segment,log,101,100,0.010238388673347055,0.9602484472049689,0.012672023177800397,0.9514285714285714,0.6093065107200794
segment,log,101,101,0.010428541349033805,0.9577639751552796,0.012507292164203423,0.9514285714285714,0.6061050955925533
segment,log,101,102,0.0100138975138105,0.9602484472049689,0.012266043427898901,0.9485714285714286,0.3309091254401449
segment,log,101,103,0.00992268177254431,0.9571428571428572,0.012099159414708132,0.9514285714285714,0.3857067126356219
segment,log,101,104,0.010858435083097187,0.9527950310559006,0.012909432106134426,0.9485714285714286,0.5333008609292152
segment,log,101,105,0.009801470160049126,0.9565217391304348,0.012060152847441025,0.9485714285714286,0.33999118197187556
segment,log,101,106,0.010718940432521596,0.9546583850931677,0.012831778554558837,0.9485714285714286,0.4015610976229445
segment,log,101,107,0.009879431213823035,0.9602484472049689,0.01215587808003587,0.9542857142857143,0.2777750307547812
segment,log,101,108,0.009700968165784023,0.9571428571428572,0.01196071832971235,0.9514285714285714,0.6880640561474137
segment,log,101,109,0.009776996164634183,0.9596273291925466,0.012012566335846556,0.9514285714285714,0.33458044137545334
segment,log,101,110,0.009885423850441435,0.9614906832298137,0.012157040414819686,0.9485714285714286,0.5930020562949211
segment,log,101,111,0.010779086887630109,0.9608695652173913,0.012899592339538935,0.9457142857142857,0.596116739502801
segment,log,101,112,0.009517215434543327,0.9596273291925466,0.011741394290073775,0.9542857142857143,0.245267167449434
segment,log,101,113,0.009841522080751067,0.9596273291925466,0.012109968261974368,0.9514285714285714,0.4067473272742887
segment,log,101,114,0.00954121213280893,0.9608695652173913,0.011688980776049797,0.9571428571428572,0.3665492069016534
segment,log,101,115,0.009452272581564792,0.9596273291925466,0.011711761481262732,0.9542857142857143,0.2926056064647721
segment,log,101,116,0.009490392340742405,0.9602484472049689,0.011929694546214849,0.9514285714285714,0.45756304131206904
segment,log,101,117,0.009384404573133831,0.9602484472049689,0.011698627330817706,0.9542857142857143,0.3175115243767711
segment,log,101,118,0.011120695766693252,0.9472049689440993,0.013464892379785019,0.9485714285714286,0.5878340832848927
segment,log,101,119,0.009477083814024302,0.9614906832298137,0.011928860832748201,0.9514285714285714,0.28778560867995673
segment,log,101,120,0.010080223780691323,0.9590062111801242,0.012234319123009289,0.9514285714285714,0.43989686919698234
segment,log,101,121,0.009456738265106126,0.9614906832298137,0.011859529293359905,0.9514285714285714,0.3716648191021098
segment,log,101,122,0.009406908144858716,0.9596273291925466,0.011770051321994192,0.9571428571428572,0.45165123221255377
segment,log,101,123,0.009370966072134492,0.962111801242236,0.011817183156260696,0.9514285714285714,0.2498080873020561
segment,log,101,124,0.009998759535487007,0.9608695652173913,0.012348864545199291,0.9485714285714286,0.7198511296010911
segment,log,101,125,0.00916771654450455,0.9614906832298137,0.011576909096222531,0.9485714285714286,0.1976969006696984
segment,log,101,126,0.009142259294216413,0.9602484472049689,0.011576081231773784,0.9514285714285714,0.175874425528222
segment,log,101,127,0.009311930168038775,0.962111801242236,0.011683612498985278,0.9485714285714286,0.3088367389261836
segment,log,101,128,0.009050132594504802,0.9596273291925466,0.01149607982089766,0.9514285714285714,0.2420125566991854
segment,log,101,129,0.010242810288197351,0.9596273291925466,0.012587011640463712,0.9485714285714286,0.619255791689184
segment,log,101,130,0.009016625505305638,0.9608695652173913,0.011413177697664268,0.9485714285714286,0.3395536892872816
segment,log,101,131,0.009588409201848634,0.9596273291925466,0.011890825948998951,0.9457142857142857,0.5769427225897689
segment,log,101,132,0.00911201859512029,0.9614906832298137,0.011566237790080652,0.9485714285714286,0.492653825057791
segment,log,101,133,0.010183096969541854,0.9527950310559006,0.0125719309190305,0.9428571428571428,0.7127515866455195
segment,log,101,134,0.008943705437811079,0.962111801242236,0.011311306976309526,0.9485714285714286,0.5826821348021837
segment,log,101,135,0.01048971737152284,0.9509316770186336,0.0129693131886286,0.9457142857142857,0.680473280871921
segment,log,101,136,0.014312772541798444,0.9298136645962732,0.016754036008745924,0.9228571428571428,0.6425373875368364
segment,log,101,137,0.008841138840177563,0.9608695652173913,0.011291722600535145,0.9485714285714286,0.3236883501423039
segment,log,101,138,0.008783030481414673,0.9608695652173913,0.011297224299193713,0.9485714285714286,0.37277688828495387
segment,log,101,139,0.008798776166890553,0.962111801242236,0.011265762943579043,0.9485714285714286,0.16606433172186963
segment,log,101,140,0.00878737495892878,0.962111801242236,0.011278324442864774,0.9542857142857143,0.3395543276765478
segment,log,101,141,0.00873493940761084,0.9608695652173913,0.011178171058322849,0.9514285714285714,0.02266382833169297
segment,log,101,142,0.008794389538503039,0.9633540372670808,0.011300315973006098,0.9514285714285714,0.4456308163425161
segment,log,101,143,0.009522299556551952,0.9577639751552796,0.012114822927032958,0.9485714285714286,0.5294406460975417
segment,log,101,144,0.008686492236188026,0.9614906832298137,0.01132605556083706,0.9485714285714286,0.1462543724942641
segment,log,101,145,0.010768614390461478,0.9478260869565217,0.013247557255613898,0.9457142857142857,0.5340910549808676
segment,log,101,146,0.00859723092104956,0.962111801242236,0.01112529406570726,0.9457142857142857,0.38215758999396005
segment,log,101,147,0.009402579078939969,0.9602484472049689,0.011965811089065212,0.9485714285714286,0.24975962813043748
segment,log,101,148,0.008686566258692864,0.962111801242236,0.011191031468167443,0.9542857142857143,0.5245271635487458
segment,log,101,149,0.008539316244992054,0.9627329192546584,0.011153821612214426,0.9485714285714286,0.33139515502748285
segment,log,101,150,0.008533936837816343,0.9639751552795031,0.011146948616711819,0.9485714285714286,0.3492158677268028
segment,log,101,151,0.008669111353927728,0.9639751552795031,0.01126960513675567,0.9542857142857143,0.026459914353671874
segment,log,101,152,0.008576255674054145,0.9633540372670808,0.01104183911890242,0.9485714285714286,0.2674177018435932
segment,log,101,153,0.008658804603319062,0.9627329192546584,0.011059421561521007,0.9514285714285714,0.2646099969163599
segment,log,101,154,0.008486454718772326,0.9639751552795031,0.011368904566989446,0.9485714285714286,0.3916813475672354
segment,log,101,155,0.008489720360431878,0.9633540372670808,0.011092572063404964,0.9485714285714286,0.07921480001236063
segment,log,101,156,0.00836717903841207,0.9639751552795031,0.01101183656043346,0.9485714285714286,0.062466055567068246
segment,log,101,157,0.010130842881767101,0.953416149068323,0.012179264469223973,0.9571428571428572,0.5065990965161435
segment,log,101,158,0.00873577998043826,0.9658385093167702,0.011232028854179404,0.9514285714285714,0.5550040587161184
segment,log,101,159,0.008946858945291744,0.9658385093167702,0.011343602659714474,0.9485714285714286,0.6416886668296368
segment,log,101,160,0.00829329552107045,0.9645962732919254,0.010814395525149092,0.9485714285714286,0.5833322163910347
segment,log,101,161,0.008343614426907899,0.9645962732919254,0.010825575077993588,0.9485714285714286,0.2739689670991431
segment,log,101,162,0.008297218069680085,0.9664596273291925,0.010843785474824867,0.9485714285714286,0.3097085595524962
segment,log,101,163,0.008811089440136055,0.9627329192546584,0.011125263026843567,0.9542857142857143,0.4539330830072522
segment,log,101,164,0.008561441124998891,0.9645962732919254,0.01091561117944836,0.9485714285714286,0.5577151789879644
segment,log,101,165,0.008162464157045041,0.9652173913043478,0.010595709043666116,0.9485714285714286,0.15704804394403257
segment,log,101,166,0.011550974912057841,0.9434782608695652,0.014042963465500219,0.9428571428571428,0.5522172778985233
segment,log,101,167,0.008115956297785878,0.9658385093167702,0.010631148000547626,0.9542857142857143,0.43584175773178385
segment,log,101,168,0.008106665921045595,0.9670807453416149,0.010825641620794557,0.9514285714285714,0.4481069868682475
segment,log,101,169,0.008048404828377041,0.9652173913043478,0.01066018073905142,0.9514285714285714,0.35794807767635345
segment,log,101,170,0.016255939078805317,0.9236024844720497,0.018531792007288796,0.92,0.6626302935859173
segment,log,101,171,0.008503906242404723,0.9683229813664597,0.011072692648609087,0.9628571428571429,0.6056535607390973
segment,log,101,172,0.007991443468884259,0.9664596273291925,0.010578187748019316,0.9571428571428572,0.3778276104120483
segment,log,101,173,0.00800850093501634,0.9670807453416149,0.010614796685599674,0.9542857142857143,0.43600469761837957
segment,log,101,174,0.008072108121747093,0.9670807453416149,0.010631462766381251,0.9571428571428572,0.4816078524220859
segment,log,101,175,0.007883136728183962,0.9664596273291925,0.010525221923191563,0.9571428571428572,0.26641964415870223
segment,log,101,176,0.008088640818020892,0.9670807453416149,0.01066463068005511,0.9542857142857143,0.25353329585097867
segment,log,101,177,0.007886269451048306,0.9664596273291925,0.01056450570981835,0.9542857142857143,0.37498540171958744
segment,log,101,178,0.007994924523534262,0.9658385093167702,0.010556607012697818,0.96,0.47607197760741576
segment,log,101,179,0.007824554283628058,0.9683229813664597,0.010363862035922487,0.9571428571428572,0.1853479236816143
segment,log,101,180,0.008240624197989915,0.9627329192546584,0.010574927045820862,0.96,0.5358844654421242
segment,log,101,181,0.007791478674729657,0.9695652173913043,0.010233844259397544,0.9628571428571429,0.32209419485393337
segment,log,101,182,0.007868932891041177,0.9670807453416149,0.01031130697016462,0.9628571428571429,0.13701358518910717
segment,log,101,183,0.008760082722656593,0.9664596273291925,0.011300481528105859,0.9514285714285714,0.6042572236967985
segment,log,101,184,0.007682391559241901,0.9670807453416149,0.010384347963221989,0.9514285714285714,0.36905185972026205
segment,log,101,185,0.007919454585665725,0.9670807453416149,0.010487253324242293,0.9514285714285714,0.39139486792589356
segment,log,101,186,0.007799028405597903,0.9677018633540373,0.010400585732894587,0.9542857142857143,0.3320585766048337
segment,log,101,187,0.007680458046110056,0.968944099378882,0.010328014275141415,0.9542857142857143,0.19657208300169937
segment,log,101,188,0.008466234590577453,0.9652173913043478,0.011078114783255657,0.9514285714285714,0.539262592126288
segment,log,101,189,0.00823432761024471,0.968944099378882,0.010835086113721831,0.9514285714285714,0.6546143389106772
segment,log,101,190,0.0076728468861273266,0.9714285714285714,0.010178016126466195,0.9571428571428572,0.49632026728284795
segment,log,101,191,0.007533231373711977,0.9683229813664597,0.010193318050810467,0.9542857142857143,0.2784993440037294
segment,log,101,192,0.008276875584872759,0.9658385093167702,0.010894147133975992,0.9514285714285714,0.6268241367387527
segment,log,101,193,0.00746235021767162,0.968944099378882,0.010227821574908178,0.9571428571428572,0.3123596755052608
segment,log,101,194,0.010319279314135269,0.9484472049689441,0.013084810414592874,0.94,0.5690759164872694
segment,log,101,195,0.008808925846847063,0.9596273291925466,0.01123844785880796,0.9571428571428572,0.636552139604214
segment,log,101,196,0.0074402770008222124,0.9695652173913043,0.010260179165090914,0.9571428571428572,0.39277876817647334
segment,log,101,197,0.007794970301471226,0.9677018633540373,0.010632849159094633,0.9514285714285714,0.2640698393044882
segment,log,101,198,0.0073627982484752484,0.9701863354037267,0.010234682247389089,0.9542857142857143,0.3744430495575222
segment,log,101,199,0.007367402937634166,0.970807453416149,0.010239526221627751,0.9571428571428572,0.5795511095620848
segment,log,101,200,0.0073398971840968556,0.9701863354037267,0.010198091426850473,0.9542857142857143,0.22493027706939261
segment,log,101,201,0.007298709527410265,0.9720496894409938,0.010144636923540378,0.9571428571428572,0.22755580038062054
segment,log,101,202,0.007325448840509013,0.9714285714285714,0.010215263571693075,0.9571428571428572,0.3132042832635053
segment,log,101,203,0.007445386845995951,0.9726708074534162,0.01005991088382725,0.9628571428571429,0.5579180529697045
segment,log,101,204,0.008425713587525741,0.9677018633540373,0.011361929321432486,0.9428571428571428,0.6393330600421077
segment,log,101,205,0.00786022707723081,0.9701863354037267,0.010511278739217814,0.9542857142857143,0.4557756002481123
segment,log,101,206,0.007194699060032126,0.9720496894409938,0.010024420684586295,0.9571428571428572,0.1887780774110487
segment,log,101,207,0.007229272353003657,0.9720496894409938,0.010147793662553852,0.9542857142857143,0.27762105641320645
segment,log,101,208,0.007200715550607509,0.9732919254658385,0.010062864377173759,0.9628571428571429,0.42564286569339743
segment,log,101,209,0.007224006485134922,0.9701863354037267,0.01026238563415888,0.9542857142857143,0.48935375375686285
segment,log,101,210,0.007397949274256462,0.9683229813664597,0.010213758784948781,0.9571428571428572,0.430813140544491
segment,log,101,211,0.007109047632511371,0.9714285714285714,0.010056832154325132,0.9571428571428572,0.12815586743007196
segment,log,101,212,0.0071792015699425815,0.9720496894409938,0.010216060828448911,0.9542857142857143,0.2001687745473224
segment,log,101,213,0.0073972759814713565,0.9701863354037267,0.010289804159032108,0.96,0.6103915650691285
segment,log,101,214,0.007285835665694976,0.9726708074534162,0.010242690101704336,0.9571428571428572,0.4438169290012842
segment,log,101,215,0.007207750417218853,0.9720496894409938,0.010227893394746968,0.9514285714285714,0.10489193669407663
segment,log,101,216,0.007501314504161074,0.9695652173913043,0.010280189407748545,0.96,0.5260675899662246
segment,log,101,217,0.008229952381825003,0.9633540372670808,0.010847628485392412,0.9542857142857143,0.5100557112196957
segment,log,101,218,0.007410188981831177,0.9701863354037267,0.010439866110206664,0.9514285714285714,0.4943983750665607
segment,log,101,219,0.006979058885218953,0.9732919254658385,0.009991180321619764,0.9571428571428572,0.24984570213720259
segment,log,101,220,0.00696260429714814,0.9714285714285714,0.010051816738273276,0.9542857142857143,0.26403624292095196
segment,log,101,221,0.006939446667210099,0.9720496894409938,0.010065641974172168,0.9542857142857143,0.26031086468334264
segment,log,101,222,0.008210284847371086,0.9633540372670808,0.011184821201673011,0.9542857142857143,0.49380361688942104
segment,log,101,223,0.00694095395953004,0.9726708074534162,0.010031148134905729,0.9571428571428572,0.25390413429448183
segment,log,101,224,0.0069440434908138995,0.9732919254658385,0.010257999215915387,0.9571428571428572,0.4204716157105068
segment,log,101,225,0.007026551091450007,0.9739130434782609,0.010143858230866401,0.9485714285714286,0.4500338693675734
segment,log,101,226,0.009536791247023611,0.9565217391304348,0.012543362382921421,0.94,0.6515515892626168
segment,log,101,227,0.00863174469807505,0.9577639751552796,0.011580385139274318,0.9485714285714286,0.500051352091288
segment,log,101,228,0.006913027070189391,0.9739130434782609,0.009992608778627208,0.9542857142857143,0.19472098601061194
segment,log,101,229,0.006988425715896283,0.9726708074534162,0.00993462135297707,0.9542857142857143,0.4470914140134874
segment,log,101,230,0.006935083118394888,0.9732919254658385,0.01010210261788761,0.9571428571428572,0.5786066045574714
segment,log,101,231,0.006899406686903506,0.9726708074534162,0.010012711368984854,0.9542857142857143,0.4149296265338009
segment,log,101,232,0.009367118442125497,0.9552795031055901,0.012400022661439759,0.94,0.6533849026773683
segment,log,101,233,0.006759165130700182,0.970807453416149,0.009950340705681153,0.9542857142857143,0.13866788205643496
segment,log,101,234,0.006810165886749405,0.9732919254658385,0.0100411296571976,0.9542857142857143,0.2599586438373264
segment,log,101,235,0.007265354229103464,0.9701863354037267,0.010563530186346638,0.9514285714285714,0.4998840082807058
segment,log,101,236,0.006732947075423079,0.9720496894409938,0.00996137241284743,0.9571428571428572,0.21586251922381886
segment,log,101,237,0.0067026832617605265,0.9726708074534162,0.00998009721759266,0.9542857142857143,0.24094603987818525
segment,log,101,238,0.006695541422944181,0.9726708074534162,0.009916540373195531,0.9571428571428572,0.16887087731830702
segment,log,101,239,0.0067242883444403,0.9739130434782609,0.010050023439099276,0.9571428571428572,0.30733991371958136
segment,log,101,240,0.006848682165638671,0.9732919254658385,0.010142726619962291,0.9542857142857143,0.2561615784774314
segment,log,101,241,0.0066551460970185276,0.9726708074534162,0.009976499306937902,0.9542857142857143,0.029542815727696608
segment,log,101,242,0.006684554750798124,0.9732919254658385,0.009904011711078877,0.9571428571428572,0.26769221452325653
segment,log,101,243,0.0067259185431555206,0.9739130434782609,0.009978776522968752,0.9514285714285714,0.3190940693529071
segment,log,101,244,0.007033793235702577,0.9714285714285714,0.01000555921449269,0.9571428571428572,0.45512644388708984
segment,log,101,245,0.007132782264370776,0.9720496894409938,0.010360229162382509,0.9514285714285714,0.3589983302659108
segment,log,101,246,0.008796582275091162,0.9627329192546584,0.011474666577721821,0.9514285714285714,0.6378649384003343
segment,log,101,247,0.00678532145977839,0.9726708074534162,0.009946880807609354,0.9542857142857143,0.08096700535731421
segment,log,101,248,0.007219372262379387,0.968944099378882,0.010225880952473869,0.9542857142857143,0.5005281006943592
segment,log,101,249,0.0067155049459371886,0.9732919254658385,0.009995409502758505,0.9542857142857143,0.4507523647459176
segment,log,101,250,0.006808581738075987,0.9751552795031055,0.010205281945726532,0.9485714285714286,0.6523359772905977
segment,log,101,251,0.007890171492904207,0.9683229813664597,0.011093973794270153,0.9485714285714286,0.6479662841196655
segment,log,101,252,0.007067339628175088,0.9714285714285714,0.010342335605161412,0.9571428571428572,0.6791965723313976
segment,log,101,253,0.006507296480245779,0.9732919254658385,0.00986308046568861,0.9571428571428572,0.09644031797351671
segment,log,101,254,0.006618317368134518,0.9751552795031055,0.009946331170152596,0.9514285714285714,0.22516668006373883
segment,log,101,255,0.0070779920271841395,0.9714285714285714,0.010504471443022181,0.9514285714285714,0.42761330214384485
segment,log,101,256,0.006539940349178081,0.9751552795031055,0.009817622810646952,0.9571428571428572,0.17926371152489784
segment,log,101,257,0.006542872643187987,0.9745341614906833,0.009834317559018797,0.9514285714285714,0.21908144205097624
segment,log,101,258,0.006979596980988502,0.9720496894409938,0.010284307989721608,0.9514285714285714,0.3253188375273311
segment,log,101,259,0.0064293059845441525,0.9751552795031055,0.00983982994566774,0.9514285714285714,0.008043132800162061
segment,log,101,260,0.006391454901982752,0.9751552795031055,0.009762996514893317,0.9571428571428572,0.34304251098755095
segment,log,101,261,0.006388015572245102,0.9739130434782609,0.009770380651378596,0.9542857142857143,0.08075338135325258
segment,log,101,262,0.006633302908706138,0.9726708074534162,0.009950111513268661,0.9571428571428572,0.49328971937859134
segment,log,101,263,0.006429532369599896,0.9745341614906833,0.009761718275756691,0.9571428571428572,0.4796286383185878
segment,log,101,264,0.006501834758963368,0.9751552795031055,0.009922726423103961,0.9514285714285714,0.17409860120092172
segment,log,101,265,0.006343624905893967,0.9751552795031055,0.009744866139148258,0.9542857142857143,0.1870533916085887
segment,log,101,266,0.006650809716980983,0.9739130434782609,0.010116680778455577,0.9542857142857143,0.5229847719598811
segment,log,101,267,0.006684767226273211,0.9739130434782609,0.010171594181797042,0.9514285714285714,0.5064713659684733
segment,log,101,268,0.006944190970741381,0.9739130434782609,0.010204650394942205,0.9628571428571429,0.6733369888741448
segment,log,101,269,0.006420465545223887,0.9770186335403727,0.0098726662052408,0.9542857142857143,0.3131627981499735
segment,log,101,270,0.006481114131893525,0.9751552795031055,0.009924704070560697,0.9514285714285714,0.27268080677909645
segment,log,101,271,0.00656955855366349,0.9763975155279503,0.010067520972051682,0.96,0.5722038846378892
segment,log,101,272,0.0063459475226627345,0.9757763975155279,0.009812081275204762,0.9514285714285714,0.12356968359519684
segment,log,101,273,0.007757997350124796,0.9677018633540373,0.011033477488288273,0.9485714285714286,0.4619350367058916
segment,log,101,274,0.006240522109155287,0.977639751552795,0.009691365084792253,0.9571428571428572,0.302882550612433
segment,log,101,275,0.006206172027492876,0.9751552795031055,0.009719442694292918,0.9542857142857143,0.06604824270125646
segment,log,101,276,0.009258231959450592,0.9540372670807453,0.01226702326334806,0.9428571428571428,0.5305777465864783
segment,log,101,277,0.006307891501790435,0.9770186335403727,0.009853485421944742,0.9542857142857143,0.48525982200299445
segment,log,101,278,0.00617741868676865,0.9770186335403727,0.009571790547157557,0.9571428571428572,0.15916902229141222
segment,log,101,279,0.008273830788996888,0.962111801242236,0.011151440778763162,0.9514285714285714,0.71417526230396
segment,log,101,280,0.006174807623038348,0.9745341614906833,0.009622980214105922,0.9542857142857143,0.2620507709403958
segment,log,101,281,0.006182537543607391,0.9763975155279503,0.00975299867844239,0.9542857142857143,0.45301677524431055
segment,log,101,282,0.006284713693090125,0.9763975155279503,0.00982981956583847,0.9514285714285714,0.3529766603551246
segment,log,101,283,0.006378037806563205,0.9751552795031055,0.009778892659737921,0.9542857142857143,0.3965677508647973
segment,log,101,284,0.006091369673098421,0.9782608695652174,0.00960291867968367,0.96,0.09477283558999952
segment,log,101,285,0.0061019617290906086,0.977639751552795,0.009720979369301191,0.9542857142857143,0.27826330390870146
segment,log,101,286,0.006436246828707831,0.9739130434782609,0.009876860458506597,0.96,0.2202598480696272
segment,log,101,287,0.006048694660393725,0.9757763975155279,0.009583755693910187,0.96,0.5501484522881418
segment,log,101,288,0.006007499225018803,0.9770186335403727,0.009516720921465651,0.96,0.27338576324413527
segment,log,101,289,0.006005103091178158,0.9763975155279503,0.009498688922430967,0.96,0.12384486485327917
segment,log,101,290,0.0101096773471517,0.9515527950310559,0.012976897654884422,0.9371428571428572,0.5416496565204449
segment,log,101,291,0.0059927443240651735,0.9782608695652174,0.009489421148507683,0.96,0.2216713534074382
segment,log,101,292,0.005971162876673389,0.9770186335403727,0.00950414592770897,0.96,0.26572277093590163
segment,log,101,293,0.006120666921402697,0.9751552795031055,0.009467256914873816,0.9571428571428572,0.6143979745706651
segment,log,101,294,0.006021453531968685,0.9770186335403727,0.009490171749654648,0.96,0.3399225746634842
segment,log,101,295,0.005998179078360666,0.9782608695652174,0.009531845928456684,0.9571428571428572,0.3148706711434955
segment,log,101,296,0.006033897063580386,0.9757763975155279,0.009500891066666522,0.9571428571428572,0.4058497671151819
segment,log,101,297,0.005894434038099602,0.9763975155279503,0.009417922748834994,0.96,0.03499064738167266
segment,log,101,298,0.005938239767865196,0.9770186335403727,0.009432054191011601,0.96,0.5988249675322085
segment,log,101,299,0.0059797282656442255,0.9782608695652174,0.009522993528939776,0.96,0.08756841854364024
segment,log,101,300,0.005860342565550914,0.977639751552795,0.009421686221283103,0.96,0.07476801007588867
segment,log,101,301,0.005914685938458326,0.9763975155279503,0.009410353299311317,0.9571428571428572,0.28051722176710087
segment,log,101,302,0.005950554504643207,0.9770186335403727,0.009529889305975953,0.9542857142857143,0.10028068085655488
segment,log,101,303,0.006429441009603648,0.9763975155279503,0.0097827368794923,0.9571428571428572,0.618057173435644
segment,log,101,304,0.0059228148362365785,0.977639751552795,0.009525582059158287,0.9571428571428572,0.17920243991547766
segment,log,101,305,0.005791252202449954,0.9770186335403727,0.009389523307050819,0.96,0.0665056808731046
segment,log,101,306,0.005812953531626477,0.977639751552795,0.009384458896574995,0.96,0.2901814569356045
segment,log,101,307,0.005763033977503,0.9782608695652174,0.009359597340242104,0.96,0.22094927161095995
segment,log,101,308,0.005841763183770002,0.9770186335403727,0.00940578854319809,0.96,0.13172536450235456
segment,log,101,309,0.005910950995133163,0.9782608695652174,0.009510695087531513,0.9542857142857143,0.21387117827423144
segment,log,101,310,0.005721851381935957,0.9782608695652174,0.009330930485914445,0.96,0.31713189018830984
segment,log,101,311,0.005786007366524351,0.9782608695652174,0.00939672800403451,0.9542857142857143,0.13877567407816813
segment,log,101,312,0.005778981667578971,0.9795031055900622,0.009310210996900482,0.96,0.32795623806486196
segment,log,101,313,0.006011663227589929,0.9757763975155279,0.009467163049690995,0.9514285714285714,0.3454326813520197
segment,log,101,314,0.00606079914962228,0.9757763975155279,0.009575175694742666,0.9514285714285714,0.4576890842181823
segment,log,101,315,0.005725023091729263,0.9782608695652174,0.009314769427987993,0.9542857142857143,0.3715705225306531
segment,log,101,316,0.005829329844453422,0.9770186335403727,0.00938909220772003,0.9571428571428572,0.2451973199241576
segment,log,101,317,0.005725184074274806,0.9795031055900622,0.009284853059950422,0.96,0.11522438786457954
segment,log,101,318,0.008376286406837657,0.9639751552795031,0.011590174703405535,0.9514285714285714,0.5745452173523533
segment,log,101,319,0.006471584780752542,0.9726708074534162,0.009978497284391246,0.9571428571428572,0.5236094706986789
segment,log,101,320,0.006131281575250775,0.9763975155279503,0.009682108990192312,0.9542857142857143,0.5073978281166487
segment,log,101,321,0.0057167847191057835,0.9788819875776398,0.009288743976281011,0.9571428571428572,0.23536713995894296
segment,log,101,322,0.0055919709360530345,0.9801242236024845,0.00915202342570462,0.96,0.564181000612217
segment,log,101,323,0.005621132529853122,0.9788819875776398,0.009206069192446785,0.9628571428571429,0.5846619860848927
segment,log,101,324,0.005981989141510185,0.9745341614906833,0.009511042365092565,0.9514285714285714,0.35996125640755966
segment,log,101,325,0.012840223145313428,0.9391304347826087,0.015190825192385266,0.9285714285714286,0.5569424165339215
segment,log,101,326,0.005566453472864118,0.9801242236024845,0.009156389721409855,0.96,0.11822766157461366
segment,log,101,327,0.005953924078135526,0.9745341614906833,0.009377628405479538,0.9571428571428572,0.35060412128052093
segment,log,101,328,0.005562485473720858,0.9788819875776398,0.009071549759054658,0.96,0.3398907545292632
segment,log,101,329,0.0055468349489350985,0.9801242236024845,0.009136401658832612,0.96,0.07925673544851139
segment,log,101,330,0.005541508572210433,0.9788819875776398,0.00907480570806031,0.9628571428571429,0.3546350434559755
segment,log,101,331,0.005484541538737108,0.9795031055900622,0.009064332107276338,0.96,0.27696929895954797
segment,log,101,332,0.005847494479110979,0.9782608695652174,0.009268297193067102,0.9571428571428572,0.35916344769152875
segment,log,101,333,0.0059867225663780095,0.9757763975155279,0.009559121065696289,0.9542857142857143,0.6010910821339209
segment,log,101,334,0.00548755885157822,0.9795031055900622,0.009135237223363357,0.96,0.041281570991975304
segment,log,101,335,0.005451629602460196,0.9788819875776398,0.009048619434545099,0.96,0.3528020747610719
segment,log,101,336,0.005944858533665069,0.9751552795031055,0.009442193977129186,0.9542857142857143,0.06485027814595666
segment,log,101,337,0.005579841047044396,0.9795031055900622,0.009105232378467174,0.9628571428571429,0.21202948492859514
segment,log,101,338,0.005512742016113139,0.9788819875776398,0.009064995300715908,0.96,0.27989129854738953
segment,log,101,339,0.005431739231110913,0.9801242236024845,0.009010148691884485,0.96,0.5323143545087762
segment,log,101,340,0.005716811073136086,0.9782608695652174,0.00930348814164498,0.9542857142857143,0.15071489498816962
segment,log,101,341,0.005873378151769301,0.9782608695652174,0.00932940153852683,0.96,0.45888618582250995
segment,log,101,342,0.005391731372433686,0.9788819875776398,0.008959572819980253,0.96,0.24148400336845768
segment,log,101,343,0.005441177266218043,0.9795031055900622,0.008997466746115828,0.9628571428571429,0.35170006287048067
segment,log,101,344,0.005887146936788433,0.977639751552795,0.009447047482532216,0.9571428571428572,0.6173673735441826
segment,log,101,345,0.005382887541379714,0.9788819875776398,0.008976063050125067,0.96,0.5631031435299929
segment,log,101,346,0.005394968513207651,0.9788819875776398,0.008978183741755123,0.9571428571428572,0.3519330938908388
segment,log,101,347,0.005597023966672257,0.977639751552795,0.009071707088409332,0.9571428571428572,0.37943327976694763
segment,log,101,348,0.005351140203324395,0.9795031055900622,0.008961111815977458,0.9628571428571429,0.10715860265271329
segment,log,101,349,0.005343870085133653,0.9788819875776398,0.008913084868582052,0.9628571428571429,0.34277357880276227
segment,log,101,350,0.005368051735013209,0.9795031055900622,0.00906439390145104,0.9571428571428572,0.3429451140247333
segment,log,102,1,0.13417423062463849,0.14347826086956522,0.13408572288720075,0.1457142857142857,1.0434659929816987
segment,log,102,2,0.11030111530676581,0.35403726708074534,0.10960582305259146,0.36857142857142855,1.0024741102439063
segment,log,102,3,0.09974451678858005,0.39316770186335404,0.09866196948351347,0.3914285714285714,0.9564185078710219
segment,log,102,4,0.11547549054822762,0.38571428571428573,0.1155869111091377,0.3742857142857143,0.9398572870156383
segment,log,102,5,0.08719251762388133,0.55527950310559,0.08637874615005167,0.5714285714285714,0.9304873335535543
segment,log,102,6,0.08377708070077913,0.5397515527950311,0.08229266457415146,0.5428571428571428,0.7737996044714907
segment,log,102,7,0.06980471363522957,0.6099378881987577,0.06931219372911858,0.6142857142857143,0.7821169208942849
segment,log,102,8,0.06727328851559565,0.6248447204968944,0.0680160009452678,0.6142857142857143,0.8660065652923209
segment,log,102,9,0.06613425827242006,0.6248447204968944,0.06764331051629963,0.62,0.8780233056071539
segment,log,102,10,0.06404717830421654,0.6322981366459627,0.06564094631055797,0.6257142857142857,0.9172066407401993
segment,log,102,11,0.06183605812384021,0.6403726708074534,0.06309055001194655,0.6257142857142857,0.6982349604415773
segment,log,102,12,0.0605965735222223,0.6391304347826087,0.061922662299076676,0.6228571428571429,0.8408793315881105
segment,log,102,13,0.06037388636004192,0.6372670807453417,0.061539926874863586,0.6342857142857142,0.8480441292550589
segment,log,102,14,0.062195162316603055,0.631055900621118,0.06340641476508052,0.6314285714285715,0.8515507271036012
segment,log,102,15,0.04141380625928599,0.7875776397515528,0.042464850882526,0.7714285714285715,0.8048600931244869
segment,log,102,16,0.0391293594977575,0.7894409937888198,0.04050549545179515,0.7771428571428571,0.7645205389027175
segment,log,102,17,0.038746413384150157,0.7888198757763976,0.040402779671130144,0.7714285714285715,0.7730519330883231
segment,log,102,18,0.03835292826120072,0.7863354037267081,0.039150546385072794,0.78,0.6928790295940951
segment,log,102,19,0.0376056593057749,0.7888198757763976,0.03924200306110228,0.78,0.4023161897636662
segment,log,102,20,0.03977198319189946,0.7838509316770186,0.04202118338881615,0.7828571428571428,0.7366763039802878
segment,log,102,21,0.037003630522784096,0.7919254658385093,0.038714386988109396,0.7828571428571428,0.8197746477873413
segment,log,102,22,0.03681650313872693,0.7919254658385093,0.038391874044400844,0.7771428571428571,0.756453628670088
segment,log,102,23,0.038122776517778324,0.7801242236024845,0.039284765505069645,0.7685714285714286,0.7875601545045102
segment,log,102,24,0.03735055509062641,0.7850931677018633,0.03881166749101004,0.7771428571428571,0.7351569272450542
segment,log,102,25,0.03628951297525366,0.7913043478260869,0.037842353370287844,0.7828571428571428,0.5701344982203008
segment,log,102,26,0.03747325149557164,0.7857142857142857,0.03862790135003595,0.7714285714285715,0.8374035504277746
segment,log,102,27,0.03716458477482647,0.7900621118012422,0.03894901300158022,0.7828571428571428,0.7534721727155959
segment,log,102,28,0.03691016060186443,0.7869565217391304,0.03821842672376143,0.7828571428571428,0.8056176145410472
segment,log,102,29,0.03578324135529926,0.7975155279503106,0.03779720851606916,0.7914285714285715,0.5948181599686275
segment,log,102,30,0.03560991982824172,0.7962732919254658,0.03745131066185249,0.7885714285714286,0.6784846177401777
segment,log,102,31,0.035511099008414926,0.7919254658385093,0.036925142659347515,0.7857142857142857,0.630699855156108
segment,log,102,32,0.0360476257560722,0.7956521739130434,0.03745322978019671,0.7828571428571428,0.7760857566986072
segment,log,102,33,0.03574637101240306,0.7956521739130434,0.037919313490281784,0.7914285714285715,0.7008244418603287
segment,log,102,34,0.018652677900101257,0.9428571428571428,0.02105030290937791,0.9342857142857143,0.5094018234728976
segment,log,102,35,0.01600343552820266,0.9347826086956522,0.017524579687307286,0.9285714285714286,0.3263056464285538
segment,log,102,36,0.02803301721568437,0.8838509316770187,0.03133268778210087,0.8657142857142858,0.7690647664446301
segment,log,102,37,0.019526853764132594,0.9173913043478261,0.020778081949106193,0.92,0.7801904512716732
segment,log,102,38,0.016466176979894363,0.9273291925465839,0.0173959720901463,0.92,0.604846416976598
segment,log,102,39,0.014950547081483238,0.9416149068322981,0.017151005718550005,0.9342857142857143,0.48616325611689387
segment,log,102,40,0.014190298287309689,0.9416149068322981,0.016115333976868096,0.9314285714285714,0.605180623061209
segment,log,102,41,0.014512409183912977,0.9366459627329192,0.01612866233769703,0.9257142857142857,0.5671997467756532
segment,log,102,42,0.015003375449021365,0.9422360248447205,0.017906389750421282,0.9342857142857143,0.5897883118642105
segment,log,102,43,0.014004170898893713,0.94472049689441,0.01636927780787259,0.9342857142857143,0.7359557359586878
segment,log,102,44,0.014659875511290239,0.9354037267080745,0.016258750073212248,0.9257142857142857,0.43880793108791283
segment,log,102,45,0.015374710057050985,0.9391304347826087,0.018045583273822826,0.9285714285714286,0.7055196977720947
segment,log,102,46,0.014242993055879755,0.9459627329192547,0.016616983522189897,0.9342857142857143,0.6192921336163636
segment,log,102,47,0.013899861229881209,0.9478260869565217,0.016323786717527065,0.9371428571428572,0.6456580644771807
segment,log,102,48,0.013353314048884221,0.9397515527950311,0.01562743915085932,0.9314285714285714,0.4924805929067322
segment,log,102,49,0.01322065417017121,0.94472049689441,0.015596068305829113,0.9342857142857143,0.3369216899346197
segment,log,102,50,0.031952859510108365,0.8633540372670807,0.03491764782881666,0.8485714285714285,0.7979865310701987
segment,log,102,51,0.013085891228432577,0.9428571428571428,0.015215312707019337,0.9342857142857143,0.22358036354760621
segment,log,102,52,0.013066951852323566,0.9490683229813665,0.01544966729295787,0.94,0.18148769685837207
segment,log,102,53,0.013097976891165935,0.9391304347826087,0.015142659635142395,0.9285714285714286,0.4898518833237694
segment,log,102,54,0.014915851958318868,0.9391304347826087,0.017962938165268165,0.9257142857142857,0.5718800903975095
segment,log,102,55,0.012737203481692196,0.94472049689441,0.015076062112397651,0.9342857142857143,0.6014969967366025
segment,log,102,56,0.01300713754157132,0.9484472049689441,0.015593660173459416,0.9371428571428572,0.29670108234914216
segment,log,102,57,0.012773715692509046,0.9416149068322981,0.014816843286700836,0.9314285714285714,0.573525351393832
segment,log,102,58,0.012886031008347345,0.9416149068322981,0.01503228313991161,0.9314285714285714,0.5239916149541626
segment,log,102,59,0.01245265322440277,0.9453416149068323,0.014721332761137091,0.9342857142857143,0.21328781437033262
segment,log,102,60,0.013001702795547918,0.9434782608695652,0.015224445063676968,0.9342857142857143,0.639176088358785
segment,log,102,61,0.012791905431386925,0.9391304347826087,0.01484297135832211,0.9314285714285714,0.473387262516159
segment,log,102,62,0.01237573386103193,0.9478260869565217,0.014720265498448038,0.9371428571428572,0.6507744016493064
segment,log,102,63,0.012283872222711226,0.9440993788819876,0.014578208793860715,0.9285714285714286,0.5943664462827667
segment,log,102,64,0.01216524849351388,0.9496894409937888,0.014704624844444184,0.9342857142857143,0.4656535187974924
segment,log,102,65,0.012394055803955611,0.9484472049689441,0.015104727672226525,0.9371428571428572,0.6194326303085981
segment,log,102,66,0.01440420369197344,0.94472049689441,0.017197631966769798,0.9257142857142857,0.5787146561054128
segment,log,102,67,0.017313850660532017,0.9248447204968944,0.020671251568066592,0.9085714285714286,0.7114008845754201
segment,log,102,68,0.012020833429002,0.9496894409937888,0.0146854883181168,0.9314285714285714,0.32568612442611605
segment,log,102,69,0.01188377581493488,0.9503105590062112,0.014537831574599201,0.9314285714285714,0.20760251879062286
segment,log,102,70,0.015582644740947602,0.9279503105590062,0.016963963784611083,0.9171428571428571,0.7133855140183364
segment,log,102,71,0.014114241901058266,0.9391304347826087,0.017143873670762914,0.9285714285714286,0.5071978983684334
segment,log,102,72,0.01181309215652923,0.9515527950310559,0.014630506883567882,0.94,0.36217461330272743
segment,log,102,73,0.011580204012543545,0.9503105590062112,0.01427803852673174,0.9314285714285714,0.3569480037900336
segment,log,102,74,0.01148776755572772,0.9515527950310559,0.014251337419105762,0.9342857142857143,0.3746584539638688
segment,log,102,75,0.011523645795933653,0.953416149068323,0.01428020949224717,0.9371428571428572,0.6963584845468499
segment,log,102,76,0.011436345577616887,0.9527950310559006,0.014214462259857636,0.9371428571428572,0.6621852630987431
segment,log,102,77,0.011422907812838012,0.9478260869565217,0.014067393522111813,0.9342857142857143,0.5494133956723276
segment,log,102,78,0.011983387067919684,0.9465838509316771,0.014429380097747323,0.9257142857142857,0.4545647650453203
segment,log,102,79,0.011648585709321233,0.9503105590062112,0.015234413670030748,0.9342857142857143,0.699299769978523
segment,log,102,80,0.011253895799599622,0.9509316770186336,0.01409881686994405,0.9285714285714286,0.25137492601899186
segment,log,102,81,0.011770874483582687,0.9472049689440993,0.014262797238087753,0.9257142857142857,0.5340401358859654
segment,log,102,82,0.011257330584145707,0.9484472049689441,0.013823044096633121,0.9285714285714286,0.07037437715881002
segment,log,102,83,0.011335947985750333,0.9484472049689441,0.01399890952210838,0.9285714285714286,0.29348789511763756
segment,log,102,84,0.011023951976349776,0.9515527950310559,0.01372569946193123,0.9342857142857143,0.3845781609165986
segment,log,102,85,0.01089913673022457,0.953416149068323,0.013723825077926839,0.9342857142857143,0.454682338985176
segment,log,102,86,0.010873604598395668,0.9515527950310559,0.01366955784194668,0.9342857142857143,0.29570226184015647
segment,log,102,87,0.014638997411761548,0.9304347826086956,0.016493777826071743,0.9285714285714286,0.7473547909437692
segment,log,102,88,0.014275533186124897,0.931055900621118,0.017579331757496746,0.92,0.6736911910899509
segment,log,102,89,0.011289921381520978,0.9515527950310559,0.014406805575533152,0.9342857142857143,0.5296526368937984
segment,log,102,90,0.013761913205816306,0.9372670807453416,0.015681956996935874,0.9314285714285714,0.6635167327018971
segment,log,102,91,0.011275871480890426,0.9484472049689441,0.01387351237083571,0.9257142857142857,0.5071085763146086
segment,log,102,92,0.012655643024041062,0.9472049689440993,0.016080841913391146,0.9314285714285714,0.5446793344340977
segment,log,102,93,0.013117314171717173,0.9385093167701863,0.015334509827810218,0.9285714285714286,0.6743024995311588
segment,log,102,94,0.011267091957406534,0.9490683229813665,0.014036582541268963,0.9257142857142857,0.6227078478061411
segment,log,102,95,0.010994897636343995,0.953416149068323,0.014342813635010861,0.9285714285714286,0.5459930138197067
segment,log,102,96,0.010591983109186633,0.9527950310559006,0.013359191874611556,0.9285714285714286,0.5564960622894828
segment,log,102,97,0.01042175569238634,0.953416149068323,0.013382966727431011,0.9314285714285714,0.31063833053720985
segment,log,102,98,0.010370407016570733,0.953416149068323,0.013326504129636622,0.9314285714285714,0.15684645077808945
segment,log,102,99,0.010474767919635319,0.953416149068323,0.013561806740181299,0.9342857142857143,0.4635187455213876
segment,log,102,100,0.010880312252661206,0.9546583850931677,0.013764662437919416,0.9257142857142857,0.4981785366787423
segment,log,102,101,0.010386264192546379,0.9540372670807453,0.013298260763070608,0.9314285714285714,0.48074211571342157
segment,log,102,102,0.01105474230729677,0.9521739130434783,0.01387934278122113,0.9285714285714286,0.5310924444223147
segment,log,102,103,0.0105264822150774,0.9559006211180124,0.013675354680916697,0.9371428571428572,0.5851672007127572
segment,log,102,104,0.010884329025176583,0.9527950310559006,0.013854592807838757,0.9285714285714286,0.5339027900796283
segment,log,102,105,0.01019042961871735,0.9565217391304348,0.013506734913618725,0.9371428571428572,0.4815330401826004
segment,log,102,106,0.010192846280642707,0.9552795031055901,0.013312422750450281,0.9285714285714286,0.25708373895758974
segment,log,102,107,0.011684962516044886,0.9428571428571428,0.015179828659850776,0.9314285714285714,0.6210796927351984
segment,log,102,108,0.01005029582915307,0.9559006211180124,0.013342120178425686,0.9371428571428572,0.5443060949843265
segment,log,102,109,0.010114143769926672,0.9565217391304348,0.013446065433849894,0.9342857142857143,0.5923406177711277
segment,log,102,110,0.013176845537531496,0.9484472049689441,0.01720764008874185,0.9314285714285714,0.6551188058817917
segment,log,102,111,0.010002536208739974,0.9546583850931677,0.013359715003362289,0.9342857142857143,0.17895616210492843
segment,log,102,112,0.009974899024526585,0.9559006211180124,0.013563379138189715,0.9342857142857143,0.6020915417077431
segment,log,102,113,0.009965555394209897,0.9552795031055901,0.01362882145775408,0.9342857142857143,0.6337732427197178
segment,log,102,114,0.010042754084127118,0.9583850931677018,0.013422830378168708,0.9342857142857143,0.6295952681028341
segment,log,102,115,0.010080915187019968,0.9540372670807453,0.01360553650418728,0.9371428571428572,0.061043809092469356
segment,log,102,116,0.010150100538383004,0.953416149068323,0.013283706648803855,0.9285714285714286,0.4671210971668265
segment,log,102,117,0.00994056341754485,0.9583850931677018,0.013216701687705192,0.9342857142857143,0.13597532385960867
segment,log,102,118,0.00993630075659109,0.9577639751552796,0.013291506940899901,0.9314285714285714,0.37483760220558426
segment,log,102,119,0.009881948833556706,0.9559006211180124,0.013211865615179697,0.9285714285714286,0.1420435587907574
segment,log,102,120,0.010603173286333003,0.9509316770186336,0.013731926337645256,0.9314285714285714,0.45792454283949696
segment,log,102,121,0.009721364914299395,0.9583850931677018,0.013351019634080625,0.9371428571428572,0.32890754636626784
segment,log,102,122,0.011468078915409253,0.9459627329192547,0.015202654814346494,0.9314285714285714,0.5210856975632087
segment,log,102,123,0.00982385459944105,0.9565217391304348,0.013132848315527508,0.9285714285714286,0.28605577762075346
segment,log,102,124,0.00952935193620085,0.9577639751552796,0.012978009442813,0.9342857142857143,0.05669428409650964
segment,log,102,125,0.00986120430875797,0.9577639751552796,0.013425028391263454,0.9371428571428572,0.7530776168346454
segment,log,102,126,0.013817410160500107,0.9385093167701863,0.01629660314267522,0.9314285714285714,0.69384656378046
segment,log,102,127,0.009965579298019731,0.9565217391304348,0.013711542675030577,0.9342857142857143,0.6763602677114533
segment,log,102,128,0.0101277141031391,0.9596273291925466,0.013514744933787348,0.9285714285714286,0.6118168441603042
segment,log,102,129,0.013613891567701339,0.9329192546583851,0.01727867000840945,0.92,0.7264235989119523
segment,log,102,130,0.009892242643117053,0.9583850931677018,0.01325713047410009,0.9314285714285714,0.45320354148759745
segment,log,102,131,0.011668716221796195,0.9416149068322981,0.01541487031218982,0.9314285714285714,0.536452915463921
segment,log,102,132,0.009809085309868711,0.9577639751552796,0.012805130995294274,0.9342857142857143,0.5931995734789695
segment,log,102,133,0.01012569201221302,0.9596273291925466,0.013290623178734199,0.9342857142857143,0.6516749629779633
segment,log,102,134,0.009227541110924385,0.9596273291925466,0.012824422997701904,0.9371428571428572,0.19205620648981603
segment,log,102,135,0.009328205102006947,0.9602484472049689,0.012994318031482748,0.9428571428571428,0.5391153655717927
segment,log,102,136,0.009182073325524358,0.9590062111801242,0.012738093709687507,0.9371428571428572,0.5814662370383163
segment,log,102,137,0.009304955647495578,0.9614906832298137,0.01270047287842413,0.94,0.4067285985551559
segment,log,102,138,0.009083531813492933,0.9596273291925466,0.012691056389979263,0.9371428571428572,0.31099702920533334
segment,log,102,139,0.009177594569645139,0.9608695652173913,0.01275314584123054,0.94,0.5800456294229841
segment,log,102,140,0.009033242774426903,0.9608695652173913,0.012680780236680931,0.94,0.24917015170340645
segment,log,102,141,0.010161628506401588,0.9552795031055901,0.013259519729198649,0.9428571428571428,0.46056966966290286
segment,log,102,142,0.009450924633592839,0.9571428571428572,0.013132876169608407,0.9371428571428572,0.4961864660489159
segment,log,102,143,0.009036629273592446,0.9602484472049689,0.012664601789924967,0.94,0.38686982186247126
segment,log,102,144,0.010206383925172159,0.953416149068323,0.013959731776520452,0.9342857142857143,0.5358354026482312
segment,log,102,145,0.0096123341132453,0.9614906832298137,0.013036174170650163,0.94,0.4991190164843053
segment,log,102,146,0.008987532075633351,0.9614906832298137,0.012539846003111671,0.94,0.06653728349115173
segment,log,102,147,0.00895779257007042,0.9614906832298137,0.012561738889020466,0.9428571428571428,0.3253264575741388
segment,log,102,148,0.00887554716269661,0.9608695652173913,0.012422754685743364,0.9428571428571428,0.5283565433346996
segment,log,102,149,0.010612571850406191,0.9465838509316771,0.014287853622399675,0.9342857142857143,0.48472012449760876
segment,log,102,150,0.00896330652693428,0.962111801242236,0.012234312036043537,0.9457142857142857,0.5712966122529108
segment,log,102,151,0.008984477568499826,0.9652173913043478,0.012424094142320262,0.9485714285714286,0.5045625680160938
segment,log,102,152,0.008874931543647227,0.9639751552795031,0.012210259130965878,0.9428571428571428,0.6080640176400895
segment,log,102,153,0.008767808224695356,0.9633540372670808,0.012305402285343704,0.9485714285714286,0.25841397704802754
segment,log,102,154,0.009392778268191038,0.9583850931677018,0.012463995020261498,0.94,0.6319875800316506
segment,log,102,155,0.008749924769272718,0.9633540372670808,0.012220670512220004,0.9457142857142857,0.4119234250698533
segment,log,102,156,0.008827708640395348,0.9602484472049689,0.012480939342292396,0.9428571428571428,0.09566884487415311
segment,log,102,157,0.008797355775209648,0.9627329192546584,0.012239094937344878,0.9428571428571428,0.38717390655424444
segment,log,102,158,0.008751624942886274,0.962111801242236,0.01224700941112311,0.9457142857142857,0.4067946084300579
segment,log,102,159,0.009244869864827114,0.9583850931677018,0.012439738666444941,0.9457142857142857,0.4310016026115805
segment,log,102,160,0.00932399621722066,0.9602484472049689,0.013085664381633878,0.9371428571428572,0.2356050803944025
segment,log,102,161,0.008584785228866777,0.9639751552795031,0.012239952708008645,0.9457142857142857,0.39003590057622006
segment,log,102,162,0.008484798343904792,0.9658385093167702,0.012167399397275291,0.9514285714285714,0.6718492714638484
segment,log,102,163,0.008874338699700042,0.9652173913043478,0.012440908657240807,0.9457142857142857,0.596761823836343
segment,log,102,164,0.00874130862762952,0.962111801242236,0.01203549178468755,0.9457142857142857,0.4531287301400057
segment,log,102,165,0.008379119209540058,0.9639751552795031,0.011824821893820241,0.9457142857142857,0.5888271175063148
segment,log,102,166,0.008361283102651005,0.9652173913043478,0.011891519023386803,0.9457142857142857,0.4178100805243494
segment,log,102,167,0.008338373542289522,0.9645962732919254,0.011770705844143196,0.9542857142857143,0.25552237493426305
segment,log,102,168,0.008463287258417176,0.9658385093167702,0.011970983795420297,0.9457142857142857,0.5624587911164983
segment,log,102,169,0.009119976678772528,0.9664596273291925,0.012477759977107178,0.9457142857142857,0.7180638276073317
segment,log,102,170,0.008499131583105838,0.9639751552795031,0.011765523767802244,0.9514285714285714,0.19685216716968446
segment,log,102,171,0.019791783448088258,0.9118012422360249,0.022580582367117942,0.9085714285714286,0.6561722023305416
segment,log,102,172,0.008231208256604313,0.9645962732919254,0.011680136305590214,0.9542857142857143,0.3153572258436165
segment,log,102,173,0.009049721886094491,0.9664596273291925,0.012410368824996026,0.9514285714285714,0.6016723113731334
segment,log,102,174,0.009039906619947918,0.9652173913043478,0.012430204523898735,0.9485714285714286,0.5787309754795142
segment,log,102,175,0.008303428561199483,0.968944099378882,0.011690559898356278,0.9514285714285714,0.21002427812658356
segment,log,102,176,0.008085798487898366,0.9658385093167702,0.011527555623180114,0.9514285714285714,0.2526554427113039
segment,log,102,177,0.008025746770705142,0.9683229813664597,0.011586509364450253,0.9514285714285714,0.3231290169460404
segment,log,102,178,0.008728327019233024,0.9652173913043478,0.012169227945852278,0.9485714285714286,0.6900622867154996
segment,log,102,179,0.008419993854135813,0.9652173913043478,0.011580011186785042,0.9514285714285714,0.41801307292560747
segment,log,102,180,0.00856070543657774,0.9645962732919254,0.011587103843962367,0.96,0.607814236520341
segment,log,102,181,0.007947864990944171,0.9695652173913043,0.011351143594413294,0.9542857142857143,0.3780427591984374
segment,log,102,182,0.008013036262395822,0.968944099378882,0.011303393431497246,0.9514285714285714,0.28915156962736943
segment,log,102,183,0.008340395225540394,0.9658385093167702,0.011491897743688284,0.9514285714285714,0.50924861015969
segment,log,102,184,0.007957365441345786,0.9677018633540373,0.011312974822593134,0.9514285714285714,0.15203849296259458
segment,log,102,185,0.008088840965331945,0.9670807453416149,0.01132940599181384,0.9514285714285714,0.4162522165825651
segment,log,102,186,0.00785108964814292,0.9683229813664597,0.01134497531620594,0.9542857142857143,0.0868814924865011
segment,log,102,187,0.007775541678025867,0.9670807453416149,0.011312144420045819,0.9514285714285714,0.3981312306107531
segment,log,102,188,0.0077631249034149355,0.9677018633540373,0.011058497516263945,0.9514285714285714,0.5021377187433557
segment,log,102,189,0.00874897770334185,0.9602484472049689,0.012083712515530674,0.9428571428571428,0.48879107448759046
segment,log,102,190,0.00785508631459689,0.9645962732919254,0.011268241048581434,0.9485714285714286,0.33364681631653786
segment,log,102,191,0.007649491968034002,0.9677018633540373,0.010972756001602987,0.9514285714285714,0.22886789483059103
segment,log,102,192,0.007801430365133256,0.9670807453416149,0.011209570840234571,0.9485714285714286,0.6564730391206305
segment,log,102,193,0.00792638992016752,0.970807453416149,0.011404167660068881,0.9485714285714286,0.5321519910178285
segment,log,102,194,0.007958994104052625,0.9683229813664597,0.011281534586718739,0.9571428571428572,0.606005988111528
segment,log,102,195,0.00776583910984604,0.9670807453416149,0.01115579901749808,0.9542857142857143,0.3564833650924887
segment,log,102,196,0.0076101894312376964,0.9677018633540373,0.011071303842941601,0.9542857142857143,0.2948039793181243
segment,log,102,197,0.009864409813381162,0.9540372670807453,0.012471455112889867,0.9514285714285714,0.4828133041187406
segment,log,102,198,0.007495210096655362,0.9695652173913043,0.010942959462156895,0.9542857142857143,0.15601299774826927
segment,log,102,199,0.007464087969696695,0.9695652173913043,0.010861511764707826,0.9542857142857143,0.077735846522289
segment,log,102,200,0.0074236863069580255,0.970807453416149,0.010869250875930292,0.9542857142857143,0.11088977703903202
segment,log,102,201,0.008496090446740922,0.9633540372670808,0.011695654928184994,0.9485714285714286,0.5512322826379344
segment,log,102,202,0.007862232189961007,0.9677018633540373,0.01110514509079342,0.9542857142857143,0.3114879686757298
segment,log,102,203,0.007938205837335396,0.9652173913043478,0.011263008756076519,0.9514285714285714,0.05865420701130338
segment,log,102,204,0.007739180769780317,0.9695652173913043,0.011002796403436235,0.9571428571428572,0.21374197877851103
segment,log,102,205,0.007722654617188014,0.9683229813664597,0.010977254790815546,0.9542857142857143,0.27071823644675486
segment,log,102,206,0.007783173668002351,0.9670807453416149,0.011165388432631632,0.9542857142857143,0.27412640045396186
segment,log,102,207,0.007677945817770474,0.9677018633540373,0.011178705015741365,0.9571428571428572,0.10226442939510227
segment,log,102,208,0.00794554833219177,0.9658385093167702,0.010913564867690318,0.9571428571428572,0.6148906359303399
segment,log,102,209,0.0077408249824275615,0.9664596273291925,0.011161246810070708,0.9542857142857143,0.19683865911058357
segment,log,102,210,0.007658287702997623,0.9695652173913043,0.011074220277178286,0.9571428571428572,0.4066775154257391
segment,log,102,211,0.007649366861503967,0.9670807453416149,0.011022146234203724,0.9542857142857143,0.05422866135917676
segment,log,102,212,0.007804471844828105,0.9677018633540373,0.010872356461836551,0.9571428571428572,0.4717380477870571
segment,log,102,213,0.007462329851961391,0.9701863354037267,0.010836440539775281,0.96,0.11267175136120454
segment,log,102,214,0.008040634414574616,0.9677018633540373,0.011211744402299403,0.9571428571428572,0.6241484614446131
segment,log,102,215,0.007454026981879704,0.9677018633540373,0.010977223674043359,0.9571428571428572,0.30314351140985096
segment,log,102,216,0.007490705239888114,0.9701863354037267,0.011069388574738303,0.9542857142857143,0.13812544183541933
segment,log,102,217,0.007602619060866123,0.9664596273291925,0.010946200418559659,0.9571428571428572,0.7272861752227147
segment,log,102,218,0.00761579854806284,0.9664596273291925,0.011184884108499037,0.9542857142857143,0.4691235398772377
segment,log,102,219,0.007384607853268766,0.9701863354037267,0.010928625139366618,0.9571428571428572,0.3736828796084001
segment,log,102,220,0.007305936917802433,0.9701863354037267,0.010869805975772168,0.96,0.21637286787554674
segment,log,102,221,0.010489605646553804,0.9465838509316771,0.01367617197071015,0.9371428571428572,0.5408168823085878
segment,log,102,222,0.007275831009557334,0.9677018633540373,0.01069757498481051,0.96,0.06746764446841164
segment,log,102,223,0.007365239624449995,0.968944099378882,0.010785671825011518,0.9571428571428572,0.37005550605155657
segment,log,102,224,0.007808625640038876,0.9670807453416149,0.01137284135327241,0.9514285714285714,0.5815713361283782
segment,log,102,225,0.007327717084259356,0.968944099378882,0.010737533465631048,0.9571428571428572,0.26281852981828613
segment,log,102,226,0.009257925965270567,0.9540372670807453,0.012706276747185784,0.9457142857142857,0.6324050607445847
segment,log,102,227,0.009399858525242792,0.9565217391304348,0.011934178907905334,0.9485714285714286,0.6119475930111073
segment,log,102,228,0.007331924802886052,0.9677018633540373,0.010757539784979309,0.9571428571428572,0.21722779561295058
segment,log,102,229,0.007241031255203797,0.9701863354037267,0.010859516980849127,0.9571428571428572,0.511150407421622
segment,log,102,230,0.007782450921900946,0.9670807453416149,0.011086921977226952,0.9542857142857143,0.6238408301024732
segment,log,102,231,0.007331099726306666,0.9701863354037267,0.010880712689447276,0.96,0.34799825223185343
segment,log,102,232,0.009680493341478108,0.953416149068323,0.013218662621962262,0.9371428571428572,0.7224711705168626
segment,log,102,233,0.007691838660358016,0.9726708074534162,0.011163878592033835,0.9542857142857143,0.5112848644519882
segment,log,102,234,0.0069968632793244835,0.9720496894409938,0.01053246347613918,0.9571428571428572,0.2586722359430987
segment,log,102,235,0.007108680142337722,0.9695652173913043,0.01060222822237195,0.9542857142857143,0.16792431923846918
segment,log,102,236,0.006983375480234961,0.9732919254658385,0.010619485301903727,0.96,0.3173131064322546
segment,log,102,237,0.006961269339660032,0.9732919254658385,0.010588286674592214,0.96,0.22501209135438113
segment,log,102,238,0.007719244306123926,0.968944099378882,0.01131575762680782,0.9514285714285714,0.47921705823983135
segment,log,102,239,0.007673082974387399,0.9658385093167702,0.010999072667806316,0.9514285714285714,0.19145036068408425
segment,log,102,240,0.007191343405561877,0.9683229813664597,0.011042527493456194,0.9514285714285714,0.4122490238178933
segment,log,102,241,0.006942272648524368,0.968944099378882,0.0106982414130434,0.9542857142857143,0.5640714879591826
segment,log,102,242,0.006944647420368449,0.9714285714285714,0.010647712189293949,0.9542857142857143,0.4748437441959751
segment,log,102,243,0.007120939295776451,0.9683229813664597,0.010563995632929098,0.9542857142857143,0.3878068180608318
segment,log,102,244,0.006848565944767245,0.9726708074534162,0.010525461492028567,0.9571428571428572,0.3855240378344104
segment,log,102,245,0.007341820634383351,0.9695652173913043,0.010959917988529086,0.9514285714285714,0.37995820500477695
segment,log,102,246,0.006793502544044105,0.9726708074534162,0.010457450771002812,0.9571428571428572,0.18194373753942658
segment,log,102,247,0.006781252495463816,0.9720496894409938,0.010491945973824546,0.9571428571428572,0.25738843611078993
segment,log,102,248,0.006906279174434237,0.970807453416149,0.010573689833776712,0.9571428571428572,0.437079744402271
segment,log,102,249,0.0068833020669072445,0.9695652173913043,0.010437803403595044,0.9542857142857143,0.41594813219071874
segment,log,102,250,0.0067345973522254625,0.9726708074534162,0.010462370252300138,0.9542857142857143,0.28029582514983
segment,log,102,251,0.006848481473123403,0.9701863354037267,0.010496142942864899,0.9571428571428572,0.2051380174823933
segment,log,102,252,0.006737641008289557,0.9739130434782609,0.0105653776362858,0.96,0.2225359529082994
segment,log,102,253,0.006742432499744135,0.9714285714285714,0.010501268450452267,0.9571428571428572,0.040795480920075504
segment,log,102,254,0.006664342628659013,0.9726708074534162,0.010463744277934199,0.9571428571428572,0.5732229978128424
segment,log,102,255,0.006666419427560019,0.9720496894409938,0.010462443039878928,0.9571428571428572,0.27190998395790916
segment,log,102,256,0.0067663290636986225,0.9714285714285714,0.010532414269776066,0.9571428571428572,0.6559598711206622
segment,log,102,257,0.006757986370970415,0.9714285714285714,0.010566514704563828,0.9514285714285714,0.18322034005715568
segment,log,102,258,0.006630194001172925,0.9739130434782609,0.010403841876198385,0.9571428571428572,0.5653988480646625
segment,log,102,259,0.006851877866290214,0.9714285714285714,0.010544739343863145,0.9542857142857143,0.39740788386735265
segment,log,102,260,0.006664150931654085,0.9720496894409938,0.01040690708716821,0.9542857142857143,0.11187618254742053
segment,log,102,261,0.006755983621237497,0.9720496894409938,0.010574050963309291,0.9542857142857143,0.31584716541911806
segment,log,102,262,0.006966353891282179,0.9701863354037267,0.010736151448855143,0.9514285714285714,0.3540444904899969
segment,log,102,263,0.006694110447867841,0.9683229813664597,0.010519113448345328,0.9514285714285714,0.08117062881814165
segment,log,102,264,0.006619761737211815,0.9726708074534162,0.01038550698465199,0.9571428571428572,0.1901233995653408
segment,log,102,265,0.006562077470939714,0.9732919254658385,0.010377885800208538,0.9571428571428572,0.21134253742611764
segment,log,102,266,0.006515848319739626,0.9739130434782609,0.010449568894155657,0.9571428571428572,0.30331780688355087
segment,log,102,267,0.006571227189158347,0.9732919254658385,0.010324501077576705,0.9571428571428572,0.46308021924474624
segment,log,102,268,0.007929031724716682,0.962111801242236,0.011443314544083056,0.9485714285714286,0.5952374918743885
segment,log,102,269,0.0064699292066224415,0.9732919254658385,0.010287644614588542,0.9571428571428572,0.3748278617952378
segment,log,102,270,0.006451716183217044,0.9732919254658385,0.010298406220096683,0.9571428571428572,0.3202269505616637
segment,log,102,271,0.006564389204556787,0.9701863354037267,0.010310322121033557,0.9542857142857143,0.4326774659134538
segment,log,102,272,0.0064606525055964795,0.9720496894409938,0.010292536323139182,0.9571428571428572,0.28020491650382995
segment,log,102,273,0.006417491367576406,0.9732919254658385,0.010337521426007624,0.9571428571428572,0.27227051315187534
segment,log,102,274,0.0068759081680476826,0.9695652173913043,0.010718654023135349,0.9514285714285714,0.2784537765090611
segment,log,102,275,0.00645063787814367,0.9726708074534162,0.010358248960100565,0.9542857142857143,0.21266885452995424
segment,log,102,276,0.009173005405880891,0.953416149068323,0.012805604265107491,0.9428571428571428,0.6271008209664095
segment,log,102,277,0.006883151332785702,0.9701863354037267,0.010487461677147423,0.9514285714285714,0.5624222223774009
segment,log,102,278,0.006509544706429756,0.9720496894409938,0.010359756573763122,0.9571428571428572,0.097080805418819
segment,log,102,279,0.0075585576084456875,0.9664596273291925,0.010899476042099527,0.9514285714285714,0.6198480044893041
segment,log,102,280,0.006536867364307837,0.968944099378882,0.010450907771695571,0.9514285714285714,0.17497911733287907
segment,log,102,281,0.00826266262528096,0.9627329192546584,0.011434114442785224,0.9485714285714286,0.6124888605061897
segment,log,102,282,0.006449790440770417,0.9732919254658385,0.010419686666279805,0.9542857142857143,0.13372515322565695
segment,log,102,283,0.006883504337224747,0.9677018633540373,0.010761459881301156,0.9485714285714286,0.4831647713926099
segment,log,102,284,0.006300699533972534,0.9732919254658385,0.010331817187057083,0.96,0.06814791835301015
segment,log,102,285,0.006450497910540067,0.9720496894409938,0.01033552719222459,0.9542857142857143,0.4169070122189297
segment,log,102,286,0.006283621253252747,0.9732919254658385,0.010269025609269171,0.9571428571428572,0.1264462765997827
segment,log,102,287,0.006676951847581295,0.9720496894409938,0.010390213363237975,0.9571428571428572,0.6021594760284237
segment,log,102,288,0.006353685184402902,0.9745341614906833,0.010265857222892959,0.9571428571428572,0.5849858558070277
segment,log,102,289,0.006338170136701553,0.9726708074534162,0.010313408884554842,0.9571428571428572,0.16458025509995572
segment,log,102,290,0.006867060912804898,0.9701863354037267,0.010698181690619342,0.9514285714285714,0.6732831483589218
segment,log,102,291,0.006237248816669124,0.9732919254658385,0.010190240196606816,0.96,0.34123862758596635
segment,log,102,292,0.0063543548895719035,0.9726708074534162,0.010158787113400005,0.9542857142857143,0.42862584973838946
segment,log,102,293,0.006438054287314172,0.9745341614906833,0.01029472463714473,0.9571428571428572,0.391709294887174
segment,log,102,294,0.006199435374008392,0.9732919254658385,0.010139959281322908,0.96,0.06676192904671975
segment,log,102,295,0.006339270703473327,0.970807453416149,0.010344621892151686,0.9542857142857143,0.16195175583506244
segment,log,102,296,0.00633763814747284,0.9739130434782609,0.010236822631720339,0.9571428571428572,0.02510744301922716
segment,log,102,297,0.006185480154974175,0.9732919254658385,0.01021924329873076,0.9571428571428572,0.3383907387566586
segment,log,102,298,0.007258388761145852,0.9670807453416149,0.011114534330595198,0.9485714285714286,0.5841891814442788
segment,log,102,299,0.006709878605769921,0.970807453416149,0.010433068114975562,0.9514285714285714,0.6104241305385882
segment,log,102,300,0.006307519732797187,0.9726708074534162,0.010298979013094428,0.9542857142857143,0.29052595941200615
segment,log,102,301,0.006309960966874342,0.9720496894409938,0.010284044288556001,0.9571428571428572,0.6697078736700756
segment,log,102,302,0.007576335902003395,0.9652173913043478,0.011016690802769359,0.9485714285714286,0.42005140409963104
segment,log,102,303,0.006436160781627389,0.9745341614906833,0.010243331170373066,0.9542857142857143,0.6252092810675478
segment,log,102,304,0.006246287275514551,0.9732919254658385,0.010200068217146628,0.9571428571428572,0.5861724799103823
segment,log,102,305,0.006235369197816276,0.9739130434782609,0.01022315850876623,0.9571428571428572,0.14480909724704308
segment,log,102,306,0.006138861609474764,0.9745341614906833,0.010269688093313531,0.96,0.3625044756273339
segment,log,102,307,0.006103187730030087,0.9739130434782609,0.010103775814592389,0.96,0.023803332423595714
segment,log,102,308,0.008324903490458238,0.9577639751552796,0.011971971044761451,0.9485714285714286,0.4953138554112722
segment,log,102,309,0.006149856450178898,0.9745341614906833,0.010178955492403568,0.96,0.07163347013002308
segment,log,102,310,0.006186938388115666,0.9732919254658385,0.010202868335084955,0.9542857142857143,0.15920820138827416
segment,log,102,311,0.006181461590684847,0.9732919254658385,0.010389072795362471,0.9542857142857143,0.6130456905993108
segment,log,102,312,0.0060917058895557305,0.9763975155279503,0.01019972837742816,0.96,0.2961702477554807
segment,log,102,313,0.006073210800319724,0.9751552795031055,0.010075214614745859,0.9571428571428572,0.2941186451926482
segment,log,102,314,0.00627299626135982,0.9720496894409938,0.010149972438765411,0.9542857142857143,0.3519159429678225
segment,log,102,315,0.006131991628882361,0.9745341614906833,0.010219149087682289,0.9571428571428572,0.2589470047155693
segment,log,102,316,0.006017475980074551,0.9745341614906833,0.01008695618494846,0.96,0.19815597128665774
segment,log,102,317,0.006571276349787171,0.9757763975155279,0.010278256195911,0.9542857142857143,0.6183205740763865
segment,log,102,318,0.006634624108331255,0.970807453416149,0.010343924292038073,0.9514285714285714,0.4173668988670153
segment,log,102,319,0.006087536231586579,0.9751552795031055,0.009988709830207547,0.9571428571428572,0.5819734818297668
segment,log,102,320,0.006484287546345439,0.9714285714285714,0.010620904865316194,0.9514285714285714,0.5898189054024129
segment,log,102,321,0.006401787447096475,0.9739130434782609,0.01012872738182103,0.9514285714285714,0.5688228950494754
segment,log,102,322,0.0063161435816794665,0.9757763975155279,0.010316106845725792,0.96,0.5168577848641197
segment,log,102,323,0.006091558742313409,0.9745341614906833,0.01017992438840916,0.9571428571428572,0.5695158000739253
segment,log,102,324,0.006030931510454327,0.9745341614906833,0.010090735613771227,0.96,0.5576133715527888
segment,log,102,325,0.00592821901437253,0.9757763975155279,0.010066072770322293,0.96,0.17350172839709135
segment,log,102,326,0.005922448254253718,0.9751552795031055,0.010059959828778274,0.96,0.079799459879778
segment,log,102,327,0.005944528411310978,0.9763975155279503,0.01009665515929511,0.9571428571428572,0.17560048211029783
segment,log,102,328,0.006015155923358693,0.9739130434782609,0.00999223482229524,0.9542857142857143,0.5730556007635712
segment,log,102,329,0.009149496664805214,0.9521739130434783,0.012944530470258661,0.9428571428571428,0.503940996147196
segment,log,102,330,0.010336678818922801,0.9472049689440993,0.013660355238015242,0.9371428571428572,0.5127804230500317
segment,log,102,331,0.007598508704364723,0.9645962732919254,0.011269851608115727,0.9457142857142857,0.6003220913388693
segment,log,102,332,0.005933643275134269,0.9757763975155279,0.0101307904407421,0.96,0.0618976963844896
segment,log,102,333,0.0063666369416565255,0.9720496894409938,0.010444199176529825,0.9542857142857143,0.589653908248508
segment,log,102,334,0.005880783070136788,0.9751552795031055,0.010010928057029675,0.96,0.05234854040744462
segment,log,102,335,0.005884720735532343,0.9770186335403727,0.009977077979973718,0.96,0.3190328191853079
segment,log,102,336,0.0061055447457801955,0.9739130434782609,0.01010476236268662,0.9571428571428572,0.3039249119083253
segment,log,102,337,0.005858052394763252,0.9751552795031055,0.009948931321007567,0.96,0.24563928583912803
segment,log,102,338,0.005832818562390339,0.9763975155279503,0.01000392943865666,0.9571428571428572,0.26655154020389515
segment,log,102,339,0.005832294793837874,0.9757763975155279,0.010041057438284748,0.96,0.25732934623634995
segment,log,102,340,0.005930271953022081,0.9751552795031055,0.010154505396130647,0.9571428571428572,0.2774372454427495
segment,log,102,341,0.006142000585878852,0.9726708074534162,0.010332353625680085,0.9542857142857143,0.21879757456836896
segment,log,102,342,0.006175017928173794,0.9714285714285714,0.010082029435669273,0.9571428571428572,0.17687426758569627
segment,log,102,343,0.007297587191680422,0.968944099378882,0.011154624545769994,0.9485714285714286,0.6454349104962858
segment,log,102,344,0.0073256460516303076,0.9633540372670808,0.01137260296643354,0.9457142857142857,0.35315960595120216
segment,log,102,345,0.006105794898017568,0.9745341614906833,0.010360450598858298,0.9542857142857143,0.40729617305948673
segment,log,102,346,0.0059522327157810456,0.9739130434782609,0.010151049152645622,0.9542857142857143,0.5807137577414684
segment,log,102,347,0.005865505122206833,0.9739130434782609,0.00990065223444851,0.9571428571428572,0.5621820371413732
segment,log,102,348,0.013973005760764306,0.9360248447204969,0.017143534396883292,0.9257142857142857,0.6447849749069314
segment,log,102,349,0.0058279661470096175,0.9745341614906833,0.009994635498142402,0.9571428571428572,0.3178473196557018
segment,log,102,350,0.005741847046816224,0.9770186335403727,0.00996226232105674,0.96,0.0317290430567774
segment,log,103,1,0.11908187238877603,0.2857142857142857,0.11876646898835982,0.2857142857142857,1.0171894564416892
segment,log,103,2,0.11095635973201376,0.36645962732919257,0.11097551415067806,0.35428571428571426,1.002142874379767
segment,log,103,3,0.10631587002528585,0.4453416149068323,0.10561368332346588,0.44571428571428573,0.91529339738803
segment,log,103,4,0.07725270578048034,0.5124223602484472,0.07611811816035327,0.54,0.7863198349645634
segment,log,103,5,0.07123122439195813,0.5975155279503106,0.07059182279933134,0.6057142857142858,0.9002856773019426
segment,log,103,6,0.06986537591470134,0.6118012422360248,0.0695926756686146,0.6114285714285714,0.8513952936923428
segment,log,103,7,0.06489528144025421,0.6335403726708074,0.06475127663186993,0.6342857142857142,0.7691221526185115
segment,log,103,8,0.06764513087678793,0.622360248447205,0.06849301295610007,0.6228571428571429,0.8229169858727244
segment,log,103,9,0.08182557716095612,0.6173913043478261,0.0840192875373005,0.6171428571428571,0.8777081215651522
segment,log,103,10,0.06201122651007994,0.631055900621118,0.06293048407253594,0.6371428571428571,0.8860258194004245
segment,log,103,11,0.07568864184115066,0.6180124223602484,0.07868578340337633,0.6,0.8971654072674887
segment,log,103,12,0.06267744310578745,0.6298136645962733,0.0634398881315374,0.6257142857142857,0.8056295765954543
segment,log,103,13,0.060620761116109395,0.6360248447204969,0.061774679762070156,0.6371428571428571,0.8970711296935706
segment,log,103,14,0.05882091530850736,0.6459627329192547,0.06067897734096516,0.6371428571428571,0.7495025870077772
segment,log,103,15,0.05955998753615663,0.6422360248447205,0.061487850208023345,0.6371428571428571,0.8636244355260592
segment,log,103,16,0.05879556733957699,0.6422360248447205,0.06051992006274101,0.6428571428571429,0.7878077963517167
segment,log,103,17,0.05158591149405255,0.7596273291925466,0.05302811675186867,0.7485714285714286,0.8477722427898258
segment,log,103,18,0.044436127060056695,0.775776397515528,0.04554232824974407,0.76,0.7853471727349065
segment,log,103,19,0.03775357053402957,0.9142857142857143,0.03830046352035698,0.9085714285714286,0.7488935317668889
segment,log,103,20,0.028315212259375517,0.9099378881987578,0.02970260362583281,0.9114285714285715,0.615740067168905
segment,log,103,21,0.022592330315529145,0.9248447204968944,0.02436762228893506,0.92,0.66341919842412
segment,log,103,22,0.023893796444605177,0.908695652173913,0.024716538944026364,0.9057142857142857,0.7748324116851619
segment,log,103,23,0.020862105223678422,0.9192546583850931,0.0219691435408447,0.9142857142857143,0.4675299994184177
segment,log,103,24,0.019975433915394615,0.9254658385093167,0.02130581385184141,0.9171428571428571,0.6595945047664725
segment,log,103,25,0.0185578804948509,0.9279503105590062,0.02007803346976252,0.9171428571428571,0.36445741938709797
segment,log,103,26,0.019036850225961837,0.922360248447205,0.020243012867511505,0.9142857142857143,0.5695200496361561
segment,log,103,27,0.01895750488717005,0.9298136645962732,0.020995845209663144,0.9228571428571428,0.8115864106922696
segment,log,103,28,0.018313299736783594,0.9248447204968944,0.019474124659597525,0.9142857142857143,0.5852609022049834
segment,log,103,29,0.01990110166610786,0.9142857142857143,0.020876237046398384,0.9085714285714286,0.7001374555570171
segment,log,103,30,0.017145158918151465,0.9316770186335404,0.018799590567906338,0.9142857142857143,0.6845064526032513
segment,log,103,31,0.016678723225227347,0.9335403726708075,0.018780349135978848,0.9228571428571428,0.39243879127414755
segment,log,103,32,0.0168867953158912,0.929192546583851,0.018665044364499644,0.9228571428571428,0.686278839905551
segment,log,103,33,0.016325522306004234,0.9341614906832298,0.01832265700932067,0.9257142857142857,0.6326084620385796
segment,log,103,34,0.01716639980971678,0.9335403726708075,0.01904689651688201,0.9257142857142857,0.7810891139967355
segment,log,103,35,0.016476324023212006,0.9304347826086956,0.017880246225848526,0.9257142857142857,0.7573418335832659
segment,log,103,36,0.018891328817844586,0.9198757763975155,0.021285878849457852,0.9171428571428571,0.6430712800375257
segment,log,103,37,0.015589272020025465,0.9329192546583851,0.017141679762081457,0.9228571428571428,0.6343451676148446
segment,log,103,38,0.015788789278044394,0.9329192546583851,0.017239419716490637,0.9285714285714286,0.5289037798859046
segment,log,103,39,0.019891705323447112,0.9186335403726708,0.02224639110174369,0.92,0.5666407734997194
segment,log,103,40,0.01601417989509732,0.937888198757764,0.01810246531904899,0.9314285714285714,0.41292913770945405
segment,log,103,41,0.01510977688750669,0.9335403726708075,0.016860561673756585,0.9257142857142857,0.3123787283721564
segment,log,103,42,0.015613042360333845,0.9329192546583851,0.017168365510505594,0.9285714285714286,0.5609238760983313
segment,log,103,43,0.01474016670996821,0.9391304347826087,0.016708118300896864,0.9342857142857143,0.323165238308082
segment,log,103,44,0.015559670900530842,0.9347826086956522,0.017566879313822486,0.9342857142857143,0.6804173300084974
segment,log,103,45,0.015131604736628647,0.9428571428571428,0.017327092577194843,0.9314285714285714,0.3949120584730121
segment,log,103,46,0.014683453557349076,0.9391304347826087,0.016821669214776857,0.9285714285714286,0.6391983400541063
segment,log,103,47,0.017117537655072058,0.9229813664596274,0.019629062756686036,0.9171428571428571,0.6759693831199309
segment,log,103,48,0.014586892647741889,0.9347826086956522,0.016532795765196017,0.9257142857142857,0.6665378967978629
segment,log,103,49,0.014299095750817236,0.9391304347826087,0.01647612177982703,0.9342857142857143,0.4636090214522389
segment,log,103,50,0.015166609292743249,0.931055900621118,0.016732810422231518,0.9285714285714286,0.5707551887555856
segment,log,103,51,0.014564100722558213,0.9440993788819876,0.016961922576011822,0.9342857142857143,0.33965761676136025
segment,log,103,52,0.014098171407273395,0.9391304347826087,0.016122211549939553,0.9371428571428572,0.6933899294372466
segment,log,103,53,0.013851464619966869,0.9366459627329192,0.015825567236894485,0.9257142857142857,0.39894953310921977
segment,log,103,54,0.013992673797144159,0.9465838509316771,0.01639960559967504,0.9371428571428572,0.6549913586113907
segment,log,103,55,0.013759799135792037,0.9434782608695652,0.016110049820573173,0.9371428571428572,0.5593424617899779
segment,log,103,56,0.013725649206623506,0.9440993788819876,0.01604936792320193,0.9342857142857143,0.5127662721116536
segment,log,103,57,0.014852302543035397,0.931055900621118,0.01662699012276902,0.9257142857142857,0.6093346904387278
segment,log,103,58,0.013537161939685077,0.9385093167701863,0.015591238136827527,0.9371428571428572,0.6411939308659693
segment,log,103,59,0.01333538029693471,0.9385093167701863,0.01564000439997073,0.9228571428571428,0.5506439079752482
segment,log,103,60,0.013519714209255154,0.9391304347826087,0.015539285290930469,0.9285714285714286,0.5914311385400061
segment,log,103,61,0.014474007640016592,0.9366459627329192,0.016284110892270283,0.9257142857142857,0.7316675068323933
segment,log,103,62,0.01398861227802536,0.9428571428571428,0.017027252444357124,0.9314285714285714,0.5759207505619445
segment,log,103,63,0.0142263637318994,0.94472049689441,0.01700757848184262,0.9285714285714286,0.5670362063422931
segment,log,103,64,0.013633378554615605,0.9391304347826087,0.01567184694989216,0.9342857142857143,0.612443294257938
segment,log,103,65,0.013061898515699616,0.9453416149068323,0.015783010454078032,0.94,0.3561448331689781
segment,log,103,66,0.012678418860139895,0.9459627329192547,0.015203172481941042,0.9371428571428572,0.3830767811687299
segment,log,103,67,0.012648053365633983,0.9416149068322981,0.015063429573896883,0.9342857142857143,0.38640416469573113
segment,log,103,68,0.013196776428432908,0.9465838509316771,0.015778707575055773,0.9314285714285714,0.5263737457609124
segment,log,103,69,0.012543663479878753,0.9409937888198758,0.015020446466469842,0.9314285714285714,0.373361600968021
segment,log,103,70,0.012568231791801542,0.9478260869565217,0.015177493784532457,0.94,0.3035531525685569
segment,log,103,71,0.013561981736992105,0.9465838509316771,0.016487885120717274,0.9342857142857143,0.5307966450364338
segment,log,103,72,0.01416554394326108,0.9428571428571428,0.01689043135114888,0.9285714285714286,0.6698443628770537
segment,log,103,73,0.013481999548366465,0.9503105590062112,0.016310224871778498,0.94,0.6759049030639197
segment,log,103,74,0.01245229327638093,0.9403726708074535,0.014935578629422398,0.9342857142857143,0.46160364201354487
segment,log,103,75,0.012657173242034801,0.9391304347826087,0.01498881446123958,0.9257142857142857,0.6399986896721158
segment,log,103,76,0.016632760995990974,0.9236024844720497,0.01814975572053719,0.92,0.6735815704542814
segment,log,103,77,0.012075955512796206,0.9484472049689441,0.014717925295229061,0.9342857142857143,0.639543208290305
segment,log,103,78,0.012045730754283987,0.9503105590062112,0.014840272599546171,0.9371428571428572,0.577433213277749
segment,log,103,79,0.012672677956161916,0.9416149068322981,0.014996899729349188,0.9285714285714286,0.6131979127432285
segment,log,103,80,0.015227041291322217,0.929192546583851,0.016961342817539127,0.9257142857142857,0.6843066419466985
segment,log,103,81,0.014898548529414073,0.9316770186335404,0.01659711320608218,0.9285714285714286,0.6758577339904339
segment,log,103,82,0.011863920993640696,0.9459627329192547,0.014258375301848024,0.9342857142857143,0.6167392146902644
segment,log,103,83,0.012223666971543382,0.9403726708074535,0.01453517068146799,0.9257142857142857,0.46262014985901506
segment,log,103,84,0.011708732317626798,0.9490683229813665,0.014447940120476557,0.9371428571428572,0.4297620348083405
segment,log,103,85,0.01160489577812051,0.9472049689440993,0.014150925157696843,0.9314285714285714,0.23253769870243712
segment,log,103,86,0.013401898580954467,0.94472049689441,0.016518342025117375,0.9342857142857143,0.5653243001531463
segment,log,103,87,0.011562413004376824,0.9503105590062112,0.014283832785291316,0.9371428571428572,0.619479238378088
segment,log,103,88,0.011487548315376316,0.9490683229813665,0.014191575633470026,0.9371428571428572,0.5816896218860236
segment,log,103,89,0.011434755944965068,0.9509316770186336,0.014137554442110796,0.9371428571428572,0.12492814359352256
segment,log,103,90,0.011377422217936256,0.9484472049689441,0.013954030601440235,0.9314285714285714,0.5854875146275519
segment,log,103,91,0.011554356438501924,0.9496894409937888,0.014501452503844041,0.9371428571428572,0.5074935893103975
segment,log,103,92,0.011874592691939289,0.9409937888198758,0.014245892908363509,0.9285714285714286,0.15294910236608614
segment,log,103,93,0.011934268529939425,0.9515527950310559,0.014379166605268438,0.94,0.6258270427601113
segment,log,103,94,0.011312081929667131,0.9490683229813665,0.013927299627842896,0.9371428571428572,0.2716541963904567
segment,log,103,95,0.012362527619980308,0.9459627329192547,0.015359986209536783,0.9285714285714286,0.5688572691333129
segment,log,103,96,0.011293571967719997,0.9465838509316771,0.01404274755813633,0.9342857142857143,0.6256838355680434
segment,log,103,97,0.011113792810728109,0.9496894409937888,0.013830497920447027,0.9314285714285714,0.3244221977928026
segment,log,103,98,0.011329345195563214,0.9509316770186336,0.014278681119308911,0.94,0.4778013385428474
segment,log,103,99,0.011009886773146894,0.9515527950310559,0.013820904251355716,0.9371428571428572,0.4476395632448453
segment,log,103,100,0.011664204237077556,0.9459627329192547,0.014097560126981943,0.9257142857142857,0.6776379666510661
segment,log,103,101,0.011278224288103616,0.9503105590062112,0.014228515014951008,0.9371428571428572,0.4070984044829004
segment,log,103,102,0.010941238996129107,0.9521739130434783,0.013610147401717705,0.9342857142857143,0.20571553758967737
segment,log,103,103,0.010854056740111752,0.9515527950310559,0.013719148170088985,0.9371428571428572,0.5831498912184722
segment,log,103,104,0.013208818365543504,0.9366459627329192,0.016402443482205892,0.9257142857142857,0.6299223394060413
segment,log,103,105,0.01102373795255967,0.953416149068323,0.013789294833702871,0.9457142857142857,0.6726399394676952
segment,log,103,106,0.01444792850913245,0.9322981366459627,0.01790151927922951,0.92,0.6178070999377553
segment,log,103,107,0.010804207597641809,0.9540372670807453,0.01355761445629521,0.9428571428571428,0.5939694035309372
segment,log,103,108,0.010614468084312215,0.9515527950310559,0.01355475719387926,0.94,0.3417732340798631
segment,log,103,109,0.010967336340085952,0.9515527950310559,0.01407800522316165,0.9428571428571428,0.5016892096451274
segment,log,103,110,0.011259823270416537,0.9478260869565217,0.013793447760487845,0.9342857142857143,0.6505415189952269
segment,log,103,111,0.01054092246618772,0.9515527950310559,0.013499760859246835,0.9428571428571428,0.5568040979965755
segment,log,103,112,0.011499124472586351,0.9478260869565217,0.014655261467048824,0.9314285714285714,0.5224479651011633
segment,log,103,113,0.010744012037630233,0.9509316770186336,0.013878886731535487,0.9428571428571428,0.1715948192179028
segment,log,103,114,0.011473290244416835,0.9453416149068323,0.01458784152884592,0.9342857142857143,0.4265586056556275
segment,log,103,115,0.010579212762280679,0.9552795031055901,0.013260492855910548,0.94,0.604996609007056
segment,log,103,116,0.010357071193553271,0.9540372670807453,0.013182849017655734,0.94,0.5834555339969658
segment,log,103,117,0.010359169217187592,0.9521739130434783,0.01327498468257614,0.9371428571428572,0.43323169069946693
segment,log,103,118,0.010233480037835464,0.9521739130434783,0.013310690263194069,0.9428571428571428,0.2227624968736819
segment,log,103,119,0.010230278841684717,0.953416149068323,0.013218443554617062,0.94,0.09313725799369353
segment,log,103,120,0.010291480171089624,0.9521739130434783,0.013518290752021562,0.9428571428571428,0.39061787278622984
segment,log,103,121,0.010611007326284881,0.9509316770186336,0.013296438122713939,0.9342857142857143,0.24155856627153685
segment,log,103,122,0.010128748751952025,0.953416149068323,0.013210022608818456,0.9428571428571428,0.2538041078616307
segment,log,103,123,0.013082786397542647,0.9385093167701863,0.015040879396424121,0.94,0.5446371595742485
segment,log,103,124,0.010362880307161279,0.9577639751552796,0.013245258231124143,0.9428571428571428,0.678284735471962
segment,log,103,125,0.011416961165204024,0.9472049689440993,0.014781689386022616,0.9371428571428572,0.6047982578234098
segment,log,103,126,0.012150443630976577,0.9490683229813665,0.014733872618529526,0.9371428571428572,0.7016827825634917
segment,log,103,127,0.010646939746678947,0.9490683229813665,0.013462213807619808,0.9342857142857143,0.4562551542145371
segment,log,103,128,0.010222787416167934,0.9521739130434783,0.013396198919845522,0.9428571428571428,0.7009062923496072
segment,log,103,129,0.010243508166964349,0.9521739130434783,0.013148323202837087,0.9342857142857143,0.3389717511830699
segment,log,103,130,0.010448094316210356,0.9559006211180124,0.013331992207506789,0.94,0.6871894347318348
segment,log,103,131,0.010000504757732839,0.9559006211180124,0.01295016469094691,0.94,0.349272187924655
segment,log,103,132,0.010024841278918053,0.9559006211180124,0.012989836863634335,0.9371428571428572,0.3678884762211484
segment,log,103,133,0.013665296817299366,0.9285714285714286,0.017092253173317633,0.9257142857142857,0.5845436056938884
segment,log,103,134,0.010088358276076403,0.9540372670807453,0.012924592990869892,0.94,0.43837691682421104
segment,log,103,135,0.010284546848561952,0.9503105590062112,0.013057200914343777,0.9342857142857143,0.4151229316575959
segment,log,103,136,0.009899002511919074,0.9559006211180124,0.012903753506671148,0.94,0.5724173737131051
segment,log,103,137,0.010211686218870513,0.9521739130434783,0.013066822350987342,0.94,0.4920740203099109
segment,log,103,138,0.011148804198187156,0.9453416149068323,0.014481900556750969,0.9371428571428572,0.6539734027508213
segment,log,103,139,0.010878974752785745,0.9453416149068323,0.013184702526471545,0.9428571428571428,0.6265097938055517
segment,log,103,140,0.009826771729721934,0.9559006211180124,0.012794289057745403,0.94,0.13913463611651092
segment,log,103,141,0.009667635160769348,0.9565217391304348,0.012908281121950036,0.9428571428571428,0.22071244416770103
segment,log,103,142,0.009680408377562665,0.9571428571428572,0.012817211379399425,0.9428571428571428,0.3642918102567206
segment,log,103,143,0.009595427709932715,0.9559006211180124,0.012759292449342735,0.9428571428571428,0.34934098614118625
segment,log,103,144,0.009668059425672575,0.9571428571428572,0.012711177033985605,0.94,0.1649979725205418
segment,log,103,145,0.009619962178129557,0.9559006211180124,0.01295518063210794,0.9428571428571428,0.14244187552732934
segment,log,103,146,0.010031565673891862,0.9552795031055901,0.013058630512933267,0.9371428571428572,0.5280932263014875
segment,log,103,147,0.011060160165723368,0.9472049689440993,0.013279431188663012,0.9457142857142857,0.6627291806777204
segment,log,103,148,0.009610155708132458,0.9559006211180124,0.012612221241397367,0.9428571428571428,0.4045798628324361
segment,log,103,149,0.009573218745769965,0.9565217391304348,0.012658716559230173,0.94,0.4113571662270787
segment,log,103,150,0.01013851767633406,0.9521739130434783,0.013566605819992828,0.9428571428571428,0.4062124486341479
segment,log,103,151,0.00967088730762529,0.9546583850931677,0.012717304984425713,0.9371428571428572,0.508463631730556
segment,log,103,152,0.011737142893283873,0.9385093167701863,0.014943606629561405,0.9314285714285714,0.6696865661479154
segment,log,103,153,0.009441416376629421,0.9565217391304348,0.012488201823248331,0.9428571428571428,0.08837007968979801
segment,log,103,154,0.009660918272751272,0.953416149068323,0.013010852697452203,0.94,0.6290089174777892
segment,log,103,155,0.01323983663885126,0.9285714285714286,0.016473176469995198,0.9257142857142857,0.6877253073650627
segment,log,103,156,0.009423731567645652,0.9559006211180124,0.01248573810674624,0.9428571428571428,0.4405807977019531
segment,log,103,157,0.009532131506884419,0.9540372670807453,0.012899571215938795,0.9428571428571428,0.07327138499383803
segment,log,103,158,0.009278177451314722,0.9559006211180124,0.012397029988173072,0.9428571428571428,0.37065298315857925
segment,log,103,159,0.009290214602371493,0.9552795031055901,0.01240363290406896,0.94,0.14687923026287114
segment,log,103,160,0.009363426216400024,0.9552795031055901,0.012719394779702872,0.9428571428571428,0.19832982767782387
segment,log,103,161,0.00923772411707504,0.9565217391304348,0.0123333008386104,0.9428571428571428,0.058741954286955216
segment,log,103,162,0.009298047552915644,0.9559006211180124,0.01231924077808864,0.94,0.0861875573726771
segment,log,103,163,0.009283050916962354,0.9565217391304348,0.012313483001532191,0.94,0.5890660553372625
segment,log,103,164,0.00915578173174194,0.9571428571428572,0.01231875209625293,0.9428571428571428,0.23898125984603572
segment,log,103,165,0.009225831922589012,0.9571428571428572,0.01237142355833944,0.94,0.2537302416193613
segment,log,103,166,0.009123136351976677,0.9583850931677018,0.01230972204945551,0.9428571428571428,0.34882446054800614
segment,log,103,167,0.009108582473118661,0.9565217391304348,0.012263080145089686,0.9428571428571428,0.34682266079242285
segment,log,103,168,0.00916365903496799,0.9583850931677018,0.012428828897331847,0.9428571428571428,0.05890990656269921
segment,log,103,169,0.009753472994245295,0.9515527950310559,0.012710668044399727,0.9428571428571428,0.5975713146652926
segment,log,103,170,0.00914091740890532,0.9565217391304348,0.012262590328892252,0.94,0.13088838034035546
segment,log,103,171,0.009054755068409527,0.9565217391304348,0.012214701597279038,0.9428571428571428,0.2810706602287407
segment,log,103,172,0.009148165036131944,0.9571428571428572,0.012544787934735109,0.9457142857142857,0.37826755980433324
segment,log,103,173,0.009039527606805613,0.9577639751552796,0.012346038371717638,0.9428571428571428,0.4096758246840965
segment,log,103,174,0.008981750896741024,0.9583850931677018,0.012232129160512263,0.9428571428571428,0.6688762066214881
segment,log,103,175,0.009100393153726877,0.9571428571428572,0.012459247909494391,0.9457142857142857,0.11618136498983168
segment,log,103,176,0.008981189366732732,0.9583850931677018,0.012339452864912103,0.9428571428571428,0.44593497385531516
segment,log,103,177,0.008921039395703325,0.9571428571428572,0.012196457907140712,0.9428571428571428,0.12001894880943824
segment,log,103,178,0.0089138471237724,0.9571428571428572,0.012091631789481827,0.9428571428571428,0.1736139766114074
segment,log,103,179,0.010094282439776343,0.9515527950310559,0.0136598409546853,0.94,0.5033966445907219
segment,log,103,180,0.00894129877448617,0.9552795031055901,0.012141890106976382,0.9428571428571428,0.1525278997309256
segment,log,103,181,0.008855089750791344,0.9577639751552796,0.01222568422894599,0.9457142857142857,0.5777898377284483
segment,log,103,182,0.008909670762788372,0.9590062111801242,0.012270129033980788,0.9457142857142857,0.23290359196461546
segment,log,103,183,0.009351067475829157,0.9546583850931677,0.012252834157720898,0.9428571428571428,0.16949055122852702
segment,log,103,184,0.00894718937115305,0.9590062111801242,0.012087133827061305,0.9457142857142857,0.4867399755204962
segment,log,103,185,0.00896952750202406,0.9577639751552796,0.012202599074187224,0.9457142857142857,0.4288841199457199
segment,log,103,186,0.008761959672931204,0.9577639751552796,0.011995548783440177,0.9457142857142857,0.022922471668154327
segment,log,103,187,0.00881361213351321,0.9571428571428572,0.011945286201638393,0.9428571428571428,0.3205563163404731
segment,log,103,188,0.008969293648845533,0.9546583850931677,0.012281982264644846,0.9428571428571428,0.4363050464248672
segment,log,103,189,0.008751771769697863,0.9583850931677018,0.011882358782349894,0.9514285714285714,0.4471446996005217
segment,log,103,190,0.00877701994912099,0.9590062111801242,0.01211275698783646,0.9485714285714286,0.14783235779490125
segment,log,103,191,0.00876390056641059,0.9571428571428572,0.01182440949298943,0.9457142857142857,0.5878634382404457
segment,log,103,192,0.008717423761375213,0.9596273291925466,0.0119792430670076,0.9485714285714286,0.4129451757746263
segment,log,103,193,0.009286205903797654,0.9571428571428572,0.012255001238022334,0.9428571428571428,0.3509659540073327
segment,log,103,194,0.008972093202564792,0.9577639751552796,0.012093208447591082,0.9428571428571428,0.02685577830553331
segment,log,103,195,0.009092214491698516,0.9571428571428572,0.012129524557394654,0.9428571428571428,0.33574114338567673
segment,log,103,196,0.00903735643227708,0.9565217391304348,0.012121018190327794,0.9428571428571428,0.23806753188415006
segment,log,103,197,0.010181656351970632,0.9484472049689441,0.013743156175957026,0.94,0.49837330822396947
segment,log,103,198,0.009506548579460735,0.9546583850931677,0.01226497731719669,0.94,0.2187376246933889
segment,log,103,199,0.008798990562060504,0.9596273291925466,0.012214141222141095,0.9457142857142857,0.5815119747072384
segment,log,103,200,0.008769654724387763,0.9590062111801242,0.012034485798713525,0.9428571428571428,0.06430627408749723
segment,log,103,201,0.008739638023341293,0.9571428571428572,0.012097247947438366,0.9457142857142857,0.08380618446907502
segment,log,103,202,0.009226441501070631,0.9565217391304348,0.012270810293500379,0.9457142857142857,0.3996036242971942
segment,log,103,203,0.009713616195760697,0.953416149068323,0.01280021995760435,0.9428571428571428,0.4383651105269915
segment,log,103,204,0.009315031316268032,0.953416149068323,0.012412326109589686,0.94,0.5173792105944911
segment,log,103,205,0.008875845294464724,0.9590062111801242,0.012218503554238112,0.9485714285714286,0.5886870601277845
segment,log,103,206,0.008662853575372317,0.9571428571428572,0.012127669858229296,0.9457142857142857,0.45203741341681064
segment,log,103,207,0.008740768703953988,0.9571428571428572,0.012110954322297762,0.94,0.07760443221830914
segment,log,103,208,0.008737930946040475,0.9577639751552796,0.01207120908533487,0.9428571428571428,0.3541172116610714
segment,log,103,209,0.010465017632364433,0.9440993788819876,0.014097223440634545,0.94,0.5109693843294402
segment,log,103,210,0.008610618872878653,0.9596273291925466,0.012208382331119384,0.9457142857142857,0.08589778615816156
segment,log,103,211,0.00860091910215896,0.9577639751552796,0.012071430419743323,0.9485714285714286,0.33854138692899705
segment,log,103,212,0.008531936738711771,0.9583850931677018,0.012041136797996153,0.9485714285714286,0.30680230969505956
segment,log,103,213,0.008656307172288916,0.9571428571428572,0.011981243275526623,0.9457142857142857,0.12215367864491167
segment,log,103,214,0.009089045362112204,0.9596273291925466,0.012495328773351582,0.94,0.5810794434494525
segment,log,103,215,0.008612787397632044,0.9590062111801242,0.012148283469425291,0.9457142857142857,0.35663601576068743
segment,log,103,216,0.008500797606849237,0.9577639751552796,0.01182182334247824,0.9485714285714286,0.1235061921766799
segment,log,103,217,0.008463454432333473,0.9596273291925466,0.011927519051256871,0.9485714285714286,0.15054948974575225
segment,log,103,218,0.008814771166588412,0.9583850931677018,0.011941723981603602,0.9485714285714286,0.5710900814210477
segment,log,103,219,0.008878127158922776,0.9565217391304348,0.012532574527514013,0.9428571428571428,0.4323985119326832
segment,log,103,220,0.008404019554667831,0.9596273291925466,0.011850452980259094,0.9485714285714286,0.2363226981377377
segment,log,103,221,0.008811173004136983,0.9590062111801242,0.011865391021795272,0.9514285714285714,0.3941712536816735
segment,log,103,222,0.008419467547962484,0.9577639751552796,0.011727268851028512,0.9485714285714286,0.033998144672107405
segment,log,103,223,0.008758187568204621,0.9577639751552796,0.012273673816306462,0.9457142857142857,0.3144969652181626
segment,log,103,224,0.008559686161444063,0.9590062111801242,0.011760889588940223,0.9514285714285714,0.17134755685974315
segment,log,103,225,0.008306162453142163,0.9608695652173913,0.011613853299249332,0.9514285714285714,0.08143575027436795
segment,log,103,226,0.008285292991791515,0.9614906832298137,0.011608364947917693,0.9514285714285714,0.07487278839272843
segment,log,103,227,0.008423495474060324,0.9602484472049689,0.011603734098496467,0.9514285714285714,0.5813936727511247
segment,log,103,228,0.008764360058738213,0.9571428571428572,0.012270767619581794,0.9428571428571428,0.5198654959879679
segment,log,103,229,0.008265103443637059,0.9602484472049689,0.01169176903200174,0.9514285714285714,0.05554006202524488
segment,log,103,230,0.009371637737500995,0.953416149068323,0.012825105961101712,0.94,0.529177588277689
segment,log,103,231,0.008389795444279135,0.9583850931677018,0.011842488174225731,0.9485714285714286,0.05049393882485984
segment,log,103,232,0.008143219888304722,0.9633540372670808,0.011452137082182737,0.9542857142857143,0.5559058934322808
segment,log,103,233,0.00815065524343349,0.962111801242236,0.011587222991176253,0.9514285714285714,0.32992891595374996
segment,log,103,234,0.00819106906398604,0.9645962732919254,0.011328445505090146,0.9542857142857143,0.6716426304676805
segment,log,103,235,0.00838707668603116,0.9590062111801242,0.011489359354680363,0.9514285714285714,0.5510152874750375
segment,log,103,236,0.00855584806203043,0.9639751552795031,0.011707107651270083,0.9485714285714286,0.43440108466259786
segment,log,103,237,0.010312390338535676,0.9453416149068323,0.013705695947910998,0.9428571428571428,0.5559144429356587
segment,log,103,238,0.008047884938956095,0.962111801242236,0.011395091132555208,0.9514285714285714,0.21408937597923022
segment,log,103,239,0.00825555815088773,0.9608695652173913,0.011713043379956451,0.9485714285714286,0.4669175156742157
segment,log,103,240,0.008724711210120641,0.9596273291925466,0.01176718808800337,0.9428571428571428,0.424506388962017
segment,log,103,241,0.008180513970460084,0.9633540372670808,0.011474621408036399,0.9514285714285714,0.6246252094658852
segment,log,103,242,0.007968269171092274,0.9645962732919254,0.01127707183666741,0.9542857142857143,0.45119456253773954
segment,log,103,243,0.008014986644368716,0.9664596273291925,0.011502966509337543,0.9485714285714286,0.04470911374059205
segment,log,103,244,0.00813461345988221,0.9614906832298137,0.011701846299730317,0.9514285714285714,0.4301880058865988
segment,log,103,245,0.009915396220724494,0.9515527950310559,0.012637914587951537,0.94,0.5881199282245272
segment,log,103,246,0.008049794243088949,0.9652173913043478,0.011437542697595608,0.9542857142857143,0.2389763362554171
segment,log,103,247,0.007828634977372807,0.9645962732919254,0.011324856768315395,0.9542857142857143,0.12320809512936588
segment,log,103,248,0.007962284087795228,0.9645962732919254,0.011284036768805333,0.9514285714285714,0.2826898283120296
segment,log,103,249,0.008207343348694555,0.9670807453416149,0.011610643697401517,0.9514285714285714,0.4953925696308535
segment,log,103,250,0.007759069146374648,0.9664596273291925,0.01133445701408057,0.9514285714285714,0.10856107396554791
segment,log,103,251,0.008203559154345704,0.9639751552795031,0.011513525322713948,0.9485714285714286,0.4977831925750369
segment,log,103,252,0.007837137585242723,0.9645962732919254,0.011459854347575295,0.9485714285714286,0.5899968708291397
segment,log,103,253,0.007887815512340858,0.9645962732919254,0.011344586033200906,0.9514285714285714,0.453507092800667
segment,log,103,254,0.008409739485325406,0.9614906832298137,0.011736496593531896,0.9428571428571428,0.5385363082124184
segment,log,103,255,0.010506576316096609,0.9496894409937888,0.012996308524307039,0.94,0.5806519847831864
segment,log,103,256,0.0077339841373690295,0.9664596273291925,0.011375364048911799,0.9514285714285714,0.012123780355212417
segment,log,103,257,0.008349804931703064,0.9683229813664597,0.011673880936350833,0.9485714285714286,0.6298603225477978
segment,log,103,258,0.007609504262050027,0.968944099378882,0.011298958404749423,0.9485714285714286,0.13461598847411435
segment,log,103,259,0.008308448717305841,0.9652173913043478,0.012119798903605612,0.9485714285714286,0.22665661004269638
segment,log,103,260,0.007514916287025334,0.9677018633540373,0.011317349158694534,0.9457142857142857,0.3250897232880824
segment,log,103,261,0.007892216199753718,0.9664596273291925,0.011492670196861166,0.9457142857142857,0.3986577272161112
segment,log,103,262,0.007896161220705794,0.9652173913043478,0.011329295940349964,0.9457142857142857,0.5617354680026859
segment,log,103,263,0.0073950989985239746,0.9701863354037267,0.011157963366897899,0.9485714285714286,0.026565820408227036
segment,log,103,264,0.0074170580921545685,0.9683229813664597,0.011157956777647486,0.9485714285714286,0.3369258408234275
segment,log,103,265,0.007839491542025479,0.9701863354037267,0.011362710944100603,0.9514285714285714,0.6207820126473076
segment,log,103,266,0.007355410399835381,0.9683229813664597,0.011127292604725378,0.9457142857142857,0.3215888699370447
segment,log,103,267,0.0072962294513856645,0.9701863354037267,0.011118536133635731,0.9514285714285714,0.0641589625882703
segment,log,103,268,0.007361038482944261,0.9695652173913043,0.011328878030046351,0.9457142857142857,0.32463763789600575
segment,log,103,269,0.0073897517909894,0.9695652173913043,0.011507752192328028,0.9457142857142857,0.2973210610646732
segment,log,103,270,0.007227724220181299,0.9701863354037267,0.011109958060811893,0.9514285714285714,0.20484054733245535
segment,log,103,271,0.0073245351165861046,0.970807453416149,0.011268096381793439,0.9514285714285714,0.5968197501893252
segment,log,103,272,0.007487605976638623,0.9695652173913043,0.011643688351086378,0.9457142857142857,0.09110635928794375
segment,log,103,273,0.007149361854241456,0.9701863354037267,0.01118930186584295,0.9485714285714286,0.567076963172491
segment,log,103,274,0.008619973267097394,0.962111801242236,0.012689536321836139,0.9428571428571428,0.4451500619579005
segment,log,103,275,0.007627206715721441,0.9677018633540373,0.011364403541030094,0.9485714285714286,0.011957819118224513
segment,log,103,276,0.007163805365983686,0.968944099378882,0.011127530446904843,0.9514285714285714,0.22549417257582477
segment,log,103,277,0.007114433762093036,0.9701863354037267,0.011095672364547624,0.9542857142857143,0.1969670001802549
segment,log,103,278,0.0073433111715792395,0.968944099378882,0.011392480134847224,0.9485714285714286,0.39313444597384023
segment,log,103,279,0.007164517196924789,0.9683229813664597,0.011268176790742738,0.9514285714285714,0.4807061118539908
segment,log,103,280,0.00738967743076494,0.9701863354037267,0.011644750222884036,0.9457142857142857,0.28184893111881826
segment,log,103,281,0.007269557584084056,0.9695652173913043,0.01144558502857069,0.9514285714285714,0.4833740937632829
segment,log,103,282,0.008643514249408901,0.9608695652173913,0.012046177667588894,0.9457142857142857,0.6100851127595202
segment,log,103,283,0.007020105942536436,0.9701863354037267,0.011173262066085926,0.9514285714285714,0.09038091346670059
segment,log,103,284,0.00696628018564815,0.970807453416149,0.011141504277103306,0.9542857142857143,0.22778534398929065
segment,log,103,285,0.009009491634968054,0.9571428571428572,0.01333319560890927,0.9428571428571428,0.6669383889931193
segment,log,103,286,0.007803652198560604,0.9645962732919254,0.011546305876212868,0.9457142857142857,0.5774863478082836
segment,log,103,287,0.007000715673492662,0.9701863354037267,0.01123120331628963,0.9514285714285714,0.4059027023431669
segment,log,103,288,0.006997860344063938,0.9714285714285714,0.011023800132945955,0.9542857142857143,0.24216955652653838
segment,log,103,289,0.00709928124445592,0.9714285714285714,0.01142047618986999,0.9485714285714286,0.5791699232323776
segment,log,103,290,0.006852371338504578,0.9714285714285714,0.01103207788963343,0.9542857142857143,0.5634305826399336
segment,log,103,291,0.0068954074994714105,0.9726708074534162,0.011029093531405207,0.9514285714285714,0.11580427055096748
segment,log,103,292,0.0068053262829937435,0.9720496894409938,0.010973685329178893,0.9542857142857143,0.035370885532555955
segment,log,103,293,0.006812316866619337,0.9720496894409938,0.010942947761817961,0.9514285714285714,0.26152040767238394
segment,log,103,294,0.006769288517524744,0.9714285714285714,0.010974305138452142,0.9514285714285714,0.7181686859397015
segment,log,103,295,0.006843899079147382,0.9720496894409938,0.011002664951585167,0.9542857142857143,0.4764810533272606
segment,log,103,296,0.0069281117844019885,0.9714285714285714,0.01093269500886168,0.9542857142857143,0.5873270247457466
segment,log,103,297,0.007452043431164819,0.9664596273291925,0.011264678192883978,0.9457142857142857,0.45716409595379903
segment,log,103,298,0.007712520253800254,0.9677018633540373,0.012106046872217262,0.9485714285714286,0.43003548634035066
segment,log,103,299,0.006876637598818644,0.970807453416149,0.011048310247804552,0.9514285714285714,0.5696999973613474
segment,log,103,300,0.00867258401564303,0.9652173913043478,0.01220989744723702,0.9485714285714286,0.7304729881568228
segment,log,103,301,0.006958160401909398,0.9695652173913043,0.010917626267634322,0.9514285714285714,0.1446569732708204
segment,log,103,302,0.006855239507949635,0.9732919254658385,0.011238593957642805,0.9514285714285714,0.31286543904251646
segment,log,103,303,0.006655934039929146,0.9732919254658385,0.010843966881057116,0.9514285714285714,0.26345718067096136
segment,log,103,304,0.006642164860912818,0.970807453416149,0.010820178232357026,0.9542857142857143,0.011738953276066888
segment,log,103,305,0.006997524096393354,0.970807453416149,0.01138085130935023,0.9485714285714286,0.5132852691230158
segment,log,103,306,0.007064217903905043,0.9714285714285714,0.011256062060102908,0.9571428571428572,0.5968677319981027
segment,log,103,307,0.00702783321373539,0.970807453416149,0.011346403539022899,0.9485714285714286,0.2167573857915714
segment,log,103,308,0.007308114616286951,0.970807453416149,0.011574766190000543,0.9514285714285714,0.6243355570155258
segment,log,103,309,0.006601275513727643,0.9751552795031055,0.010960567012218323,0.9542857142857143,0.2528171983820426
segment,log,103,310,0.006721975136588982,0.970807453416149,0.010810865858704829,0.9542857142857143,0.03771468843222786
segment,log,103,311,0.008751368403992977,0.9627329192546584,0.011801241305580157,0.9457142857142857,0.5408221261470243
segment,log,103,312,0.006506195789924118,0.9726708074534162,0.01070742102971558,0.9542857142857143,0.09062017557093192
segment,log,103,313,0.006566786875706999,0.9720496894409938,0.010747692293345124,0.96,0.4195764509950746
segment,log,103,314,0.00821326539879875,0.9639751552795031,0.012092709299677084,0.9571428571428572,0.6100774741916722
segment,log,103,315,0.006850114050934164,0.9720496894409938,0.01137144064367726,0.9485714285714286,0.5849735667292495
segment,log,103,316,0.006462726647560252,0.970807453416149,0.010655523612761052,0.9542857142857143,0.1468125823198284
segment,log,103,317,0.006726082950932242,0.9745341614906833,0.010938456178251357,0.9542857142857143,0.4888994866409514
segment,log,103,318,0.006431223376603932,0.9745341614906833,0.010820386675993202,0.9514285714285714,0.22022870551028245
segment,log,103,319,0.006455281373028134,0.9714285714285714,0.010723438357364331,0.9542857142857143,0.5581634482589428
segment,log,103,320,0.006391538972552454,0.9739130434782609,0.010713703594017843,0.9514285714285714,0.32812416821174434
segment,log,103,321,0.006385638712174551,0.9732919254658385,0.010665069725338235,0.9514285714285714,0.08739409337328533
segment,log,103,322,0.006863600009520561,0.9701863354037267,0.011251438200484506,0.9542857142857143,0.4513210562503613
segment,log,103,323,0.006462535117889844,0.9726708074534162,0.010545735831765352,0.9542857142857143,0.2193516782544299
segment,log,103,324,0.006339785100076734,0.9726708074534162,0.010637783763509523,0.9542857142857143,0.13206661293683114
segment,log,103,325,0.006351715341287271,0.9726708074534162,0.01064392240328696,0.9542857142857143,0.33389304928975205
segment,log,103,326,0.006313967414826553,0.9726708074534162,0.010607376379507876,0.9514285714285714,0.08273622311010081
segment,log,103,327,0.006330711471882841,0.9732919254658385,0.01061912673429059,0.9514285714285714,0.11803484198211327
segment,log,103,328,0.006277239610467763,0.9726708074534162,0.010502975812084443,0.9514285714285714,0.20173158640602604
segment,log,103,329,0.006727687980863523,0.9720496894409938,0.010618512398373867,0.9542857142857143,0.6006234812561445
segment,log,103,330,0.00626469507252105,0.9739130434782609,0.010441841887844805,0.9542857142857143,0.3417334840936573
segment,log,103,331,0.006247960893608879,0.9757763975155279,0.010377123573974238,0.9571428571428572,0.17841239902077607
segment,log,103,332,0.006322315892790618,0.9720496894409938,0.010356749509821697,0.9571428571428572,0.07924723664838434
segment,log,103,333,0.006417911194887716,0.9726708074534162,0.010697572307209803,0.9514285714285714,0.4425340678338382
segment,log,103,334,0.006211591440889437,0.9739130434782609,0.010423885330975765,0.9542857142857143,0.10373827208945091
segment,log,103,335,0.006312598116270063,0.9720496894409938,0.010323852320242641,0.9571428571428572,0.06210828220964696
segment,log,103,336,0.006351159079674903,0.9732919254658385,0.010613961729177812,0.9514285714285714,0.1651601889932556
segment,log,103,337,0.006252722652111443,0.9726708074534162,0.010337913232288113,0.9571428571428572,0.2702709323337575
segment,log,103,338,0.010287827698259016,0.9559006211180124,0.01253666003909049,0.9542857142857143,0.5275241785643782
segment,log,103,339,0.006392729321457283,0.9726708074534162,0.010442102082805573,0.9571428571428572,0.4149456111574212
segment,log,103,340,0.006159815716616099,0.9720496894409938,0.010205439136905673,0.9571428571428572,0.5633380101804543
segment,log,103,341,0.006190463712702698,0.9739130434782609,0.010230128651177483,0.96,0.20216611874281742
segment,log,103,342,0.006254977832347212,0.9739130434782609,0.010372008045501525,0.9542857142857143,0.6547562346301682
segment,log,103,343,0.006177679510391365,0.9726708074534162,0.010372944179432792,0.9514285714285714,0.29886812662758494
segment,log,103,344,0.006242342895321832,0.9726708074534162,0.010200524074903254,0.9571428571428572,0.02737761381384808
segment,log,103,345,0.006119409612224491,0.9726708074534162,0.010204866107236739,0.9571428571428572,0.07601193507119482
segment,log,103,346,0.006116773081801604,0.9732919254658385,0.010357364205305766,0.9571428571428572,0.41123274131965254
segment,log,103,347,0.006176123435584254,0.9726708074534162,0.01044900688078531,0.9571428571428572,0.6215609063047054
segment,log,103,348,0.006079537839506385,0.9745341614906833,0.010315125965081717,0.96,0.3441439925466733
segment,log,103,349,0.006291963181745598,0.9720496894409938,0.010325748446817648,0.9571428571428572,0.3068995494172749
segment,log,103,350,0.006238796864222341,0.9739130434782609,0.010500686830539481,0.9542857142857143,0.43256938600977285
segment,log,104,1,0.11829671352435128,0.2645962732919255,0.1184242032348686,0.26285714285714284,1.0890795618292315
segment,log,104,2,0.10213566059211746,0.42795031055900623,0.10283947523327927,0.42857142857142855,0.9495739535132512
segment,log,104,3,0.09762537981902625,0.4062111801242236,0.09803183009077585,0.4142857142857143,1.0021650521877794
segment,log,104,4,0.09221126727417318,0.493167701863354,0.09331488087072451,0.47714285714285715,0.9941244832019155
segment,log,104,5,0.08099413248988725,0.5459627329192547,0.08214464128039897,0.5314285714285715,0.9016326968544299
segment,log,104,6,0.06940777361670344,0.6770186335403726,0.07038523208605402,0.6457142857142857,0.8985410588551476
segment,log,104,7,0.05185917598885799,0.808695652173913,0.05374224562719925,0.7914285714285715,0.7881135189900413
segment,log,104,8,0.049951095905863684,0.7968944099378882,0.050731639296937116,0.7857142857142857,0.8003122870520867
segment,log,104,9,0.03935385604752377,0.8124223602484472,0.04013876589370623,0.8,0.5845839328765076
segment,log,104,10,0.036110492649622294,0.8130434782608695,0.03720145113236077,0.8,0.41157921155114435
segment,log,104,11,0.034543848220209436,0.8204968944099379,0.036060196045830384,0.8028571428571428,0.7414346743228014
segment,log,104,12,0.03409066937946383,0.8167701863354038,0.03541587118038179,0.8,0.6686066490679143
segment,log,104,13,0.03409029861557908,0.9186335403726708,0.035260764436190674,0.9142857142857143,0.7992727137895577
segment,log,104,14,0.024710747925650114,0.9012422360248448,0.025735571868781122,0.9028571428571428,0.7354974195154595
segment,log,104,15,0.022332778080412823,0.9192546583850931,0.023388282343260035,0.9114285714285715,0.5859223139452783
segment,log,104,16,0.021871580343437787,0.9236024844720497,0.023113714962530764,0.9114285714285715,0.6973084020555997
segment,log,104,17,0.020136048497183787,0.9254658385093167,0.02140685655535388,0.9228571428571428,0.5074699663367251
segment,log,104,18,0.020226572402952843,0.9267080745341615,0.021432919921148503,0.92,0.5053792506921521
segment,log,104,19,0.01910659971873201,0.9347826086956522,0.020594706312366092,0.9228571428571428,0.4788545956873047
segment,log,104,20,0.026770213653650538,0.8850931677018633,0.028651917329614716,0.86,0.7818721780732057
segment,log,104,21,0.019976536791487427,0.9298136645962732,0.021295086118703708,0.92,0.6131630400069226
segment,log,104,22,0.01870563428651036,0.9248447204968944,0.019915559756732724,0.9171428571428571,0.6381237061286908
segment,log,104,23,0.019740771605951547,0.924223602484472,0.021563761355781697,0.9314285714285714,0.6351000563284842
segment,log,104,24,0.01785770317391444,0.9285714285714286,0.019213318376980825,0.9228571428571428,0.4895143404636149
segment,log,104,25,0.01743641642280855,0.9316770186335404,0.018739666060497102,0.9257142857142857,0.4914112427503876
segment,log,104,26,0.01893867075737284,0.9180124223602485,0.020173004993052114,0.9142857142857143,0.6927310889163872
segment,log,104,27,0.017871877266208685,0.9335403726708075,0.019650334355495524,0.9228571428571428,0.6359412956618555
segment,log,104,28,0.01743613601198264,0.9354037267080745,0.019359240149521607,0.9228571428571428,0.49608942401650963
segment,log,104,29,0.016823070369919722,0.9347826086956522,0.01875346038019776,0.9228571428571428,0.6371500477720795
segment,log,104,30,0.016513994162813295,0.9335403726708075,0.0183133547941881,0.9228571428571428,0.3186695136742512
segment,log,104,31,0.016601593441180396,0.9372670807453416,0.018468800239746334,0.9285714285714286,0.655593011416069
segment,log,104,32,0.01811051268208283,0.9267080745341615,0.019626000665949203,0.9228571428571428,0.7447354886730929
segment,log,104,33,0.020156644542618563,0.9111801242236025,0.02145566677280861,0.9171428571428571,0.6950066903083046
segment,log,104,34,0.01904019120762052,0.931055900621118,0.020479416535961734,0.9257142857142857,0.7392284632935657
segment,log,104,35,0.03354347898928323,0.8571428571428571,0.03664448053996967,0.8457142857142858,0.6449411142990734
segment,log,104,36,0.017317564723511307,0.9248447204968944,0.018711652071395347,0.9171428571428571,0.5064938029925673
segment,log,104,37,0.015620971550167246,0.9366459627329192,0.017597418228253035,0.9285714285714286,0.708718614207142
segment,log,104,38,0.01583848079319824,0.9422360248447205,0.017849029030103415,0.9342857142857143,0.7097635476437345
segment,log,104,39,0.015150987437056767,0.937888198757764,0.01703407952129079,0.9285714285714286,0.46306632217196186
segment,log,104,40,0.01493257874911426,0.937888198757764,0.016976907790885586,0.92,0.3990636919115328
segment,log,104,41,0.01511785726245518,0.9366459627329192,0.01676445024346148,0.9285714285714286,0.5658939189096414
segment,log,104,42,0.016000279728459552,0.9366459627329192,0.01872685566823637,0.9314285714285714,0.6318600031946223
segment,log,104,43,0.014603570911712745,0.9397515527950311,0.016498971777234972,0.9257142857142857,0.38633344260207564
segment,log,104,44,0.015166864385319894,0.9422360248447205,0.017414568108430648,0.9314285714285714,0.5775224569165388
segment,log,104,45,0.014364835172111956,0.9397515527950311,0.016300757089520383,0.9285714285714286,0.5537149739892944
segment,log,104,46,0.014220799368295334,0.9403726708074535,0.016220454752734863,0.9285714285714286,0.27279497328743146
segment,log,104,47,0.014515489692426085,0.9372670807453416,0.016400503113872925,0.9285714285714286,0.6669876050716326
segment,log,104,48,0.014138621499219342,0.9422360248447205,0.016221301845063808,0.9342857142857143,0.37924681320206965
segment,log,104,49,0.017039713784886834,0.9186335403726708,0.018243503681298862,0.9171428571428571,0.6866639195676418
segment,log,104,50,0.014140789438476355,0.9372670807453416,0.016894179838218743,0.9285714285714286,0.5864129119749875
segment,log,104,51,0.01388289064716246,0.937888198757764,0.015988452549720304,0.9257142857142857,0.17191330714704628
segment,log,104,52,0.013718188985635031,0.9428571428571428,0.015901631542665533,0.9371428571428572,0.6021747705610349
segment,log,104,53,0.013659325413137446,0.9422360248447205,0.015815152067711582,0.9342857142857143,0.6940656541921019
segment,log,104,54,0.014683924996588894,0.9403726708074535,0.017125499591216772,0.9342857142857143,0.5820705012544274
segment,log,104,55,0.013464349990138232,0.9397515527950311,0.01550453813360409,0.9314285714285714,0.3176638278514968
segment,log,104,56,0.013311570343470873,0.9422360248447205,0.015350816127064073,0.9342857142857143,0.22300023231352242
segment,log,104,57,0.015613073148179736,0.9267080745341615,0.01684508941837633,0.92,0.5465593197299613
segment,log,104,58,0.015009294258552842,0.9316770186335404,0.01639084039951388,0.9228571428571428,0.6687269195527427
segment,log,104,59,0.013691708734759533,0.9385093167701863,0.015564164979060968,0.9285714285714286,0.49121463446092534
segment,log,104,60,0.013507519029561044,0.9391304347826087,0.015377057361207863,0.9285714285714286,0.3168070621448535
segment,log,104,61,0.013216555620601048,0.9465838509316771,0.01521457605304744,0.9371428571428572,0.6183738194900618
segment,log,104,62,0.013038559958562236,0.9403726708074535,0.015090342509136953,0.9342857142857143,0.6231521566968244
segment,log,104,63,0.013791426915825066,0.9391304347826087,0.01563559768862424,0.9285714285714286,0.6447980048450702
segment,log,104,64,0.012890241961441909,0.9472049689440993,0.015252414994555784,0.9314285714285714,0.4897525413917642
segment,log,104,65,0.012668983268866856,0.9403726708074535,0.014814769510916414,0.9371428571428572,0.16887935437425158
segment,log,104,66,0.01273495991005613,0.9428571428571428,0.015036760312296846,0.9314285714285714,0.38857252237712303
segment,log,104,67,0.012483401507914311,0.9490683229813665,0.014677482020816634,0.9371428571428572,0.2988548669699168
segment,log,104,68,0.013240629896127133,0.9391304347826087,0.014922304213320898,0.9314285714285714,0.6723539305791233
segment,log,104,69,0.012366297190967494,0.94472049689441,0.014483055224445244,0.9371428571428572,0.6082623565544032
segment,log,104,70,0.012627393383381084,0.9478260869565217,0.014993537179218573,0.94,0.3605268997809494
segment,log,104,71,0.013550202506187794,0.9453416149068323,0.0159255822748804,0.9314285714285714,0.7133831541544968
segment,log,104,72,0.014601777498928664,0.9428571428571428,0.0178583754343311,0.9314285714285714,0.5763131842193057
segment,log,104,73,0.012141682255856582,0.9440993788819876,0.014432998531572806,0.9342857142857143,0.6005748647302568
segment,log,104,74,0.012925361698673105,0.9416149068322981,0.014998137554495517,0.9314285714285714,0.6449552507111115
segment,log,104,75,0.011976212612052305,0.9472049689440993,0.014455720176736029,0.9342857142857143,0.33626283566525156
segment,log,104,76,0.011886093456771335,0.9490683229813665,0.014335586690089807,0.9371428571428572,0.31685117178694444
segment,log,104,77,0.011843026640970354,0.9490683229813665,0.01439683727763236,0.9342857142857143,0.5848126816896198
segment,log,104,78,0.015550044679645835,0.9254658385093167,0.01700166834804122,0.9171428571428571,0.5860954548801094
segment,log,104,79,0.01217987969325522,0.9416149068322981,0.014363771613961794,0.9371428571428572,0.6622162205376986
segment,log,104,80,0.011906069680601738,0.9496894409937888,0.014544827223046019,0.9371428571428572,0.3057097396969421
segment,log,104,81,0.011689213217509334,0.9490683229813665,0.014014369209443208,0.9342857142857143,0.6680700338684132
segment,log,104,82,0.011673905910417282,0.9503105590062112,0.014144118514429937,0.9371428571428572,0.3284780086837418
segment,log,104,83,0.012595807759168057,0.9422360248447205,0.014354605575919612,0.9314285714285714,0.4200503539733208
segment,log,104,84,0.011518000807852478,0.9496894409937888,0.013852878755012865,0.94,0.4797886169517136
segment,log,104,85,0.011459541508900158,0.9503105590062112,0.013827363935426856,0.9342857142857143,0.41280505649167604
segment,log,104,86,0.012562547705798765,0.9416149068322981,0.014202179832254691,0.9342857142857143,0.6138645622270055
segment,log,104,87,0.011402882415509697,0.9472049689440993,0.01371199400118005,0.9314285714285714,0.20636417124516673
segment,log,104,88,0.011955551110807467,0.9521739130434783,0.01473351297386097,0.9371428571428572,0.6460929277168838
segment,log,104,89,0.01757460216998962,0.9229813664596274,0.02123243661835348,0.9142857142857143,0.5719328813151595
segment,log,104,90,0.02414641641214437,0.8826086956521739,0.027202582183089078,0.88,0.7093663935740996
segment,log,104,91,0.01644806957288067,0.9229813664596274,0.017790392712507028,0.92,0.7376911526721153
segment,log,104,92,0.0111605441847485,0.9503105590062112,0.013653729221524356,0.9371428571428572,0.7125997333800291
segment,log,104,93,0.01116432216049141,0.9509316770186336,0.01394732141735217,0.9371428571428572,0.45043374947594284
segment,log,104,94,0.011815544717180786,0.9440993788819876,0.013877358853011529,0.9342857142857143,0.6157587959116276
segment,log,104,95,0.011352356480953748,0.9465838509316771,0.013562847418646582,0.9371428571428572,0.44908368275207716
segment,log,104,96,0.011048948424986462,0.9490683229813665,0.013478846154729898,0.9314285714285714,0.3319401402130041
segment,log,104,97,0.011105485176946678,0.9515527950310559,0.013495022608518013,0.9371428571428572,0.5314186993549594
segment,log,104,98,0.0110960087941008,0.9521739130434783,0.013720749561055116,0.94,0.3814077512593292
segment,log,104,99,0.010880867894249874,0.9503105590062112,0.013334474677455797,0.9371428571428572,0.6005156928388401
segment,log,104,100,0.010768620615147688,0.9521739130434783,0.013369733394125321,0.9371428571428572,0.1404426852163669
segment,log,104,101,0.014453986135625728,0.9267080745341615,0.016611565132626665,0.9171428571428571,0.6263369133231299
segment,log,104,102,0.011265830467572145,0.9496894409937888,0.013759645176491702,0.9371428571428572,0.5265996728943773
segment,log,104,103,0.010715513213005073,0.9527950310559006,0.01312259192386891,0.9457142857142857,0.33460686674416196
segment,log,104,104,0.010791265163767898,0.9521739130434783,0.01355561275311368,0.94,0.3023563638781543
segment,log,104,105,0.011026690678830145,0.953416149068323,0.013869745269153065,0.94,0.501297434296128
segment,log,104,106,0.010693253589322948,0.953416149068323,0.013165917681803934,0.9371428571428572,0.2948214861620396
segment,log,104,107,0.0114400593572364,0.9496894409937888,0.014469329041373944,0.9371428571428572,0.38920388868640077
segment,log,104,108,0.010962834076691954,0.9527950310559006,0.013958953472373394,0.94,0.3547570458236205
segment,log,104,109,0.010540222591284846,0.953416149068323,0.01320192053571492,0.9342857142857143,0.4038684532962209
segment,log,104,110,0.010791232220378302,0.9527950310559006,0.013343935850484781,0.9371428571428572,0.6235928871953516
segment,log,104,111,0.010493797866945114,0.9546583850931677,0.013116387577648382,0.9342857142857143,0.2235996305353002
segment,log,104,112,0.010918224845065317,0.9515527950310559,0.013894506210344501,0.94,0.5946571370507593
segment,log,104,113,0.010847939925685003,0.9503105590062112,0.013061319080487913,0.9428571428571428,0.47846074912282477
segment,log,104,114,0.010492730165134504,0.9552795031055901,0.013371094125511544,0.9428571428571428,0.18992821646437288
segment,log,104,115,0.01034539871032746,0.9546583850931677,0.012887929959762992,0.94,0.2534021355838061
segment,log,104,116,0.010411962097714065,0.9509316770186336,0.013134150375838389,0.9371428571428572,0.46351266318757445
segment,log,104,117,0.010180300228174158,0.9540372670807453,0.012890950496263029,0.94,0.31954113544049645
segment,log,104,118,0.010856338805842207,0.9503105590062112,0.01380153423390223,0.94,0.4807969111246524
segment,log,104,119,0.010121788636181833,0.9546583850931677,0.012770795739698986,0.94,0.15052084421717882
segment,log,104,120,0.01010421382781211,0.9540372670807453,0.012913795234857783,0.94,0.10939267583914673
segment,log,104,121,0.010091123798437332,0.9540372670807453,0.012897844510965649,0.94,0.4890858757182774
segment,log,104,122,0.01026662605193601,0.9546583850931677,0.012832553843227864,0.9371428571428572,0.47581520533439897
segment,log,104,123,0.01039085396395623,0.953416149068323,0.013345268547046847,0.9428571428571428,0.6370353323456394
segment,log,104,124,0.010413299895186868,0.9552795031055901,0.013116158595134734,0.9371428571428572,0.47913605637950846
segment,log,104,125,0.010203278625522711,0.9565217391304348,0.012906435129078868,0.94,0.5889238019185835
segment,log,104,126,0.010920301706158958,0.9521739130434783,0.013266596627955152,0.9457142857142857,0.4954267236775446
segment,log,104,127,0.009998770423981928,0.9577639751552796,0.012902879538563774,0.9428571428571428,0.36498781764221344
segment,log,104,128,0.010532409837964678,0.9540372670807453,0.013579741478000172,0.9342857142857143,0.658513002482877
segment,log,104,129,0.010782531088494078,0.9521739130434783,0.014279056308507456,0.94,0.4256941546570636
segment,log,104,130,0.009783766829933465,0.9552795031055901,0.012806779391753322,0.9371428571428572,0.33667506656600743
segment,log,104,131,0.009865939767637933,0.9559006211180124,0.012601180262789837,0.9342857142857143,0.3909325610549431
segment,log,104,132,0.00987841037080712,0.9571428571428572,0.012578140113772566,0.9371428571428572,0.2765001937214305
segment,log,104,133,0.01070896989824597,0.9521739130434783,0.013913139876341869,0.94,0.44950697566417397
segment,log,104,134,0.009894326869475088,0.9571428571428572,0.012730251333219976,0.9371428571428572,0.6213682685724752
segment,log,104,135,0.009607200344357662,0.9583850931677018,0.012484990681347383,0.9371428571428572,0.44026721215225356
segment,log,104,136,0.012478880110692111,0.94472049689441,0.014820408590792911,0.9428571428571428,0.6207111970480128
segment,log,104,137,0.009748117603587557,0.9559006211180124,0.012416704426705647,0.9371428571428572,0.3717545286651418
segment,log,104,138,0.010770978851423503,0.9583850931677018,0.013415839285171193,0.9342857142857143,0.6305761184672886
segment,log,104,139,0.010039635571075262,0.9559006211180124,0.013070879490081802,0.9371428571428572,0.6227137689003299
segment,log,104,140,0.009743305598937012,0.9608695652173913,0.012467221131366276,0.9371428571428572,0.680800615213977
segment,log,104,141,0.00952141568622841,0.9583850931677018,0.012182133520585737,0.9457142857142857,0.5321354870959136
segment,log,104,142,0.009653247725102137,0.9602484472049689,0.012630098219966229,0.9371428571428572,0.7256040962818293
segment,log,104,143,0.009487472633407358,0.9596273291925466,0.012460761344667535,0.94,0.39995316143270476
segment,log,104,144,0.009733700124488652,0.9577639751552796,0.012980794294933904,0.9371428571428572,0.6971789310847054
segment,log,104,145,0.014751689815509868,0.9273291925465839,0.018265243976811,0.9171428571428571,0.5797796047280779
segment,log,104,146,0.009316011358880369,0.9577639751552796,0.01226421132610471,0.9428571428571428,0.352713014883065
segment,log,104,147,0.01562826759183853,0.9204968944099379,0.018688680279281954,0.9085714285714286,0.6863386788536547
segment,log,104,148,0.009818308889134542,0.9571428571428572,0.012609998771902433,0.9457142857142857,0.574647395307224
segment,log,104,149,0.00934203172330106,0.9608695652173913,0.011898413898054622,0.9428571428571428,0.2698684414626164
segment,log,104,150,0.009589789828098766,0.9614906832298137,0.012273008599634034,0.9428571428571428,0.6429521428048297
segment,log,104,151,0.00973374123114559,0.9571428571428572,0.012017303015386331,0.9457142857142857,0.493387064816879
segment,log,104,152,0.009332246730808652,0.962111801242236,0.011915214678405376,0.9428571428571428,0.47146748193156524
segment,log,104,153,0.009336322733163264,0.962111801242236,0.012013543354420597,0.9457142857142857,0.45158388402651145
segment,log,104,154,0.009177716859500031,0.962111801242236,0.011869984101944004,0.9457142857142857,0.4455127271802017
segment,log,104,155,0.010871278413608198,0.9503105590062112,0.012941171186502133,0.94,0.48689898383531083
segment,log,104,156,0.009135583421242491,0.9639751552795031,0.012126299894629862,0.9485714285714286,0.43936341711900545
segment,log,104,157,0.008938968713948663,0.9645962732919254,0.011943785808574449,0.9457142857142857,0.12407877991801443
segment,log,104,158,0.008979279143729585,0.9639751552795031,0.011729763013042713,0.9428571428571428,0.316587991000421
segment,log,104,159,0.008782183932408762,0.9627329192546584,0.011686560121503002,0.9428571428571428,0.23303001488113884
segment,log,104,160,0.00917519320913642,0.9639751552795031,0.011809542948459971,0.9457142857142857,0.6413495967181787
segment,log,104,161,0.008699073718006633,0.9645962732919254,0.011631698664697397,0.9428571428571428,0.17365837120313948
segment,log,104,162,0.009801477347123746,0.9546583850931677,0.012242845528655833,0.9457142857142857,0.42145715556104724
segment,log,104,163,0.008787311360854621,0.9658385093167702,0.011844145978502692,0.9485714285714286,0.37565448052817674
segment,log,104,164,0.009529704825718119,0.9577639751552796,0.011898993050875403,0.9457142857142857,0.444161311813264
segment,log,104,165,0.010156052651229795,0.9627329192546584,0.013386068224831077,0.9428571428571428,0.5757843594771762
segment,log,104,166,0.010840258756600813,0.9490683229813665,0.013002742616574836,0.9428571428571428,0.4858252372776127
segment,log,104,167,0.008526346374061598,0.9658385093167702,0.01158362869466257,0.9428571428571428,0.3004379132761909
segment,log,104,168,0.008925048751289332,0.9664596273291925,0.01180204715271514,0.9457142857142857,0.4875979869674323
segment,log,104,169,0.008530637383143176,0.9664596273291925,0.01146526463542624,0.9457142857142857,0.281878525391399
segment,log,104,170,0.009111552877286992,0.9590062111801242,0.011690989555424268,0.9428571428571428,0.6920678101478396
segment,log,104,171,0.008424006486055645,0.9658385093167702,0.011488916748288799,0.9428571428571428,0.31018863109121536
segment,log,104,172,0.008860545355566529,0.9639751552795031,0.012066452180749471,0.9457142857142857,0.6388328687849928
segment,log,104,173,0.008503981514083103,0.9645962732919254,0.01158677129027465,0.94,0.24474105802060556
segment,log,104,174,0.009163406191971752,0.9596273291925466,0.011947276164397959,0.94,0.4383963772421596
segment,log,104,175,0.008514962623775591,0.9658385093167702,0.011757497887267807,0.9457142857142857,0.382987018696804
segment,log,104,176,0.008531875319781331,0.9664596273291925,0.011897314112863065,0.9457142857142857,0.6025602403535902
segment,log,104,177,0.008609026299884642,0.962111801242236,0.011564644561252089,0.9485714285714286,0.17800208199143755
segment,log,104,178,0.00906013735986633,0.9608695652173913,0.011870727058164708,0.9428571428571428,0.39382985708488416
segment,log,104,179,0.008431742620075768,0.9670807453416149,0.011588839840776194,0.9428571428571428,0.5406221742377698
segment,log,104,180,0.010309307941604975,0.9496894409937888,0.013672450834236417,0.9342857142857143,0.4287067799553165
segment,log,104,181,0.010283755944854207,0.9559006211180124,0.012465950939713068,0.9485714285714286,0.6687468268956457
segment,log,104,182,0.01835121274979925,0.9130434782608695,0.02163753734461968,0.9028571428571428,0.6925814312951998
segment,log,104,183,0.008158265915438464,0.9645962732919254,0.01131685091811305,0.9457142857142857,0.31627164701399524
segment,log,104,184,0.008122000584896132,0.9670807453416149,0.011309305485884148,0.9485714285714286,0.13085777550632904
segment,log,104,185,0.008101194649779372,0.9664596273291925,0.011486444199858078,0.9485714285714286,0.17312353992579457
segment,log,104,186,0.009017617960916846,0.9658385093167702,0.012259819605196022,0.9428571428571428,0.6731094700989854
segment,log,104,187,0.011289735002983489,0.9465838509316771,0.014849873576805875,0.9342857142857143,0.5131251119896021
segment,log,104,188,0.008843301186136807,0.968944099378882,0.012430018349366185,0.9485714285714286,0.5910154122592135
segment,log,104,189,0.008048555329506088,0.9714285714285714,0.01156900412181284,0.9542857142857143,0.49579681898135514
segment,log,104,190,0.007833332564755411,0.970807453416149,0.011406649148134248,0.9457142857142857,0.31888302528664436
segment,log,104,191,0.008227364421439577,0.9683229813664597,0.011658627594700577,0.9457142857142857,0.3794465316097766
segment,log,104,192,0.008615635939313724,0.9645962732919254,0.012353430190313848,0.9485714285714286,0.6298326062761452
segment,log,104,193,0.00838642632464805,0.9670807453416149,0.012123094531575255,0.9485714285714286,0.3701000555734939
segment,log,104,194,0.009218782225135145,0.9602484472049689,0.012848880322498044,0.9485714285714286,0.6170788669125299
segment,log,104,195,0.010425447320231682,0.9527950310559006,0.014102609291254177,0.9342857142857143,0.5509833733558936
segment,log,104,196,0.007615313175899796,0.968944099378882,0.011293505872481836,0.9514285714285714,0.19411520575594468
segment,log,104,197,0.007546295478348191,0.968944099378882,0.011216485719439867,0.9485714285714286,0.34282311942503857
segment,log,104,198,0.007964966981888682,0.968944099378882,0.011764078995820722,0.9485714285714286,0.2751502950413058
segment,log,104,199,0.007495374609731386,0.9701863354037267,0.011158063280733788,0.9542857142857143,0.344387511610387
segment,log,104,200,0.007750735343164976,0.9720496894409938,0.011539394999255628,0.9514285714285714,0.513364895010626
segment,log,104,201,0.007466556838288093,0.9695652173913043,0.011091451962963442,0.9514285714285714,0.2877704052073052
segment,log,104,202,0.007642583644220088,0.9714285714285714,0.01134752838837045,0.9485714285714286,0.41944108549330167
segment,log,104,203,0.0074230643674808245,0.9695652173913043,0.011226838800226527,0.9485714285714286,0.3907716244957884
segment,log,104,204,0.007360635777030019,0.9695652173913043,0.011232060800480354,0.9485714285714286,0.33405124331452746
segment,log,104,205,0.008645046932931284,0.9633540372670808,0.012465124890170558,0.9514285714285714,0.5993135852659226
segment,log,104,206,0.007503111949371053,0.9714285714285714,0.011161193474615189,0.9485714285714286,0.06739915741609097
segment,log,104,207,0.007569876502579079,0.970807453416149,0.011448448157966288,0.9514285714285714,0.23501438533535463
segment,log,104,208,0.008162447997881432,0.9677018633540373,0.011993963776185793,0.9542857142857143,0.2288589536145649
segment,log,104,209,0.007296257811249502,0.9714285714285714,0.010958916523547614,0.9485714285714286,0.2562980010003895
segment,log,104,210,0.011479854155840645,0.9440993788819876,0.015182923251382471,0.9342857142857143,0.5731824637361759
segment,log,104,211,0.0071931522625519155,0.9714285714285714,0.010883266282766441,0.9514285714285714,0.10946947908178986
segment,log,104,212,0.007307624981625398,0.9726708074534162,0.010859753750611404,0.9485714285714286,0.45903513138227015
segment,log,104,213,0.007262133440871904,0.9714285714285714,0.010909157819704748,0.9514285714285714,0.1815295026348369
segment,log,104,214,0.0071413485822863845,0.9732919254658385,0.010795392607936178,0.9457142857142857,0.2632000638537006
segment,log,104,215,0.007146754070053429,0.970807453416149,0.010830335323944847,0.9542857142857143,0.11801344816965191
segment,log,104,216,0.00778762703337199,0.9683229813664597,0.011529316792216526,0.9542857142857143,0.47833074992027597
segment,log,104,217,0.0070755169208968505,0.9714285714285714,0.010813792017108715,0.9571428571428572,0.26378577348838805
segment,log,104,218,0.0070360668786681,0.9720496894409938,0.010778784475789787,0.9571428571428572,0.011417679317791394
segment,log,104,219,0.007230982134685568,0.9739130434782609,0.010722684763749886,0.9485714285714286,0.4914535114455813
segment,log,104,220,0.00706287393960978,0.9714285714285714,0.010832105164732974,0.9542857142857143,0.3571783155360271
segment,log,104,221,0.007204917596392816,0.9701863354037267,0.010837495079503063,0.9542857142857143,0.25182169156402223
segment,log,104,222,0.007001071633283976,0.970807453416149,0.010762673811134353,0.9542857142857143,0.3527561489466023
segment,log,104,223,0.00702016462461975,0.9726708074534162,0.010694688325808086,0.9485714285714286,0.5734707244927225
segment,log,104,224,0.007428695729461071,0.970807453416149,0.01119939936487669,0.9514285714285714,0.40361650969840485
segment,log,104,225,0.006913451089659128,0.9714285714285714,0.010740000539336382,0.9542857142857143,0.06879042645600032
segment,log,104,226,0.006960227307227325,0.9726708074534162,0.010817046075437018,0.9571428571428572,0.20665790796496447
segment,log,104,227,0.0077562607890093345,0.9683229813664597,0.011279361494481808,0.9428571428571428,0.49978416053257285
segment,log,104,228,0.0068718187308297015,0.9714285714285714,0.010738831958870076,0.9542857142857143,0.16876475288216855
segment,log,104,229,0.006986890773568602,0.9745341614906833,0.010691279157771858,0.9514285714285714,0.44758448147102137
segment,log,104,230,0.006813150393529445,0.9732919254658385,0.010543167428207054,0.9514285714285714,0.15624045017402546
segment,log,104,231,0.006847305277885747,0.9720496894409938,0.010601392128377896,0.9542857142857143,0.10895554799015303
segment,log,104,232,0.009013127329755538,0.9645962732919254,0.011948798988722026,0.94,0.6029620539745852
segment,log,104,233,0.006765306473851661,0.9720496894409938,0.01063403206515464,0.9514285714285714,0.10179892799772577
segment,log,104,234,0.006751835182753369,0.9732919254658385,0.010573417410120727,0.9514285714285714,0.2955393330766617
segment,log,104,235,0.007309065754123075,0.9726708074534162,0.010865142384251554,0.9542857142857143,0.6886991435774699
segment,log,104,236,0.007976657976467084,0.9670807453416149,0.011133264919004699,0.9428571428571428,0.5062073208108422
segment,log,104,237,0.007825249078409216,0.9670807453416149,0.011514460531510931,0.9514285714285714,0.4556575230770101
segment,log,104,238,0.006805004381648396,0.9720496894409938,0.010717500725850641,0.9571428571428572,0.4006803327083181
segment,log,104,239,0.006975791664326017,0.9726708074534162,0.010844079616368012,0.9514285714285714,0.4439048539333011
segment,log,104,240,0.007127701071604298,0.970807453416149,0.010828400195933709,0.9457142857142857,0.46310629409156284
segment,log,104,241,0.0073712255089950695,0.9695652173913043,0.01133440712922942,0.9485714285714286,0.6149006403175744
segment,log,104,242,0.007269527873892623,0.9714285714285714,0.010848025758340098,0.9485714285714286,0.38670454620258826
segment,log,104,243,0.006846553775377996,0.9726708074534162,0.01080781665315268,0.9514285714285714,0.6787518780813432
segment,log,104,244,0.007486017923054792,0.9745341614906833,0.01116880139709619,0.9485714285714286,0.6189200408062505
segment,log,104,245,0.006648694198634625,0.9732919254658385,0.010603014398436804,0.9542857142857143,0.029635313970531325
segment,log,104,246,0.006757031084056656,0.9714285714285714,0.010639047758551706,0.9514285714285714,0.37446824719426125
segment,log,104,247,0.006863667662544812,0.9745341614906833,0.010261983650640738,0.9514285714285714,0.5112408886878729
segment,log,104,248,0.007154295814133815,0.9726708074534162,0.010675023823503145,0.9485714285714286,0.3379323222760145
segment,log,104,249,0.006684704001534697,0.9745341614906833,0.010494870272966464,0.9514285714285714,0.5878397378999562
segment,log,104,250,0.006532854654036354,0.9732919254658385,0.0105012751443213,0.9542857142857143,0.2718722628080877
segment,log,104,251,0.009495797952911403,0.962111801242236,0.012084313110492009,0.9428571428571428,0.6424319186942987
segment,log,104,252,0.0066449739003979665,0.9726708074534162,0.010427647250066712,0.9542857142857143,0.07440576692536831
segment,log,104,253,0.006545192286605849,0.9745341614906833,0.010307100517062254,0.9542857142857143,0.09083868583529989
segment,log,104,254,0.006815294687129625,0.9732919254658385,0.01050450097046068,0.9485714285714286,0.3831541183868903
segment,log,104,255,0.006557488864829718,0.9732919254658385,0.01036233971345754,0.9571428571428572,0.21097737586066495
segment,log,104,256,0.006398153211554273,0.9739130434782609,0.010303500227082252,0.9514285714285714,0.16397645496494814
segment,log,104,257,0.006548256263835968,0.9732919254658385,0.010459108941495238,0.9542857142857143,0.3183546575711752
segment,log,104,258,0.006563725399429972,0.9726708074534162,0.010498421915618407,0.9514285714285714,0.1545792034481465
segment,log,104,259,0.006473869270971955,0.9739130434782609,0.010314522759993847,0.9542857142857143,0.27986748565550434
segment,log,104,260,0.006382701242652653,0.9739130434782609,0.01027424505162037,0.9571428571428572,0.15783039594583084
segment,log,104,261,0.007357633250804655,0.9739130434782609,0.010881273134252958,0.9485714285714286,0.6160971841683385
segment,log,104,262,0.006361174486762843,0.9745341614906833,0.01012525507640422,0.9485714285714286,0.09326859055924933
segment,log,104,263,0.006324328735843568,0.9732919254658385,0.010270931972845166,0.9542857142857143,0.08303086789692644
segment,log,104,264,0.00777646061578455,0.9683229813664597,0.01159787825610635,0.9485714285714286,0.6098074249032928
segment,log,104,265,0.006546474672315404,0.9757763975155279,0.010122559543235717,0.9457142857142857,0.42825340703322085
segment,log,104,266,0.0062493070217797585,0.9757763975155279,0.010063175061269093,0.9542857142857143,0.022766573929325414
segment,log,104,267,0.006612954053953828,0.970807453416149,0.010384333333336201,0.9542857142857143,0.5478438092988889
segment,log,104,268,0.006552437757205999,0.9745341614906833,0.010313231240737783,0.9514285714285714,0.6681255556697545
segment,log,104,269,0.006232961807332924,0.9770186335403727,0.010074764413661026,0.9542857142857143,0.2456584621864395
segment,log,104,270,0.00675732747833419,0.9739130434782609,0.010415479778831043,0.9485714285714286,0.3265562399106297
segment,log,104,271,0.006207269809229178,0.9763975155279503,0.010050471188707189,0.9514285714285714,0.007446648628279247
segment,log,104,272,0.0063685913633100945,0.9739130434782609,0.010313009804245673,0.9514285714285714,0.2838360436409248
segment,log,104,273,0.006181345703611738,0.9763975155279503,0.010056154509292065,0.9571428571428572,0.09640354436153001
segment,log,104,274,0.0062150808593008115,0.9751552795031055,0.010115640850420892,0.9571428571428572,0.5632533761891687
segment,log,104,275,0.007088505608530824,0.9720496894409938,0.010472442513886024,0.9485714285714286,0.5191272848978635
segment,log,104,276,0.006153087014866961,0.9757763975155279,0.010077108154985595,0.9571428571428572,0.34195886979822293
segment,log,104,277,0.006141431963988099,0.9770186335403727,0.010033001245977209,0.9542857142857143,0.11553323455215894
segment,log,104,278,0.006142282744884831,0.9763975155279503,0.010085959876879247,0.9571428571428572,0.3161103196688008
segment,log,104,279,0.0060871431444367245,0.977639751552795,0.010033392833691809,0.9571428571428572,0.2609821105965596
segment,log,104,280,0.009024134505233494,0.9546583850931677,0.012292011860001322,0.9428571428571428,0.5901673209640379
segment,log,104,281,0.006082252957053789,0.9770186335403727,0.010014888363925032,0.9571428571428572,0.2828987393936498
segment,log,104,282,0.006323108992494238,0.9732919254658385,0.01025952992895415,0.9514285714285714,0.6623785549783923
segment,log,104,283,0.0063432632721938595,0.9751552795031055,0.010272137114846838,0.9542857142857143,0.7237834816523387
segment,log,104,284,0.0060568561164694385,0.9763975155279503,0.010033132864569938,0.9542857142857143,0.38874881654059945
segment,log,104,285,0.0060399756995915595,0.9770186335403727,0.009920647081874791,0.9542857142857143,0.35577860807165784
segment,log,104,286,0.006199805632706959,0.9757763975155279,0.0100521863737507,0.9514285714285714,0.14392476491963047
segment,log,104,287,0.006040648953954101,0.9751552795031055,0.009999321664228398,0.9571428571428572,0.30701887029038216
segment,log,104,288,0.0060143554501681665,0.9763975155279503,0.009948823016149603,0.9571428571428572,0.2828412685708409
segment,log,104,289,0.006399180178367849,0.9714285714285714,0.010245394733756841,0.9571428571428572,0.35829514505729826
segment,log,104,290,0.006531853910450878,0.9757763975155279,0.010115350575928347,0.9485714285714286,0.5721350657059805
segment,log,104,291,0.005981699537358757,0.9782608695652174,0.009855788754589723,0.9571428571428572,0.3862409256290564
segment,log,104,292,0.006236482869822818,0.9745341614906833,0.010133231812086568,0.9514285714285714,0.0899025748607642
segment,log,104,293,0.006122856513679964,0.9770186335403727,0.0099932348468234,0.9542857142857143,0.03990798788454153
segment,log,104,294,0.005939786037437366,0.977639751552795,0.009799535449541544,0.9514285714285714,0.026590393514976444
segment,log,104,295,0.005963821504580307,0.9782608695652174,0.009812208294240076,0.9542857142857143,0.25536765566539227
segment,log,104,296,0.006469282940262318,0.9739130434782609,0.01025796784531345,0.9542857142857143,0.5527819337222538
segment,log,104,297,0.006726767710237268,0.9714285714285714,0.010383138018160164,0.9485714285714286,0.3894014034120083
segment,log,104,298,0.005952321291270309,0.9757763975155279,0.009845248678011398,0.9542857142857143,0.2519033491978221
segment,log,104,299,0.005893684096567481,0.9757763975155279,0.009861562992828967,0.9542857142857143,0.1603401541100932
segment,log,104,300,0.006057281941609771,0.9770186335403727,0.009894115970422845,0.9514285714285714,0.31681362012045655
segment,log,104,301,0.0058888409081322415,0.9770186335403727,0.0098042755725642,0.9542857142857143,0.2175953815967156
segment,log,104,302,0.006032805627566092,0.9770186335403727,0.009797068431930485,0.9514285714285714,0.48718452669947254
segment,log,104,303,0.005838827190358358,0.977639751552795,0.009736913462386743,0.9542857142857143,0.29578239894874403
segment,log,104,304,0.008066809005626497,0.9670807453416149,0.011191611545428859,0.9457142857142857,0.597643749522099
segment,log,104,305,0.005916631364650553,0.9770186335403727,0.009840983311244729,0.9514285714285714,0.5726692979057075
segment,log,104,306,0.0058454670919720324,0.9763975155279503,0.009889631240685277,0.9542857142857143,0.37556786616181903
segment,log,104,307,0.0057962957315133385,0.9782608695652174,0.009864563354621594,0.9571428571428572,0.3334066047522086
segment,log,104,308,0.005872763601296449,0.9763975155279503,0.00992635647463127,0.9514285714285714,0.38969574863886525
segment,log,104,309,0.005831871962060544,0.9770186335403727,0.009827816155804315,0.9542857142857143,0.19026641102774308
segment,log,104,310,0.007553377590689832,0.9714285714285714,0.011150645071875498,0.9428571428571428,0.6064157911612527
segment,log,104,311,0.006083627428938419,0.9751552795031055,0.009996671773893332,0.9571428571428572,0.14392717154403983
segment,log,104,312,0.006043592984173158,0.9745341614906833,0.010004385340512352,0.9571428571428572,0.3687278551100133
segment,log,104,313,0.005739799402710103,0.9795031055900622,0.009697349941540659,0.9542857142857143,0.03156256354783087
segment,log,104,314,0.006138441711605936,0.9751552795031055,0.009965733874427845,0.9485714285714286,0.35764482974260403
segment,log,104,315,0.0058159175979880864,0.9763975155279503,0.009779119464832958,0.9542857142857143,0.05364080940779065
segment,log,104,316,0.0056805913320509376,0.9795031055900622,0.00969127749633925,0.9571428571428572,0.05093959868100431
segment,log,104,317,0.005749964831846988,0.977639751552795,0.009835771732734732,0.9542857142857143,0.21568930133776962
segment,log,104,318,0.006516528311462226,0.9720496894409938,0.010303688864389276,0.9485714285714286,0.3791843969913741
segment,log,104,319,0.005714792198532709,0.9770186335403727,0.009733799622742815,0.9542857142857143,0.08749394086869369
segment,log,104,320,0.005942452278936897,0.9763975155279503,0.009944134606957188,0.9542857142857143,0.23105944235719877
segment,log,104,321,0.0057716937902002755,0.9770186335403727,0.009786854423249036,0.9571428571428572,0.057464173870809654
segment,log,104,322,0.0067628741388652885,0.968944099378882,0.010602401204253261,0.9457142857142857,0.5878097378841008
segment,log,104,323,0.005633072075836077,0.9788819875776398,0.009693684299009811,0.9514285714285714,0.25104788816042567
segment,log,104,324,0.005617216753751892,0.9788819875776398,0.009701824002127026,0.9542857142857143,0.3475241889759404
segment,log,104,325,0.005609157804530458,0.9788819875776398,0.009651390575760052,0.9571428571428572,0.2304557291639312
segment,log,104,326,0.005589695396175916,0.9788819875776398,0.009617577946962648,0.9542857142857143,0.26437350806053933
segment,log,104,327,0.006188703582610719,0.9739130434782609,0.010128029456764985,0.9571428571428572,0.4781350379366542
segment,log,104,328,0.005666969227154201,0.9782608695652174,0.009643592582550124,0.9514285714285714,0.23756712589316814
segment,log,104,329,0.006074108400632966,0.9732919254658385,0.009997585073566956,0.9485714285714286,0.41721959660217084
segment,log,104,330,0.006593808135797861,0.9720496894409938,0.01017966242709027,0.9485714285714286,0.39967147751772986
segment,log,104,331,0.005547686072024352,0.9788819875776398,0.009562308467207393,0.9542857142857143,0.26202263170958867
segment,log,104,332,0.005843999119240016,0.9763975155279503,0.00975953799676969,0.9571428571428572,0.2457019681431406
segment,log,104,333,0.005591811941888117,0.9788819875776398,0.009513429423139437,0.9542857142857143,0.10043792645410506
segment,log,104,334,0.005705878928045015,0.9788819875776398,0.009720299451074724,0.9542857142857143,0.28364689837836377
segment,log,104,335,0.005628336882990678,0.977639751552795,0.009595287269381008,0.9542857142857143,0.09511042180805265
segment,log,104,336,0.0056261844971306225,0.9770186335403727,0.009587716028578878,0.9542857142857143,0.13544063357129657
segment,log,104,337,0.005673566833598634,0.977639751552795,0.009525205186205135,0.9542857142857143,0.6401256529009065
segment,log,104,338,0.005547474874687432,0.9770186335403727,0.009456637029081701,0.9542857142857143,0.027537272481211822
segment,log,104,339,0.005590141953285176,0.977639751552795,0.009443472843006603,0.9514285714285714,0.09293121906977797
segment,log,104,340,0.007260545868577638,0.968944099378882,0.010516562011231722,0.9457142857142857,0.6594396450921162
segment,log,104,341,0.00547746934522716,0.9788819875776398,0.0095863219626049,0.9542857142857143,0.02382388029165686
segment,log,104,342,0.005460503015735077,0.9795031055900622,0.009502877235626758,0.9571428571428572,0.2025768523840187
segment,log,104,343,0.005933227082366816,0.9763975155279503,0.009816049657148329,0.9514285714285714,0.355703097961659
segment,log,104,344,0.005709583768053996,0.9763975155279503,0.00959743153619569,0.9514285714285714,0.3474734174626038
segment,log,104,345,0.005770026154503163,0.9770186335403727,0.009737456801450628,0.9485714285714286,0.3412824863508398
segment,log,104,346,0.00546293157216789,0.9788819875776398,0.009564806519046391,0.9542857142857143,0.1581182921369959
segment,log,104,347,0.012217577442391412,0.9403726708074535,0.014999044433339104,0.9228571428571428,0.5994268703364592
segment,log,104,348,0.005547967113003788,0.9795031055900622,0.009539952341493189,0.9514285714285714,0.5664300366354096
segment,log,104,349,0.005935113805495149,0.9739130434782609,0.009707963583296028,0.9514285714285714,0.5667657189251954
segment,log,104,350,0.005719938792239629,0.9770186335403727,0.009776162711786565,0.9571428571428572,0.599044470562839
segment,log,105,1,0.12360365582416026,0.14347826086956522,0.12359703455825037,0.14285714285714285,0.9945109572374722
segment,log,105,2,0.12789038906310365,0.2857142857142857,0.12835157917365037,0.2857142857142857,1.1577219614250243
segment,log,105,3,0.11681112197317295,0.2596273291925466,0.11760996220653763,0.2571428571428571,0.9483914786437629
segment,log,105,4,0.2177604280925006,0.14285714285714285,0.21871162166056207,0.14285714285714285,1.0992741384182088
segment,log,105,5,0.2141871873257255,0.14285714285714285,0.216123329903778,0.14285714285714285,1.0823466828589332
segment,log,105,6,0.19618800299920117,0.14285714285714285,0.19732983486024408,0.14285714285714285,1.0350188663555298
segment,log,105,7,0.1937791090467299,0.14285714285714285,0.19625871587990174,0.14285714285714285,1.0582323937633946
segment,log,105,8,0.19319415637242784,0.14285714285714285,0.194657269070137,0.14285714285714285,0.9905344498894253
segment,log,105,9,0.17335597465285604,0.14285714285714285,0.17496023438520766,0.14285714285714285,1.0135037585297042
segment,log,105,10,0.1710322243892916,0.14285714285714285,0.17321752219665146,0.14285714285714285,1.0277701634682808
segment,log,105,11,0.1705848669480731,0.14285714285714285,0.17248582050772332,0.14285714285714285,0.9968372414325872
segment,log,105,12,0.16973037623691725,0.14285714285714285,0.17188429948045397,0.14285714285714285,1.023709461608275
segment,log,105,13,0.1716709991125929,0.14285714285714285,0.17443979896042047,0.14285714285714285,1.002426893768513
segment,log,105,14,0.16900976521511718,0.14285714285714285,0.17134225966652258,0.14285714285714285,1.0165179692623716
segment,log,105,15,0.16886284461815243,0.14285714285714285,0.17106676216626454,0.14285714285714285,1.0099626729816846
segment,log,105,16,0.16845765351019343,0.14285714285714285,0.17055658594863535,0.14285714285714285,0.986112163540847
segment,log,105,17,0.16534723934165094,0.2670807453416149,0.16773068851208017,0.26571428571428574,1.0384413845227984
segment,log,105,18,0.05772789753823161,0.6832298136645962,0.05988039989715793,0.68,0.9152173833383095
segment,log,105,19,0.04480564502534131,0.8130434782608695,0.04629720552132168,0.7971428571428572,0.6919628548812768
segment,log,105,20,0.045762643250402954,0.8037267080745342,0.04675551544189121,0.7971428571428572,0.673486626814735
segment,log,105,21,0.04333874615601012,0.8068322981366459,0.04362736830847723,0.8,0.8375842509350099
segment,log,105,22,0.0397653632447301,0.8472049689440994,0.04188503479927298,0.8342857142857143,0.7236020950737091
segment,log,105,23,0.03255726816325525,0.8192546583850931,0.03400739863152375,0.8171428571428572,0.7361888236460623
segment,log,105,24,0.08978238511709269,0.6664596273291925,0.09136946764794035,0.6485714285714286,0.7710085650092305
segment,log,105,25,0.02401052499277992,0.9130434782608695,0.02567690897930527,0.9057142857142857,0.617461606073297
segment,log,105,26,0.022122857398820805,0.9260869565217391,0.02356089392226183,0.9142857142857143,0.6332070289412378
segment,log,105,27,0.023355942890782223,0.8968944099378882,0.024977412004632694,0.8914285714285715,0.6511464535322842
segment,log,105,28,0.020322000091650215,0.915527950310559,0.021925107870397774,0.9142857142857143,0.555364941284107
segment,log,105,29,0.01899729569196183,0.9335403726708075,0.02059167152863865,0.9228571428571428,0.3655641162263143
segment,log,105,30,0.01871004095511841,0.9298136645962732,0.020362683316370596,0.9228571428571428,0.4544692491389332
segment,log,105,31,0.018023582791455335,0.931055900621118,0.01963532000293376,0.9228571428571428,0.4278531839831048
segment,log,105,32,0.018762716877118037,0.9217391304347826,0.02026088790762901,0.9142857142857143,0.4551751553355707
segment,log,105,33,0.02364819981514903,0.9105590062111801,0.026040735559285898,0.8857142857142857,0.7440896235028294
segment,log,105,34,0.018322909029696008,0.9236024844720497,0.01969393146108348,0.9171428571428571,0.6974873959423115
segment,log,105,35,0.017477035306232177,0.9366459627329192,0.019209315041087385,0.9285714285714286,0.5298141129454235
segment,log,105,36,0.017202508777881265,0.9341614906832298,0.018967367080881502,0.9257142857142857,0.5640966099178727
segment,log,105,37,0.016456417364655612,0.9360248447204969,0.01812280161101246,0.9257142857142857,0.365048239369711
segment,log,105,38,0.01636637316382277,0.9372670807453416,0.0181246834130177,0.9228571428571428,0.4328659278809527
segment,log,105,39,0.016510259257037828,0.9341614906832298,0.018188774534125526,0.9257142857142857,0.6580041168341596
segment,log,105,40,0.01860402260676195,0.9298136645962732,0.020775347167277816,0.9257142857142857,0.6135119497392957
segment,log,105,41,0.015823154363560642,0.9354037267080745,0.01760122241198061,0.9257142857142857,0.2966997310815682
segment,log,105,42,0.01564493142401208,0.9372670807453416,0.017346807938678037,0.9228571428571428,0.43280530629620484
segment,log,105,43,0.015569943648412734,0.9391304347826087,0.017368744703783412,0.9257142857142857,0.3787834990157803
segment,log,105,44,0.016086362511296692,0.9335403726708075,0.01761607114354937,0.9228571428571428,0.4969464451503592
segment,log,105,45,0.015285318776942633,0.9372670807453416,0.016995311952601354,0.9228571428571428,0.7034841568115735
segment,log,105,46,0.01770523069769362,0.9254658385093167,0.01912454129167048,0.92,0.6378942727167201
segment,log,105,47,0.016276972341184685,0.937888198757764,0.018188244137121643,0.9285714285714286,0.6475423143788127
segment,log,105,48,0.015306834135123385,0.9354037267080745,0.01685656813940647,0.9285714285714286,0.3554216458924227
segment,log,105,49,0.014827983874800011,0.9397515527950311,0.016582361996674403,0.9285714285714286,0.2991287484573565
segment,log,105,50,0.017804366988511375,0.9316770186335404,0.020293557174872745,0.9314285714285714,0.545219663132054
segment,log,105,51,0.014563965269412088,0.9385093167701863,0.01640715509333589,0.9285714285714286,0.2540870350128011
segment,log,105,52,0.021295186561838167,0.9093167701863354,0.02248112203533051,0.9114285714285715,0.721238685230265
segment,log,105,53,0.017341175788779823,0.9322981366459627,0.01968917945442078,0.9314285714285714,0.6447969477312328
segment,log,105,54,0.01474184821839165,0.9397515527950311,0.01656293240301055,0.9285714285714286,0.6650247777047618
segment,log,105,55,0.014167349992539944,0.9372670807453416,0.016130644498431358,0.9257142857142857,0.3872482975742013
segment,log,105,56,0.014223350853372027,0.9397515527950311,0.01639578498038042,0.9228571428571428,0.5130339145734492
segment,log,105,57,0.013956802109809421,0.9422360248447205,0.01603080803177875,0.9314285714285714,0.23566140000128372
segment,log,105,58,0.014444822341037543,0.9459627329192547,0.016778666456295083,0.9314285714285714,0.548958300745552
segment,log,105,59,0.015247070441352324,0.9372670807453416,0.017397566619551122,0.9342857142857143,0.7039661152213403
segment,log,105,60,0.013790823868926695,0.9397515527950311,0.0158384506244164,0.9342857142857143,0.6923250968580644
segment,log,105,61,0.01393380095631213,0.9385093167701863,0.01584030113696873,0.9285714285714286,0.5980991110932534
segment,log,105,62,0.013509917499865461,0.9496894409937888,0.015683972013336392,0.9342857142857143,0.326652523491205
segment,log,105,63,0.01520548562252325,0.9385093167701863,0.01765714622159135,0.9285714285714286,0.4672637426135471
segment,log,105,64,0.013487633722730555,0.9409937888198758,0.015392905771712134,0.9342857142857143,0.30254112937266064
segment,log,105,65,0.013727742804337232,0.9465838509316771,0.016043490050025963,0.9342857142857143,0.4512931931156
segment,log,105,66,0.013802755666007461,0.9478260869565217,0.01604569336812279,0.9342857142857143,0.6756166364025172
segment,log,105,67,0.013542730727854562,0.9478260869565217,0.015465725378917739,0.9457142857142857,0.7009217327463038
segment,log,105,68,0.012900386613458667,0.9422360248447205,0.014973682753494208,0.94,0.20566173531072382
segment,log,105,69,0.012897068105074103,0.9453416149068323,0.015127985026318706,0.9314285714285714,0.4861849017972182
segment,log,105,70,0.013386339814699423,0.9465838509316771,0.015563834842679222,0.9314285714285714,0.6095650674022752
segment,log,105,71,0.012964042003322752,0.937888198757764,0.01503486713609282,0.9314285714285714,0.27302683132015326
segment,log,105,72,0.014610968523413153,0.9385093167701863,0.0163951074515113,0.9285714285714286,0.6452220980072205
segment,log,105,73,0.012547311181080524,0.9453416149068323,0.014829189025385974,0.9342857142857143,0.30002263735667456
segment,log,105,74,0.016402614979355325,0.9273291925465839,0.017931455683358438,0.9228571428571428,0.7739050277185284
segment,log,105,75,0.012818930735140305,0.9440993788819876,0.01490689805038515,0.9371428571428572,0.6965765638255956
segment,log,105,76,0.012516482450089753,0.9496894409937888,0.014826552014690884,0.94,0.6254577896607696
segment,log,105,77,0.012625472863654534,0.94472049689441,0.015017028385573235,0.9342857142857143,0.43013880174280866
segment,log,105,78,0.01632979306520881,0.9335403726708075,0.01906341455083799,0.9228571428571428,0.5640232826012554
segment,log,105,79,0.012184906676778148,0.9503105590062112,0.014531696486200984,0.9371428571428572,0.583227403773648
segment,log,105,80,0.012409987907305454,0.9409937888198758,0.014657495692914463,0.9285714285714286,0.40304894422991383
segment,log,105,81,0.012276197751677367,0.9422360248447205,0.014569744068416398,0.9257142857142857,0.5224254369714024
segment,log,105,82,0.013504996642126661,0.9472049689440993,0.016230976225248984,0.9342857142857143,0.5419274695095715
segment,log,105,83,0.01740629819292016,0.924223602484472,0.018899322539854924,0.9257142857142857,0.6837570620595367
segment,log,105,84,0.011963700017579527,0.9503105590062112,0.014443488656381178,0.9371428571428572,0.43829689498171975
segment,log,105,85,0.01212693494794143,0.9503105590062112,0.014440345878875457,0.94,0.7506706782289206
segment,log,105,86,0.02109009642790383,0.9062111801242236,0.023745013503671527,0.8885714285714286,0.779085697852802
segment,log,105,87,0.011942008182259451,0.9503105590062112,0.014314597039867242,0.94,0.5934941338695794
segment,log,105,88,0.011686467536881528,0.9496894409937888,0.014088423850348416,0.94,0.251640069860783
segment,log,105,89,0.012347249309341177,0.94472049689441,0.014528746364577608,0.9314285714285714,0.5380143207450474
segment,log,105,90,0.023395085263222377,0.9037267080745341,0.0260642949169123,0.8885714285714286,0.6338398278823252
segment,log,105,91,0.01175006820254042,0.9478260869565217,0.014210039556061949,0.9342857142857143,0.7005244167899563
segment,log,105,92,0.011475904605334626,0.9490683229813665,0.013968509765556004,0.9342857142857143,0.23457209746088298
segment,log,105,93,0.014344011101813067,0.9304347826086956,0.01696902944864287,0.9228571428571428,0.5830519472895422
segment,log,105,94,0.011920457296107132,0.9496894409937888,0.01450158981525453,0.94,0.4885170183667692
segment,log,105,95,0.012234870592719146,0.9459627329192547,0.01475369986293462,0.9342857142857143,0.5669017980043484
segment,log,105,96,0.011308254211363144,0.9490683229813665,0.01382559707740446,0.94,0.23408130490890536
segment,log,105,97,0.011382165606890574,0.9459627329192547,0.01385894449396895,0.9371428571428572,0.5912925602087732
segment,log,105,98,0.011227252765191086,0.9515527950310559,0.013753369187531434,0.9371428571428572,0.3539344306126461
segment,log,105,99,0.011844427267449798,0.9434782608695652,0.014231476923587666,0.9314285714285714,0.5175734034195335
segment,log,105,100,0.011183671461893219,0.9515527950310559,0.013786598976248326,0.9371428571428572,0.17233613275524065
segment,log,105,101,0.0118558075589825,0.9503105590062112,0.014423256233733427,0.9457142857142857,0.4801100973578153
segment,log,105,102,0.011179031439379828,0.9465838509316771,0.013579131928462518,0.9371428571428572,0.4518093275789947
segment,log,105,103,0.013829895493495314,0.9354037267080745,0.01642849720484861,0.9285714285714286,0.7081804893806969
segment,log,105,104,0.011612108675094471,0.9459627329192547,0.01385550400015376,0.9371428571428572,0.22321900027464542
segment,log,105,105,0.011022160967661098,0.9490683229813665,0.013387541197017589,0.94,0.544843918240386
segment,log,105,106,0.011019580321945782,0.9527950310559006,0.013598325077411854,0.9428571428571428,0.06555640664256768
segment,log,105,107,0.011046383429029019,0.9503105590062112,0.01350750179501939,0.9342857142857143,0.3066245892192393
segment,log,105,108,0.01084974137320164,0.9503105590062112,0.013441213145368905,0.94,0.381951560558358
segment,log,105,109,0.011513141453619712,0.9503105590062112,0.013977577014137196,0.9314285714285714,0.5740778341241697
segment,log,105,110,0.011010810602302995,0.9515527950310559,0.013841472032338127,0.9428571428571428,0.6619878233529835
segment,log,105,111,0.010959514658424178,0.9521739130434783,0.013776053017360672,0.94,0.19475458422875447
segment,log,105,112,0.010762875086510878,0.9527950310559006,0.013492166212683175,0.9428571428571428,0.20221760937327674
segment,log,105,113,0.010875633840758998,0.9527950310559006,0.013643617254627108,0.9428571428571428,0.46465702453223606
segment,log,105,114,0.011717486038276133,0.9434782608695652,0.01394923991063928,0.94,0.5525877873032019
segment,log,105,115,0.0109800833472002,0.9503105590062112,0.013704709548211893,0.94,0.38506120340093797
segment,log,105,116,0.011017110674151967,0.9484472049689441,0.01347136385170284,0.9371428571428572,0.6455568724942939
segment,log,105,117,0.01064973920873053,0.9521739130434783,0.013287249122229821,0.94,0.2993821704579818
segment,log,105,118,0.010632221930983576,0.9503105590062112,0.013329699650663936,0.94,0.4451978910536521
segment,log,105,119,0.01061080020296934,0.953416149068323,0.013473192075881242,0.9428571428571428,0.31069798460954673
segment,log,105,120,0.010754274530883897,0.953416149068323,0.01362293735265272,0.9428571428571428,0.09924848380177312
segment,log,105,121,0.011516297054236029,0.94472049689441,0.013988064068995809,0.94,0.46560197324401104
segment,log,105,122,0.012827191103478882,0.9409937888198758,0.015473862205055072,0.9342857142857143,0.6462483718171977
segment,log,105,123,0.011029828590040345,0.9527950310559006,0.013662189447676209,0.94,0.6304407465240479
segment,log,105,124,0.014099888508018476,0.9304347826086956,0.017042883854710922,0.9257142857142857,0.6651692577705012
segment,log,105,125,0.010541822222638152,0.9540372670807453,0.013397166524533304,0.9428571428571428,0.19865684480367451
segment,log,105,126,0.010826833442208902,0.9527950310559006,0.013748674611566881,0.9428571428571428,0.12495100085472531
segment,log,105,127,0.015235444397309028,0.9273291925465839,0.016962692530962366,0.9257142857142857,0.7049899253956837
segment,log,105,128,0.010483560929287624,0.9521739130434783,0.013465690716624758,0.9428571428571428,0.44694323679163145
segment,log,105,129,0.010399558690961324,0.953416149068323,0.01337842283201574,0.9428571428571428,0.47005222184782397
segment,log,105,130,0.010363592567901312,0.9540372670807453,0.013350120857412943,0.9428571428571428,0.0775995809383539
segment,log,105,131,0.013362573728780788,0.9409937888198758,0.01578123385419167,0.9371428571428572,0.6885308139967348
segment,log,105,132,0.010363318883520059,0.9527950310559006,0.01323957329776676,0.94,0.2302487657445792
segment,log,105,133,0.010155562105698117,0.9521739130434783,0.013076300356504792,0.94,0.26394079137334786
segment,log,105,134,0.010305178107740948,0.953416149068323,0.013264246454684183,0.94,0.5409007456396021
segment,log,105,135,0.011603351213920836,0.9503105590062112,0.014798039800748461,0.9371428571428572,0.5097536860591676
segment,log,105,136,0.010331472201943123,0.9527950310559006,0.013246679442832452,0.9342857142857143,0.2438233292944986
segment,log,105,137,0.010297026858364386,0.9527950310559006,0.0132218523675311,0.9342857142857143,0.4388232715354232
segment,log,105,138,0.011477144207600173,0.9503105590062112,0.014617681478474701,0.9428571428571428,0.5393339636221873
segment,log,105,139,0.010167089224489487,0.9546583850931677,0.013343782816475596,0.9457142857142857,0.04154545161016213
segment,log,105,140,0.010808067241968084,0.9484472049689441,0.013465508333385523,0.94,0.5161267092630277
segment,log,105,141,0.010302902644516597,0.9527950310559006,0.013270669347850384,0.9342857142857143,0.3675869930326297
segment,log,105,142,0.018474470153225134,0.9142857142857143,0.021260439832629714,0.9085714285714286,0.6311396543200233
segment,log,105,143,0.011916927801996864,0.9509316770186336,0.015055945256962293,0.9428571428571428,0.6182166312331806
segment,log,105,144,0.010970949585372947,0.9453416149068323,0.013871273682389662,0.9371428571428572,0.6321362987268313
segment,log,105,145,0.011327372267414735,0.9459627329192547,0.014477355714177135,0.94,0.517564550122335
segment,log,105,146,0.010038050486535369,0.9540372670807453,0.01311986529035729,0.9371428571428572,0.3515418048270365
segment,log,105,147,0.010198534240256267,0.953416149068323,0.013278222486742281,0.9342857142857143,0.6305219212137708
segment,log,105,148,0.01000969479159813,0.9540372670807453,0.01313821674371021,0.94,0.014069708563782068
segment,log,105,149,0.009977722226778766,0.9559006211180124,0.013155479802146207,0.9457142857142857,0.41497233401616057
segment,log,105,150,0.00977544018171278,0.953416149068323,0.012929760910657801,0.94,0.5845380567237389
segment,log,105,151,0.009869797576852999,0.9559006211180124,0.013068647397180895,0.9457142857142857,0.11553227003639434
segment,log,105,152,0.009916901268009069,0.9546583850931677,0.013010955813570903,0.94,0.6948258059794166
segment,log,105,153,0.00975213464074497,0.9546583850931677,0.01289739907786956,0.9457142857142857,0.0730749857844213
segment,log,105,154,0.009716162136435193,0.9540372670807453,0.012881781283212556,0.9457142857142857,0.280537964071321
segment,log,105,155,0.010184878757516646,0.9521739130434783,0.013186238480697063,0.9428571428571428,0.5426107194484995
segment,log,105,156,0.009723379301860948,0.9552795031055901,0.012816586881512533,0.9457142857142857,0.12576747443610112
segment,log,105,157,0.010254128169342512,0.9565217391304348,0.01326832457911323,0.94,0.5429415295211787
segment,log,105,158,0.010412715403016037,0.9503105590062112,0.013464638107955803,0.94,0.7196801475683465
segment,log,105,159,0.009887108842309592,0.9552795031055901,0.012907395185093953,0.94,0.34413689888931154
segment,log,105,160,0.011573815264908537,0.9440993788819876,0.014634094696614764,0.9371428571428572,0.5688569181220317
segment,log,105,161,0.011330035291000457,0.9527950310559006,0.01441781824162048,0.9428571428571428,0.6267672258357773
segment,log,105,162,0.009550572979738643,0.9546583850931677,0.012789914530194032,0.9428571428571428,0.5727237221574026
segment,log,105,163,0.009581333416227739,0.9559006211180124,0.01286796979585665,0.9457142857142857,0.19232973037682974
segment,log,105,164,0.009477156992124012,0.9540372670807453,0.012705888911464349,0.9428571428571428,0.09897523736677806
segment,log,105,165,0.011341897790570162,0.9403726708074535,0.014507108337673269,0.94,0.7213504313724927
segment,log,105,166,0.009474890262104563,0.9552795031055901,0.012623502807206413,0.9428571428571428,0.04858087622211947
segment,log,105,167,0.009620804509455332,0.9546583850931677,0.012869557225247104,0.9428571428571428,0.6626933596222813
segment,log,105,168,0.009474117111125294,0.9565217391304348,0.0125943807069455,0.9457142857142857,0.3319199300617231
segment,log,105,169,0.01051096183219347,0.9503105590062112,0.013603847345023583,0.9457142857142857,0.5406142320563224
segment,log,105,170,0.009839605121222035,0.953416149068323,0.012577942997440595,0.9371428571428572,0.6256759565687526
segment,log,105,171,0.009491986742726388,0.9571428571428572,0.01253790444406794,0.9428571428571428,0.6045728355306207
segment,log,105,172,0.01036735358645258,0.9496894409937888,0.012948868447688092,0.94,0.5132881041967083
segment,log,105,173,0.009319920083267104,0.9565217391304348,0.012493707330040243,0.9428571428571428,0.16317004006666494
segment,log,105,174,0.009820900461389254,0.9527950310559006,0.012854959825656563,0.9371428571428572,0.512220591528452
segment,log,105,175,0.011082105925364438,0.9484472049689441,0.014026955691048226,0.94,0.5456726095583442
segment,log,105,176,0.009560802014504176,0.9546583850931677,0.012740206732599384,0.9428571428571428,0.48794848331218366
segment,log,105,177,0.011296507288226752,0.9440993788819876,0.014301947504549214,0.9371428571428572,0.5421217683277044
segment,log,105,178,0.009351491724741222,0.9559006211180124,0.012524698527873832,0.9428571428571428,0.5819522200180407
segment,log,105,179,0.01009808061207991,0.9540372670807453,0.013081473963758484,0.9371428571428572,0.4671398046271244
segment,log,105,180,0.009301629910765583,0.9565217391304348,0.012506578860417204,0.9428571428571428,0.6038561296777553
segment,log,105,181,0.009688816794445226,0.9552795031055901,0.012995647461836533,0.9428571428571428,0.6836240624557811
segment,log,105,182,0.01052526715491203,0.9484472049689441,0.013670578402648447,0.94,0.4055548169180017
segment,log,105,183,0.009195343560236557,0.9565217391304348,0.012482844510815242,0.9457142857142857,0.21669762044419
segment,log,105,184,0.009150506007238782,0.9552795031055901,0.012469293621615,0.9428571428571428,0.06895755330059554
segment,log,105,185,0.009665419726083521,0.953416149068323,0.012590591957946139,0.9371428571428572,0.522219440766131
segment,log,105,186,0.011310238664988799,0.9453416149068323,0.014339446611284116,0.9342857142857143,0.6124469521300342
segment,log,105,187,0.009704478223265086,0.9540372670807453,0.012836679962023699,0.9428571428571428,0.38565603482011573
segment,log,105,188,0.009154554037303747,0.9577639751552796,0.012410096541474003,0.9457142857142857,0.5748093133416103
segment,log,105,189,0.009086143436474738,0.9565217391304348,0.012359292845616978,0.9428571428571428,0.05213239048419698
segment,log,105,190,0.009073827484637155,0.9559006211180124,0.012386403765503259,0.9428571428571428,0.2693641211399717
segment,log,105,191,0.011551354688405412,0.9397515527950311,0.014658623039650829,0.9371428571428572,0.5497547959695464
segment,log,105,192,0.00911976030099717,0.9577639751552796,0.012491978749821464,0.9428571428571428,0.5751766921008932
segment,log,105,193,0.011858251801077156,0.9440993788819876,0.014273739429257392,0.9457142857142857,0.5404405414168383
segment,log,105,194,0.009429340579067687,0.9552795031055901,0.012213381073849113,0.9457142857142857,0.5983371533200811
segment,log,105,195,0.00921743599177851,0.9571428571428572,0.012365172314733384,0.9428571428571428,0.39774019433648866
segment,log,105,196,0.009076168266300328,0.9577639751552796,0.01239266228739869,0.9457142857142857,0.1551287337424959
segment,log,105,197,0.010277630163020338,0.9509316770186336,0.01346196179490842,0.9371428571428572,0.42030474575256443
segment,log,105,198,0.00902240007517383,0.9577639751552796,0.01236930634574168,0.9457142857142857,0.20893231156842682
segment,log,105,199,0.009052492127076359,0.9577639751552796,0.01227430314874608,0.9428571428571428,0.4065911104066852
segment,log,105,200,0.009198183471342637,0.9571428571428572,0.012425388241418391,0.9457142857142857,0.4048833482934316
segment,log,105,201,0.01231307300222702,0.9422360248447205,0.01463214787579216,0.9457142857142857,0.537389869692266
segment,log,105,202,0.009278291241360178,0.9583850931677018,0.012635452498295036,0.9428571428571428,0.5079956895230815
segment,log,105,203,0.008971359962583648,0.9596273291925466,0.012268889512263494,0.9457142857142857,0.21050426539172398
segment,log,105,204,0.008964302159016216,0.9590062111801242,0.012338821946024868,0.9457142857142857,0.2493079634351952
segment,log,105,205,0.008894404428344818,0.9565217391304348,0.012265324681162875,0.9428571428571428,0.1179532773536181
segment,log,105,206,0.010085747571883366,0.9478260869565217,0.013412971309676607,0.9428571428571428,0.5896594352651796
segment,log,105,207,0.009061761632623318,0.9583850931677018,0.012395354225740746,0.9428571428571428,0.6768863458706977
segment,log,105,208,0.01186220392683962,0.9397515527950311,0.01513384577976195,0.9371428571428572,0.6576471764808128
segment,log,105,209,0.00899021756609595,0.9602484472049689,0.012482891579096208,0.9428571428571428,0.06783607444866913
segment,log,105,210,0.00906654182878755,0.9583850931677018,0.01240558696348775,0.9457142857142857,0.5996873933824202
segment,log,105,211,0.009233097368388642,0.9571428571428572,0.012573475314844927,0.94,0.2963245951020613
segment,log,105,212,0.00880636022019769,0.9577639751552796,0.012277571037794931,0.9428571428571428,0.21444030333410344
segment,log,105,213,0.00879691562875742,0.9577639751552796,0.012253819718817876,0.9428571428571428,0.2466753226080793
segment,log,105,214,0.0089779102081428,0.9571428571428572,0.012348462048599707,0.9428571428571428,0.30341172952611245
segment,log,105,215,0.010262847297514362,0.9472049689440993,0.012769354361606658,0.9457142857142857,0.7204453480065726
segment,log,105,216,0.008782927783512667,0.9583850931677018,0.012016475336042609,0.9428571428571428,0.2452965930879722
segment,log,105,217,0.008820612038053845,0.9608695652173913,0.01219049969843428,0.9457142857142857,0.30894123078629476
segment,log,105,218,0.008887330169722197,0.9596273291925466,0.012285357545117228,0.9428571428571428,0.20355130872685484
segment,log,105,219,0.01067053548958892,0.9484472049689441,0.01374976483153417,0.9457142857142857,0.6949425945631584
segment,log,105,220,0.008748279110729807,0.9565217391304348,0.012196899308007986,0.9428571428571428,0.3519337660733361
segment,log,105,221,0.00976199037754801,0.9552795031055901,0.013562851676204595,0.9371428571428572,0.6428542201680628
segment,log,105,222,0.009396729684627503,0.9577639751552796,0.01252334755253379,0.9428571428571428,0.6508396205750031
segment,log,105,223,0.008786546286693538,0.9583850931677018,0.012246964955572091,0.9428571428571428,0.666892748484422
segment,log,105,224,0.00966975131107556,0.9577639751552796,0.0127841344196002,0.9428571428571428,0.6292272744140283
segment,log,105,225,0.008731356191578887,0.9577639751552796,0.012111685055731267,0.9428571428571428,0.04256041947468544
segment,log,105,226,0.008700303170812027,0.9590062111801242,0.012059769039981719,0.9457142857142857,0.4306918639343589
segment,log,105,227,0.008725903170029664,0.9577639751552796,0.012025094119652614,0.9428571428571428,0.2998792329449984
segment,log,105,228,0.009212700660685646,0.9546583850931677,0.012606411928574526,0.9428571428571428,0.500889138815861
segment,log,105,229,0.008730266087198381,0.9596273291925466,0.012201603508297505,0.9428571428571428,0.5826228568584914
segment,log,105,230,0.010163598554481621,0.9490683229813665,0.013201828156877761,0.9457142857142857,0.6195123236702501
segment,log,105,231,0.009490075026454351,0.9571428571428572,0.012766990680168252,0.9485714285714286,0.6073308323595217
segment,log,105,232,0.008795892413579929,0.9590062111801242,0.01216676061238202,0.9428571428571428,0.0701952968550574
segment,log,105,233,0.008657156075091437,0.9590062111801242,0.012171444389965787,0.9428571428571428,0.18423583259712914
segment,log,105,234,0.008623539714745826,0.9602484472049689,0.012202257555612633,0.9457142857142857,0.29269927965525894
segment,log,105,235,0.009556462276115656,0.9559006211180124,0.012832264468289944,0.9428571428571428,0.6719363267851852
segment,log,105,236,0.010451381943563659,0.9459627329192547,0.013775983989192334,0.9371428571428572,0.5744758964929391
segment,log,105,237,0.009198314781354227,0.9590062111801242,0.012739680466704645,0.94,0.6350767810304101
segment,log,105,238,0.009039663095579353,0.9577639751552796,0.01245685803960856,0.9371428571428572,0.4051421723899442
segment,log,105,239,0.008594336363979034,0.9577639751552796,0.012050320860979416,0.9428571428571428,0.04820746097926481
segment,log,105,240,0.008960072592310091,0.9583850931677018,0.01259954971570384,0.9457142857142857,0.49205019084647106
segment,log,105,241,0.009309294105219426,0.9552795031055901,0.012799878894836015,0.94,0.6229464097663984
segment,log,105,242,0.010324155052813758,0.9527950310559006,0.0137927396124703,0.9457142857142857,0.7076942790373575
segment,log,105,243,0.00874356145606951,0.9571428571428572,0.012293192436232902,0.9428571428571428,0.4023817233210181
segment,log,105,244,0.01009921281101035,0.9428571428571428,0.013479180178883656,0.94,0.528858329989216
segment,log,105,245,0.008716334930341137,0.9559006211180124,0.012297496953284612,0.9428571428571428,0.0921488610473153
segment,log,105,246,0.011587502699743499,0.9391304347826087,0.014882108392297073,0.9371428571428572,0.5201567947184853
segment,log,105,247,0.00911805261274826,0.9552795031055901,0.01259434131007225,0.9428571428571428,0.5819093243053888
segment,log,105,248,0.01243327261947394,0.9341614906832298,0.01564853818223266,0.9257142857142857,0.5974981791403842
segment,log,105,249,0.008497928483224731,0.9590062111801242,0.012004269230954594,0.9428571428571428,0.38479720828180347
segment,log,105,250,0.008564815535279768,0.9583850931677018,0.012065018341281021,0.9428571428571428,0.14224821622093728
segment,log,105,251,0.008574801748787855,0.9602484472049689,0.012210901654330818,0.9457142857142857,0.5834121162578538
segment,log,105,252,0.008418262400424968,0.9590062111801242,0.01202222079251546,0.9428571428571428,0.31518249829568407
segment,log,105,253,0.008430773762268858,0.9602484472049689,0.012087351362000322,0.9428571428571428,0.020608520646310025
segment,log,105,254,0.008990124134987553,0.9571428571428572,0.01258980202721383,0.9428571428571428,0.5733924550315503
segment,log,105,255,0.00851748001458775,0.9590062111801242,0.012100809836191892,0.9428571428571428,0.5980454490054801
segment,log,105,256,0.008711430967419654,0.9559006211180124,0.012356327092048456,0.9428571428571428,0.5905508539324978
segment,log,105,257,0.010580837441798725,0.9440993788819876,0.014077959708775987,0.9371428571428572,0.5248813349701825
segment,log,105,258,0.008357924862202173,0.9596273291925466,0.012021570068053407,0.9457142857142857,0.3126694775705276
segment,log,105,259,0.008415829538869213,0.9590062111801242,0.012091676212565424,0.9428571428571428,0.047890552549595886
segment,log,105,260,0.008597666146198526,0.9583850931677018,0.012257559210767948,0.9428571428571428,0.2471139160223301
segment,log,105,261,0.008510021127603871,0.9583850931677018,0.012160067752105614,0.9428571428571428,0.20099874240959467
segment,log,105,262,0.008399482734938468,0.9590062111801242,0.01223309781425654,0.9428571428571428,0.5239786767204436
segment,log,105,263,0.008504968878299506,0.9583850931677018,0.012228108547364842,0.9428571428571428,0.18814516198939593
segment,log,105,264,0.008377304135885964,0.9596273291925466,0.012096157262499978,0.9428571428571428,0.2429543926232959
segment,log,105,265,0.00985832927579479,0.9540372670807453,0.013370570354583302,0.9457142857142857,0.6231878882953853
segment,log,105,266,0.008579153129956801,0.9583850931677018,0.012091742378493664,0.9457142857142857,0.560874001677122
segment,log,105,267,0.008399479621252908,0.9596273291925466,0.012197183635262392,0.9428571428571428,0.3876044185597432
segment,log,105,268,0.008460001333313087,0.9583850931677018,0.012194544186365192,0.9428571428571428,0.01827849590558681
segment,log,105,269,0.008910146823662132,0.9583850931677018,0.012675791339238844,0.94,0.5989622646621221
segment,log,105,270,0.008279695066238305,0.9583850931677018,0.012162867471454529,0.9428571428571428,0.09860552540962957
segment,log,105,271,0.008287177305810713,0.9596273291925466,0.012171836228123678,0.9428571428571428,0.31693244609833665
segment,log,105,272,0.008254531536899546,0.9596273291925466,0.01207840408459648,0.9457142857142857,0.19002849120511356
segment,log,105,273,0.008467773564386312,0.9590062111801242,0.012246390964168567,0.9428571428571428,0.5808815332214591
segment,log,105,274,0.008492656116755738,0.9571428571428572,0.012115336786909523,0.9428571428571428,0.608452797864149
segment,log,105,275,0.008219383434021267,0.9602484472049689,0.01204941984607456,0.9457142857142857,0.293712819846397
segment,log,105,276,0.008254784706492815,0.9596273291925466,0.012048897657722012,0.9457142857142857,0.17439158248651662
segment,log,105,277,0.008285531651389897,0.9583850931677018,0.01204849191491553,0.9428571428571428,0.30778029319887934
segment,log,105,278,0.008261215570893194,0.9590062111801242,0.012110834080024066,0.9428571428571428,0.1923266772887733
segment,log,105,279,0.00820495231499973,0.9608695652173913,0.012012158399742325,0.9457142857142857,0.13869329758922827
segment,log,105,280,0.008382602997891717,0.9583850931677018,0.012201223055777404,0.9428571428571428,0.05079150217500517
segment,log,105,281,0.008150540481072971,0.9614906832298137,0.011988280811828293,0.9428571428571428,0.008039675429958811
segment,log,105,282,0.009944164769164225,0.9484472049689441,0.012512112260967533,0.9485714285714286,0.663545630985514
segment,log,105,283,0.008169737121250702,0.9602484472049689,0.011887447331130705,0.9428571428571428,0.5445841327448355
segment,log,105,284,0.011724126080345496,0.9372670807453416,0.015013464480864346,0.9342857142857143,0.6817318259500638
segment,log,105,285,0.008299273857735136,0.962111801242236,0.01206474351360236,0.9428571428571428,0.16120498411635334
segment,log,105,286,0.008127519114997133,0.9627329192546584,0.011994576000935873,0.9457142857142857,0.5707254961135587
segment,log,105,287,0.008105074963412538,0.9627329192546584,0.011972371573508472,0.9457142857142857,0.3675210951114292
segment,log,105,288,0.008518499757600934,0.9577639751552796,0.01211615607596883,0.9428571428571428,0.03785845419088856
segment,log,105,289,0.008182451981776362,0.9602484472049689,0.012076301383616253,0.9428571428571428,0.15802558309607084
segment,log,105,290,0.008145265685449718,0.9614906832298137,0.01206935660924782,0.9428571428571428,0.06529423998428215
segment,log,105,291,0.011451605528271144,0.9385093167701863,0.015103732345249747,0.9314285714285714,0.6535339546221831
segment,log,105,292,0.008063592861264839,0.962111801242236,0.011889693104446639,0.9428571428571428,0.5665849427836985
segment,log,105,293,0.008388461594545791,0.9583850931677018,0.012298090536765168,0.9428571428571428,0.6004379025836346
segment,log,105,294,0.008069538473026666,0.9608695652173913,0.011994681813853837,0.9428571428571428,0.023886968841426322
segment,log,105,295,0.008108716272770598,0.9590062111801242,0.012106799901185345,0.9428571428571428,0.2510996761299738
segment,log,105,296,0.008079731787967863,0.9590062111801242,0.011921218299602939,0.9428571428571428,0.05635405145205243
segment,log,105,297,0.008013529813038859,0.9608695652173913,0.01197711860720728,0.9457142857142857,0.2482087084123479
segment,log,105,298,0.008094758891379769,0.9583850931677018,0.01197228878012821,0.9428571428571428,0.40806296651698926
segment,log,105,299,0.008052393149611476,0.9627329192546584,0.012046348817814407,0.9457142857142857,0.2049181364197122
segment,log,105,300,0.008445734506119452,0.9571428571428572,0.012230312049445677,0.9457142857142857,0.3564777423171368
segment,log,105,301,0.009251629281858124,0.9546583850931677,0.012774869803943429,0.9457142857142857,0.38292275997945485
segment,log,105,302,0.007968597464179713,0.9627329192546584,0.01194152221540964,0.9457142857142857,0.5913821396603098
segment,log,105,303,0.008369647248988076,0.9583850931677018,0.012275075729283902,0.9457142857142857,0.4311624111268391
segment,log,105,304,0.008038776724089704,0.9608695652173913,0.012036173514143902,0.9428571428571428,0.05830809225993713
segment,log,105,305,0.008012363883162867,0.9608695652173913,0.011989145313250472,0.9428571428571428,0.5756182363825377
segment,log,105,306,0.007978259706250046,0.9614906832298137,0.012030460277207305,0.9428571428571428,0.282171226874238
segment,log,105,307,0.007959831438401803,0.962111801242236,0.011986139056157365,0.9428571428571428,0.09925553803756816
segment,log,105,308,0.008164814798510863,0.9590062111801242,0.011971387721276922,0.9485714285714286,0.5670216789928822
segment,log,105,309,0.010412439989855327,0.9453416149068323,0.01420364088205983,0.9371428571428572,0.6171010485275218
segment,log,105,310,0.007931682779889943,0.9590062111801242,0.011813693115569278,0.9457142857142857,0.5517548320392215
segment,log,105,311,0.007974333662262884,0.9602484472049689,0.011914119681886607,0.9428571428571428,0.1298391104721326
segment,log,105,312,0.010939740386549933,0.9391304347826087,0.01437416201924759,0.94,0.5317903618627933
segment,log,105,313,0.009491900189390076,0.9509316770186336,0.012314906632592609,0.9485714285714286,0.5412841518529531
segment,log,105,314,0.008016358676705063,0.9602484472049689,0.011536473206228155,0.9485714285714286,0.5337184033786255
segment,log,105,315,0.007900754038781722,0.9627329192546584,0.011593004288864764,0.9485714285714286,0.2937135312226624
segment,log,105,316,0.007907878967478863,0.9608695652173913,0.011654107544094771,0.9485714285714286,0.10651270334919757
segment,log,105,317,0.007888667359767655,0.9614906832298137,0.01167473547205018,0.9457142857142857,0.1508745002221769
segment,log,105,318,0.007914334288998277,0.9608695652173913,0.011621470775666685,0.9485714285714286,0.017522325740042165
segment,log,105,319,0.007880816796694482,0.9608695652173913,0.011602991650738005,0.9457142857142857,0.20717294458951466
segment,log,105,320,0.007824527186578955,0.9614906832298137,0.011500858566383422,0.9485714285714286,0.4656284156470772
segment,log,105,321,0.020097192784365506,0.906832298136646,0.022411761240447945,0.9085714285714286,0.6785444914247173
segment,log,105,322,0.007819078769218203,0.9596273291925466,0.011474560044991993,0.9485714285714286,0.3281356676453837
segment,log,105,323,0.010332582461497255,0.9434782608695652,0.013721738875152904,0.94,0.5087562549436596
segment,log,105,324,0.007802852646486951,0.962111801242236,0.011347672721356719,0.9542857142857143,0.17619780582547767
segment,log,105,325,0.007755724505681492,0.9627329192546584,0.011405880368664014,0.9542857142857143,0.28173201472425463
segment,log,105,326,0.008881839461433654,0.9552795031055901,0.011938568619336268,0.9457142857142857,0.639868418107417
segment,log,105,327,0.008163895717370626,0.9590062111801242,0.01157281590819558,0.9485714285714286,0.05285738205523105
segment,log,105,328,0.00776971224729508,0.9608695652173913,0.011378526343737923,0.9485714285714286,0.032904617673564535
segment,log,105,329,0.008593566037933719,0.9577639751552796,0.012215080525038419,0.9485714285714286,0.2529670208781772
segment,log,105,330,0.007700193904862007,0.9645962732919254,0.011256763616788363,0.9514285714285714,0.29168023981659935
segment,log,105,331,0.007735989614732699,0.9608695652173913,0.011285744053148283,0.9514285714285714,0.3615196738839928
segment,log,105,332,0.008188086474984908,0.9596273291925466,0.011641536199848826,0.9485714285714286,0.34401895046206454
segment,log,105,333,0.008784228804803371,0.9546583850931677,0.012426181814772149,0.9457142857142857,0.5329430893319456
segment,log,105,334,0.008056833170284185,0.9627329192546584,0.011768054981122204,0.9542857142857143,0.49347839106083247
segment,log,105,335,0.0077967404672561825,0.9639751552795031,0.011485958861031242,0.9514285714285714,0.4667292488894909
segment,log,105,336,0.007618455765335051,0.9639751552795031,0.011229975885977387,0.9542857142857143,0.28937651913645807
segment,log,105,337,0.008434897386694009,0.9590062111801242,0.012060802688443041,0.9485714285714286,0.47001562919742573
segment,log,105,338,0.007751638316542924,0.962111801242236,0.011351415833599322,0.9485714285714286,0.6702461201427119
segment,log,105,339,0.016094433284495033,0.9236024844720497,0.018926403232193353,0.9171428571428571,0.6945758176384931
segment,log,105,340,0.007973722183471388,0.9608695652173913,0.01151540193376798,0.9485714285714286,0.5974277301132729
segment,log,105,341,0.007606774214940936,0.9639751552795031,0.011309108034276188,0.9542857142857143,0.5616961790905026
segment,log,105,342,0.007616899243428791,0.9633540372670808,0.011302802831521843,0.9485714285714286,0.08674967488881995
segment,log,105,343,0.007542129603946074,0.9627329192546584,0.011273994052271693,0.9514285714285714,0.11925066896190693
segment,log,105,344,0.008344258342570573,0.9602484472049689,0.012137820612429177,0.9514285714285714,0.4352712632279438
segment,log,105,345,0.0096638649965588,0.9552795031055901,0.012692219457146742,0.9485714285714286,0.6221244678619658
segment,log,105,346,0.008580065722515505,0.9565217391304348,0.011905715257303232,0.9457142857142857,0.4420680755804252
segment,log,105,347,0.007787649772221756,0.9614906832298137,0.011561348219456579,0.9485714285714286,0.16938513675202116
segment,log,105,348,0.007480694824310657,0.9627329192546584,0.011277871933667675,0.9485714285714286,0.5637633888650746
segment,log,105,349,0.007706968714459396,0.9608695652173913,0.011410491319483546,0.9514285714285714,0.596480161773495
segment,log,105,350,0.007509152005910581,0.9627329192546584,0.011312829393446295,0.9514285714285714,0.17025481506101
segment,log,106,1,0.11703108725248179,0.2720496894409938,0.11599490875930918,0.27714285714285714,0.9710473470368618
segment,log,106,2,0.10877084533547583,0.2751552795031056,0.10778822662267212,0.2857142857142857,0.959893643211121
segment,log,106,3,0.10716058105461282,0.2813664596273292,0.10615960941436563,0.2857142857142857,0.9603208437325308
segment,log,106,4,0.09704706557093572,0.4161490683229814,0.09587750205948356,0.41714285714285715,0.9231439229438657
segment,log,106,5,0.08727988275831046,0.4925465838509317,0.08603337051660456,0.49142857142857144,0.9306771991193992
segment,log,106,6,0.08684852902370982,0.4714285714285714,0.08549807393457741,0.4685714285714286,0.9046798271963717
segment,log,106,7,0.08472591782115925,0.49875776397515525,0.08352755519295925,0.5142857142857142,0.8841594671999302
segment,log,106,8,0.0789562590916719,0.508695652173913,0.07757502031134318,0.5171428571428571,0.8565455210562325
segment,log,106,9,0.07726466285595936,0.5229813664596273,0.07600252551732047,0.5314285714285715,0.8993005652925229
segment,log,106,10,0.08931882270209188,0.47577639751552797,0.08894227326358585,0.46285714285714286,0.8024477400244625
segment,log,106,11,0.07556974943647869,0.5236024844720497,0.07435293008119113,0.5342857142857143,0.8894001338959658
segment,log,106,12,0.08543939759032393,0.632919254658385,0.0856532199166859,0.6314285714285715,0.874787289165718
segment,log,106,13,0.06705540633182673,0.6440993788819875,0.06686478293581746,0.64,0.8586626413224614
segment,log,106,14,0.08065568004011858,0.6304347826086957,0.08182256597203647,0.6171428571428571,0.8796600389688228
segment,log,106,15,0.06570670122614482,0.6335403726708074,0.06637537093047374,0.6342857142857142,0.8749365148728855
segment,log,106,16,0.06422376131228269,0.6440993788819875,0.06491260561769259,0.64,0.9116315099549857
segment,log,106,17,0.06531857095824486,0.6354037267080745,0.06570316097340259,0.6371428571428571,0.8653138955317828
segment,log,106,18,0.06044374120185438,0.6453416149068323,0.061818402633418285,0.6342857142857142,0.7001600151165377
segment,log,106,19,0.0603412971711246,0.6428571428571429,0.06163993771725419,0.6285714285714286,0.9128369043830409
segment,log,106,20,0.04140716461806369,0.7919254658385093,0.04296612274887817,0.78,0.7789703997952361
segment,log,106,21,0.03908561270628016,0.7919254658385093,0.04046511228592719,0.78,0.8270046233775821
segment,log,106,22,0.038409893746005216,0.7919254658385093,0.039792501649013774,0.7828571428571428,0.7168180004649022
segment,log,106,23,0.037842031018715666,0.7944099378881988,0.03939255079706141,0.7857142857142857,0.5004618894765536
segment,log,106,24,0.037495372753308664,0.7950310559006211,0.03884151500258048,0.7857142857142857,0.6383420424472176
segment,log,106,25,0.03934744328851642,0.7863354037267081,0.04019446549224537,0.7771428571428571,0.8505056023860714
segment,log,106,26,0.03857950200769625,0.7850931677018633,0.03928567264242858,0.7771428571428571,0.7326316890717256
segment,log,106,27,0.03734318400995906,0.7937888198757764,0.03926226853939224,0.7885714285714286,0.49887708752787857
segment,log,106,28,0.038560282406553396,0.7881987577639752,0.040583179417809256,0.7885714285714286,0.6945138444510942
segment,log,106,29,0.0365042740639173,0.7968944099378882,0.038220807150467,0.7914285714285715,0.6204791641871306
segment,log,106,30,0.03604273859674619,0.7981366459627329,0.03773935866395263,0.7942857142857143,0.7882087372803415
segment,log,106,31,0.036031573133899784,0.7944099378881988,0.03802809642317922,0.7857142857142857,0.46240699786606004
segment,log,106,32,0.03658298442753202,0.7906832298136646,0.03827448132489087,0.7857142857142857,0.6702420490492029
segment,log,106,33,0.03547962448759517,0.7925465838509317,0.036994667637673555,0.7857142857142857,0.7832893249914582
segment,log,106,34,0.03592013428911093,0.7925465838509317,0.03751066750164193,0.7857142857142857,0.7729549967353184
segment,log,106,35,0.035132469866906095,0.7987577639751553,0.03664210136283932,0.7942857142857143,0.6172513578874996
segment,log,106,36,0.035376564401453856,0.7981366459627329,0.037181416446826036,0.8,0.6527215883097458
segment,log,106,37,0.040625129392481994,0.7763975155279503,0.043348563812642495,0.78,0.8000628321862451
segment,log,106,38,0.036478276151945675,0.801863354037267,0.03856682620112276,0.7914285714285715,0.7370244021906867
segment,log,106,39,0.034692810047106115,0.7975155279503106,0.03676745051032692,0.7914285714285715,0.5942356387442933
segment,log,106,40,0.034612494190495335,0.7937888198757764,0.03629859474926345,0.7857142857142857,0.8023118070885977
segment,log,106,41,0.04194539642500329,0.768944099378882,0.044662859592849394,0.7571428571428571,0.6613176305681044
segment,log,106,42,0.03416405872641853,0.7975155279503106,0.0361025674030106,0.7914285714285715,0.7589204121246464
segment,log,106,43,0.03604425270603859,0.7975155279503106,0.038030674532644936,0.7885714285714286,0.7830029014706483
segment,log,106,44,0.03392386634070276,0.8037267080745342,0.03576880796253781,0.7942857142857143,0.7076090870484383
segment,log,106,45,0.03454872668749757,0.8037267080745342,0.03664793369974684,0.7971428571428572,0.6864250957605296
segment,log,106,46,0.0337160036338874,0.8043478260869565,0.03557181518846396,0.7942857142857143,0.6000372941058627
segment,log,106,47,0.03406605999312171,0.7944099378881988,0.035749114586162645,0.7885714285714286,0.8048192182326083
segment,log,106,48,0.03360595862137717,0.8037267080745342,0.03553432113405037,0.7914285714285715,0.706244648437117
segment,log,106,49,0.033550700271141494,0.8037267080745342,0.035805023597525305,0.7942857142857143,0.8096910600547439
segment,log,106,50,0.036229733602552695,0.7857142857142857,0.038779221274079276,0.78,0.6546237076096787
segment,log,106,51,0.034802010332940926,0.7931677018633541,0.036621733819682825,0.7828571428571428,0.7843012664439228
segment,log,106,52,0.03307750328932594,0.801863354037267,0.035364467109475266,0.7914285714285715,0.17119202809638406
segment,log,106,53,0.03319559459614257,0.7981366459627329,0.03517492834198388,0.7885714285714286,0.7962005886922646
segment,log,106,54,0.03317709286783545,0.7968944099378882,0.035083394300562766,0.7857142857142857,0.7031544829710102
segment,log,106,55,0.03475322799650664,0.7931677018633541,0.037114912362331644,0.7857142857142857,0.735244139627634
segment,log,106,56,0.03536516618518242,0.7869565217391304,0.03772470781981908,0.78,0.7737745010799627
segment,log,106,57,0.03519168342837281,0.7913043478260869,0.03679663625176956,0.7828571428571428,0.7750417462330859
segment,log,106,58,0.03388999423904696,0.7937888198757764,0.03573674991742803,0.7857142857142857,0.6389956998618803
segment,log,106,59,0.03343791646728805,0.8049689440993789,0.03597246304086224,0.7942857142857143,0.6070102127465079
segment,log,106,60,0.032626772252533895,0.7987577639751553,0.03477877740239224,0.7914285714285715,0.7300510286724494
segment,log,106,61,0.03594608680228556,0.7819875776397516,0.038370383374884874,0.7714285714285715,0.7438031120220322
segment,log,106,62,0.03236284783115132,0.8,0.03434521683012247,0.7914285714285715,0.752010657028982
segment,log,106,63,0.022062222519785114,0.9403726708074535,0.024800443643346597,0.9285714285714286,0.647161701958287
segment,log,106,64,0.015792695460517262,0.9440993788819876,0.018439874583514378,0.9342857142857143,0.48147290210192983
segment,log,106,65,0.01503670798205906,0.9484472049689441,0.017672690832022036,0.94,0.49552116464374113
segment,log,106,66,0.0150794488399224,0.937888198757764,0.016947843875987575,0.9314285714285714,0.5440722815508084
segment,log,106,67,0.014679465015839874,0.9366459627329192,0.016521516671714843,0.9285714285714286,0.5464741738011896
segment,log,106,68,0.01359306112748913,0.9472049689440993,0.01588727837120563,0.9314285714285714,0.6933524801885244
segment,log,106,69,0.013476021817363433,0.9434782608695652,0.015493488642713826,0.9314285714285714,0.24059227878720726
segment,log,106,70,0.013466345021108555,0.9416149068322981,0.015278566961111333,0.9314285714285714,0.4089415913417285
segment,log,106,71,0.012857981876849944,0.9484472049689441,0.015127253044947938,0.9314285714285714,0.3081626183565417
segment,log,106,72,0.012579489740552797,0.9490683229813665,0.014771006617270255,0.9342857142857143,0.37839184436913254
segment,log,106,73,0.012493870006491499,0.9509316770186336,0.014946427037235331,0.9371428571428572,0.4494207961023335
segment,log,106,74,0.012313216647930404,0.9496894409937888,0.014591086319657602,0.9371428571428572,0.27752755352332564
segment,log,106,75,0.012215985986804033,0.9509316770186336,0.014756885401403377,0.9371428571428572,0.09944145732149012
segment,log,106,76,0.012116334079394936,0.9490683229813665,0.014453851542431138,0.9342857142857143,0.26714062995482224
segment,log,106,77,0.012217043176023425,0.9472049689440993,0.014499071739908116,0.9285714285714286,0.2732542021719722
segment,log,106,78,0.012196935462094764,0.9490683229813665,0.014817487517727749,0.9371428571428572,0.5399983740828823
segment,log,106,79,0.014106555280004015,0.9360248447204969,0.016754483129758087,0.9285714285714286,0.5501248240224269
segment,log,106,80,0.012024760314923232,0.9521739130434783,0.014722877666211803,0.94,0.5336268539598975
segment,log,106,81,0.012185661095757918,0.9453416149068323,0.01432601070965633,0.9342857142857143,0.5946505968971086
segment,log,106,82,0.011678993231377433,0.9496894409937888,0.014166744589760579,0.9371428571428572,0.49464742027991454
segment,log,106,83,0.012634249403236044,0.9416149068322981,0.014591284566013543,0.9371428571428572,0.5568247866759759
segment,log,106,84,0.01170443977281741,0.9503105590062112,0.014418848715524277,0.94,0.2913147035493717
segment,log,106,85,0.01140519421244692,0.9509316770186336,0.014112151246057528,0.94,0.2964276325235066
segment,log,106,86,0.012453806664350336,0.9434782608695652,0.015366447937213642,0.9314285714285714,0.5057657268138274
segment,log,106,87,0.013206575380209,0.9472049689440993,0.016893406851734606,0.9314285714285714,0.6985411116818493
segment,log,106,88,0.011921332990234412,0.9490683229813665,0.014901446238260736,0.9428571428571428,0.6709413337046214
segment,log,106,89,0.011710267570983549,0.9503105590062112,0.014115734286849724,0.9285714285714286,0.5865009611257482
segment,log,106,90,0.011552948901016557,0.9484472049689441,0.014144968591911809,0.9371428571428572,0.49302954050507164
segment,log,106,91,0.011225069702971555,0.9503105590062112,0.013933784102276432,0.9428571428571428,0.49191343431642354
segment,log,106,92,0.011957025248407712,0.9478260869565217,0.014227763579982929,0.9371428571428572,0.5558411597791613
segment,log,106,93,0.011035472285363588,0.9496894409937888,0.013537315056775589,0.94,0.3106425498893313
segment,log,106,94,0.011548295315635398,0.9484472049689441,0.014087873649015863,0.9371428571428572,0.348859537768106
segment,log,106,95,0.011137375787833328,0.9490683229813665,0.013606311094017859,0.9371428571428572,0.23556696228904975
segment,log,106,96,0.012496673133576124,0.9440993788819876,0.015420544069512957,0.9342857142857143,0.5599425954052529
segment,log,106,97,0.01164319948510713,0.9465838509316771,0.014440400970447426,0.9371428571428572,0.5458660389181696
segment,log,106,98,0.011178658706033117,0.9496894409937888,0.014020229764122373,0.94,0.6293409894705865
segment,log,106,99,0.010775207591911267,0.9521739130434783,0.013503039771233953,0.9428571428571428,0.593303763995385
segment,log,106,100,0.011606598752059752,0.9490683229813665,0.014351223752217228,0.9342857142857143,0.7255437574986449
segment,log,106,101,0.011008252016229491,0.9521739130434783,0.013923108940683236,0.9457142857142857,0.6344040490176638
segment,log,106,102,0.015773539264691692,0.929192546583851,0.01729906596925468,0.9285714285714286,0.7650526576203249
segment,log,106,103,0.010632250638848428,0.9515527950310559,0.013678074045029196,0.9428571428571428,0.37395192101783015
segment,log,106,104,0.010854095151120735,0.9515527950310559,0.013467093427800638,0.9371428571428572,0.6622883924076579
segment,log,106,105,0.010673528175299646,0.9521739130434783,0.013488037990282168,0.94,0.5707535024465796
segment,log,106,106,0.010622378333049916,0.9546583850931677,0.013674569862706635,0.9428571428571428,0.45813758844427555
segment,log,106,107,0.010677129381969703,0.9521739130434783,0.013657565784023851,0.9428571428571428,0.4970893706917942
segment,log,106,108,0.010473679213141948,0.9521739130434783,0.013407471956283324,0.9428571428571428,0.3299648692992481
segment,log,106,109,0.011917405143985416,0.9428571428571428,0.015018916932122721,0.9314285714285714,0.488078199063268
segment,log,106,110,0.010441037916002201,0.9527950310559006,0.01341491549298084,0.9428571428571428,0.34481731624123646
segment,log,106,111,0.010948266454975514,0.9521739130434783,0.013726062237295103,0.9342857142857143,0.4459852993610902
segment,log,106,112,0.011082743379036513,0.9490683229813665,0.014205380726935685,0.94,0.48940394867649395
segment,log,106,113,0.011111500000348344,0.9490683229813665,0.013704623347956456,0.9342857142857143,0.6735902476365984
segment,log,106,114,0.010353150223703214,0.9509316770186336,0.013280819341100607,0.94,0.324059651764035
segment,log,106,115,0.01189091401405682,0.9403726708074535,0.014943518495014062,0.9371428571428572,0.6481020395228847
segment,log,106,116,0.010283595009250355,0.9540372670807453,0.013007567694834339,0.94,0.657511066023811
segment,log,106,117,0.010211705696605337,0.953416149068323,0.013195737843840333,0.9428571428571428,0.5756833209662897
segment,log,106,118,0.010164357892224689,0.9552795031055901,0.013055180746500505,0.94,0.16334734564622733
segment,log,106,119,0.010305320327055329,0.9527950310559006,0.013234180644908914,0.9428571428571428,0.6117834001717392
segment,log,106,120,0.010168262394321349,0.9546583850931677,0.012957927906869145,0.94,0.3067603451440754
segment,log,106,121,0.010100561564626446,0.9540372670807453,0.012977690771233973,0.94,0.24127529741702144
segment,log,106,122,0.010344770713837763,0.9546583850931677,0.013388759283703842,0.9428571428571428,0.5700191180735449
segment,log,106,123,0.011014032428056186,0.9496894409937888,0.01361769666697858,0.9314285714285714,0.6513749194814509
segment,log,106,124,0.010083470202622487,0.9559006211180124,0.012933344833071837,0.94,0.41234569645847596
segment,log,106,125,0.00998313833910207,0.9559006211180124,0.012927130044002016,0.9428571428571428,0.36960863292641866
segment,log,106,126,0.009998732894475134,0.9571428571428572,0.013009645132586695,0.9428571428571428,0.09525103695753494
segment,log,106,127,0.010170408588239007,0.9559006211180124,0.013251365598050166,0.94,0.4369471052368477
segment,log,106,128,0.009912509112631673,0.9565217391304348,0.012939388301285321,0.9371428571428572,0.5644380468796396
segment,log,106,129,0.009955811424908825,0.9552795031055901,0.01304951779254384,0.9428571428571428,0.5871923056628069
segment,log,106,130,0.010182806452493857,0.9571428571428572,0.013240676605927931,0.94,0.5431257868354717
segment,log,106,131,0.012010600260638217,0.9416149068322981,0.015235580967742022,0.9314285714285714,0.6212828648565101
segment,log,106,132,0.009818516609050894,0.9571428571428572,0.012889809785178676,0.9371428571428572,0.1156812668707848
segment,log,106,133,0.009794851590916209,0.9559006211180124,0.012892076531702708,0.94,0.19012298773363098
segment,log,106,134,0.011735063672447772,0.9434782608695652,0.014984237899854192,0.9314285714285714,0.5965414357820356
segment,log,106,135,0.00979502407625875,0.9571428571428572,0.012945785354142324,0.9371428571428572,0.3664580343855456
segment,log,106,136,0.00968726597221132,0.9583850931677018,0.012837714303973537,0.9371428571428572,0.576003278761827
segment,log,106,137,0.009845287255003306,0.9583850931677018,0.013137544433225167,0.9428571428571428,0.4149220118579136
segment,log,106,138,0.009811129849008539,0.9583850931677018,0.012998836697617703,0.9428571428571428,0.3869483668713257
segment,log,106,139,0.0104833216407646,0.9527950310559006,0.013747910123536617,0.9371428571428572,0.510650593675179
segment,log,106,140,0.011338075082497498,0.9490683229813665,0.014092846404131835,0.9285714285714286,0.6529320741435993
segment,log,106,141,0.011378950780096883,0.9459627329192547,0.01372730765095671,0.9314285714285714,0.6598420700081696
segment,log,106,142,0.009581457599129537,0.9577639751552796,0.012861567368373931,0.9342857142857143,0.35304646675030665
segment,log,106,143,0.00956416033270227,0.9577639751552796,0.012817372874929919,0.9342857142857143,0.3719501746518943
segment,log,106,144,0.009474603714891807,0.9596273291925466,0.012789971367216787,0.9371428571428572,0.23153764390643916
segment,log,106,145,0.009649217351679394,0.9577639751552796,0.012780374593589217,0.9342857142857143,0.22039792983347697
segment,log,106,146,0.009692291627979183,0.9552795031055901,0.013220551872584176,0.9342857142857143,0.13498814474993148
segment,log,106,147,0.009521667406795765,0.9565217391304348,0.01283503685170298,0.9342857142857143,0.4392276401728342
segment,log,106,148,0.009791163792152073,0.9546583850931677,0.013423858875441716,0.9314285714285714,0.513320455218257
segment,log,106,149,0.00957543037028045,0.9571428571428572,0.012874125207702139,0.9342857142857143,0.4762179852545102
segment,log,106,150,0.009480676723254531,0.9559006211180124,0.012998567513293532,0.9314285714285714,0.3368433842355695
segment,log,106,151,0.009359790373204621,0.9571428571428572,0.012548780463318908,0.9342857142857143,0.4489167272217785
segment,log,106,152,0.010594529321561578,0.9521739130434783,0.014419526367679075,0.9257142857142857,0.5935833871991669
segment,log,106,153,0.009307188782323552,0.9583850931677018,0.012643632417724107,0.9342857142857143,0.3885599570712463
segment,log,106,154,0.03010531527188408,0.9229813664596274,0.030152324358705115,0.9171428571428571,0.511263777340198
segment,log,106,155,0.009811376653126466,0.9559006211180124,0.013499469908032252,0.9342857142857143,0.6222405124030921
segment,log,106,156,0.009468835597929905,0.9571428571428572,0.012905969518951725,0.9314285714285714,0.3814899326629356
segment,log,106,157,0.009310655362833641,0.9583850931677018,0.012977283930648818,0.9314285714285714,0.5891100818128936
segment,log,106,158,0.011366619123083819,0.953416149068323,0.01431253832989218,0.9285714285714286,0.6816615349332071
segment,log,106,159,0.009224302082250323,0.9583850931677018,0.012587453291914427,0.9314285714285714,0.2814221814410167
segment,log,106,160,0.009805655207120534,0.9571428571428572,0.013685585305330912,0.9314285714285714,0.3996529880889168
segment,log,106,161,0.009046850196927612,0.9571428571428572,0.012649739969966422,0.9314285714285714,0.42227955454753013
segment,log,106,162,0.009188015573990859,0.9571428571428572,0.012657227794264982,0.9314285714285714,0.1614835999708857
segment,log,106,163,0.008937709817425353,0.9583850931677018,0.012595890828513229,0.9342857142857143,0.045101456675042714
segment,log,106,164,0.010250701423283467,0.9559006211180124,0.013618581440243862,0.94,0.5879838488738416
segment,log,106,165,0.010597867526644104,0.9527950310559006,0.013356868311397499,0.9371428571428572,0.6107362999410729
segment,log,106,166,0.009228853679075038,0.9596273291925466,0.012919010227943993,0.9342857142857143,0.3132078756667847
segment,log,106,167,0.009525956680469697,0.9577639751552796,0.01277017107776441,0.9371428571428572,0.05858545961148717
segment,log,106,168,0.009069097462502078,0.9590062111801242,0.01270016311799564,0.9342857142857143,0.3805614429035967
segment,log,106,169,0.009019196798805957,0.9602484472049689,0.01259666489813298,0.9342857142857143,0.31974887313172945
segment,log,106,170,0.00913152877333536,0.9577639751552796,0.012859342332799178,0.9342857142857143,0.22390884258500976
segment,log,106,171,0.008934719985391571,0.9614906832298137,0.012671622801562116,0.9342857142857143,0.23454114170424148
segment,log,106,172,0.008920160290264607,0.962111801242236,0.01259864087121489,0.9342857142857143,0.3650995666892904
segment,log,106,173,0.00881329137582233,0.9608695652173913,0.012455557466823607,0.9342857142857143,0.023324498272002663
segment,log,106,174,0.008785109189192012,0.962111801242236,0.01249307554901062,0.9371428571428572,0.48196980052382815
segment,log,106,175,0.009638515012222222,0.9583850931677018,0.013367534720991904,0.9342857142857143,0.4932505086656218
segment,log,106,176,0.008760245192272718,0.9614906832298137,0.012534027263372785,0.9371428571428572,0.11381026250455104
segment,log,106,177,0.00901949864914481,0.9602484472049689,0.012491085963689794,0.9342857142857143,0.18481353369264808
segment,log,106,178,0.008878632714375447,0.9608695652173913,0.012341134775502093,0.9342857142857143,0.5944018687393882
segment,log,106,179,0.009137926341495272,0.9596273291925466,0.012971452188080502,0.9342857142857143,0.5829130931268621
segment,log,106,180,0.009000858543247267,0.9583850931677018,0.012699749050040452,0.9342857142857143,0.3726710455503189
segment,log,106,181,0.008744219849542018,0.9614906832298137,0.012366611861399862,0.9371428571428572,0.2866449173149289
segment,log,106,182,0.008632608535881622,0.962111801242236,0.012266995417864584,0.9371428571428572,0.27843141359114065
segment,log,106,183,0.009696297005199389,0.9559006211180124,0.013431707340740647,0.9314285714285714,0.5885671682309236
segment,log,106,184,0.008560592386626662,0.9639751552795031,0.012314205910327568,0.9371428571428572,0.28902363283977395
segment,log,106,185,0.008773985220461411,0.962111801242236,0.012307979503697225,0.9371428571428572,0.21931459222611593
segment,log,106,186,0.009124458696080775,0.9608695652173913,0.012464086457070644,0.94,0.6748100657436752
segment,log,106,187,0.008608038923327078,0.9627329192546584,0.012017211842564527,0.94,0.6715617779567776
segment,log,106,188,0.012352054647738853,0.9372670807453416,0.015715256149505894,0.9228571428571428,0.6323215128785743
segment,log,106,189,0.008622919648904393,0.962111801242236,0.0124125013540383,0.94,0.29144183412301566
segment,log,106,190,0.008815636689672909,0.9633540372670808,0.012576675669225724,0.9371428571428572,0.3782593575373542
segment,log,106,191,0.008595576241615305,0.9627329192546584,0.01239357264775055,0.94,0.5769768109166463
segment,log,106,192,0.00855508692593201,0.9627329192546584,0.01214450643283402,0.94,0.4202871277735927
segment,log,106,193,0.008356520314555955,0.962111801242236,0.012048782921330593,0.9371428571428572,0.17675291331545326
segment,log,106,194,0.008806883059373095,0.9608695652173913,0.012209955279817527,0.9457142857142857,0.4577080209296523
segment,log,106,195,0.00873221531603024,0.9627329192546584,0.012233573309994852,0.9457142857142857,0.5964195493065173
segment,log,106,196,0.008415146093444877,0.9633540372670808,0.011968825458850899,0.94,0.38518949940070935
segment,log,106,197,0.008301176610981177,0.9658385093167702,0.012249620882943053,0.9428571428571428,0.37228807827997196
segment,log,106,198,0.008239026731871081,0.9639751552795031,0.012028055470915842,0.9428571428571428,0.331935616922243
segment,log,106,199,0.009509581227384985,0.9559006211180124,0.01252637478777524,0.9428571428571428,0.5981798943340751
segment,log,106,200,0.008272453828055215,0.9633540372670808,0.011884099295099983,0.9457142857142857,0.5172410334835444
segment,log,106,201,0.008346383213922346,0.962111801242236,0.012037392455587962,0.9428571428571428,0.2758427247241242
segment,log,106,202,0.00827342968019298,0.9633540372670808,0.01180008252598814,0.9428571428571428,0.31628159850665755
segment,log,106,203,0.008223502501577351,0.9645962732919254,0.01202684879300578,0.9428571428571428,0.05636048741951676
segment,log,106,204,0.008234862052326944,0.9639751552795031,0.01177365540065577,0.94,0.26704518839435093
segment,log,106,205,0.008094652780860523,0.9639751552795031,0.01185308228520247,0.9457142857142857,0.08879740960219386
segment,log,106,206,0.008366751187540227,0.9652173913043478,0.012065970428709388,0.9457142857142857,0.6172767621259273
segment,log,106,207,0.008117989544773248,0.9627329192546584,0.011767280383564463,0.9428571428571428,0.23801708160581045
segment,log,106,208,0.008291915257443402,0.9652173913043478,0.011947139454635878,0.9485714285714286,0.5783237903484079
segment,log,106,209,0.008010521425366506,0.9652173913043478,0.011842547933289269,0.9428571428571428,0.16757081246963437
segment,log,106,210,0.008336792645296978,0.962111801242236,0.01222908485450474,0.94,0.41849413054502105
segment,log,106,211,0.008063394977544667,0.9627329192546584,0.011887411181351828,0.9428571428571428,0.32489294743467567
segment,log,106,212,0.007996975525972788,0.9627329192546584,0.011662311908075545,0.94,0.024247105449742717
segment,log,106,213,0.00991456722772617,0.9496894409937888,0.013439844825366937,0.94,0.6842099250960004
segment,log,106,214,0.007944007504210647,0.9633540372670808,0.011547505967274926,0.9457142857142857,0.3602875727280302
segment,log,106,215,0.008581836537936482,0.9602484472049689,0.012177747227545109,0.9342857142857143,0.6061449907509063
segment,log,106,216,0.007962360868707505,0.9639751552795031,0.011653084693081368,0.94,0.09265870158458733
segment,log,106,217,0.010764169251347145,0.953416149068323,0.013642490814442326,0.94,0.6114912721943391
segment,log,106,218,0.00790131384430689,0.9670807453416149,0.01167041345798548,0.9457142857142857,0.13326548076825898
segment,log,106,219,0.007894206308567731,0.9658385093167702,0.011425921490236182,0.9457142857142857,0.348351910487123
segment,log,106,220,0.007855961411267294,0.9633540372670808,0.0113463853222332,0.9485714285714286,0.35660812023266353
segment,log,106,221,0.007831098933301807,0.9658385093167702,0.011454334123336397,0.9457142857142857,0.15602268389004154
segment,log,106,222,0.008311568037508769,0.9627329192546584,0.011410082098041535,0.9485714285714286,0.5221805943389031
segment,log,106,223,0.0077692126552274966,0.9670807453416149,0.011384339219866424,0.9485714285714286,0.14232351561645712
segment,log,106,224,0.00776824166589103,0.9664596273291925,0.011307128099578435,0.9485714285714286,0.06794744478715005
segment,log,106,225,0.007841606720520714,0.9652173913043478,0.011557302861903183,0.9457142857142857,0.1881227563385113
segment,log,106,226,0.007890310381967271,0.9652173913043478,0.011555534646501912,0.9457142857142857,0.36778597063725027
segment,log,106,227,0.007858040302613672,0.9627329192546584,0.011561134776848631,0.9457142857142857,0.10600626085137813
segment,log,106,228,0.007978896218379918,0.9645962732919254,0.011387724499386442,0.9485714285714286,0.05134005821308935
segment,log,106,229,0.007714921261188768,0.9652173913043478,0.011232725379240117,0.9485714285714286,0.13937476539706037
segment,log,106,230,0.008088674948712654,0.9639751552795031,0.011419088780374877,0.9514285714285714,0.4304275383608102
segment,log,106,231,0.00769443947185829,0.9652173913043478,0.011359505495975652,0.9485714285714286,0.11776854734229796
segment,log,106,232,0.007922288475068066,0.9639751552795031,0.011119765502042748,0.9542857142857143,0.5567735557455541
segment,log,106,233,0.0078671996247187,0.968944099378882,0.01138729858505893,0.9514285714285714,0.5401035806787622
segment,log,106,234,0.007772515783752643,0.9670807453416149,0.011138401200124581,0.9485714285714286,0.3210134456937121
segment,log,106,235,0.007580462473744454,0.9670807453416149,0.011108454409560504,0.9485714285714286,0.05049906473257347
segment,log,106,236,0.007699885280171128,0.9670807453416149,0.011146053061164774,0.9542857142857143,0.46949895213734494
segment,log,106,237,0.008035602280401689,0.9670807453416149,0.011271286721740933,0.9514285714285714,0.43848016923255234
segment,log,106,238,0.007595802744074029,0.9670807453416149,0.011191858327447495,0.9514285714285714,0.07666008968393265
segment,log,106,239,0.007598673216109207,0.9652173913043478,0.010990822985160732,0.9485714285714286,0.41986508426396946
segment,log,106,240,0.008580806183704165,0.9633540372670808,0.011650384119963718,0.9428571428571428,0.5970714918384834
segment,log,106,241,0.007714987243118587,0.9670807453416149,0.011035074421875677,0.9514285714285714,0.22619294502201662
segment,log,106,242,0.007608594282244712,0.9670807453416149,0.010944343817782837,0.9514285714285714,0.4301922302683826
segment,log,106,243,0.007468567537028521,0.9664596273291925,0.010906653648475236,0.9485714285714286,0.32056603552467655
segment,log,106,244,0.00766863518404967,0.9652173913043478,0.011084268354577535,0.9457142857142857,0.6360063950707687
segment,log,106,245,0.0074040129678518045,0.9683229813664597,0.010937551713020289,0.9485714285714286,0.2935697280389351
segment,log,106,246,0.007888912134753408,0.9658385093167702,0.01113241702941859,0.9485714285714286,0.3324852880550684
segment,log,106,247,0.0073949290431422855,0.9701863354037267,0.011010456540282666,0.9485714285714286,0.3183001083944777
segment,log,106,248,0.007751137210442525,0.9664596273291925,0.010981140010760894,0.9485714285714286,0.32588930542776734
segment,log,106,249,0.007388034177640505,0.9695652173913043,0.010867726674600441,0.9485714285714286,0.5119684376765851
segment,log,106,250,0.008059520482291879,0.9639751552795031,0.010938693964645156,0.9485714285714286,0.4273589354750404
segment,log,106,251,0.009679331760936886,0.9571428571428572,0.012509903029834889,0.9457142857142857,0.26118501490652657
segment,log,106,252,0.007616435427628212,0.9683229813664597,0.010886905717822581,0.9542857142857143,0.10193737443431644
segment,log,106,253,0.0075851576525912245,0.9670807453416149,0.010863175004818502,0.9514285714285714,0.22755930472966343
segment,log,106,254,0.007517302614063005,0.9670807453416149,0.010839949083012345,0.9571428571428572,0.31251824643165643
segment,log,106,255,0.007559508623732148,0.9683229813664597,0.010779014231934687,0.9485714285714286,0.16528359548325047
segment,log,106,256,0.007365351742400163,0.9683229813664597,0.010640208088233401,0.9542857142857143,0.5895407521705955
segment,log,106,257,0.007653365102887999,0.968944099378882,0.010763126231833564,0.9514285714285714,0.6432855457652312
segment,log,106,258,0.008039513872589983,0.968944099378882,0.010898772539670793,0.9514285714285714,0.623050547547041
segment,log,106,259,0.007720871858734487,0.9695652173913043,0.010714532750304715,0.9485714285714286,0.6276161276202138
segment,log,106,260,0.007254196264189681,0.968944099378882,0.010396723462510716,0.9542857142857143,0.07722925662375726
segment,log,106,261,0.0086427540171466,0.9614906832298137,0.011491105314043768,0.9457142857142857,0.5077242235698665
segment,log,106,262,0.007471925427859085,0.9683229813664597,0.010690041423442594,0.9542857142857143,0.4076420732459972
segment,log,106,263,0.0072006478709330714,0.9683229813664597,0.01039207897475624,0.9514285714285714,0.279200985318215
segment,log,106,264,0.007230962049000484,0.968944099378882,0.01040726946769572,0.9485714285714286,0.11649517038448066
segment,log,106,265,0.007163777844946993,0.9701863354037267,0.010409103744434605,0.9514285714285714,0.14848240658093875
segment,log,106,266,0.007241806555118996,0.9683229813664597,0.01038550933774641,0.9485714285714286,0.17044857386649445
segment,log,106,267,0.00719886949171,0.9695652173913043,0.01029341643000171,0.9514285714285714,0.4284643190860118
segment,log,106,268,0.018576520575859318,0.9167701863354037,0.0204311256164632,0.9085714285714286,0.6661987539366281
segment,log,106,269,0.009521299396004929,0.9590062111801242,0.011759532864048775,0.9428571428571428,0.6035230601534093
segment,log,106,270,0.007067687026232106,0.9714285714285714,0.010262939201717544,0.9542857142857143,0.25270325562265883
segment,log,106,271,0.007044782507011071,0.970807453416149,0.010198035518704747,0.9514285714285714,0.2611747187553243
segment,log,106,272,0.007664482914901853,0.9664596273291925,0.010596689047442874,0.9514285714285714,0.432055591058811
segment,log,106,273,0.007629364025725517,0.9701863354037267,0.010563839991327012,0.9542857142857143,0.6908339871411314
segment,log,106,274,0.007466738667286494,0.968944099378882,0.010800297911688237,0.9485714285714286,0.6519902451742363
segment,log,106,275,0.007079627398901658,0.9683229813664597,0.010383497451999419,0.9514285714285714,0.3607677063693157
segment,log,106,276,0.007110458055997593,0.968944099378882,0.010446618269122432,0.9514285714285714,0.6429919460342642
segment,log,106,277,0.010533433991284605,0.94472049689441,0.013262684982113472,0.9428571428571428,0.5092312474133481
segment,log,106,278,0.008168338035129808,0.9608695652173913,0.01127331165110529,0.9428571428571428,0.5474404788372512
segment,log,106,279,0.007018663866050919,0.9695652173913043,0.010245468661819452,0.9514285714285714,0.32894753472625765
segment,log,106,280,0.00718414563619911,0.9701863354037267,0.010325800614633332,0.9485714285714286,0.6089105363729242
segment,log,106,281,0.006917271214259863,0.970807453416149,0.010082152626981995,0.9514285714285714,0.023494571075573355
segment,log,106,282,0.006914911228740172,0.970807453416149,0.010069392653334425,0.9514285714285714,0.3568814098699504
segment,log,106,283,0.007924473888379056,0.9658385093167702,0.010705224521919087,0.9485714285714286,0.518691373499274
segment,log,106,284,0.00697224616899907,0.968944099378882,0.010161360372182272,0.9514285714285714,0.1881129817763501
segment,log,106,285,0.006857450927036985,0.9714285714285714,0.010036548253943896,0.9514285714285714,0.3346293328719545
segment,log,106,286,0.0069171936406516865,0.9695652173913043,0.010041150758252232,0.9485714285714286,0.234495483974401
segment,log,106,287,0.007020704211324963,0.9695652173913043,0.010115301279376028,0.9514285714285714,0.4628198731562261
segment,log,106,288,0.007668161343068534,0.9658385093167702,0.010818869402689406,0.9514285714285714,0.5440398704381787
segment,log,106,289,0.0068440195997961474,0.9720496894409938,0.009934614249448253,0.9542857142857143,0.3551190635680739
segment,log,106,290,0.007174962123342968,0.9695652173913043,0.010301852658281745,0.9514285714285714,0.04916370955693596
segment,log,106,291,0.006815142409912087,0.9714285714285714,0.009870986551031035,0.9542857142857143,0.3343052671360766
segment,log,106,292,0.00685925775934288,0.9695652173913043,0.00990284990188904,0.9514285714285714,0.5805378807278171
segment,log,106,293,0.006771186527681966,0.9720496894409938,0.009893822338025311,0.9542857142857143,0.1755143675859424
segment,log,106,294,0.008005628293727099,0.962111801242236,0.010653696866087118,0.9457142857142857,0.6210921137855435
segment,log,106,295,0.007366072154672565,0.9652173913043478,0.010300578745787447,0.9457142857142857,0.5763727532086421
segment,log,106,296,0.006757163592177246,0.9714285714285714,0.00990751311870605,0.9542857142857143,0.16600023704562705
segment,log,106,297,0.006921348178687261,0.9701863354037267,0.009937039819344335,0.9542857142857143,0.2874320589968377
segment,log,106,298,0.006817362100226045,0.9714285714285714,0.009934408256866641,0.9542857142857143,0.23873010676997813
segment,log,106,299,0.00817850013631468,0.9639751552795031,0.011200842575861519,0.9514285714285714,0.5997112549299821
segment,log,106,300,0.006689812063330099,0.970807453416149,0.009828554932580098,0.9542857142857143,0.33216319159445845
segment,log,106,301,0.006662428814398716,0.9714285714285714,0.009759652382693327,0.9542857142857143,0.31926175480847374
segment,log,106,302,0.006685081935502284,0.9714285714285714,0.009794276336267465,0.9514285714285714,0.26420277018501087
segment,log,106,303,0.006666426139290515,0.9714285714285714,0.009810913919387229,0.9514285714285714,0.1535682718944954
segment,log,106,304,0.00663978328596785,0.9726708074534162,0.009778579974726007,0.9542857142857143,0.10040929098805117
segment,log,106,305,0.006622876542905856,0.9714285714285714,0.009738511061055978,0.9514285714285714,0.17577700894003095
segment,log,106,306,0.006846512554523027,0.9701863354037267,0.009966806580552332,0.9542857142857143,0.48802581430923975
segment,log,106,307,0.00789818159454773,0.9633540372670808,0.010587610541456419,0.9457142857142857,0.5404179134132839
segment,log,106,308,0.006604390961185376,0.9720496894409938,0.009706662099924218,0.9571428571428572,0.09211613123365817
segment,log,106,309,0.0074600828389181995,0.968944099378882,0.010524794432599427,0.9514285714285714,0.4692919387283415
segment,log,106,310,0.006695147009337569,0.9726708074534162,0.009815291993643406,0.9542857142857143,0.0857664626257231
segment,log,106,311,0.006714834962642695,0.9726708074534162,0.009548650629865027,0.9542857142857143,0.504256459895922
segment,log,106,312,0.006646523488220953,0.9720496894409938,0.00961133884279199,0.9542857142857143,0.3424222389115011
segment,log,106,313,0.006561778629230913,0.9720496894409938,0.009819343086997358,0.9571428571428572,0.574002886069399
segment,log,106,314,0.006547205532521634,0.9714285714285714,0.009782753330301635,0.9542857142857143,0.2581675929503609
segment,log,106,315,0.006570863040193009,0.9714285714285714,0.009696942160251833,0.9514285714285714,0.4174096880569881
segment,log,106,316,0.006492763230879521,0.9732919254658385,0.009531150440376274,0.9514285714285714,0.42528547858335763
segment,log,106,317,0.006849749837092598,0.9714285714285714,0.009865669175000862,0.9542857142857143,0.34152836162204675
segment,log,106,318,0.0064525254879176765,0.9720496894409938,0.009612002529512963,0.9514285714285714,0.18491425092619262
segment,log,106,319,0.006441620309203321,0.9726708074534162,0.009650837212983163,0.9542857142857143,0.5743272526674209
segment,log,106,320,0.006722932833303802,0.9714285714285714,0.009876117814604101,0.9514285714285714,0.4178176979997724
segment,log,106,321,0.006628108392099205,0.9714285714285714,0.009704043803606104,0.9514285714285714,0.41625775653667935
segment,log,106,322,0.006671006836533611,0.9714285714285714,0.009789817850346912,0.9542857142857143,0.010889984750031485
segment,log,106,323,0.006602169631480526,0.970807453416149,0.009818300556919216,0.9542857142857143,0.4127357059830747
segment,log,106,324,0.006374964250428782,0.9714285714285714,0.009577791290126947,0.9542857142857143,0.15355196318256534
segment,log,106,325,0.006983933057108765,0.968944099378882,0.010125492517665934,0.9514285714285714,0.39449183700623064
segment,log,106,326,0.00638545835080966,0.9714285714285714,0.009622118855553575,0.9542857142857143,0.21283205522036946
segment,log,106,327,0.006351865574874619,0.9726708074534162,0.00960481690690562,0.9542857142857143,0.23629556792669446
segment,log,106,328,0.006574734111762998,0.9726708074534162,0.009772676086887208,0.9514285714285714,0.5133728687004886
segment,log,106,329,0.006308320552913835,0.9720496894409938,0.009526226581628782,0.9514285714285714,0.561619954023392
segment,log,106,330,0.006593756941204045,0.970807453416149,0.009810669516479164,0.9542857142857143,0.4959210285868853
segment,log,106,331,0.006847676220587288,0.9720496894409938,0.010066253793491119,0.9485714285714286,0.7135731282708518
segment,log,106,332,0.006417136380003299,0.9739130434782609,0.009615966862710476,0.9514285714285714,0.3352483421732189
segment,log,106,333,0.00628476033967303,0.9720496894409938,0.009521449684488273,0.9571428571428572,0.022949039377588572
segment,log,106,334,0.006324981861668763,0.9739130434782609,0.00960392500159899,0.9542857142857143,0.4407750865253582
segment,log,106,335,0.006271707558595551,0.9745341614906833,0.009531985132491679,0.9542857142857143,0.1634221770572511
segment,log,106,336,0.006256500277835197,0.9745341614906833,0.009555153245776826,0.9542857142857143,0.306556144647457
segment,log,106,337,0.006264987949526536,0.9732919254658385,0.009582801248215948,0.9542857142857143,0.0783106234627643
segment,log,106,338,0.006255763219562789,0.9745341614906833,0.00952384079953178,0.9542857142857143,0.5694202545120447
segment,log,106,339,0.006206356485637249,0.9732919254658385,0.009503292338065463,0.9514285714285714,0.0465305195661354
segment,log,106,340,0.0061979936632279315,0.9732919254658385,0.009501142589587355,0.9542857142857143,0.047740451444627685
segment,log,106,341,0.006232888935629204,0.9745341614906833,0.009511429881957648,0.9571428571428572,0.21691126789308646
segment,log,106,342,0.00628902212342582,0.9739130434782609,0.009487711492204811,0.9542857142857143,0.2100762041701021
segment,log,106,343,0.006243846959151176,0.9732919254658385,0.009449955198108853,0.9542857142857143,0.5928789679154314
segment,log,106,344,0.007497733214419328,0.9658385093167702,0.010333805277086376,0.9485714285714286,0.4430946486502029
segment,log,106,345,0.006215520231450948,0.9751552795031055,0.00952634554377391,0.9542857142857143,0.024456496951153865
segment,log,106,346,0.006151088963698643,0.9745341614906833,0.009457460383078924,0.9542857142857143,0.22856152529144103
segment,log,106,347,0.0066243164381242,0.9695652173913043,0.009885559230377119,0.9485714285714286,0.41406892711489296
segment,log,106,348,0.00612691864058794,0.9732919254658385,0.009475174716034767,0.9542857142857143,0.18446092601889816
segment,log,106,349,0.0061469401874832946,0.9745341614906833,0.009459571583834722,0.9571428571428572,0.1447518544914197
segment,log,106,350,0.006129641822187068,0.9739130434782609,0.009398535693081201,0.9514285714285714,0.3200652580321236
segment,log,107,1,0.12234859774263239,0.2819875776397516,0.12181939987225372,0.28285714285714286,1.0426243428648914
segment,log,107,2,0.07718283503237089,0.5956521739130435,0.07622799998154169,0.5857142857142857,1.0007387828217538
segment,log,107,3,0.0630840210502401,0.6434782608695652,0.06131786969443422,0.6628571428571428,0.7051933871675624
segment,log,107,4,0.058832038127629716,0.6546583850931676,0.057553561266000135,0.6685714285714286,0.8370931497783356
segment,log,107,5,0.05735704276131677,0.6571428571428571,0.05597310200980177,0.6685714285714286,0.8177426199171605
segment,log,107,6,0.050964709043823206,0.7931677018633541,0.04979978804090153,0.8028571428571428,0.7254384829156184
segment,log,107,7,0.0470977656288472,0.7813664596273292,0.04521255628207109,0.7857142857142857,0.7485103641869991
segment,log,107,8,0.04551852888770171,0.7776397515527951,0.04465874629533042,0.7885714285714286,0.7658033253612024
segment,log,107,9,0.03878999247181585,0.808695652173913,0.03772242322429901,0.8171428571428572,0.6329938443646997
segment,log,107,10,0.03851045514603053,0.8024844720496894,0.036958527457053074,0.8085714285714286,0.655256033084834
segment,log,107,11,0.039277983577575726,0.7937888198757764,0.03803182649615248,0.8085714285714286,0.8511960563959609
segment,log,107,12,0.037249333968360984,0.7944099378881988,0.03581114289802388,0.8114285714285714,0.6788528643018625
segment,log,107,13,0.03544910919634331,0.8037267080745342,0.03464113940750672,0.82,0.7532531758556128
segment,log,107,14,0.034630392072612225,0.8099378881987578,0.03357130169261299,0.8171428571428572,0.6501141989813262
segment,log,107,15,0.034466727408198394,0.8118012422360248,0.03360524284015483,0.82,0.7419568149675175
segment,log,107,16,0.03376821983931292,0.8130434782608695,0.03294711688785723,0.82,0.6311321546032368
segment,log,107,17,0.03361660526844987,0.8130434782608695,0.03275157001327463,0.82,0.638444812477169
segment,log,107,18,0.034454547217472105,0.8062111801242235,0.033297901658516246,0.8114285714285714,0.7865747251620472
segment,log,107,19,0.03309922975870689,0.8142857142857143,0.03239889041764061,0.82,0.6308335929196828
segment,log,107,20,0.03266943582155292,0.8136645962732919,0.03199963345179997,0.8142857142857143,0.6187134585280373
segment,log,107,21,0.039686803756751904,0.7875776397515528,0.03977177915753857,0.7914285714285715,0.7862292455315307
segment,log,107,22,0.03328247392177675,0.815527950310559,0.03309126929715695,0.8285714285714286,0.5673168752658782
segment,log,107,23,0.03599451213928064,0.8111801242236025,0.03511678980635888,0.8171428571428572,0.8440079598282164
segment,log,107,24,0.03238968802680305,0.8124223602484472,0.0317072919738154,0.82,0.6137695421225051
segment,log,107,25,0.035180381639617106,0.8142857142857143,0.03480962496930149,0.8285714285714286,0.6955552213304025
segment,log,107,26,0.031966071831862015,0.8136645962732919,0.03152327516689634,0.8142857142857143,0.8200161405094656
segment,log,107,27,0.033531516795844554,0.8031055900621118,0.032396880197518664,0.8114285714285714,0.792613084995571
segment,log,107,28,0.03125937127456941,0.815527950310559,0.030735392484122357,0.82,0.3578753586196992
segment,log,107,29,0.031213105179641033,0.822360248447205,0.03086196875607485,0.8257142857142857,0.37866183739915815
segment,log,107,30,0.03135246441862868,0.8173913043478261,0.030735695041243724,0.82,0.7948830433915928
segment,log,107,31,0.03102995739360007,0.8335403726708075,0.030847085175464705,0.8342857142857143,0.4173773983006698
segment,log,107,32,0.025310967623381756,0.924223602484472,0.024849176510192597,0.92,0.719411421838837
segment,log,107,33,0.021510601716809928,0.9279503105590062,0.021875490451981002,0.9285714285714286,0.540698765052293
segment,log,107,34,0.02316787382359616,0.937888198757764,0.02452876716563698,0.9257142857142857,0.6718465234312911
segment,log,107,35,0.021474608292841563,0.9416149068322981,0.02337652111095143,0.9257142857142857,0.6278876502565993
segment,log,107,36,0.017796929821659008,0.937888198757764,0.01975842665610556,0.9228571428571428,0.5556067406119228
segment,log,107,37,0.01750405282894537,0.9341614906832298,0.01903380163713853,0.9228571428571428,0.553875072214788
segment,log,107,38,0.016597915003475933,0.9366459627329192,0.018231936993547287,0.9342857142857143,0.3918870046574327
segment,log,107,39,0.01658571587801236,0.9453416149068323,0.018555637707234344,0.9342857142857143,0.5364989853246567
segment,log,107,40,0.019377452009113477,0.94472049689441,0.02211767103481455,0.9314285714285714,0.5923815938767582
segment,log,107,41,0.015925976823132664,0.9341614906832298,0.018113449914482053,0.9228571428571428,0.5400831953232078
segment,log,107,42,0.015870480344454586,0.9453416149068323,0.018023786680105777,0.9314285714285714,0.5821312371571427
segment,log,107,43,0.01576563336741581,0.9360248447204969,0.01753389136202044,0.9257142857142857,0.675848654130641
segment,log,107,44,0.015334167431528739,0.9453416149068323,0.01789420232388867,0.9285714285714286,0.463829894482955
segment,log,107,45,0.014467266710410608,0.9403726708074535,0.016538360332000457,0.9257142857142857,0.6588502097693577
segment,log,107,46,0.014565023014146649,0.9403726708074535,0.01690321629371062,0.9371428571428572,0.6097471961092548
segment,log,107,47,0.014300390476419442,0.9403726708074535,0.016687848679134424,0.9342857142857143,0.47483712524036154
segment,log,107,48,0.014015531684168844,0.9403726708074535,0.016064523685340514,0.9314285714285714,0.6422647516827418
segment,log,107,49,0.01504925947877881,0.9360248447204969,0.01669802597075146,0.9257142857142857,0.6380486878565154
segment,log,107,50,0.013482746180999747,0.9422360248447205,0.015888715823556682,0.9314285714285714,0.30835283927330487
segment,log,107,51,0.013548757682473425,0.9509316770186336,0.015840659470719658,0.9342857142857143,0.6538690505194685
segment,log,107,52,0.013183181507210472,0.9484472049689441,0.01575127382871036,0.9342857142857143,0.3279621667109163
segment,log,107,53,0.013148834025477058,0.9509316770186336,0.015600331558278927,0.9428571428571428,0.20755490921189462
segment,log,107,54,0.01310617981625279,0.9509316770186336,0.01566046557791922,0.94,0.5670090087299098
segment,log,107,55,0.013149672788229093,0.94472049689441,0.015483878898923274,0.9342857142857143,0.2862083463210693
segment,log,107,56,0.012796585396229947,0.9515527950310559,0.01539749108560433,0.94,0.6408043727149749
segment,log,107,57,0.012944376825367358,0.9403726708074535,0.015283363169569363,0.9342857142857143,0.5266306441969584
segment,log,107,58,0.013471673008958206,0.9397515527950311,0.01594958429506481,0.9285714285714286,0.6248614877511238
segment,log,107,59,0.012547034450058978,0.9478260869565217,0.015157523177040597,0.9314285714285714,0.3937413992800863
segment,log,107,60,0.012388203859202546,0.9490683229813665,0.014965662976320139,0.9342857142857143,0.35370409206645226
segment,log,107,61,0.013483811854492713,0.9440993788819876,0.016194512861141895,0.9342857142857143,0.49192586874157335
segment,log,107,62,0.01288324097813292,0.9503105590062112,0.015660693973378707,0.9428571428571428,0.49355612030259344
segment,log,107,63,0.01259998673705198,0.9515527950310559,0.015593436551526335,0.94,0.5302976478489894
segment,log,107,64,0.013650347870607543,0.9422360248447205,0.016354855180275362,0.9342857142857143,0.6744639637361529
segment,log,107,65,0.012013405565135507,0.9521739130434783,0.014702156155568838,0.94,0.4589198315631751
segment,log,107,66,0.01216612791421375,0.9527950310559006,0.014996982653684028,0.9428571428571428,0.4886554185939693
segment,log,107,67,0.01189938247077896,0.9515527950310559,0.014701658225233295,0.9428571428571428,0.6352391770907165
segment,log,107,68,0.012103155701523658,0.9527950310559006,0.014916105062460109,0.94,0.6489055410857115
segment,log,107,69,0.01176076775123031,0.9521739130434783,0.014546980775885412,0.94,0.23823841711776228
segment,log,107,70,0.011646497985770405,0.9521739130434783,0.014368609634917744,0.9342857142857143,0.41552857036840846
segment,log,107,71,0.013549353279606942,0.9385093167701863,0.016492023430845354,0.9342857142857143,0.708662821156654
segment,log,107,72,0.011754056164083197,0.9484472049689441,0.01435738502999966,0.9314285714285714,0.6203430904297869
segment,log,107,73,0.011457518397791785,0.9527950310559006,0.014355522339477431,0.9428571428571428,0.357881230071732
segment,log,107,74,0.011466428974224578,0.9527950310559006,0.014208349231635477,0.94,0.4331748736537829
segment,log,107,75,0.011803894210826902,0.9478260869565217,0.014282976265335468,0.9285714285714286,0.617751559421391
segment,log,107,76,0.011592666503307978,0.9540372670807453,0.014680324879850479,0.94,0.7638477385777435
segment,log,107,77,0.011378463924322816,0.9515527950310559,0.01419265106091799,0.9285714285714286,0.6002440301841161
segment,log,107,78,0.011236800564394401,0.9521739130434783,0.014029153165759785,0.9342857142857143,0.33407785462477935
segment,log,107,79,0.011111099204477556,0.9527950310559006,0.013929614903604007,0.9371428571428572,0.326996742740666
segment,log,107,80,0.01142526731194456,0.9484472049689441,0.014068247772704557,0.9285714285714286,0.43364921547967633
segment,log,107,81,0.011476622616832141,0.9540372670807453,0.014476408893955907,0.9428571428571428,0.32186620677437433
segment,log,107,82,0.010996693493386602,0.9552795031055901,0.01380115040184357,0.9371428571428572,0.29442938503456323
segment,log,107,83,0.011468682898832874,0.9527950310559006,0.014573737471886894,0.9428571428571428,0.488536255416595
segment,log,107,84,0.010955460768508774,0.9515527950310559,0.013803996271645833,0.9342857142857143,0.531443913241187
segment,log,107,85,0.011483424232556178,0.9465838509316771,0.013840645315658836,0.9371428571428572,0.6292097363938989
segment,log,107,86,0.010863313013730641,0.9546583850931677,0.013632483480021383,0.9371428571428572,0.34280858626974153
segment,log,107,87,0.011289006018714364,0.953416149068323,0.014366243244658019,0.94,0.4210681901737434
segment,log,107,88,0.012203046274621097,0.94472049689441,0.015085513557602058,0.9342857142857143,0.7377740359550221
segment,log,107,89,0.01111467803809211,0.9503105590062112,0.01345593653827841,0.9371428571428572,0.561853489870059
segment,log,107,90,0.011498212995916565,0.9440993788819876,0.01390252048904433,0.9428571428571428,0.5026779649253628
segment,log,107,91,0.010977677159768297,0.9503105590062112,0.013597339709045912,0.9342857142857143,0.3868936122569192
segment,log,107,92,0.010634995695061046,0.9559006211180124,0.013444434530949824,0.9428571428571428,0.6147674527523371
segment,log,107,93,0.010511817571948225,0.9546583850931677,0.013354397723372585,0.9428571428571428,0.289349490113551
segment,log,107,94,0.010484216970251904,0.9552795031055901,0.013421862808207492,0.94,0.305432406020876
segment,log,107,95,0.010703778875455717,0.9527950310559006,0.013317340225554732,0.9342857142857143,0.5373903644514011
segment,log,107,96,0.01141426705627242,0.9515527950310559,0.014566072248600818,0.9371428571428572,0.5523578758803667
segment,log,107,97,0.010563138897303637,0.9559006211180124,0.013704639462867204,0.9457142857142857,0.4139205675643187
segment,log,107,98,0.010593576824254778,0.9552795031055901,0.013544174054030491,0.9371428571428572,0.5098313791095332
segment,log,107,99,0.010464556831463334,0.9552795031055901,0.013392706806599668,0.9342857142857143,0.3722758068670865
segment,log,107,100,0.010309665662457692,0.9559006211180124,0.013268797947767143,0.9428571428571428,0.15009415826189973
segment,log,107,101,0.011606854274164993,0.9490683229813665,0.014840626079133156,0.94,0.5911381048150823
segment,log,107,102,0.01028811445265716,0.9565217391304348,0.01339807638538192,0.9457142857142857,0.28591802980194125
segment,log,107,103,0.013199234204001488,0.9347826086956522,0.014983875904950874,0.9285714285714286,0.626888883820594
segment,log,107,104,0.010480523599259073,0.9552795031055901,0.013483321426250697,0.9428571428571428,0.49276941771420946
segment,log,107,105,0.010841282831507952,0.9552795031055901,0.013548097793885251,0.9371428571428572,0.5988027660627174
segment,log,107,106,0.01118842872852266,0.9465838509316771,0.013768043562378525,0.9428571428571428,0.6310253502429684
segment,log,107,107,0.010053174277965055,0.9565217391304348,0.01314443657589096,0.9428571428571428,0.47317529461497637
segment,log,107,108,0.010040689257316935,0.9552795031055901,0.013065124169254693,0.94,0.40674171646246343
segment,log,107,109,0.018399740308473772,0.9173913043478261,0.021342998657522736,0.9114285714285715,0.75098396098751
segment,log,107,110,0.011486858583640626,0.9428571428571428,0.01380033270539946,0.9457142857142857,0.6440274843882775
segment,log,107,111,0.015083398983399136,0.931055900621118,0.016572597544025167,0.9285714285714286,0.7025039443977129
segment,log,107,112,0.0098856284470073,0.9571428571428572,0.012917744475540232,0.9457142857142857,0.19463513211219177
segment,log,107,113,0.009858596665588817,0.9571428571428572,0.012909883209484926,0.9457142857142857,0.5178348732922111
segment,log,107,114,0.009882715997682876,0.9559006211180124,0.012847312639857802,0.9428571428571428,0.6980175849473655
segment,log,107,115,0.009809445243368627,0.9571428571428572,0.012751346449920667,0.9457142857142857,0.13643443561167495
segment,log,107,116,0.009802804799820554,0.9583850931677018,0.012867463477338097,0.9485714285714286,0.44060898405196686
segment,log,107,117,0.010099216489795925,0.9590062111801242,0.013172606542638316,0.9428571428571428,0.42987763350307745
segment,log,107,118,0.010022888500910876,0.9559006211180124,0.01277480535670355,0.9457142857142857,0.28008957240694005
segment,log,107,119,0.009658852794850323,0.9583850931677018,0.01296204634310749,0.9457142857142857,0.37257335570889305
segment,log,107,120,0.009609744379547903,0.9602484472049689,0.012730846214554675,0.9485714285714286,0.19446071178506344
segment,log,107,121,0.012606374303928029,0.9391304347826087,0.014486558749388525,0.9371428571428572,0.6962956498620205
segment,log,107,122,0.012665512427017252,0.9422360248447205,0.015706409642490184,0.94,0.5191832380109542
segment,log,107,123,0.009607929644044019,0.9614906832298137,0.012579115633902354,0.9485714285714286,0.45062452569639355
segment,log,107,124,0.009862105171576683,0.9571428571428572,0.012685445068821204,0.9457142857142857,0.5867492627213321
segment,log,107,125,0.017473841787588106,0.915527950310559,0.02046649546592951,0.9085714285714286,0.6708198358072239
segment,log,107,126,0.010424082552172292,0.9527950310559006,0.01356816871117769,0.94,0.44664192542024816
segment,log,107,127,0.009657203305017232,0.9590062111801242,0.012810408658046583,0.9457142857142857,0.4208753650866719
segment,log,107,128,0.009934177121586998,0.9552795031055901,0.012542295253268823,0.9457142857142857,0.44856727088030857
segment,log,107,129,0.009369461819140149,0.9614906832298137,0.012326546757827383,0.9514285714285714,0.050034687016441697
segment,log,107,130,0.009347431101949221,0.962111801242236,0.012295652448838169,0.9514285714285714,0.30050915097837144
segment,log,107,131,0.010484526756796399,0.9490683229813665,0.012882472702513801,0.9457142857142857,0.46155674447897876
segment,log,107,132,0.009270142738427264,0.9627329192546584,0.012209825453743427,0.9485714285714286,0.13971954060795436
segment,log,107,133,0.009262235494928838,0.962111801242236,0.012256369035960037,0.9485714285714286,0.16465973382574337
segment,log,107,134,0.00923838928414044,0.962111801242236,0.012245053543037534,0.9485714285714286,0.18985564097567972
segment,log,107,135,0.009238994995333743,0.9608695652173913,0.012378581847799216,0.9514285714285714,0.6111860707846657
segment,log,107,136,0.009370069958441769,0.9614906832298137,0.012230023034606699,0.9485714285714286,0.5271560358147002
segment,log,107,137,0.013141996697075551,0.9347826086956522,0.01626498293135696,0.9228571428571428,0.5773298497528616
segment,log,107,138,0.01133681347000755,0.9465838509316771,0.013377930157055396,0.9457142857142857,0.611677751235635
segment,log,107,139,0.012087202003275574,0.9403726708074535,0.015101151995113417,0.9314285714285714,0.7756900010922897
segment,log,107,140,0.00911785941768455,0.9627329192546584,0.012072309577036004,0.9485714285714286,0.26279983380357214
segment,log,107,141,0.009107183177541438,0.9627329192546584,0.01221300685318084,0.9514285714285714,0.0962441521930985
segment,log,107,142,0.009693274063039227,0.9590062111801242,0.012987729005283452,0.9428571428571428,0.6767406319170541
segment,log,107,143,0.00905194361025525,0.9633540372670808,0.012237814110437438,0.9514285714285714,0.23079083812220386
segment,log,107,144,0.009374555694111622,0.9590062111801242,0.012609700171826985,0.9457142857142857,0.4038153558780148
segment,log,107,145,0.009491267636759058,0.962111801242236,0.01273768141365874,0.9457142857142857,0.7011286360876401
segment,log,107,146,0.009105143576687298,0.9627329192546584,0.012197255407590948,0.9457142857142857,0.5911266172283743
segment,log,107,147,0.009194716099001441,0.9602484472049689,0.012381724554124769,0.9457142857142857,0.6283546383797168
segment,log,107,148,0.0090707555399286,0.9633540372670808,0.012142464530909362,0.9457142857142857,0.42051508579816954
segment,log,107,149,0.008924841896665675,0.9633540372670808,0.01204687118469856,0.9485714285714286,0.3534278667780584
segment,log,107,150,0.00946460484772198,0.9577639751552796,0.012333492652934732,0.9485714285714286,0.3035974506478821
segment,log,107,151,0.008833981147967905,0.9639751552795031,0.01199004211654939,0.9485714285714286,0.3723299567365939
segment,log,107,152,0.008989823221841572,0.962111801242236,0.012011326105997453,0.9485714285714286,0.09017808859828894
segment,log,107,153,0.008786158532727942,0.9639751552795031,0.012030972523780492,0.9485714285714286,0.2275636983658587
segment,log,107,154,0.008765152806687293,0.9652173913043478,0.01203125022403431,0.9457142857142857,0.16477159700138103
segment,log,107,155,0.008753432545731311,0.9645962732919254,0.011948391006925593,0.9514285714285714,0.12511698072762883
segment,log,107,156,0.009123741164750931,0.962111801242236,0.01248773192238995,0.9457142857142857,0.2936837313291333
segment,log,107,157,0.008729706379594006,0.9658385093167702,0.011930589387709236,0.9457142857142857,0.33937625371989993
segment,log,107,158,0.008684838974727077,0.9658385093167702,0.011980145323810315,0.9485714285714286,0.39994634108409444
segment,log,107,159,0.00874029358076404,0.9639751552795031,0.01198189870029659,0.9485714285714286,0.09571491494825686
segment,log,107,160,0.008665462937376361,0.9658385093167702,0.011905349294536524,0.9457142857142857,0.2778284205760991
segment,log,107,161,0.010226983691951875,0.953416149068323,0.013741004428200579,0.9428571428571428,0.507354839423283
segment,log,107,162,0.00938290424604838,0.9596273291925466,0.012440821400195323,0.9485714285714286,0.42644614671734105
segment,log,107,163,0.008729091475296623,0.9645962732919254,0.012111474811639841,0.9485714285714286,0.296881326655809
segment,log,107,164,0.008744492074742868,0.9652173913043478,0.012355050154425532,0.9485714285714286,0.5924963446329866
segment,log,107,165,0.008586976768468023,0.9670807453416149,0.012099474048074483,0.9485714285714286,0.32898746538298107
segment,log,107,166,0.008731459996082245,0.9639751552795031,0.012287046247931569,0.9457142857142857,0.31176170359840816
segment,log,107,167,0.008634596821010618,0.9639751552795031,0.01208664168260865,0.9457142857142857,0.12171852960460629
segment,log,107,168,0.008498173480465264,0.9670807453416149,0.011848041717249224,0.9457142857142857,0.2366132446662607
segment,log,107,169,0.00877410715512127,0.962111801242236,0.011992530773297575,0.9428571428571428,0.5917283388863668
segment,log,107,170,0.011617018028733377,0.9428571428571428,0.0151328753198193,0.9314285714285714,0.6469445829601995
segment,log,107,171,0.01044053281966386,0.9540372670807453,0.013106545378033492,0.9428571428571428,0.6963509334546613
segment,log,107,172,0.008580443315796741,0.9645962732919254,0.01188240462960612,0.9457142857142857,0.360703320640049
segment,log,107,173,0.00839057210987771,0.9664596273291925,0.011671914376855885,0.9428571428571428,0.34021024892174045
segment,log,107,174,0.008332773437487971,0.9677018633540373,0.011673231441619093,0.9457142857142857,0.23865491817762904
segment,log,107,175,0.009238800393879178,0.9577639751552796,0.012145724451257915,0.9485714285714286,0.5069596456282833
segment,log,107,176,0.00830701243660425,0.9664596273291925,0.011626098333671215,0.9457142857142857,0.28467786157890956
segment,log,107,177,0.008262958636475545,0.9677018633540373,0.011638620633353865,0.9457142857142857,0.28901864706502695
segment,log,107,178,0.008244417082416952,0.9664596273291925,0.011632009225133749,0.9457142857142857,0.1721834959098573
segment,log,107,179,0.00831787806904905,0.9652173913043478,0.011581595794522729,0.9485714285714286,0.3076045715258437
segment,log,107,180,0.008367073185542584,0.962111801242236,0.01181191984896615,0.9428571428571428,0.20985749590502856
segment,log,107,181,0.008586299550503822,0.9633540372670808,0.011732565795424484,0.9457142857142857,0.3693832437303428
segment,log,107,182,0.011906661089996601,0.9459627329192547,0.01395787737863336,0.9342857142857143,0.6667422571728493
segment,log,107,183,0.00990472987863093,0.9552795031055901,0.012743200041399698,0.9485714285714286,0.5730123196078494
segment,log,107,184,0.008098098654188389,0.9683229813664597,0.011579162119099278,0.9514285714285714,0.3518116798347475
segment,log,107,185,0.008166503601777345,0.9677018633540373,0.011538903177006421,0.9514285714285714,0.21573701736245396
segment,log,107,186,0.008463587248610245,0.9658385093167702,0.012039337616732584,0.9514285714285714,0.5131814000631553
segment,log,107,187,0.008168155457226605,0.9664596273291925,0.011824786292685071,0.9457142857142857,0.07450738663194387
segment,log,107,188,0.009317701760333665,0.9577639751552796,0.012192532798025462,0.9514285714285714,0.6082631512957656
segment,log,107,189,0.008076245388589464,0.9677018633540373,0.011637406609657704,0.9457142857142857,0.24492360041322725
segment,log,107,190,0.008231855570731644,0.9677018633540373,0.01193573961480665,0.9428571428571428,0.5056732048241475
segment,log,107,191,0.007967157194651143,0.9695652173913043,0.011508561192764971,0.9457142857142857,0.3060003357520673
segment,log,107,192,0.008025005536273376,0.968944099378882,0.011491149658548363,0.9514285714285714,0.33877658796162985
segment,log,107,193,0.00841078566034165,0.9645962732919254,0.011764757321330832,0.9457142857142857,0.5012561456033893
segment,log,107,194,0.00785740543743916,0.9695652173913043,0.011444493853284344,0.9485714285714286,0.08760011993681603
segment,log,107,195,0.007903036761642739,0.9695652173913043,0.011434201525430116,0.9485714285714286,0.4758163256407737
segment,log,107,196,0.008011536319579918,0.9683229813664597,0.011624405385518207,0.9485714285714286,0.3782478926123219
segment,log,107,197,0.008253125940332506,0.9664596273291925,0.01146821863895639,0.9542857142857143,0.6563259663419443
segment,log,107,198,0.00784938225430747,0.9683229813664597,0.011133307012504787,0.9514285714285714,0.294600557144799
segment,log,107,199,0.007802228139943586,0.9695652173913043,0.011107709742735578,0.9485714285714286,0.1420441262059922
segment,log,107,200,0.008118340685522309,0.9670807453416149,0.010950598448801129,0.9571428571428572,0.4854982661887175
segment,log,107,201,0.00926590110866166,0.9639751552795031,0.011963959118771376,0.9542857142857143,0.6747745118701364
segment,log,107,202,0.012050015373670583,0.94472049689441,0.015547783847255128,0.9257142857142857,0.5800507827869331
segment,log,107,203,0.007708876380572586,0.9701863354037267,0.01102937095467663,0.9485714285714286,0.07809549485253639
segment,log,107,204,0.007705356582165544,0.9695652173913043,0.011027413066002013,0.9457142857142857,0.20182954224606112
segment,log,107,205,0.0076530890526757675,0.9701863354037267,0.010994829224958418,0.9514285714285714,0.3585644374668445
segment,log,107,206,0.00996988290817057,0.9540372670807453,0.013143218072477248,0.9428571428571428,0.6201154120975385
segment,log,107,207,0.007711350405729419,0.9695652173913043,0.010980468231043561,0.9514285714285714,0.26993994980880676
segment,log,107,208,0.008541527920230727,0.9645962732919254,0.01154641193313699,0.9514285714285714,0.03606026498135454
segment,log,107,209,0.007566327370275115,0.968944099378882,0.010951287510088881,0.9457142857142857,0.27566565645388397
segment,log,107,210,0.007629928924264621,0.9695652173913043,0.011093623459341704,0.9542857142857143,0.1769713966094908
segment,log,107,211,0.0075415558406361155,0.968944099378882,0.010926101449101876,0.9457142857142857,0.29947571687297153
segment,log,107,212,0.007808588125477289,0.9670807453416149,0.01110076724918664,0.9485714285714286,0.5567349746312026
segment,log,107,213,0.007469715199969844,0.9701863354037267,0.01084069856975194,0.9514285714285714,0.38456693547498405
segment,log,107,214,0.007447162388673779,0.9701863354037267,0.010918393702184828,0.9485714285714286,0.19806838788645043
segment,log,107,215,0.007441599092128457,0.9701863354037267,0.010954388221681663,0.9514285714285714,0.12256499841323919
segment,log,107,216,0.007500643996400337,0.9701863354037267,0.011164492627066447,0.9514285714285714,0.4207762879633316
segment,log,107,217,0.009422863120245095,0.9571428571428572,0.013076462092873598,0.9428571428571428,0.5459445826624084
segment,log,107,218,0.007531683918115832,0.9695652173913043,0.010982529762353735,0.9514285714285714,0.36216991193105336
segment,log,107,219,0.007423534072843345,0.9701863354037267,0.010878595721095377,0.9542857142857143,0.10573749377248684
segment,log,107,220,0.007412960806795425,0.9664596273291925,0.010848124287132286,0.9457142857142857,0.22370913082399904
segment,log,107,221,0.007516475390289951,0.968944099378882,0.010738894517007007,0.9542857142857143,0.39054888924787645
segment,log,107,222,0.007465675030628198,0.970807453416149,0.010763994018264358,0.9542857142857143,0.2819942174609981
segment,log,107,223,0.008296363824545332,0.9652173913043478,0.011995374530283051,0.9485714285714286,0.6341554613851286
segment,log,107,224,0.007299781064342211,0.9701863354037267,0.010852495064473696,0.9514285714285714,0.41587040512671214
segment,log,107,225,0.00752567647191328,0.9695652173913043,0.011002295898670252,0.9542857142857143,0.5414735403056095
segment,log,107,226,0.007322845151020974,0.9701863354037267,0.010891470421407453,0.9485714285714286,0.3313112825694907
segment,log,107,227,0.009376827227151097,0.9590062111801242,0.01212972708656422,0.9542857142857143,0.5703825720603055
segment,log,107,228,0.007525154485632894,0.9670807453416149,0.010805182538601174,0.9542857142857143,0.3284878292281482
segment,log,107,229,0.0071920671420282346,0.9677018633540373,0.01069308826134753,0.9485714285714286,0.2467378367640238
segment,log,107,230,0.007224625062111078,0.9714285714285714,0.010686811977967397,0.9542857142857143,0.12788380303919317
segment,log,107,231,0.009888230056048646,0.9521739130434783,0.013361500211513926,0.94,0.6181184018932918
segment,log,107,232,0.0073295890234910755,0.970807453416149,0.010708083366369307,0.9514285714285714,0.6552854204691082
segment,log,107,233,0.00721247371045349,0.9695652173913043,0.010602956402260989,0.9485714285714286,0.25556335797298513
segment,log,107,234,0.008031355953866282,0.9639751552795031,0.011095127281904085,0.9514285714285714,0.7119312724406109
segment,log,107,235,0.007079413630207784,0.970807453416149,0.01041665445443494,0.9571428571428572,0.5702761336036277
segment,log,107,236,0.007243187077180322,0.9714285714285714,0.010607167226182199,0.9514285714285714,0.5914048752868563
segment,log,107,237,0.007146556391318017,0.968944099378882,0.010612202877447288,0.9514285714285714,0.07028576810450304
segment,log,107,238,0.007072816314568521,0.9701863354037267,0.010464345406954463,0.9514285714285714,0.495357977245098
segment,log,107,239,0.0070698463962214925,0.968944099378882,0.010760457093666789,0.9514285714285714,0.5867313929898088
segment,log,107,240,0.008396126724169901,0.9627329192546584,0.011955517634896115,0.9457142857142857,0.4735206346665268
segment,log,107,241,0.007134427550062652,0.970807453416149,0.010512045948109764,0.9514285714285714,0.27664358197545574
segment,log,107,242,0.00788287942293939,0.9695652173913043,0.011431663107571745,0.9485714285714286,0.5770826858218633
segment,log,107,243,0.007880541308232984,0.9658385093167702,0.011422879623187445,0.9485714285714286,0.46333006975620283
segment,log,107,244,0.006948195522276136,0.9714285714285714,0.01040428230257792,0.9571428571428572,0.09413150236210488
segment,log,107,245,0.007183936221153595,0.9701863354037267,0.010480259238933134,0.9542857142857143,0.39384381707811716
segment,log,107,246,0.006883916502958638,0.9714285714285714,0.010349655817413293,0.9571428571428572,0.12980250077760902
segment,log,107,247,0.006880241111433776,0.9714285714285714,0.010351244759140114,0.9542857142857143,0.25036483174326235
segment,log,107,248,0.007783547188016536,0.9670807453416149,0.010650839219161838,0.9514285714285714,0.5290307762477873
segment,log,107,249,0.006908910252004672,0.9720496894409938,0.010356569892951866,0.9542857142857143,0.2621495453998842
segment,log,107,250,0.006869861256292126,0.970807453416149,0.010327921050053921,0.9571428571428572,0.23077782757275184
segment,log,107,251,0.007130517650914239,0.9695652173913043,0.010577412912742546,0.9514285714285714,0.6557702883640282
segment,log,107,252,0.011101754601600287,0.9453416149068323,0.014536106974532689,0.9257142857142857,0.5781258374737545
segment,log,107,253,0.007186637340867969,0.968944099378882,0.010605148570493026,0.9571428571428572,0.4496204037461582
segment,log,107,254,0.007080070432884377,0.9714285714285714,0.010409307352838366,0.9542857142857143,0.28976394820156925
segment,log,107,255,0.007088228550783947,0.9714285714285714,0.010516378751998146,0.9514285714285714,0.5874392664429577
segment,log,107,256,0.008694745831996552,0.9577639751552796,0.011448668010092514,0.9542857142857143,0.6439393712796563
segment,log,107,257,0.006793155344065849,0.970807453416149,0.01024173513920767,0.9542857142857143,0.3472764979866187
segment,log,107,258,0.006735441501098861,0.9720496894409938,0.010267316662904563,0.9571428571428572,0.09022127082162035
segment,log,107,259,0.007989007849559736,0.962111801242236,0.01095175553191389,0.9542857142857143,0.47240323849699395
segment,log,107,260,0.006809741982441595,0.9720496894409938,0.01023433081195881,0.9485714285714286,0.6475225908968778
segment,log,107,261,0.006707592845300542,0.9726708074534162,0.010198134637896952,0.96,0.18452146903314687
segment,log,107,262,0.0069674268012996695,0.968944099378882,0.010580981137174051,0.9485714285714286,0.41610452311317214
segment,log,107,263,0.006704554484786307,0.970807453416149,0.010254818716010715,0.9542857142857143,0.30128090048162737
segment,log,107,264,0.007122794276772034,0.9683229813664597,0.01077496735158445,0.9485714285714286,0.1928201811726623
segment,log,107,265,0.006874042750669091,0.968944099378882,0.010509190960783425,0.9514285714285714,0.19405474280740975
segment,log,107,266,0.006631017884554509,0.9720496894409938,0.010198679284945934,0.9571428571428572,0.2648234065686909
segment,log,107,267,0.0069659601116559035,0.9701863354037267,0.010377756550813574,0.9542857142857143,0.3870086743721864
segment,log,107,268,0.007142164527344886,0.9677018633540373,0.010432595542379287,0.9571428571428572,0.6087053807533587
segment,log,107,269,0.007351729911509201,0.970807453416149,0.010920678121364543,0.9514285714285714,0.5852031801805223
segment,log,107,270,0.006662424446091939,0.9720496894409938,0.010008813235990274,0.9571428571428572,0.2654608622080627
segment,log,107,271,0.006584474920256944,0.9720496894409938,0.010096258549833776,0.9571428571428572,0.2712581794669182
segment,log,107,272,0.0066221642401466585,0.9739130434782609,0.010172090886429374,0.9514285714285714,0.6488181914555238
segment,log,107,273,0.007368179185044025,0.9664596273291925,0.010732854286620448,0.9542857142857143,0.4926260376482998
segment,log,107,274,0.0066252414420183954,0.9714285714285714,0.010122499530549459,0.9571428571428572,0.14926223430338867
segment,log,107,275,0.006806113694038318,0.9701863354037267,0.010379690073326894,0.9514285714285714,0.10897200521169191
segment,log,107,276,0.006954035599097363,0.968944099378882,0.010207491656052106,0.9571428571428572,0.42121039712169256
segment,log,107,277,0.006834687517367836,0.9683229813664597,0.010417394216724064,0.9514285714285714,0.41020802278159774
segment,log,107,278,0.009632443739142503,0.9527950310559006,0.01294941785983947,0.9428571428571428,0.46657084083293887
segment,log,107,279,0.006818485802868247,0.9739130434782609,0.010397532616984837,0.9571428571428572,0.5698483626673994
segment,log,107,280,0.006521680691224982,0.9720496894409938,0.010060433252850888,0.9571428571428572,0.583010289564296
segment,log,107,281,0.006492519627813507,0.9720496894409938,0.010132879184184318,0.9571428571428572,0.09572715921728779
segment,log,107,282,0.006448772812111411,0.9726708074534162,0.009952985156957566,0.9571428571428572,0.579330283036852
segment,log,107,283,0.006780007271647194,0.9683229813664597,0.010233765148851711,0.9571428571428572,0.49392040674782944
segment,log,107,284,0.006595548273336775,0.9714285714285714,0.010036415625787429,0.9542857142857143,0.20433306005533491
segment,log,107,285,0.009061809116134006,0.9546583850931677,0.012570078668529227,0.9428571428571428,0.5336527173671212
segment,log,107,286,0.006394634287797895,0.9732919254658385,0.009959151863866837,0.9542857142857143,0.2780628353553504
segment,log,107,287,0.006409185894860258,0.9714285714285714,0.009932330247742887,0.9542857142857143,0.12420924632026446
segment,log,107,288,0.00791291348307351,0.9677018633540373,0.01147596335683981,0.9457142857142857,0.5673613153508047
segment,log,107,289,0.0067211638614665175,0.9714285714285714,0.010212521069826118,0.9514285714285714,0.4714637475571985
segment,log,107,290,0.009495475678778518,0.9552795031055901,0.012370470150482206,0.9457142857142857,0.5027683357156277
segment,log,107,291,0.006659786492109089,0.9720496894409938,0.010214880227829995,0.9542857142857143,0.14517634946072197
segment,log,107,292,0.0064085275229164565,0.9720496894409938,0.010111574930544242,0.9542857142857143,0.30898116103581524
segment,log,107,293,0.006619567098136207,0.968944099378882,0.010249498372602686,0.9542857142857143,0.37894863667412837
segment,log,107,294,0.006430066779227968,0.9726708074534162,0.010035465457935672,0.96,0.5934949398793345
segment,log,107,295,0.006513647563131607,0.9714285714285714,0.010083451291001152,0.9571428571428572,0.2408504355956516
segment,log,107,296,0.006552188570310005,0.9714285714285714,0.010105690713496356,0.9542857142857143,0.16180510548711205
segment,log,107,297,0.006338570210334287,0.9714285714285714,0.009942243567268935,0.9542857142857143,0.15197101175166614
segment,log,107,298,0.0063097622653637405,0.9720496894409938,0.010006931392818805,0.9542857142857143,0.18311682916136765
segment,log,107,299,0.006345217715681949,0.9720496894409938,0.00999934531385378,0.9542857142857143,0.6561474679256807
segment,log,107,300,0.006259502674278658,0.9745341614906833,0.009961058273239837,0.9571428571428572,0.25908740795349433
segment,log,107,301,0.00786548361738994,0.962111801242236,0.01093525491998994,0.9514285714285714,0.5276217157700965
segment,log,107,302,0.007070118284342589,0.9726708074534162,0.010681835493374345,0.9514285714285714,0.627718096439211
segment,log,107,303,0.007123560377667193,0.9677018633540373,0.010297767022798296,0.9485714285714286,0.47033383303527826
segment,log,107,304,0.006291567680783834,0.9726708074534162,0.009957624938372421,0.9571428571428572,0.3419198434233713
segment,log,107,305,0.006423634087990847,0.9695652173913043,0.010240870128306967,0.9542857142857143,0.36499082571403235
segment,log,107,306,0.011215006799420295,0.9496894409937888,0.01488942816410176,0.9257142857142857,0.7122449279292512
segment,log,107,307,0.00645049743183779,0.9726708074534162,0.010043842943326135,0.9571428571428572,0.6349328585053892
segment,log,107,308,0.00705440495438889,0.9670807453416149,0.010829251775681186,0.9514285714285714,0.080813100430747
segment,log,107,309,0.006353155112435601,0.9714285714285714,0.010156761420503087,0.9514285714285714,0.41408224050166437
segment,log,107,310,0.006151731106575484,0.9745341614906833,0.009944156076300016,0.9571428571428572,0.17049346120970052
segment,log,107,311,0.006784654423285783,0.9695652173913043,0.010431101833408748,0.9542857142857143,0.5961420976258486
segment,log,107,312,0.0063060301421635654,0.9720496894409938,0.00997034328842661,0.9542857142857143,0.5888334463345133
segment,log,107,313,0.006254494677642354,0.9714285714285714,0.00999802376459685,0.9542857142857143,0.1679312792773663
segment,log,107,314,0.006117055193411193,0.9732919254658385,0.009827526304668778,0.9571428571428572,0.04309068434315792
segment,log,107,315,0.006258731938543934,0.9714285714285714,0.009907465083404633,0.9542857142857143,0.43192581807815755
segment,log,107,316,0.006329363682931682,0.970807453416149,0.010144321481673537,0.9514285714285714,0.05706591108217663
segment,log,107,317,0.006092681787125808,0.9720496894409938,0.009905614738161289,0.9542857142857143,0.1968115829693959
segment,log,107,318,0.006098317592832105,0.9745341614906833,0.00987892187534064,0.9542857142857143,0.1256536572431291
segment,log,107,319,0.006948001951898601,0.9695652173913043,0.010689580318932477,0.9571428571428572,0.6687185144408088
segment,log,107,320,0.006122882676895563,0.9726708074534162,0.009854582018602754,0.9571428571428572,0.2833140789491213
segment,log,107,321,0.006086454373515415,0.9726708074534162,0.009884127925614624,0.96,0.56772952943526
segment,log,107,322,0.006080430733131913,0.9720496894409938,0.009837764513388043,0.9542857142857143,0.2465268954696228
segment,log,107,323,0.006029111577374608,0.9726708074534162,0.009767498232563714,0.96,0.07364496874472286
segment,log,107,324,0.006032019424368442,0.9726708074534162,0.009731294866946046,0.96,0.0397349298562776
segment,log,107,325,0.006155718104934589,0.9726708074534162,0.009885984557358004,0.9542857142857143,0.413244164134251
segment,log,107,326,0.006024986369605036,0.9732919254658385,0.009772307586717372,0.96,0.22378277536011557
segment,log,107,327,0.006065282117474823,0.9726708074534162,0.009895162634528595,0.9542857142857143,0.23296312769257757
segment,log,107,328,0.0066921704864519056,0.968944099378882,0.010162929967246891,0.9514285714285714,0.5051365367520088
segment,log,107,329,0.006356113255026501,0.970807453416149,0.010228113003966017,0.9514285714285714,0.3761550000225333
segment,log,107,330,0.0059802233803471685,0.9745341614906833,0.009917470807171832,0.9542857142857143,0.2893204691377736
segment,log,107,331,0.006185756770659633,0.9714285714285714,0.009928264949167955,0.9571428571428572,0.19541824806109162
segment,log,107,332,0.005992056929377626,0.9732919254658385,0.009841126266837653,0.96,0.24002613567343997
segment,log,107,333,0.005965616871873977,0.9726708074534162,0.00976009993928702,0.96,0.24439222497316945
segment,log,107,334,0.0060755916225178515,0.9726708074534162,0.009872467222371605,0.9571428571428572,0.11188694008414098
segment,log,107,335,0.005946841149595891,0.9732919254658385,0.009722254295991516,0.96,0.5580715730467709
segment,log,107,336,0.005946429732954985,0.9745341614906833,0.009825255867239724,0.9514285714285714,0.419474395549667
segment,log,107,337,0.005915618282807447,0.9726708074534162,0.009771322536581145,0.9571428571428572,0.26675508817453036
segment,log,107,338,0.00589578736153327,0.9739130434782609,0.009781722498233324,0.9571428571428572,0.026010017982657244
segment,log,107,339,0.006306617935044169,0.9714285714285714,0.010175282315880479,0.9571428571428572,0.35431800439872796
segment,log,107,340,0.006018380064977452,0.9720496894409938,0.009849435673672998,0.9542857142857143,0.1365211617750982
segment,log,107,341,0.005860148223361095,0.9739130434782609,0.009727279620272157,0.96,0.20688980445038785
segment,log,107,342,0.005849258445741786,0.9739130434782609,0.00974894346122587,0.9571428571428572,0.13440798725151434
segment,log,107,343,0.006072544273803162,0.9720496894409938,0.009941695472768812,0.9542857142857143,0.24747915571815077
segment,log,107,344,0.005916002975746504,0.9745341614906833,0.009844979153502922,0.9514285714285714,0.25801699692419794
segment,log,107,345,0.009293916702561179,0.9515527950310559,0.012672216545422804,0.9428571428571428,0.5100059320015888
segment,log,107,346,0.0058361569804286475,0.9726708074534162,0.009705714921727102,0.96,0.2640995355911132
segment,log,107,347,0.006034259809664732,0.9720496894409938,0.009826362506320662,0.9542857142857143,0.06790294158701078
segment,log,107,348,0.006612155749012801,0.968944099378882,0.010255639790988607,0.9514285714285714,0.3825173720633687
segment,log,107,349,0.005939035385542138,0.9739130434782609,0.009942159188144756,0.9571428571428572,0.6352187733271852
segment,log,107,350,0.005996537383959847,0.9732919254658385,0.009979724477800902,0.9542857142857143,0.36005955254034555
segment,log,108,1,0.09962668545894308,0.42795031055900623,0.09901415040170879,0.42857142857142855,1.0063117973128335
segment,log,108,2,0.07652852835224032,0.6248447204968944,0.07654576829640024,0.6085714285714285,0.9790432428444787
segment,log,108,3,0.08853610680774181,0.5677018633540373,0.087281947252124,0.5657142857142857,0.9049639085772883
segment,log,108,4,0.06073668404041067,0.6888198757763975,0.06131234262548292,0.68,0.9571214722469148
segment,log,108,5,0.05884098811378548,0.6782608695652174,0.05927554248056393,0.6628571428571428,0.821372693175908
segment,log,108,6,0.05400956449977323,0.684472049689441,0.055263547244514634,0.6685714285714286,0.4582610115091631
segment,log,108,7,0.05472982622949744,0.6931677018633541,0.05671684271317425,0.6914285714285714,0.8508637730145773
segment,log,108,8,0.05155914120869316,0.684472049689441,0.05294950634704629,0.6771428571428572,0.7522362069067112
segment,log,108,9,0.05063164221532577,0.6975155279503106,0.052917570842667,0.6828571428571428,0.6946249014299475
segment,log,108,10,0.049166097480682215,0.6925465838509317,0.05127808283188162,0.6742857142857143,0.8007759393794376
segment,log,108,11,0.049627051373383906,0.7012422360248447,0.05241530520224789,0.6885714285714286,0.8691229118463655
segment,log,108,12,0.04544604832626114,0.801863354037267,0.047574116128298864,0.7971428571428572,0.6534255087003805
segment,log,108,13,0.040226810187370746,0.8254658385093168,0.041639454160452845,0.8142857142857143,0.7178664649121873
segment,log,108,14,0.035488360127370465,0.8254658385093168,0.03616821277990003,0.8171428571428572,0.7689003420521676
segment,log,108,15,0.03500354781279965,0.8260869565217391,0.036021668968361335,0.8142857142857143,0.7597824997325524
segment,log,108,16,0.035171736670051496,0.8248447204968944,0.037187889891856035,0.8171428571428572,0.8374747794472962
segment,log,108,17,0.032159514682562604,0.8291925465838509,0.03342491439353675,0.82,0.7539804677681983
segment,log,108,18,0.025856440599506175,0.8900621118012423,0.027132050668235815,0.8914285714285715,0.6809136515335983
segment,log,108,19,0.022339670128346853,0.915527950310559,0.02368159920156996,0.92,0.6480735564822411
segment,log,108,20,0.020477084780712584,0.922360248447205,0.021672731849881555,0.9171428571428571,0.555543466718649
segment,log,108,21,0.01970069047439129,0.9273291925465839,0.021082229497773813,0.9171428571428571,0.6307592314415006
segment,log,108,22,0.01863150220723435,0.9322981366459627,0.019990807004036038,0.92,0.6546432240834298
segment,log,108,23,0.023665433297119162,0.9099378881987578,0.025965046707677658,0.9142857142857143,0.7254638847376924
segment,log,108,24,0.019258511354671472,0.9260869565217391,0.02080863854107516,0.9228571428571428,0.7421626510296463
segment,log,108,25,0.018693410999275056,0.9254658385093167,0.02014633421901311,0.9171428571428571,0.7079065134765674
segment,log,108,26,0.017881987202575635,0.9322981366459627,0.019443406338239263,0.9228571428571428,0.7708291118911179
segment,log,108,27,0.016919771902138156,0.9354037267080745,0.018490939752272666,0.92,0.2257688683987102
segment,log,108,28,0.01675439343018791,0.9372670807453416,0.01816897483537498,0.9257142857142857,0.4307498486271099
segment,log,108,29,0.01738598904467324,0.9273291925465839,0.018829155654727234,0.92,0.31874698982470284
segment,log,108,30,0.017102423745484843,0.931055900621118,0.018344203835352176,0.92,0.5356188963704215
segment,log,108,31,0.016904779406369645,0.9285714285714286,0.018217570123437783,0.92,0.6049887266835311
segment,log,108,32,0.017348920730610534,0.9260869565217391,0.018768281468961635,0.92,0.6545672042418865
segment,log,108,33,0.01614752037430141,0.9347826086956522,0.018012193284330142,0.9257142857142857,0.3687697734669507
segment,log,108,34,0.016234689959399227,0.9329192546583851,0.017610220834770915,0.9285714285714286,0.4172742577415062
segment,log,108,35,0.016270181923315724,0.9335403726708075,0.017789233399558825,0.9257142857142857,0.26934556384026587
segment,log,108,36,0.018596469388604472,0.9273291925465839,0.02110953459751503,0.92,0.5975094526443402
segment,log,108,37,0.01644671003538347,0.9329192546583851,0.018671717916642478,0.9342857142857143,0.6875478826969369
segment,log,108,38,0.016173254049209027,0.9316770186335404,0.01751386464570856,0.9228571428571428,0.45694077194576066
segment,log,108,39,0.015135104537179304,0.9385093167701863,0.0168532803117647,0.9228571428571428,0.6447960053300363
segment,log,108,40,0.01510084263454003,0.9403726708074535,0.01727320191691289,0.9285714285714286,0.404034462764135
segment,log,108,41,0.014771313536716601,0.9385093167701863,0.016786089082143327,0.92,0.4698970334063831
segment,log,108,42,0.01500558966704931,0.9366459627329192,0.016745088718170775,0.9257142857142857,0.46722129083977587
segment,log,108,43,0.01474981222412451,0.9428571428571428,0.017010860389913885,0.9257142857142857,0.4668273005025079
segment,log,108,44,0.01628775600298348,0.9409937888198758,0.01893149200775035,0.9285714285714286,0.5820953712601734
segment,log,108,45,0.017940579773096762,0.9198757763975155,0.01938664800976496,0.9142857142857143,0.6768676661230099
segment,log,108,46,0.014755323560995449,0.9372670807453416,0.016389779579503883,0.9285714285714286,0.3844789126083423
segment,log,108,47,0.014067779966411375,0.9422360248447205,0.01624853001992203,0.9314285714285714,0.40597022342888445
segment,log,108,48,0.01559422871799968,0.9341614906832298,0.017110106983040226,0.9314285714285714,0.662629393808022
segment,log,108,49,0.016876527989113935,0.9248447204968944,0.01812791577983182,0.92,0.6911861499388509
segment,log,108,50,0.01503539277479698,0.9366459627329192,0.016691006368567157,0.9257142857142857,0.7260061295409546
segment,log,108,51,0.014004078864856627,0.9453416149068323,0.016560558965134465,0.9314285714285714,0.5328886836416857
segment,log,108,52,0.015519709446728957,0.9298136645962732,0.017012651227403208,0.9285714285714286,0.6741066155835601
segment,log,108,53,0.01625060850515459,0.9267080745341615,0.0174986716670155,0.92,0.6790032454234189
segment,log,108,54,0.013577092353878866,0.9409937888198758,0.015631628076026343,0.9314285714285714,0.6576635012926092
segment,log,108,55,0.013709671033671605,0.9465838509316771,0.01615919096042519,0.9342857142857143,0.20475599866138475
segment,log,108,56,0.015164569794500317,0.9372670807453416,0.016801296482482752,0.9257142857142857,0.6294609945180442
segment,log,108,57,0.015130310033420387,0.9372670807453416,0.01678377904753564,0.9314285714285714,0.7112195921561331
segment,log,108,58,0.013003651947800284,0.9440993788819876,0.015201088742769495,0.94,0.4319470057974119
segment,log,108,59,0.012915638459088578,0.9409937888198758,0.015139712544497698,0.9257142857142857,0.4460143159282767
segment,log,108,60,0.012794629112875015,0.9440993788819876,0.015089976779944737,0.9342857142857143,0.49048460739456917
segment,log,108,61,0.014732864281445638,0.9403726708074535,0.017644002613949033,0.9285714285714286,0.5741995622700002
segment,log,108,62,0.013410525508992199,0.9397515527950311,0.015312264500934725,0.9314285714285714,0.47841767999932056
segment,log,108,63,0.01362537462614874,0.9503105590062112,0.016457046325884454,0.9342857142857143,0.6229186174895719
segment,log,108,64,0.01334394566892542,0.9490683229813665,0.016139174605550234,0.9342857142857143,0.5673254268203508
segment,log,108,65,0.012414647927704437,0.9422360248447205,0.014770819275834958,0.9371428571428572,0.6143147677226279
segment,log,108,66,0.013436712639666488,0.9459627329192547,0.016328297385265776,0.9342857142857143,0.4939319607173753
segment,log,108,67,0.01297838016617422,0.9391304347826087,0.015074897642452794,0.9342857142857143,0.6107514867133172
segment,log,108,68,0.012200484824791096,0.9440993788819876,0.014614878478495904,0.9342857142857143,0.5187073188248787
segment,log,108,69,0.012084609731779541,0.9503105590062112,0.014729214190604108,0.9428571428571428,0.20172991301693874
segment,log,108,70,0.0121078547374126,0.9434782608695652,0.014506862154991708,0.9342857142857143,0.404170448053066
segment,log,108,71,0.012357528610774918,0.9416149068322981,0.014534014551387623,0.94,0.29823966236779503
segment,log,108,72,0.013161098367599232,0.9465838509316771,0.015976596058593556,0.9285714285714286,0.5665135751289181
segment,log,108,73,0.012008200873882957,0.9509316770186336,0.01453661702720563,0.9428571428571428,0.6453735362448784
segment,log,108,74,0.011826655476901522,0.9521739130434783,0.014493476749299855,0.9428571428571428,0.11971473248279799
segment,log,108,75,0.012589707612619688,0.9416149068322981,0.014768496859044584,0.9371428571428572,0.6355179486591557
segment,log,108,76,0.012460592617661486,0.9484472049689441,0.015155361332918234,0.94,0.6691398848939476
segment,log,108,77,0.020598351702292027,0.9180124223602485,0.02390527488352381,0.9171428571428571,0.7094396083843102
segment,log,108,78,0.011788320429527528,0.9515527950310559,0.014509284878250244,0.9428571428571428,0.6518708653400994
segment,log,108,79,0.01154794984530083,0.9453416149068323,0.014056465322706022,0.9371428571428572,0.4106777723621336
segment,log,108,80,0.011758883609068812,0.9428571428571428,0.014171947150905084,0.9342857142857143,0.4521175128632133
segment,log,108,81,0.01224550770772487,0.9453416149068323,0.014565462699989167,0.9342857142857143,0.743878089329487
segment,log,108,82,0.011659262551925915,0.9509316770186336,0.01447388488657153,0.9428571428571428,0.47431993594717237
segment,log,108,83,0.011349881483836755,0.9465838509316771,0.013918623424848875,0.9371428571428572,0.6049175128225213
segment,log,108,84,0.011179368935252435,0.9496894409937888,0.013878044785853683,0.94,0.17391452447583577
segment,log,108,85,0.014685603457852017,0.929192546583851,0.017573314426425214,0.9257142857142857,0.6095533460005547
segment,log,108,86,0.01174147608742547,0.9496894409937888,0.014561748716222678,0.9428571428571428,0.367738626108588
segment,log,108,87,0.013259138570543403,0.937888198757764,0.015027150012567806,0.9342857142857143,0.6025689537297536
segment,log,108,88,0.01148734463312293,0.9509316770186336,0.014336033560194807,0.9428571428571428,0.6393510868223796
segment,log,108,89,0.011071515780025836,0.9546583850931677,0.013810657751361071,0.94,0.38449507244799336
segment,log,108,90,0.011443521631487902,0.953416149068323,0.014127711048261892,0.9428571428571428,0.5717445071229044
segment,log,108,91,0.010880236978913603,0.9527950310559006,0.0135463968161685,0.94,0.17201211567496216
segment,log,108,92,0.010932585478036468,0.953416149068323,0.013578819868449572,0.94,0.5601302315454431
segment,log,108,93,0.011230587222448424,0.94472049689441,0.013641300948779007,0.9314285714285714,0.46569181465858306
segment,log,108,94,0.010786866542770876,0.953416149068323,0.013425325767625555,0.94,0.6131447219787114
segment,log,108,95,0.0117530885005056,0.9453416149068323,0.01400216762270286,0.9342857142857143,0.6135031866369903
segment,log,108,96,0.016086293911200717,0.9236024844720497,0.019054510721891214,0.9228571428571428,0.5505685184337933
segment,log,108,97,0.010868483596372117,0.9509316770186336,0.013358714488680892,0.9342857142857143,0.5934107776637673
segment,log,108,98,0.010712953692646228,0.9540372670807453,0.013491166354572494,0.94,0.43958272439611434
segment,log,108,99,0.010589451207897383,0.953416149068323,0.01322738953582627,0.9371428571428572,0.5800121238337546
segment,log,108,100,0.01093475597443834,0.9540372670807453,0.01369807575380252,0.9428571428571428,0.5782199095490457
segment,log,108,101,0.011314237787208097,0.9465838509316771,0.013703596221020674,0.9371428571428572,0.41950106500543566
segment,log,108,102,0.010527501915914691,0.9559006211180124,0.013159584143021085,0.94,0.6238246021926405
segment,log,108,103,0.010507096060787563,0.9546583850931677,0.013035252121461666,0.9371428571428572,0.15866291078857794
segment,log,108,104,0.010441050602844398,0.9565217391304348,0.013107920212523487,0.94,0.16888175332769093
segment,log,108,105,0.010437524862696846,0.9546583850931677,0.013043949111898512,0.9428571428571428,0.5328844054089436
segment,log,108,106,0.010626154602772461,0.9559006211180124,0.013437820781137848,0.9428571428571428,0.29744891723268235
segment,log,108,107,0.010508343056096214,0.953416149068323,0.01293890420016231,0.9371428571428572,0.4579968387806531
segment,log,108,108,0.01140144471712834,0.9478260869565217,0.013472200461196533,0.9371428571428572,0.6492316598262222
segment,log,108,109,0.010434178584839053,0.9571428571428572,0.013298997449650057,0.94,0.18003210413635085
segment,log,108,110,0.010192348351216062,0.9559006211180124,0.012933162820368858,0.94,0.6159091465253432
segment,log,108,111,0.010116447753338897,0.9583850931677018,0.012865312155449452,0.94,0.10138819254496743
segment,log,108,112,0.010204949063614077,0.9540372670807453,0.012848162047594943,0.9371428571428572,0.4477556872636818
segment,log,108,113,0.01011088029086577,0.9546583850931677,0.012848757667378643,0.9371428571428572,0.262135906123065
segment,log,108,114,0.010390216043859528,0.953416149068323,0.013026308714767664,0.9314285714285714,0.4605421411298587
segment,log,108,115,0.010016500315393143,0.9552795031055901,0.012815100471489833,0.9371428571428572,0.27275728853101894
segment,log,108,116,0.014194717143873601,0.9347826086956522,0.0172111110243043,0.9285714285714286,0.5774790833597582
segment,log,108,117,0.009966870170509328,0.9583850931677018,0.012809930007651297,0.9371428571428572,0.5203408395598749
segment,log,108,118,0.010180947419358821,0.9590062111801242,0.013145044966109987,0.9371428571428572,0.46671586236284884
segment,log,108,119,0.009821030849937781,0.9571428571428572,0.012621031425313048,0.9342857142857143,0.17837589509832494
segment,log,108,120,0.009812631255649133,0.9565217391304348,0.012701204400836878,0.9342857142857143,0.2655630416762755
segment,log,108,121,0.009950443055120538,0.9565217391304348,0.012715097975944722,0.9342857142857143,0.4831560381843799
segment,log,108,122,0.00983622915103583,0.9596273291925466,0.012814051652157168,0.9371428571428572,0.35939808830526415
segment,log,108,123,0.009916657412390461,0.9583850931677018,0.01287142719092123,0.94,0.38581782636837897
segment,log,108,124,0.009754412405425269,0.9590062111801242,0.012672407865561702,0.9371428571428572,0.14422603391881778
segment,log,108,125,0.00959197585902929,0.9565217391304348,0.012381737351895933,0.9342857142857143,0.411957766153213
segment,log,108,126,0.009566970016941614,0.9571428571428572,0.012359521836479793,0.9342857142857143,0.08398367203978756
segment,log,108,127,0.011073211131133642,0.9546583850931677,0.013535893175970157,0.9428571428571428,0.8672574553867397
segment,log,108,128,0.010690920039106567,0.9540372670807453,0.013683442546545233,0.9342857142857143,0.559870706649092
segment,log,108,129,0.009681460851297686,0.9596273291925466,0.012322049638329615,0.9371428571428572,0.2554396351015241
segment,log,108,130,0.00940273040519113,0.9583850931677018,0.012302988454738355,0.9371428571428572,0.4450524943677033
segment,log,108,131,0.009455211371784074,0.9596273291925466,0.012227972965842096,0.9371428571428572,0.6046568543491708
segment,log,108,132,0.010631613181573815,0.9577639751552796,0.013072188185457042,0.9428571428571428,0.6434500165085102
segment,log,108,133,0.01045400332641631,0.9565217391304348,0.013536702208775158,0.9342857142857143,0.4690095996651142
segment,log,108,134,0.009485349262559263,0.9602484472049689,0.012482342013223392,0.94,0.4650797160203478
segment,log,108,135,0.009764416413343777,0.9596273291925466,0.012628593242229978,0.9428571428571428,0.5060804661989754
segment,log,108,136,0.009462731619008905,0.9602484472049689,0.012453298142650528,0.94,0.30950199368800874
segment,log,108,137,0.012195968141948078,0.9409937888198758,0.015217657785810992,0.9285714285714286,0.5971078092126435
segment,log,108,138,0.012680742546619717,0.9366459627329192,0.015717632009926527,0.9171428571428571,0.6802579487441546
segment,log,108,139,0.010810746449858882,0.9552795031055901,0.013916395253341565,0.9342857142857143,0.6290057823204899
segment,log,108,140,0.00930857838490091,0.9627329192546584,0.012264310848928813,0.94,0.5549504873087653
segment,log,108,141,0.009468960682483022,0.9639751552795031,0.012111495671941235,0.9428571428571428,0.6809938513361968
segment,log,108,142,0.008984673993799864,0.9633540372670808,0.011863814924408229,0.94,0.13976514393838751
segment,log,108,143,0.009240742285267244,0.962111801242236,0.012158233414027877,0.9428571428571428,0.635806029786828
segment,log,108,144,0.009364735974129894,0.9645962732919254,0.012064562602779496,0.9428571428571428,0.6108666176679107
segment,log,108,145,0.008932385149636058,0.9639751552795031,0.01164207586910499,0.9428571428571428,0.5363425397638395
segment,log,108,146,0.009666056861053762,0.9583850931677018,0.011960068241254842,0.94,0.6246759432312203
segment,log,108,147,0.008856939671943998,0.9639751552795031,0.011544046613274697,0.9428571428571428,0.5535222910707654
segment,log,108,148,0.008841651518993302,0.9633540372670808,0.011385800855244634,0.9428571428571428,0.5649787332865255
segment,log,108,149,0.009232796833487222,0.962111801242236,0.012056819379867799,0.9457142857142857,0.2289845294106251
segment,log,108,150,0.011357420528431346,0.9484472049689441,0.013050287369635264,0.9457142857142857,0.5351527474487144
segment,log,108,151,0.015651708792227242,0.924223602484472,0.018440623566057277,0.9085714285714286,0.6337986990283545
segment,log,108,152,0.00969088284979513,0.9608695652173913,0.012525760143401149,0.9428571428571428,0.4728671064374239
segment,log,108,153,0.008673821064806008,0.9664596273291925,0.011355653316062675,0.9457142857142857,0.4056269568567672
segment,log,108,154,0.008543442175818221,0.9639751552795031,0.011146328474032114,0.9457142857142857,0.2260507050052583
segment,log,108,155,0.008561914455130484,0.9658385093167702,0.011160286695700196,0.9457142857142857,0.6816717885884221
segment,log,108,156,0.00946054364509531,0.9652173913043478,0.011997811054025963,0.9428571428571428,0.49121670851946325
segment,log,108,157,0.008752459499122957,0.9652173913043478,0.011443063722693912,0.9485714285714286,0.51517178048264
segment,log,108,158,0.009180771341433759,0.9627329192546584,0.011931500899742003,0.9485714285714286,0.6427196988101908
segment,log,108,159,0.008574420400415448,0.9670807453416149,0.011316813654374995,0.9485714285714286,0.227043265781363
segment,log,108,160,0.010415637430148882,0.9527950310559006,0.013283643804606575,0.94,0.46739001922071566
segment,log,108,161,0.00858674364301686,0.9639751552795031,0.011117682107435752,0.9457142857142857,0.2980134230874832
segment,log,108,162,0.00840407754094013,0.9658385093167702,0.01115789417819861,0.9485714285714286,0.37742528384880253
segment,log,108,163,0.008789110208621376,0.9658385093167702,0.011466430199431102,0.9514285714285714,0.6983303885835938
segment,log,108,164,0.008318355970031242,0.9664596273291925,0.010924034396621606,0.9485714285714286,0.2637972245639836
segment,log,108,165,0.008332031914484077,0.9683229813664597,0.01093119024166547,0.9485714285714286,0.45242682358949493
segment,log,108,166,0.008610853016879822,0.9645962732919254,0.011359188714801932,0.9428571428571428,0.02626294622159298
segment,log,108,167,0.008217935576296733,0.9664596273291925,0.010912487636991411,0.9485714285714286,0.3498279009235718
segment,log,108,168,0.008232004292076302,0.9664596273291925,0.010849530000668867,0.9485714285714286,0.10196510907097449
segment,log,108,169,0.008338443257739579,0.9670807453416149,0.010860032756255354,0.9485714285714286,0.27532237631447
segment,log,108,170,0.008334670077977441,0.9677018633540373,0.011087661744360877,0.9428571428571428,0.1534690364684647
segment,log,108,171,0.008709061859216407,0.9633540372670808,0.011520135396883341,0.9457142857142857,0.3865932607482839
segment,log,108,172,0.008898288387155432,0.9590062111801242,0.010973685415222407,0.9514285714285714,0.5068608952259333
segment,log,108,173,0.00828971738962048,0.9683229813664597,0.011106689453112212,0.9428571428571428,0.43223378262402545
segment,log,108,174,0.008802059192398902,0.9645962732919254,0.011686833354178944,0.9485714285714286,0.5357300169689403
segment,log,108,175,0.011233428204622366,0.9472049689440993,0.013637739574696033,0.94,0.6350099163403518
segment,log,108,176,0.00822716248756366,0.9701863354037267,0.010891795250247267,0.9514285714285714,0.45132212317699777
segment,log,108,177,0.007875804640503033,0.9695652173913043,0.010598855506446575,0.9514285714285714,0.2059443190142213
segment,log,108,178,0.010574187404549806,0.9503105590062112,0.01224563972788597,0.9485714285714286,0.5152184289636725
segment,log,108,179,0.007927400876646054,0.970807453416149,0.010775136267980299,0.9514285714285714,0.056323657924993546
segment,log,108,180,0.013071198746270881,0.9354037267080745,0.01570463200232448,0.92,0.6649059171877416
segment,log,108,181,0.007863066857280462,0.9701863354037267,0.010512820495307794,0.9514285714285714,0.4594738136209593
segment,log,108,182,0.0078091434244975996,0.970807453416149,0.010512808303122912,0.9514285714285714,0.1464250622214075
segment,log,108,183,0.008390207482632263,0.9701863354037267,0.010856029909822758,0.9485714285714286,0.6470302272513381
segment,log,108,184,0.007728170976816595,0.9683229813664597,0.010387875748199034,0.9485714285714286,0.3486329305014887
segment,log,108,185,0.008313570811760134,0.9677018633540373,0.010516744214607708,0.9485714285714286,0.6138244356908259
segment,log,108,186,0.007781105188711525,0.9714285714285714,0.01027455731534726,0.9571428571428572,0.2722905254180877
segment,log,108,187,0.007617952963573875,0.9720496894409938,0.010313196146903743,0.9514285714285714,0.11499451705461602
segment,log,108,188,0.007939392010242267,0.9714285714285714,0.010700416444449976,0.9514285714285714,0.424831890469854
segment,log,108,189,0.00792659028345254,0.9701863354037267,0.010849821023320261,0.9485714285714286,0.34000742474203527
segment,log,108,190,0.007552686525268412,0.9695652173913043,0.010271052446104571,0.9485714285714286,0.4028297057731014
segment,log,108,191,0.007600323313739475,0.968944099378882,0.01035148447390804,0.9485714285714286,0.36180520642246705
segment,log,108,192,0.007626403446324377,0.9695652173913043,0.010431785194437439,0.9485714285714286,0.4618742998996902
segment,log,108,193,0.007788151939193089,0.9720496894409938,0.010719697171802673,0.9514285714285714,0.6163914348183961
segment,log,108,194,0.007687170771263436,0.9683229813664597,0.01020932663229874,0.9514285714285714,0.4855338494197629
segment,log,108,195,0.007600212411340176,0.9658385093167702,0.01021572538878058,0.9485714285714286,0.030883241438456208
segment,log,108,196,0.00738844337827635,0.970807453416149,0.010259252200522267,0.9485714285714286,0.23005262081026673
segment,log,108,197,0.008151680525213556,0.9639751552795031,0.010848859508161534,0.9514285714285714,0.46409509319063263
segment,log,108,198,0.0073355591581325975,0.9714285714285714,0.010317630569914428,0.9485714285714286,0.27773183160972686
segment,log,108,199,0.0074162731668932225,0.970807453416149,0.010226929817358569,0.9485714285714286,0.22007336583390613
segment,log,108,200,0.007439718786187046,0.9714285714285714,0.010202831004496846,0.9485714285714286,0.5822164800685092
segment,log,108,201,0.007797600580712949,0.9670807453416149,0.01058246205318145,0.9457142857142857,0.40208494031936354
segment,log,108,202,0.007266879492809442,0.970807453416149,0.01027322817085371,0.9514285714285714,0.13617537295876184
segment,log,108,203,0.007253563931075799,0.970807453416149,0.010275172005874694,0.9485714285714286,0.40711838995015764
segment,log,108,204,0.007661540910479074,0.9683229813664597,0.01071933814371721,0.9514285714285714,0.2876070007176864
segment,log,108,205,0.007277568787645644,0.970807453416149,0.010226031954242898,0.9514285714285714,0.42308132504216694
segment,log,108,206,0.007188312664498216,0.970807453416149,0.010250211842448929,0.9514285714285714,0.16859284676415537
segment,log,108,207,0.009744173068962627,0.9527950310559006,0.01171235746289911,0.9485714285714286,0.6086120503904519
segment,log,108,208,0.00716324656696769,0.9714285714285714,0.01011553978669348,0.9485714285714286,0.041596341032617085
segment,log,108,209,0.007201421829677757,0.970807453416149,0.010132237230235165,0.9485714285714286,0.28843098614173024
segment,log,108,210,0.007292145213202449,0.9714285714285714,0.010227817273835751,0.9485714285714286,0.38135886677163816
segment,log,108,211,0.00728918969592373,0.9720496894409938,0.010373575361304422,0.9514285714285714,0.45312485932286906
segment,log,108,212,0.007162928212907027,0.9720496894409938,0.010280857433040445,0.9514285714285714,0.3987765691987927
segment,log,108,213,0.007821255803572546,0.9645962732919254,0.010682068456488997,0.9457142857142857,0.46326996586770625
segment,log,108,214,0.007051271956432536,0.970807453416149,0.01010397265009228,0.9514285714285714,0.032876772869523084
segment,log,108,215,0.007495034385962958,0.9701863354037267,0.010271197652116296,0.9542857142857143,0.4748801856184324
segment,log,108,216,0.007041497411962982,0.9720496894409938,0.009967948975372414,0.9485714285714286,0.048834312133997526
segment,log,108,217,0.007088542040866689,0.9714285714285714,0.010093585272766705,0.9485714285714286,0.3485378680577321
segment,log,108,218,0.007013133291728685,0.9714285714285714,0.010054148370284724,0.9485714285714286,0.19413691748118628
segment,log,108,219,0.0070099407198000365,0.9726708074534162,0.010114267561709477,0.9514285714285714,0.10083006246296637
segment,log,108,220,0.0069707259211190305,0.9720496894409938,0.009984842091534897,0.9485714285714286,0.046647781873766905
segment,log,108,221,0.006997789676569381,0.9726708074534162,0.010132556274919435,0.9514285714285714,0.2718345037082655
segment,log,108,222,0.008843379498784077,0.9571428571428572,0.010967469579346491,0.9485714285714286,0.46890224735660546
segment,log,108,223,0.007229104627927297,0.9683229813664597,0.010024150497080452,0.9514285714285714,0.5779178031035068
segment,log,108,224,0.006925245385306031,0.9726708074534162,0.010035163355503933,0.9514285714285714,0.30190276217298234
segment,log,108,225,0.009009983854239772,0.9583850931677018,0.012168434912318733,0.9371428571428572,0.5171430975496734
segment,log,108,226,0.008402853380161602,0.9602484472049689,0.010718955661364287,0.9485714285714286,0.030735674113634225
segment,log,108,227,0.0068389057430983564,0.9714285714285714,0.009960573212927258,0.9485714285714286,0.22873798832180897
segment,log,108,228,0.00782002453554105,0.9677018633540373,0.01085045389664762,0.9542857142857143,0.6212835787455888
segment,log,108,229,0.007112695631441438,0.9677018633540373,0.010089911910590959,0.9485714285714286,0.34988862524757475
segment,log,108,230,0.007619991494969719,0.9701863354037267,0.010692512385079856,0.9485714285714286,0.596230626094351
segment,log,108,231,0.0076989000085665015,0.9683229813664597,0.011110265965240862,0.9457142857142857,0.6102703667790215
segment,log,108,232,0.006842055295555742,0.970807453416149,0.010051142055673637,0.9485714285714286,0.17105421113045843
segment,log,108,233,0.006805097964333075,0.9726708074534162,0.010101867302867957,0.9514285714285714,0.15769870991214338
segment,log,108,234,0.007023060894589708,0.9714285714285714,0.010360931835891447,0.9514285714285714,0.29383431868627186
segment,log,108,235,0.006747815176638423,0.9726708074534162,0.009934497872615107,0.9485714285714286,0.162004177472183
segment,log,108,236,0.006752347365352577,0.9720496894409938,0.009956277338895071,0.9485714285714286,0.10210848896720559
segment,log,108,237,0.006721906910150164,0.9714285714285714,0.009882864059010092,0.9485714285714286,0.34089221648104334
segment,log,108,238,0.006843595512482431,0.9732919254658385,0.010040157142850325,0.9485714285714286,0.6009246911534699
segment,log,108,239,0.008347598062924155,0.9590062111801242,0.010730187193373132,0.9457142857142857,0.6712423928574778
segment,log,108,240,0.0072351489776814664,0.9677018633540373,0.01025290481061285,0.9457142857142857,0.40629063207473676
segment,log,108,241,0.007260504463907324,0.9695652173913043,0.01064221053830439,0.9514285714285714,0.5350257277278653
segment,log,108,242,0.006604242040316419,0.9726708074534162,0.009894148366657226,0.9514285714285714,0.5631721065157219
segment,log,108,243,0.006875781074928771,0.968944099378882,0.009938766036534475,0.9457142857142857,0.07215321026075695
segment,log,108,244,0.006775173398064608,0.9714285714285714,0.009873107445098131,0.9485714285714286,0.036250094207107744
segment,log,108,245,0.007673106743915242,0.9664596273291925,0.01036585948318559,0.9485714285714286,0.4105304811345227
segment,log,108,246,0.006678634255115889,0.9714285714285714,0.009861294837336868,0.9485714285714286,0.12290565064912756
segment,log,108,247,0.006590630062152407,0.9726708074534162,0.009904984428135795,0.9514285714285714,0.6601712450583607
segment,log,108,248,0.006605902255661635,0.9739130434782609,0.009740418586230341,0.9485714285714286,0.12185520474673031
segment,log,108,249,0.006970709049491035,0.970807453416149,0.010300973295214115,0.9514285714285714,0.3312717945794247
segment,log,108,250,0.006607467707129677,0.9726708074534162,0.009943512100211528,0.9514285714285714,0.09762041829389306
segment,log,108,251,0.006912792056840973,0.9714285714285714,0.009911190393457675,0.9485714285714286,0.07282869737818413
segment,log,108,252,0.006539645517954726,0.9720496894409938,0.009932889087852344,0.9514285714285714,0.007070031911834477
segment,log,108,253,0.006845921748406901,0.9726708074534162,0.010294133130283,0.9514285714285714,0.3016715706831329
segment,log,108,254,0.006521846875255123,0.9720496894409938,0.009840997989845139,0.9542857142857143,0.488282402629986
segment,log,108,255,0.0069691541614724855,0.9726708074534162,0.010123850643793893,0.9457142857142857,0.5390149610350274
segment,log,108,256,0.006511583706118275,0.9739130434782609,0.009786451239187074,0.9485714285714286,0.3215569972030699
segment,log,108,257,0.006548556500364735,0.9739130434782609,0.009837201680510763,0.9514285714285714,0.521219614085556
segment,log,108,258,0.008836184529024073,0.9571428571428572,0.010697745280382963,0.9485714285714286,0.5149012427408282
segment,log,108,259,0.006561034568966715,0.9726708074534162,0.009893861743419606,0.9514285714285714,0.5693584238790746
segment,log,108,260,0.006422643251940367,0.9732919254658385,0.009740016137603055,0.9514285714285714,0.3053674182153675
segment,log,108,261,0.006374256770698962,0.9732919254658385,0.009705766656675859,0.9542857142857143,0.2913784573477967
segment,log,108,262,0.006419559461902846,0.9732919254658385,0.009673661323253951,0.9485714285714286,0.2520524345040764
segment,log,108,263,0.006365766851027389,0.9726708074534162,0.009674477008620517,0.9542857142857143,0.31010957474906026
segment,log,108,264,0.00667913642148346,0.9714285714285714,0.010166042729600625,0.9514285714285714,0.47528250646204023
segment,log,108,265,0.00637533760780122,0.9745341614906833,0.009858898191801519,0.9542857142857143,0.4391031671625307
segment,log,108,266,0.006330200659158459,0.9739130434782609,0.009810726999185759,0.9514285714285714,0.18917415845796443
segment,log,108,267,0.006350787201021318,0.9726708074534162,0.009687303317419392,0.9485714285714286,0.24678869259793576
segment,log,108,268,0.006369344855438197,0.9745341614906833,0.009611325029915477,0.9514285714285714,0.29727998369069114
segment,log,108,269,0.007064093736795323,0.970807453416149,0.009924755143535762,0.9485714285714286,0.544683413644796
segment,log,108,270,0.020226222951400728,0.9124223602484473,0.02218922835283927,0.9085714285714286,0.6119860372537178
segment,log,108,271,0.006336764957585881,0.9739130434782609,0.009777858649226047,0.9514285714285714,0.34554258980244273
segment,log,108,272,0.006266130386380333,0.9732919254658385,0.009682400568001357,0.9514285714285714,0.30457886148591234
segment,log,108,273,0.0062509310491202195,0.9732919254658385,0.009687673572686241,0.9514285714285714,0.056810167323862314
segment,log,108,274,0.006732063360785128,0.9714285714285714,0.010303776649155588,0.9542857142857143,0.479666005499748
segment,log,108,275,0.010151978593888668,0.9478260869565217,0.013509662636553638,0.9285714285714286,0.5658279564198836
segment,log,108,276,0.006583948739061438,0.9726708074534162,0.010069218930459466,0.9514285714285714,0.45503314498202463
segment,log,108,277,0.0066444251354706675,0.970807453416149,0.00974334627842398,0.9514285714285714,0.5793875677933884
segment,log,108,278,0.008933579125282849,0.9559006211180124,0.011076757491693784,0.9428571428571428,0.6248232470472789
segment,log,108,279,0.006236775363602061,0.9745341614906833,0.009545253500781257,0.9542857142857143,0.029883783102337042
segment,log,108,280,0.006313566037675115,0.9726708074534162,0.009781954852926284,0.9542857142857143,0.3698797827721415
segment,log,108,281,0.006170593550933839,0.9745341614906833,0.009576500735304614,0.9514285714285714,0.28556732117183437
segment,log,108,282,0.006199190207342345,0.9732919254658385,0.009763161515674254,0.9542857142857143,0.36902115359295173
segment,log,108,283,0.007440379121215928,0.9701863354037267,0.010370412568372992,0.9457142857142857,0.6359469707756743
segment,log,108,284,0.006242192401654781,0.9732919254658385,0.009667989373924988,0.9542857142857143,0.41366961751365317
segment,log,108,285,0.0062970981530422986,0.9726708074534162,0.009838691217635488,0.9542857142857143,0.5892970981667138
segment,log,108,286,0.006346586861399458,0.9732919254658385,0.009613662525221951,0.9485714285714286,0.23499326697250572
segment,log,108,287,0.00613069611070124,0.9745341614906833,0.009483602284400034,0.9514285714285714,0.21278866001922972
segment,log,108,288,0.0063893983131113495,0.9739130434782609,0.009383269273702071,0.9514285714285714,0.5407622129120521
segment,log,108,289,0.006286909815189381,0.9745341614906833,0.009765058320984631,0.9542857142857143,0.41740078548453013
segment,log,108,290,0.006170727063461867,0.9757763975155279,0.009523214482221327,0.9514285714285714,0.1602486500683875
segment,log,108,291,0.0060815383099696385,0.9770186335403727,0.00944936195456199,0.9542857142857143,0.2697872226545618
segment,log,108,292,0.006171222454498988,0.9726708074534162,0.009693797698740014,0.9485714285714286,0.34542684983536964
segment,log,108,293,0.006097873189811481,0.9757763975155279,0.009525389515678545,0.9514285714285714,0.42471560244336576
segment,log,108,294,0.00748434980772038,0.9645962732919254,0.009944811851001937,0.9485714285714286,0.5224019404409629
segment,log,108,295,0.010403628125786319,0.9509316770186336,0.013314542194131007,0.94,0.5401420377999743
segment,log,108,296,0.007253298310386867,0.968944099378882,0.009906540069797526,0.9485714285714286,0.3930895590575615
segment,log,108,297,0.0060862924470599334,0.9745341614906833,0.009454197571513641,0.9485714285714286,0.5726346418048359
segment,log,108,298,0.006150084457139101,0.9745341614906833,0.009461638393737872,0.9485714285714286,0.18645791920105526
segment,log,108,299,0.006006069053719752,0.9770186335403727,0.009470843988112963,0.9542857142857143,0.25071787665681367
segment,log,108,300,0.0061071778559709956,0.9757763975155279,0.0095172529099451,0.9485714285714286,0.36311547456837057
segment,log,108,301,0.0060030426041684515,0.9757763975155279,0.00955080053707098,0.9542857142857143,0.1367711502406818
segment,log,108,302,0.00611781391753239,0.9757763975155279,0.009492296596805835,0.9514285714285714,0.36659854749403153
segment,log,108,303,0.006138114997637754,0.9739130434782609,0.00935166669749462,0.9485714285714286,0.42421970722994545
segment,log,108,304,0.006127334737529769,0.9770186335403727,0.0095882391253309,0.9542857142857143,0.4516430984388704
segment,log,108,305,0.008587616103803215,0.9583850931677018,0.010813715841891263,0.9457142857142857,0.5878145900105792
segment,log,108,306,0.005986289262460768,0.977639751552795,0.00942812409293455,0.9514285714285714,0.356744870352615
segment,log,108,307,0.005917968811123457,0.9770186335403727,0.009415275778259834,0.9514285714285714,0.07160811712223913
segment,log,108,308,0.006445806784021959,0.970807453416149,0.00957362453168217,0.9485714285714286,0.30916865828472495
segment,log,108,309,0.006001272969390665,0.9726708074534162,0.009632874445111983,0.9485714285714286,0.15937889450993317
segment,log,108,310,0.006289817829709707,0.9714285714285714,0.00949409706787667,0.9514285714285714,0.37899495424996993
segment,log,108,311,0.005907144830728979,0.9763975155279503,0.009417985240926786,0.9542857142857143,0.06830418008234561
segment,log,108,312,0.005880973191633027,0.9757763975155279,0.00948623425592479,0.9542857142857143,0.22341254739661678
segment,log,108,313,0.0058726875596506346,0.9757763975155279,0.009381439451796682,0.9514285714285714,0.24083212423401312
segment,log,108,314,0.005866270287897508,0.9770186335403727,0.00934625298388212,0.9514285714285714,0.572203510839572
segment,log,108,315,0.006029428711069088,0.9745341614906833,0.009311567086490686,0.9514285714285714,0.43135328353739133
segment,log,108,316,0.005855393964876249,0.9757763975155279,0.009316415085410238,0.9542857142857143,0.010879966089349512
segment,log,108,317,0.005877016278224132,0.9751552795031055,0.009506653062014855,0.9571428571428572,0.10034457536558725
segment,log,108,318,0.0059251531370803,0.9739130434782609,0.009586529713403912,0.9571428571428572,0.40180544348412267
segment,log,108,319,0.005837174619454929,0.9745341614906833,0.009508329624314292,0.9542857142857143,0.3297111324317698
segment,log,108,320,0.005869904932941779,0.9757763975155279,0.009377616784180866,0.9514285714285714,0.26571221124316136
segment,log,108,321,0.00616028783755697,0.9720496894409938,0.009883293669524788,0.9542857142857143,0.031649077568405654
segment,log,108,322,0.005794099292063501,0.9763975155279503,0.009356918625575722,0.9571428571428572,0.20074775275115508
segment,log,108,323,0.006307528800417834,0.9745341614906833,0.00954989906613863,0.9485714285714286,0.6044408828751516
segment,log,108,324,0.005805892385881396,0.9763975155279503,0.009389690318489975,0.9542857142857143,0.27878218881398437
segment,log,108,325,0.005774519413450859,0.9751552795031055,0.009409304742756149,0.9514285714285714,0.2630209519897988
segment,log,108,326,0.0058611089544801055,0.9751552795031055,0.009504174341015605,0.9514285714285714,0.47620322896921585
segment,log,108,327,0.0057821758561916415,0.9751552795031055,0.009420206661616661,0.9514285714285714,0.28379631832685215
segment,log,108,328,0.005749537580109389,0.9770186335403727,0.009275688360562084,0.9542857142857143,0.2021213954482371
segment,log,108,329,0.009677749168059175,0.9515527950310559,0.012734699782055705,0.9371428571428572,0.4899165422279458
segment,log,108,330,0.007009524996884473,0.968944099378882,0.009737880088411248,0.9485714285714286,0.4653287213829523
segment,log,108,331,0.007405514311007905,0.9645962732919254,0.009748273476738213,0.9457142857142857,0.5643420128070897
segment,log,108,332,0.00574565960649129,0.9770186335403727,0.009396896395563709,0.9514285714285714,0.1612513278274243
segment,log,108,333,0.005813987690421763,0.9751552795031055,0.0091993222929873,0.9514285714285714,0.5605646351441942
segment,log,108,334,0.005687501469203124,0.9763975155279503,0.009309805049503317,0.9514285714285714,0.2658762988449728
segment,log,108,335,0.005698054524305098,0.9770186335403727,0.009230342331646862,0.9514285714285714,0.24904847605376224
segment,log,108,336,0.005928863170789964,0.9745341614906833,0.00932217317491999,0.9485714285714286,0.3227979282536962
segment,log,108,337,0.005801751141889249,0.9751552795031055,0.009213608392788718,0.9485714285714286,0.23100397576622272
segment,log,108,338,0.005872622175515654,0.9757763975155279,0.009485938972594098,0.9542857142857143,0.6741472441975399
segment,log,108,339,0.00565485529294382,0.9770186335403727,0.009290778998150053,0.9542857142857143,0.18438694930841623
segment,log,108,340,0.0057035837589036594,0.9763975155279503,0.009223505764442289,0.9485714285714286,0.5663589444017617
segment,log,108,341,0.007805336450802915,0.962111801242236,0.010244937406790864,0.9485714285714286,0.5866673693987577
segment,log,108,342,0.0057000775331437145,0.9757763975155279,0.009243543518682116,0.9485714285714286,0.22308128769149932
segment,log,108,343,0.005711694302159337,0.9751552795031055,0.009261109245481495,0.9485714285714286,0.362403657020716
segment,log,108,344,0.006798666126322737,0.968944099378882,0.009628011535725211,0.9485714285714286,0.4221735402737503
segment,log,108,345,0.005928767970956118,0.9726708074534162,0.009275484670856754,0.9514285714285714,0.2803976278742995
segment,log,108,346,0.007455629154572723,0.9639751552795031,0.010861410973501611,0.9514285714285714,0.5931621709790771
segment,log,108,347,0.011769411352765876,0.9453416149068323,0.014869209188777337,0.94,0.6629778349191695
segment,log,108,348,0.005887228427243427,0.977639751552795,0.009944109716282241,0.9571428571428572,0.5638005922669355
segment,log,108,349,0.0058630622193834615,0.9757763975155279,0.009745682678831705,0.9542857142857143,0.17897786414558992
segment,log,108,350,0.005719252534379432,0.977639751552795,0.009656308697554803,0.9542857142857143,0.2540895101315504
segment,log,109,1,0.0922498834040877,0.5503105590062112,0.09126413192699263,0.5571428571428572,0.9686465792080559
segment,log,109,2,0.07962177994963204,0.5807453416149069,0.07953445453801332,0.5914285714285714,0.8861534595038819
segment,log,109,3,0.07147213320933966,0.6124223602484472,0.07104048620149114,0.6114285714285714,0.7871292747547693
segment,log,109,4,0.06683206147744276,0.6385093167701863,0.06700295562870168,0.6342857142857142,0.8754825669881153
segment,log,109,5,0.06442258269236333,0.65527950310559,0.06486821446691937,0.6571428571428571,0.9073410052575435
segment,log,109,6,0.06297973493357704,0.6496894409937888,0.06404693196243118,0.6542857142857142,0.9319650905803228
segment,log,109,7,0.06319273606669217,0.6726708074534161,0.06410160028215095,0.66,0.8523692317307565
segment,log,109,8,0.06030785556195693,0.6664596273291925,0.06237675053251889,0.66,0.8340776712655389
segment,log,109,9,0.06480736183484734,0.684472049689441,0.06723420916917501,0.6742857142857143,0.7377821842459913
segment,log,109,10,0.059854716542849525,0.6540372670807454,0.061489306324495834,0.6514285714285715,0.9311741935290194
segment,log,109,11,0.06631508150988256,0.684472049689441,0.06942472254211259,0.6742857142857143,0.7971785808477844
segment,log,109,12,0.044466325976729316,0.7614906832298136,0.045870356839441816,0.7714285714285715,0.7868197068036866
segment,log,109,13,0.04324897123344271,0.7720496894409938,0.04470491188425478,0.7571428571428571,0.8387593028564314
segment,log,109,14,0.04460756899794958,0.7559006211180124,0.04568129234610024,0.76,0.8028377730800028
segment,log,109,15,0.03960868310180133,0.7763975155279503,0.0406566705058759,0.7742857142857142,0.7440529349827523
segment,log,109,16,0.03928602359047764,0.7801242236024845,0.040368863851578646,0.7714285714285715,0.6259267906417781
segment,log,109,17,0.040346565846518176,0.7732919254658385,0.04113370344002005,0.7742857142857142,0.44118081316007723
segment,log,109,18,0.04140218223844507,0.7782608695652173,0.04359980682381273,0.76,0.6768693808826265
segment,log,109,19,0.03814336868956086,0.7875776397515528,0.03951569877189914,0.7828571428571428,0.5677314013147501
segment,log,109,20,0.03806607867127814,0.7795031055900621,0.03916046259470921,0.7828571428571428,0.3578173964712659
segment,log,109,21,0.0377397758564323,0.7919254658385093,0.03946736829745459,0.7828571428571428,0.8167543887591581
segment,log,109,22,0.042678418237801954,0.7633540372670807,0.04373620463910672,0.7657142857142857,0.813121028380537
segment,log,109,23,0.03807763206293804,0.782608695652174,0.03906520918058716,0.7771428571428571,0.8055323327513967
segment,log,109,24,0.03690936803060037,0.7894409937888198,0.0386801766103706,0.7742857142857142,0.4437976572602456
segment,log,109,25,0.03667766902145685,0.7931677018633541,0.038571537319802646,0.7857142857142857,0.7674575085719227
segment,log,109,26,0.03624576268751131,0.7906832298136646,0.03788644993343462,0.7885714285714286,0.6181548300732612
segment,log,109,27,0.03576163226473164,0.7937888198757764,0.037522966508226105,0.7828571428571428,0.7836075710939481
segment,log,109,28,0.030545763035048492,0.9074534161490683,0.0314559833689294,0.9028571428571428,0.6898131075331507
segment,log,109,29,0.02357332296848956,0.915527950310559,0.02451954949136257,0.9114285714285715,0.4891256806311165
segment,log,109,30,0.022666985422584097,0.929192546583851,0.02385947770709573,0.9142857142857143,0.6785914132850502
segment,log,109,31,0.02892297930111495,0.8745341614906832,0.03216677257197866,0.84,0.7545118935412287
segment,log,109,32,0.020325504800331705,0.9254658385093167,0.021553301645318376,0.9114285714285715,0.6785009876341529
segment,log,109,33,0.017340486879008247,0.9354037267080745,0.019535770995667986,0.9142857142857143,0.33442409410154206
segment,log,109,34,0.01795641345944105,0.9260869565217391,0.01924824112238246,0.9142857142857143,0.4833608553979317
segment,log,109,35,0.01631972358091663,0.9347826086956522,0.018521902100894147,0.9228571428571428,0.22555405505976248
segment,log,109,36,0.017357569893722592,0.9279503105590062,0.018768855668376248,0.9171428571428571,0.608866961075075
segment,log,109,37,0.018640386529779406,0.9260869565217391,0.02134133942234493,0.9228571428571428,0.5283816689846609
segment,log,109,38,0.019103810177365857,0.9180124223602485,0.021852462009809347,0.9057142857142857,0.5737997007030691
segment,log,109,39,0.016132357991194,0.9422360248447205,0.018548520309094933,0.9342857142857143,0.4536476040997482
segment,log,109,40,0.016577391327611032,0.9298136645962732,0.01788043716013461,0.9228571428571428,0.690248546727589
segment,log,109,41,0.01646012736882699,0.9329192546583851,0.01820992284331235,0.9171428571428571,0.6557810151476431
segment,log,109,42,0.015633405430487836,0.9366459627329192,0.017077906971687665,0.9285714285714286,0.6196620942516478
segment,log,109,43,0.01650497856554241,0.9322981366459627,0.01771946802075489,0.9171428571428571,0.6559398102223726
segment,log,109,44,0.01769344266019021,0.9267080745341615,0.01897190499500203,0.9171428571428571,0.802464085159022
segment,log,109,45,0.014713659091029936,0.9360248447204969,0.016332296073859918,0.9285714285714286,0.38456242661001344
segment,log,109,46,0.01586043787148297,0.9397515527950311,0.018426581066237416,0.9314285714285714,0.5787475963709233
segment,log,109,47,0.015948317628231398,0.9347826086956522,0.017269980075625257,0.9285714285714286,0.6506963587101285
segment,log,109,48,0.013970794347532076,0.9391304347826087,0.015932565462089945,0.9314285714285714,0.5836897613871532
segment,log,109,49,0.013878700070606681,0.9366459627329192,0.015867089498615754,0.9257142857142857,0.3782771690379639
segment,log,109,50,0.017841849019845615,0.9204968944099379,0.02072690252862836,0.9171428571428571,0.6259945430954578
segment,log,109,51,0.014285209183520334,0.9440993788819876,0.01667579105066759,0.9342857142857143,0.4157527618930659
segment,log,109,52,0.013647244898482928,0.937888198757764,0.015560812812757941,0.9285714285714286,0.5424999360071617
segment,log,109,53,0.015093039829352619,0.931055900621118,0.016505845611657986,0.9257142857142857,0.611583499740598
segment,log,109,54,0.013347317634226172,0.9385093167701863,0.015423094175681442,0.9314285714285714,0.4177134234140027
segment,log,109,55,0.01363746924687848,0.937888198757764,0.01543279351677333,0.9285714285714286,0.1717624672656711
segment,log,109,56,0.013190998267722364,0.9397515527950311,0.015319517948853674,0.9314285714285714,0.5821837404535504
segment,log,109,57,0.013894085464741406,0.937888198757764,0.015924904510985487,0.9285714285714286,0.4825577175038135
segment,log,109,58,0.013225590313270003,0.9484472049689441,0.015490621359994535,0.9371428571428572,0.20597120654084006
segment,log,109,59,0.01341418558490939,0.9503105590062112,0.0160507355894715,0.9371428571428572,0.5688273864163088
segment,log,109,60,0.02189745038476912,0.9037267080745341,0.025162294030006548,0.8914285714285715,0.5695461253768757
segment,log,109,61,0.013264799880439297,0.9465838509316771,0.015799074191184422,0.9371428571428572,0.3631494949520891
segment,log,109,62,0.013731531504121593,0.9440993788819876,0.016351418026402182,0.9371428571428572,0.5625652414956319
segment,log,109,63,0.01318403669560951,0.9385093167701863,0.015168902967705407,0.9285714285714286,0.41120659274375604
segment,log,109,64,0.013449681479208766,0.937888198757764,0.015361608982798302,0.9257142857142857,0.6541002542244463
segment,log,109,65,0.01264597322339659,0.9490683229813665,0.015170823911717122,0.9371428571428572,0.4464006868267447
segment,log,109,66,0.013946637795420573,0.9428571428571428,0.016745245396183973,0.9257142857142857,0.6488038888880202
segment,log,109,67,0.012339717749780802,0.9465838509316771,0.014670605602737623,0.9342857142857143,0.2223978874711776
segment,log,109,68,0.012321019392868988,0.9496894409937888,0.014614858142435582,0.9371428571428572,0.35300275148381244
segment,log,109,69,0.012318807067750601,0.9509316770186336,0.014692950830883929,0.9371428571428572,0.20955423524264108
segment,log,109,70,0.012134750252838824,0.9459627329192547,0.01453172551156349,0.9314285714285714,0.6997534296357306
segment,log,109,71,0.01244499032108956,0.9496894409937888,0.014696621247742547,0.9371428571428572,0.727393434860435
segment,log,109,72,0.013376803524787043,0.9397515527950311,0.015541367430469027,0.9257142857142857,0.23018909757428663
segment,log,109,73,0.012701240392773495,0.9416149068322981,0.014856640087752117,0.9285714285714286,0.3727586278390653
segment,log,109,74,0.01556300085733153,0.9260869565217391,0.018588699973219252,0.9057142857142857,0.7138809664984948
segment,log,109,75,0.012321473853726209,0.9478260869565217,0.01471534835372588,0.9371428571428572,0.5678504131859349
segment,log,109,76,0.012135210121582989,0.9472049689440993,0.014359638574818428,0.9371428571428572,0.17916952639580278
segment,log,109,77,0.01213982135395512,0.9465838509316771,0.014586106191313026,0.9371428571428572,0.5164443941612415
segment,log,109,78,0.013039496031925465,0.9472049689440993,0.015556036913333736,0.94,0.4378699863595891
segment,log,109,79,0.011989190273187756,0.9416149068322981,0.014217410678071956,0.9285714285714286,0.4609894702024324
segment,log,109,80,0.012033281198084519,0.9496894409937888,0.014190240045209083,0.94,0.3523576745297017
segment,log,109,81,0.01189010942629745,0.9484472049689441,0.014193867127932277,0.94,0.6481237015276873
segment,log,109,82,0.011829651833518463,0.9434782608695652,0.014007914872447435,0.9314285714285714,0.21832138990804764
segment,log,109,83,0.011790093457634042,0.9434782608695652,0.014085121934724942,0.9314285714285714,0.4146581233189987
segment,log,109,84,0.013255955009346908,0.9391304347826087,0.015708697285026496,0.9257142857142857,0.7787646317325966
segment,log,109,85,0.012078033250092254,0.9385093167701863,0.014091671227103754,0.9285714285714286,0.5618243878847555
segment,log,109,86,0.012701426289450366,0.9416149068322981,0.014736652162393763,0.9314285714285714,0.6409451138089596
segment,log,109,87,0.012439325026627578,0.9391304347826087,0.014362392148011443,0.9342857142857143,0.5640448642137824
segment,log,109,88,0.0114444975865719,0.9465838509316771,0.01362751488304322,0.9342857142857143,0.4005325723621879
segment,log,109,89,0.011463821110768638,0.9490683229813665,0.013759771765374202,0.9371428571428572,0.2989221430739841
segment,log,109,90,0.011622741581046377,0.9490683229813665,0.014048509592784031,0.9371428571428572,0.2829867589778034
segment,log,109,91,0.012997426326538723,0.9434782608695652,0.016229724491974525,0.9314285714285714,0.598658347759401
segment,log,109,92,0.011190572663674975,0.9478260869565217,0.013708792621544728,0.9342857142857143,0.13568125202314424
segment,log,109,93,0.011854500063024295,0.9403726708074535,0.014091606229112052,0.9285714285714286,0.29437577605315074
segment,log,109,94,0.01372071051598302,0.9366459627329192,0.015622021688158884,0.9285714285714286,0.7475983431591602
segment,log,109,95,0.011888433836575965,0.9409937888198758,0.01400014736066862,0.9314285714285714,0.15430102710447935
segment,log,109,96,0.011262010924358454,0.9453416149068323,0.013619795642091712,0.9285714285714286,0.15905737548909696
segment,log,109,97,0.010978373743014688,0.9490683229813665,0.013368050255330267,0.9342857142857143,0.3392618709103345
segment,log,109,98,0.01154801661246416,0.9478260869565217,0.014084981841441507,0.9342857142857143,0.4720479954266924
segment,log,109,99,0.01336121885789483,0.9347826086956522,0.016089611999965177,0.92,0.6719885022097329
segment,log,109,100,0.011203670755205617,0.9503105590062112,0.013768415130281238,0.9371428571428572,0.41033732103265375
segment,log,109,101,0.011352157967081635,0.9503105590062112,0.013634472630991674,0.9371428571428572,0.611248811524409
segment,log,109,102,0.010817770801419576,0.9496894409937888,0.013257021989660707,0.9342857142857143,0.6287783719774254
segment,log,109,103,0.013770097389382712,0.9298136645962732,0.016598772277776185,0.92,0.6301993288111103
segment,log,109,104,0.011846002935079064,0.9465838509316771,0.014380720232531652,0.9285714285714286,0.6176825808989528
segment,log,109,105,0.01108289171581468,0.9503105590062112,0.013597475451931532,0.9457142857142857,0.6801138363136303
segment,log,109,106,0.010721482842629783,0.9496894409937888,0.012994430926342268,0.9428571428571428,0.17011865448755029
segment,log,109,107,0.010562956233300419,0.9515527950310559,0.012931725242982096,0.94,0.6768628833244799
segment,log,109,108,0.010843186885923757,0.9503105590062112,0.013009273363264224,0.94,0.36018208951003494
segment,log,109,109,0.011834551448710763,0.94472049689441,0.014428736258132254,0.9342857142857143,0.4954544307982012
segment,log,109,110,0.010738874592663858,0.953416149068323,0.012986328776488606,0.94,0.5786150506489862
segment,log,109,111,0.011447530364194335,0.9440993788819876,0.01341695541408774,0.9371428571428572,0.49023439132139623
segment,log,109,112,0.010494294366451462,0.9521739130434783,0.01294819455632348,0.94,0.40570237693980876
segment,log,109,113,0.010762481772038418,0.9521739130434783,0.013078180211350082,0.9371428571428572,0.6102177325406482
segment,log,109,114,0.010542484698488232,0.9503105590062112,0.013096013046594626,0.94,0.6152242077477637
segment,log,109,115,0.010700787325603062,0.9527950310559006,0.013267311670924882,0.94,0.5794992783852502
segment,log,109,116,0.011328942936955964,0.94472049689441,0.01353196858655627,0.9342857142857143,0.5856281930896406
segment,log,109,117,0.010789761823312555,0.9478260869565217,0.01311366531157526,0.9342857142857143,0.1538775879592401
segment,log,109,118,0.010417737883492775,0.9509316770186336,0.012951033914356612,0.9371428571428572,0.6033537340839026
segment,log,109,119,0.010616418158696992,0.9527950310559006,0.013293958384777592,0.94,0.6022320523697482
segment,log,109,120,0.010438426248427229,0.9515527950310559,0.013190314135465318,0.9371428571428572,0.17720355816455954
segment,log,109,121,0.010295049702641376,0.9527950310559006,0.012759407301530896,0.9371428571428572,0.5989664812257012
segment,log,109,122,0.010264604045944804,0.953416149068323,0.012823936197099987,0.9371428571428572,0.1807316083414959
segment,log,109,123,0.012694143213829967,0.937888198757764,0.014130813054928667,0.9371428571428572,0.7149450146174916
segment,log,109,124,0.010769673120716736,0.9559006211180124,0.012939653211861886,0.9428571428571428,0.6100165901715806
segment,log,109,125,0.010015627875752236,0.9552795031055901,0.012437786414127815,0.94,0.3213628695504301
segment,log,109,126,0.009988892463734906,0.9540372670807453,0.012515247692459588,0.9457142857142857,0.5755343863363163
segment,log,109,127,0.010495233032260689,0.9527950310559006,0.012899463713127267,0.9428571428571428,0.6038957654552092
segment,log,109,128,0.0099411430724368,0.953416149068323,0.01241089544445511,0.94,0.16958232817203878
segment,log,109,129,0.00996455113388534,0.9546583850931677,0.012510337041165057,0.94,0.4034271974804551
segment,log,109,130,0.010960011780297624,0.9453416149068323,0.013397958172601213,0.9371428571428572,0.45627599075401004
segment,log,109,131,0.010253474747188884,0.9552795031055901,0.012784673627656971,0.9457142857142857,0.6087479883348467
segment,log,109,132,0.009849475933158696,0.9559006211180124,0.012482047555299065,0.9428571428571428,0.1251131223517844
segment,log,109,133,0.01279642631705651,0.9397515527950311,0.01567804812797996,0.9285714285714286,0.603961850196488
segment,log,109,134,0.009939844303064167,0.9540372670807453,0.012527392730475668,0.9428571428571428,0.09454310212778215
segment,log,109,135,0.01007699416094573,0.9521739130434783,0.012797364440228014,0.94,0.4155972769330528
segment,log,109,136,0.009898973055011393,0.9552795031055901,0.012387051737338423,0.9457142857142857,0.6065910263202112
segment,log,109,137,0.010056410044498183,0.9521739130434783,0.012840602602899653,0.9428571428571428,0.40286539025619034
segment,log,109,138,0.009673587991119144,0.9565217391304348,0.012253812481206758,0.9428571428571428,0.17681233255709652
segment,log,109,139,0.01009055883211608,0.9521739130434783,0.012798595713680938,0.94,0.3915231031659518
segment,log,109,140,0.009851304124168892,0.9540372670807453,0.012377350076961939,0.94,0.09430453869217573
segment,log,109,141,0.00962523151452884,0.9559006211180124,0.012195379348584194,0.9457142857142857,0.21509645577502032
segment,log,109,142,0.011413258246402012,0.9434782608695652,0.014656839203956856,0.94,0.4266067669863232
segment,log,109,143,0.010069277242812114,0.953416149068323,0.01275825185493335,0.9428571428571428,0.5122949190247942
segment,log,109,144,0.014215877362376096,0.9329192546583851,0.015794781495179433,0.9371428571428572,0.7384199486217272
segment,log,109,145,0.0098226619136374,0.9527950310559006,0.012728757327547333,0.94,0.39398627477259796
segment,log,109,146,0.009563627536868324,0.9559006211180124,0.012323993795100002,0.94,0.5726809941429107
segment,log,109,147,0.009704412041760195,0.9527950310559006,0.012538292861076343,0.94,0.6197932894032744
segment,log,109,148,0.011443390069335091,0.9503105590062112,0.01371913201214627,0.9428571428571428,0.6236696385793461
segment,log,109,149,0.00952583425261503,0.9552795031055901,0.012315184153403378,0.9428571428571428,0.6055254968879582
segment,log,109,150,0.009440268980807022,0.9552795031055901,0.012193602984686299,0.9428571428571428,0.6052641974518639
segment,log,109,151,0.013011975400264312,0.9372670807453416,0.01508102612499669,0.94,0.6623482091251478
segment,log,109,152,0.009407098761183107,0.9546583850931677,0.012268845866054258,0.94,0.1127437148382285
segment,log,109,153,0.009465020675327191,0.9552795031055901,0.012150271602684889,0.9428571428571428,0.08428956048780735
segment,log,109,154,0.009356958981563494,0.9571428571428572,0.012145625501572176,0.9428571428571428,0.2146742475463039
segment,log,109,155,0.00934614837319647,0.9565217391304348,0.011974057168660119,0.9428571428571428,0.3656435173559996
segment,log,109,156,0.009733363327171994,0.953416149068323,0.012560079443643925,0.94,0.36765323623882
segment,log,109,157,0.012067370811697708,0.9347826086956522,0.014833005702214604,0.9285714285714286,0.7051960372266497
segment,log,109,158,0.009366831847532153,0.9546583850931677,0.012060227703648275,0.9428571428571428,0.5701438744655365
segment,log,109,159,0.009269264279444703,0.9571428571428572,0.01203803344267118,0.9428571428571428,0.3692799700119817
segment,log,109,160,0.009252658929421407,0.9571428571428572,0.01207526811095914,0.94,0.14578615065846268
segment,log,109,161,0.010016230053863795,0.9521739130434783,0.012932290189693873,0.9428571428571428,0.40587346903047644
segment,log,109,162,0.009357776903529822,0.9552795031055901,0.012198882964666515,0.9428571428571428,0.2858779667350576
segment,log,109,163,0.009514409085146553,0.9521739130434783,0.012169664653610607,0.94,0.5673110773068823
segment,log,109,164,0.011591479797505513,0.94472049689441,0.014189451380540626,0.9314285714285714,0.7501564189002308
segment,log,109,165,0.009207429120922478,0.9552795031055901,0.011913758765038715,0.9428571428571428,0.2186431961554573
segment,log,109,166,0.009337036609310997,0.9546583850931677,0.012121682660390364,0.9428571428571428,0.5845381582924375
segment,log,109,167,0.010355394010488067,0.9521739130434783,0.013105460569836866,0.9428571428571428,1.2087993888377346
segment,log,109,168,0.011133845478306408,0.9478260869565217,0.014236644058412254,0.9371428571428572,0.46846748660736914
segment,log,109,169,0.009927052177869126,0.953416149068323,0.012747387535552933,0.94,0.5569496598947357
segment,log,109,170,0.010078731744688338,0.9521739130434783,0.0130718261470843,0.9428571428571428,0.569569623335198
segment,log,109,171,0.011798396002819426,0.9397515527950311,0.014917513252751955,0.9342857142857143,0.4996330542561659
segment,log,109,172,0.009600370907679795,0.9559006211180124,0.012602847712192028,0.9428571428571428,0.09958163925215979
segment,log,109,173,0.00970003452796775,0.953416149068323,0.012609081968870593,0.9457142857142857,0.5846411927580947
segment,log,109,174,0.00992856348015742,0.9559006211180124,0.012975183857981088,0.9428571428571428,0.5930725090544374
segment,log,109,175,0.009517267683663434,0.9546583850931677,0.012552499513845555,0.9457142857142857,0.3038902447908557
segment,log,109,176,0.009564927957511571,0.9552795031055901,0.012593163993700843,0.9457142857142857,0.32351706538298164
segment,log,109,177,0.010445125059327365,0.9521739130434783,0.013530098371344706,0.94,0.4765049657754921
segment,log,109,178,0.013220223159081196,0.9403726708074535,0.015528858887922277,0.94,0.6343205758816194
segment,log,109,179,0.012680776206557822,0.9385093167701863,0.01588604319726006,0.9314285714285714,0.4737699761645091
segment,log,109,180,0.009370143266732626,0.9546583850931677,0.012400077903252019,0.9457142857142857,0.19250211606964812
segment,log,109,181,0.009319731231551226,0.9552795031055901,0.012355284982437882,0.9457142857142857,0.1601266888860977
segment,log,109,182,0.00928456303223839,0.9546583850931677,0.012271030032439897,0.9428571428571428,0.18486670307482578
segment,log,109,183,0.012388166787734044,0.9391304347826087,0.014656370070907903,0.9371428571428572,0.5137271738288182
segment,log,109,184,0.010120385877296963,0.9496894409937888,0.013101644789297385,0.9428571428571428,0.563643161796012
segment,log,109,185,0.009739967263446442,0.9546583850931677,0.012828557392811612,0.94,0.27449214299391655
segment,log,109,186,0.013119042189336799,0.9360248447204969,0.015317466182175766,0.94,0.5625150146299783
segment,log,109,187,0.009252926643591324,0.9559006211180124,0.012276399909552671,0.9428571428571428,0.14612669100582876
segment,log,109,188,0.009379585123833769,0.9540372670807453,0.012443149210712068,0.9428571428571428,0.15869289349236262
segment,log,109,189,0.011887772222442866,0.9416149068322981,0.01501055101375078,0.9314285714285714,0.49523890448875146
segment,log,109,190,0.011766172854682537,0.9422360248447205,0.01492021043578727,0.9314285714285714,0.5823520838808289
segment,log,109,191,0.00927745077521564,0.9546583850931677,0.012206494603040612,0.9457142857142857,0.43536360353596315
segment,log,109,192,0.009263524201999324,0.953416149068323,0.012432227452567052,0.9457142857142857,0.4230216375647081
segment,log,109,193,0.011388264235292404,0.9490683229813665,0.013819565854741709,0.9485714285714286,0.6436622633892276
segment,log,109,194,0.01022483695458225,0.953416149068323,0.01305883228831645,0.9485714285714286,0.2992137946126225
segment,log,109,195,0.009143175074646704,0.9559006211180124,0.012261447981774375,0.9428571428571428,0.5652183726246395
segment,log,109,196,0.009081173764037689,0.9559006211180124,0.01217049867390068,0.9457142857142857,0.28291511741509434
segment,log,109,197,0.013168409091250461,0.9347826086956522,0.01529576362218996,0.9342857142857143,0.5315379908687526
segment,log,109,198,0.008973277853418853,0.9559006211180124,0.012090736347993432,0.9457142857142857,0.08879141194116907
segment,log,109,199,0.008992924042803562,0.9552795031055901,0.012117203170205947,0.9457142857142857,0.5436560510238367
segment,log,109,200,0.010373227738972543,0.9552795031055901,0.013340044892809514,0.9371428571428572,0.6556101931773506
segment,log,109,201,0.011209148386696982,0.9565217391304348,0.013634885496037337,0.9514285714285714,0.749288984748096
segment,log,109,202,0.009114371559605088,0.9571428571428572,0.012202300895243852,0.9485714285714286,0.14043046295972023
segment,log,109,203,0.008900879945844,0.9559006211180124,0.012073382374997279,0.9428571428571428,0.23939497536446855
segment,log,109,204,0.009083558774156866,0.9565217391304348,0.012278335723881503,0.9428571428571428,0.6788278451057399
segment,log,109,205,0.008851370614834504,0.9571428571428572,0.011981628699846387,0.9457142857142857,0.5634933276922459
segment,log,109,206,0.00892521061193746,0.9546583850931677,0.012090631643053386,0.9457142857142857,0.2816974183993269
segment,log,109,207,0.01010667972239766,0.9521739130434783,0.012863905147887987,0.9485714285714286,0.5917385700049005
segment,log,109,208,0.00886441842404611,0.9565217391304348,0.012106927941114502,0.9457142857142857,0.15355540394955527
segment,log,109,209,0.00875980178220111,0.9565217391304348,0.011879897636973598,0.9457142857142857,0.2494468476791547
segment,log,109,210,0.008841292562515833,0.9577639751552796,0.011803182575051302,0.9457142857142857,0.3716380753583477
segment,log,109,211,0.011649701419984934,0.9416149068322981,0.015437813588007717,0.9314285714285714,0.5609697314076836
segment,log,109,212,0.009271839910034243,0.9565217391304348,0.012761913759658352,0.9428571428571428,0.4627750472731236
segment,log,109,213,0.008933731775179289,0.9577639751552796,0.012163450126568867,0.9457142857142857,0.6392468920649171
segment,log,109,214,0.008755815378242448,0.9552795031055901,0.011951527443397359,0.9457142857142857,0.26305812647064886
segment,log,109,215,0.009154402870413391,0.9571428571428572,0.012389512219446204,0.9428571428571428,0.4769549436294743
segment,log,109,216,0.008740262349696751,0.9583850931677018,0.011863173524501117,0.9428571428571428,0.08803369343536298
segment,log,109,217,0.009089733863212842,0.9571428571428572,0.012324214446982562,0.9428571428571428,0.5752817410965971
segment,log,109,218,0.0086546841835605,0.9565217391304348,0.011834576277215094,0.9457142857142857,0.3018402248897339
segment,log,109,219,0.009943554096651151,0.9521739130434783,0.012473593179847014,0.9485714285714286,0.46145144604761473
segment,log,109,220,0.00860523429987086,0.9583850931677018,0.011819265227255116,0.9457142857142857,0.3247971483682639
segment,log,109,221,0.008606143304006423,0.9583850931677018,0.011692143554208317,0.9485714285714286,0.050619426481839314
segment,log,109,222,0.008712802968166957,0.9565217391304348,0.011947593179569399,0.9457142857142857,0.39698181822558054
segment,log,109,223,0.00876200292506119,0.9577639751552796,0.012055144278934891,0.9428571428571428,0.03759471219896792
segment,log,109,224,0.013307467885368018,0.931055900621118,0.016394644736285338,0.9228571428571428,0.6431109975364389
segment,log,109,225,0.008668598415296583,0.9583850931677018,0.011766487334258991,0.9485714285714286,0.3038885161767046
segment,log,109,226,0.008515331700418282,0.9583850931677018,0.011653213567245664,0.9485714285714286,0.0376189485397043
segment,log,109,227,0.009034551137656346,0.9546583850931677,0.011893419018555739,0.9485714285714286,0.013886735046867289
segment,log,109,228,0.009257686850348012,0.9565217391304348,0.012537680592095864,0.9428571428571428,0.0622299376043449
segment,log,109,229,0.008463300786128548,0.9565217391304348,0.011571132619055022,0.9485714285714286,0.06275486973600285
segment,log,109,230,0.008483996000800515,0.9590062111801242,0.011724044774468147,0.9485714285714286,0.4082788690410069
segment,log,109,231,0.008455153336802912,0.9590062111801242,0.01152814922638415,0.9485714285714286,0.25666053144596
segment,log,109,232,0.008430564514650964,0.9583850931677018,0.011622360000228593,0.9485714285714286,0.1750556898009666
segment,log,109,233,0.008440470486338931,0.9565217391304348,0.011553348260073308,0.9485714285714286,0.25122279936500064
segment,log,109,234,0.008459930219286059,0.9559006211180124,0.011582573674482694,0.9485714285714286,0.37240911278894845
segment,log,109,235,0.008351439072971215,0.9590062111801242,0.011504474489623365,0.9514285714285714,0.657695213986909
segment,log,109,236,0.00841650242099086,0.9602484472049689,0.011495034783995727,0.9542857142857143,0.5641031930944344
segment,log,109,237,0.008312000640704543,0.9590062111801242,0.011440258840926833,0.9542857142857143,0.08546198402591795
segment,log,109,238,0.008596314046310121,0.9608695652173913,0.01168488878543886,0.9514285714285714,0.5910573901262214
segment,log,109,239,0.008599458435696851,0.9583850931677018,0.011921127619986711,0.9457142857142857,0.4276658251991072
segment,log,109,240,0.008549127368476843,0.9602484472049689,0.011908436148151817,0.9457142857142857,0.3961153370812799
segment,log,109,241,0.008258122687708862,0.9596273291925466,0.011511599955784713,0.9514285714285714,0.09017308158923755
segment,log,109,242,0.009265082811971546,0.9614906832298137,0.012301790612415339,0.9514285714285714,0.6204788942496248
segment,log,109,243,0.008562337806928125,0.9596273291925466,0.011831053445228583,0.9457142857142857,0.024352974421562257
segment,log,109,244,0.008271718026875867,0.9590062111801242,0.011554750854948621,0.9485714285714286,0.18816598600742276
segment,log,109,245,0.008980450958583082,0.9565217391304348,0.012194298476667058,0.9485714285714286,0.4369032462277185
segment,log,109,246,0.009207495157738733,0.9571428571428572,0.012434482425356951,0.9457142857142857,0.6013880131973969
segment,log,109,247,0.00816486793697078,0.9583850931677018,0.011417363783936124,0.9514285714285714,0.2717933741257371
segment,log,109,248,0.008465943018597618,0.9590062111801242,0.011685415556494353,0.9457142857142857,0.3322074881572535
segment,log,109,249,0.008444922209383973,0.9614906832298137,0.011539035091652014,0.9514285714285714,0.3794527161695656
segment,log,109,250,0.008157975958711289,0.9608695652173913,0.011270986086497231,0.9514285714285714,0.29455363374350685
segment,log,109,251,0.009146776012581634,0.9540372670807453,0.012398861704375558,0.9457142857142857,0.6016772075083638
segment,log,109,252,0.00807782480387607,0.9608695652173913,0.011244221433977748,0.9514285714285714,0.5720731143757224
segment,log,109,253,0.008056386301864539,0.9614906832298137,0.01127795912612065,0.9485714285714286,0.024779445431592065
segment,log,109,254,0.009394336261587564,0.9559006211180124,0.012240758196182457,0.9485714285714286,0.42763803725264216
segment,log,109,255,0.011221153783207751,0.9422360248447205,0.014543694715877993,0.9314285714285714,0.5258458298161255
segment,log,109,256,0.008096601979725974,0.9614906832298137,0.011329261432178937,0.9485714285714286,0.10561590147192197
segment,log,109,257,0.00807688995083695,0.9614906832298137,0.01124547173611644,0.9514285714285714,0.19716312226780008
segment,log,109,258,0.00812607215480194,0.9608695652173913,0.011310936565877793,0.9514285714285714,0.29253469717093794
segment,log,109,259,0.008068394123191528,0.9614906832298137,0.011316240524883744,0.9514285714285714,0.24413243787137978
segment,log,109,260,0.007950167312039614,0.962111801242236,0.011130202548988983,0.9542857142857143,0.25491041667631414
segment,log,109,261,0.007981949031270464,0.9614906832298137,0.011231690770701028,0.9514285714285714,0.2131169750917242
segment,log,109,262,0.008053721352891164,0.962111801242236,0.01132255896024295,0.9485714285714286,0.1731896804295223
segment,log,109,263,0.007942059450823442,0.9614906832298137,0.011297428210349484,0.9514285714285714,0.46113524110542387
segment,log,109,264,0.00830267469656562,0.9608695652173913,0.011450876155517658,0.9542857142857143,0.019162912695403787
segment,log,109,265,0.007947911472881802,0.9608695652173913,0.011195671074791415,0.9514285714285714,0.498999088850603
segment,log,109,266,0.008183383432860843,0.9627329192546584,0.011495156381092126,0.9485714285714286,0.3884427472403764
segment,log,109,267,0.007951609758175486,0.962111801242236,0.011325956084525596,0.9514285714285714,0.6051709021443561
segment,log,109,268,0.007991261035302538,0.9614906832298137,0.011349622571552559,0.9514285714285714,0.6687662246076068
segment,log,109,269,0.00858598349043841,0.9602484472049689,0.012127919526836978,0.9457142857142857,0.587130295757915
segment,log,109,270,0.007834206254378645,0.9614906832298137,0.011213777867778309,0.9514285714285714,0.07849444542491145
segment,log,109,271,0.007912495253211208,0.9608695652173913,0.0112180780355332,0.9514285714285714,0.41043137718463835
segment,log,109,272,0.007812022512899043,0.9639751552795031,0.011084509204920179,0.9542857142857143,0.1504238016232478
segment,log,109,273,0.007791687395930767,0.962111801242236,0.011112902264862865,0.9514285714285714,0.5660883727278184
segment,log,109,274,0.008153490578834893,0.9639751552795031,0.011529519670907143,0.9457142857142857,0.4486692202523265
segment,log,109,275,0.008341302121799959,0.962111801242236,0.01176830152391248,0.9485714285714286,0.36993595453268946
segment,log,109,276,0.007935029363418859,0.962111801242236,0.011295513125305228,0.9514285714285714,0.006716510317041767
segment,log,109,277,0.01100218256742512,0.94472049689441,0.014154582893539266,0.9371428571428572,0.5224158849084216
segment,log,109,278,0.009622312063681401,0.9490683229813665,0.013055731783638991,0.9371428571428572,0.4634013323100403
segment,log,109,279,0.007744648356768929,0.9608695652173913,0.011159142443939491,0.9514285714285714,0.14638118504620393
segment,log,109,280,0.009873494285913475,0.9490683229813665,0.012742811574284434,0.9428571428571428,0.5292103951892926
segment,log,109,281,0.007764677782859945,0.9645962732919254,0.011147695795550678,0.9514285714285714,0.5861665526205664
segment,log,109,282,0.00790624769736835,0.9602484472049689,0.011264686286867213,0.9514285714285714,0.4948591021788603
segment,log,109,283,0.0080345798346076,0.9590062111801242,0.011604614219476164,0.9485714285714286,0.5044466523517352
segment,log,109,284,0.007660619745857871,0.9639751552795031,0.010986557183017996,0.9542857142857143,0.5699650668185088
segment,log,109,285,0.007642139933033082,0.9633540372670808,0.011071977261709134,0.9542857142857143,0.2268136459158506
segment,log,109,286,0.008340491284410162,0.9627329192546584,0.011792990426586904,0.9514285714285714,0.6941814849865332
segment,log,109,287,0.009361679658128137,0.9515527950310559,0.012873225199457142,0.9485714285714286,0.42875590456319135
segment,log,109,288,0.00775531996562683,0.9627329192546584,0.011302952211051607,0.9514285714285714,0.460580076781888
segment,log,109,289,0.008070559045885833,0.9602484472049689,0.011684835826180549,0.9485714285714286,0.5874222022232913
segment,log,109,290,0.007644768423706924,0.9627329192546584,0.01111018469278001,0.9514285714285714,0.04317023233624481
segment,log,109,291,0.007781096149849086,0.962111801242236,0.011157975116646885,0.9514285714285714,0.5758290703305551
segment,log,109,292,0.007623586035163788,0.9627329192546584,0.011108637032614084,0.9542857142857143,0.36706086785220066
segment,log,109,293,0.007599817016300376,0.9639751552795031,0.011087798615140905,0.9514285714285714,0.27762662500934043
segment,log,109,294,0.007688216108551278,0.9633540372670808,0.011283113922347432,0.9485714285714286,0.6090210686236326
segment,log,109,295,0.008390104269357847,0.9583850931677018,0.01177026772987672,0.9485714285714286,0.575546348322654
segment,log,109,296,0.00762235443050516,0.9614906832298137,0.01110927119558685,0.9514285714285714,0.22540094531738247
segment,log,109,297,0.007596127283285779,0.9633540372670808,0.01114103463471155,0.9514285714285714,0.017415323005541637
segment,log,109,298,0.00753021178023675,0.9627329192546584,0.011050088727081938,0.9514285714285714,0.028196349963996226
segment,log,109,299,0.007681969310280112,0.962111801242236,0.011050501548534777,0.9514285714285714,0.20579893284231993
segment,log,109,300,0.007662602278850671,0.9633540372670808,0.011157921824639013,0.9485714285714286,0.5684059437196123
segment,log,109,301,0.007493201447141927,0.9639751552795031,0.011011790672418604,0.9514285714285714,0.561092299587627
segment,log,109,302,0.008089874399999565,0.9602484472049689,0.011532984229458256,0.9485714285714286,0.36437077654134725
segment,log,109,303,0.007484505154195222,0.9633540372670808,0.01102100727816231,0.9514285714285714,0.011605001281587838
segment,log,109,304,0.007720440172415191,0.962111801242236,0.011273465388858418,0.9485714285714286,0.10864564370447692
segment,log,109,305,0.007632330144949202,0.962111801242236,0.011091958057315242,0.9514285714285714,0.5653166880584343
segment,log,109,306,0.008191733501068737,0.9590062111801242,0.011818968616533275,0.9485714285714286,0.48150901603618823
segment,log,109,307,0.007446174562199358,0.962111801242236,0.011081031615369741,0.9485714285714286,0.04971687769566735
segment,log,109,308,0.007958349379012483,0.9602484472049689,0.011420703291741144,0.9485714285714286,0.6285304537754157
segment,log,109,309,0.010060803039810978,0.9472049689440993,0.01334676930696502,0.9428571428571428,0.4887471635383176
segment,log,109,310,0.007634350454561736,0.9633540372670808,0.01090246542341448,0.9514285714285714,0.6258075255630372
segment,log,109,311,0.007963818722478474,0.9614906832298137,0.011081851079724985,0.9514285714285714,0.5785463632751832
segment,log,109,312,0.007682760599014401,0.962111801242236,0.01099316216773558,0.9542857142857143,0.0924449356334772
segment,log,109,313,0.007374618078346107,0.9658385093167702,0.010838093610230892,0.9542857142857143,0.09925051240740991
segment,log,109,314,0.007369394524412459,0.9633540372670808,0.010892598743121233,0.9542857142857143,0.030133509222473008
segment,log,109,315,0.007436172263386591,0.9633540372670808,0.01101665264555279,0.9542857142857143,0.2794474080114842
segment,log,109,316,0.007344840674542714,0.9645962732919254,0.010993292022781211,0.9542857142857143,0.5600847234159191
segment,log,109,317,0.010031911547939448,0.9484472049689441,0.012922406523717948,0.9457142857142857,0.5528698777161632
segment,log,109,318,0.007616280813409233,0.9608695652173913,0.011182054484353167,0.9514285714285714,0.0385342488700075
segment,log,109,319,0.007470316932159982,0.9627329192546584,0.010965899721222331,0.9514285714285714,0.3646474045735087
segment,log,109,320,0.008284641276840575,0.9614906832298137,0.011886108433837568,0.9514285714285714,0.6145949019532887
segment,log,109,321,0.007386264350615088,0.9652173913043478,0.011033965068452797,0.9485714285714286,0.21106258739215872
segment,log,109,322,0.007516483864148621,0.962111801242236,0.011000100843142577,0.9514285714285714,0.3794702718849282
segment,log,109,323,0.007303749514780807,0.9658385093167702,0.010933795579226665,0.9542857142857143,0.5597650589791587
segment,log,109,324,0.007514982886509711,0.962111801242236,0.011137428029214741,0.9485714285714286,0.21083157432636596
segment,log,109,325,0.007283966187613849,0.9627329192546584,0.01098278872484478,0.9514285714285714,0.19534060604441453
segment,log,109,326,0.009007183054107713,0.9546583850931677,0.01278857229859526,0.94,0.6095005343167336
segment,log,109,327,0.007654912232129636,0.9608695652173913,0.011259307119067476,0.9485714285714286,0.3109094759068793
segment,log,109,328,0.007307307358441635,0.9633540372670808,0.011076776907900524,0.9514285714285714,0.33965341420201633
segment,log,109,329,0.007463851498220486,0.9658385093167702,0.011093712458993127,0.9542857142857143,0.4420955276412064
segment,log,109,330,0.007261381811859298,0.9639751552795031,0.010937176319508118,0.9542857142857143,0.13943101806627675
segment,log,109,331,0.009731240499225918,0.9478260869565217,0.013129470315513056,0.9457142857142857,0.49693486008838106
segment,log,109,332,0.008322965070564342,0.9608695652173913,0.01189469394487985,0.94,0.5854404882861957
segment,log,109,333,0.007216674700822319,0.9639751552795031,0.010948478715698028,0.9514285714285714,0.15242541493453793
segment,log,109,334,0.008397929008066159,0.9577639751552796,0.011745678045200991,0.9485714285714286,0.4790337986557924
segment,log,109,335,0.007215111394691964,0.9658385093167702,0.011017911170822946,0.9514285714285714,0.11076712084070343
segment,log,109,336,0.008821871503560556,0.9552795031055901,0.012209973957960736,0.9457142857142857,0.42721548231276185
segment,log,109,337,0.007165869159625865,0.9658385093167702,0.010921486580567418,0.9542857142857143,0.2746812450303879
segment,log,109,338,0.0072626627751886065,0.9633540372670808,0.010966999314827868,0.9514285714285714,0.22483794480430183
segment,log,109,339,0.007153769760132698,0.9658385093167702,0.010959980092202969,0.9542857142857143,0.10976694975278031
segment,log,109,340,0.007280731964179437,0.9633540372670808,0.01099669914125381,0.9514285714285714,0.31432408890738806
segment,log,109,341,0.0073170233651255025,0.9633540372670808,0.01101401550949289,0.9514285714285714,0.23077953284476274
segment,log,109,342,0.007163710364363917,0.9627329192546584,0.011089251667288509,0.9514285714285714,0.18907801024248502
segment,log,109,343,0.007123337456942657,0.9658385093167702,0.010958264645311203,0.9542857142857143,0.028109252470063194
segment,log,109,344,0.007136925117690347,0.9658385093167702,0.010998492279381602,0.9514285714285714,0.09916323668116064
segment,log,109,345,0.007141277156891367,0.9627329192546584,0.011051988311884168,0.9485714285714286,0.1016832382663632
segment,log,109,346,0.0071645703937758265,0.9664596273291925,0.011022068930944531,0.9514285714285714,0.2903039165800379
segment,log,109,347,0.009180032204879772,0.9571428571428572,0.012253252862124737,0.9428571428571428,0.664042614922685
segment,log,109,348,0.007175704860188479,0.9645962732919254,0.010965712963569078,0.9514285714285714,0.07104050933364167
segment,log,109,349,0.0076622925237686,0.9614906832298137,0.011491444795878053,0.9514285714285714,0.2337596390738261
segment,log,109,350,0.007287575650127418,0.962111801242236,0.011103584598269461,0.9514285714285714,0.6679357725792611
segment,log,110,1,0.13992639760794798,0.14285714285714285,0.14031934196786372,0.14285714285714285,1.0186878346357595
segment,log,110,2,0.087997160404348,0.5459627329192547,0.0877263888753769,0.5485714285714286,0.9492858536177833
segment,log,110,3,0.0824685974847257,0.568944099378882,0.0817799046166564,0.5714285714285714,0.9337305057462689
segment,log,110,4,0.07479708294308395,0.568944099378882,0.07388874407043856,0.5685714285714286,0.8109963931768421
segment,log,110,5,0.07198473887779522,0.6099378881987577,0.07181390825904628,0.6142857142857143,0.9743297814876553
segment,log,110,6,0.06692873693793956,0.6304347826086957,0.06673198241473197,0.6371428571428571,0.8965056161450933
segment,log,110,7,0.06373802112555997,0.6577639751552795,0.06428685779617546,0.66,0.866087536460931
segment,log,110,8,0.0620892130264964,0.677639751552795,0.06331818480226307,0.6714285714285714,0.8787701166572232
segment,log,110,9,0.06138091388298704,0.6888198757763975,0.06323179859652496,0.6742857142857143,0.8534831334217909
segment,log,110,10,0.054823683757272895,0.6900621118012422,0.056250341082482766,0.68,0.8299099886773817
segment,log,110,11,0.04545075923923747,0.7658385093167702,0.047065780775069954,0.7542857142857143,0.6781832952560006
segment,log,110,12,0.04422430066471752,0.775776397515528,0.04558974336808704,0.7742857142857142,0.8034307170204672
segment,log,110,13,0.04219021684290053,0.7670807453416149,0.04299851817388246,0.7714285714285715,0.7757715648888273
segment,log,110,14,0.04214354918767977,0.7745341614906832,0.04423269929370899,0.76,0.8225303657368889
segment,log,110,15,0.04104580692353045,0.7813664596273292,0.04332786330378491,0.7628571428571429,0.7646037093301877
segment,log,110,16,0.041528071619441456,0.7701863354037267,0.04246133960130338,0.7714285714285715,0.8374120735755399
segment,log,110,17,0.03973308611466997,0.7782608695652173,0.04111604791989765,0.7828571428571428,0.670106891941887
segment,log,110,18,0.03879703880517113,0.7795031055900621,0.04038195519276958,0.78,0.7175369274948108
segment,log,110,19,0.03896263956796143,0.7770186335403727,0.04023008163455438,0.7828571428571428,0.45306590327273294
segment,log,110,20,0.037569125705166025,0.7875776397515528,0.039185603323943656,0.7857142857142857,0.7140672111641426
segment,log,110,21,0.03814685404506581,0.7838509316770186,0.04008927622745178,0.7857142857142857,0.8228025277028999
segment,log,110,22,0.038358911349378286,0.8478260869565217,0.03961243407814933,0.8257142857142857,0.889047016976863
segment,log,110,23,0.05028057686645721,0.8621118012422361,0.051144799018135755,0.8514285714285714,0.7717172657460682
segment,log,110,24,0.023770458261388253,0.9186335403726708,0.024914861078191054,0.9057142857142857,0.6271543309899321
segment,log,110,25,0.021376435331351026,0.9211180124223602,0.022482973994005465,0.9142857142857143,0.6755666478353658
segment,log,110,26,0.021129156229114154,0.9186335403726708,0.022538228319382764,0.9085714285714286,0.6814865721493456
segment,log,110,27,0.019505794122409503,0.929192546583851,0.02099818663527211,0.9171428571428571,0.5885229973262045
segment,log,110,28,0.019392948298857324,0.929192546583851,0.02195798037224643,0.9114285714285715,0.7151538511744521
segment,log,110,29,0.017505745180180398,0.9347826086956522,0.019148852317276095,0.92,0.5900703145340845
segment,log,110,30,0.01827771080982526,0.9260869565217391,0.01961194484326389,0.92,0.4528494397198332
segment,log,110,31,0.017539207942982818,0.9335403726708075,0.019650995601339385,0.92,0.5818937324699993
segment,log,110,32,0.016589204778371357,0.9335403726708075,0.018680976176065362,0.9171428571428571,0.29411681428486436
segment,log,110,33,0.016658448693572265,0.9322981366459627,0.018108153853065193,0.9285714285714286,0.43414405853627813
segment,log,110,34,0.016796702504031463,0.9304347826086956,0.018134863552123327,0.92,0.6413549348135592
segment,log,110,35,0.017077497211833336,0.9279503105590062,0.01838259878451248,0.92,0.6264477326793634
segment,log,110,36,0.016278153957747687,0.9329192546583851,0.017889856319200093,0.9285714285714286,0.3551039810823067
segment,log,110,37,0.01599215623795659,0.9347826086956522,0.01758015328896056,0.9285714285714286,0.6304067995255891
segment,log,110,38,0.015342023074264383,0.9360248447204969,0.017153604362494478,0.9285714285714286,0.283205621230616
segment,log,110,39,0.015126387987372862,0.9354037267080745,0.016970587874174044,0.9285714285714286,0.32603540291053795
segment,log,110,40,0.015395761084173324,0.9385093167701863,0.017566343725824923,0.9285714285714286,0.3984348142311978
segment,log,110,41,0.014959228946192338,0.9360248447204969,0.016777038251961134,0.9285714285714286,0.4782147148077746
segment,log,110,42,0.01583111150712871,0.9416149068322981,0.017887709102514502,0.9371428571428572,0.7883868698820243
segment,log,110,43,0.01493523780720822,0.9385093167701863,0.01670132076831254,0.9285714285714286,0.18419461512010857
segment,log,110,44,0.0151694323445232,0.9372670807453416,0.016714682185669346,0.9257142857142857,0.30728607814210207
segment,log,110,45,0.016215679643792797,0.9304347826086956,0.01763005450845528,0.9257142857142857,0.6598344805570003
segment,log,110,46,0.015256585725874561,0.9385093167701863,0.0173186835425161,0.9314285714285714,0.5517721804213059
segment,log,110,47,0.014842182811217693,0.9397515527950311,0.016854841393143413,0.9228571428571428,0.6450513625783094
segment,log,110,48,0.01449061439488479,0.937888198757764,0.01645235884911736,0.9285714285714286,0.6652287094354096
segment,log,110,49,0.016826312192776513,0.9248447204968944,0.01923332728002306,0.9142857142857143,0.5130544159688127
segment,log,110,50,0.014943871636575358,0.9347826086956522,0.016454652631391016,0.9228571428571428,0.5378401941215871
segment,log,110,51,0.01646751071401757,0.9298136645962732,0.017836585419616455,0.92,0.6625803811515837
segment,log,110,52,0.014054346385564716,0.9385093167701863,0.015836014964817357,0.9285714285714286,0.16418508576730706
segment,log,110,53,0.014050299399422976,0.9465838509316771,0.016116177323501645,0.9371428571428572,0.6803763028976724
segment,log,110,54,0.015358064481634752,0.9335403726708075,0.016753995592948014,0.92,0.6868832977059897
segment,log,110,55,0.01353196188915854,0.9428571428571428,0.01538242748754476,0.9342857142857143,0.6361330808207822
segment,log,110,56,0.013535334584713453,0.9465838509316771,0.015611047954901586,0.9285714285714286,0.4718042033753179
segment,log,110,57,0.013536819609151917,0.9385093167701863,0.015318336027626044,0.9285714285714286,0.30244060844815535
segment,log,110,58,0.013191335466709432,0.9472049689440993,0.015280213868385824,0.9371428571428572,0.1568360261341631
segment,log,110,59,0.017572659796515854,0.9186335403726708,0.01993690686497332,0.9057142857142857,0.539516441022357
segment,log,110,60,0.013268891766195917,0.9391304347826087,0.015089938502959414,0.9285714285714286,0.5389364774531546
segment,log,110,61,0.018613096610825428,0.9136645962732919,0.021060679894305684,0.8971428571428571,0.710414782481914
segment,log,110,62,0.012969708350018734,0.9397515527950311,0.014805029698090243,0.9285714285714286,0.41580615887659167
segment,log,110,63,0.013481266044950032,0.9403726708074535,0.01534168455966687,0.9285714285714286,0.4876846957689428
segment,log,110,64,0.012769373409565086,0.9490683229813665,0.014781508494276696,0.9371428571428572,0.6365228646409231
segment,log,110,65,0.013793686674817488,0.9385093167701863,0.01526522979954617,0.9285714285714286,0.5440243075484498
segment,log,110,66,0.012815714056047044,0.9478260869565217,0.014816737857272918,0.9342857142857143,0.6609959522207517
segment,log,110,67,0.01854595685423169,0.9186335403726708,0.0211829527427751,0.9085714285714286,0.5914947600008326
segment,log,110,68,0.012918173083019424,0.9459627329192547,0.014975408374645841,0.9314285714285714,0.5263113331545025
segment,log,110,69,0.012263031864916223,0.9478260869565217,0.014372788005457835,0.9314285714285714,0.18669526736564598
segment,log,110,70,0.01235403652260646,0.9422360248447205,0.014284048044397668,0.9342857142857143,0.33214704492131863
segment,log,110,71,0.012408065774605499,0.9515527950310559,0.014552456668583695,0.9371428571428572,0.5550631644935453
segment,log,110,72,0.01874522198956333,0.9136645962732919,0.0213990397520512,0.9028571428571428,0.5844198829609674
segment,log,110,73,0.01226413204202264,0.9515527950310559,0.014463930508601773,0.9371428571428572,0.2430050107219831
segment,log,110,74,0.012295867925387548,0.9428571428571428,0.014315503509109855,0.9314285714285714,0.43931168727847886
segment,log,110,75,0.01226236282911641,0.9484472049689441,0.014592940359978868,0.9342857142857143,0.46700014759082414
segment,log,110,76,0.011995553421207691,0.9503105590062112,0.014250939049416633,0.9371428571428572,0.2935065615351269
segment,log,110,77,0.012787428080074152,0.9428571428571428,0.014590814413666888,0.9314285714285714,0.4855959040169156
segment,log,110,78,0.011768337511144013,0.9527950310559006,0.014005716598800006,0.9342857142857143,0.16549028029157611
segment,log,110,79,0.01180888428226591,0.9521739130434783,0.013995615362758751,0.9371428571428572,0.23460611016513225
segment,log,110,80,0.014316189947211408,0.9347826086956522,0.016687234276724507,0.9257142857142857,0.7450500696176562
segment,log,110,81,0.011979306578185507,0.9484472049689441,0.014013123771347731,0.94,0.6450693790057513
segment,log,110,82,0.011663769231673813,0.9515527950310559,0.013876670458392571,0.9371428571428572,0.33873012205898856
segment,log,110,83,0.01157322401468932,0.9459627329192547,0.013691830572659013,0.9314285714285714,0.5563917077372739
segment,log,110,84,0.01148614583439496,0.9496894409937888,0.013780120221464407,0.9342857142857143,0.41062709339740544
segment,log,110,85,0.011398092050946839,0.9472049689440993,0.013629420869549986,0.9314285714285714,0.48707570566193925
segment,log,110,86,0.011605708264479904,0.9478260869565217,0.013788546268172622,0.9314285714285714,0.21087437826844088
segment,log,110,87,0.013484467024800861,0.9422360248447205,0.015280584913661948,0.9314285714285714,0.7087796728506386
segment,log,110,88,0.011738175744649443,0.9490683229813665,0.013956664186089492,0.9371428571428572,0.4780747764641318
segment,log,110,89,0.01348154417100411,0.9366459627329192,0.01604251370138577,0.9257142857142857,0.5783015635742318
segment,log,110,90,0.011167340773875796,0.9509316770186336,0.01346808848855182,0.94,0.5406048644951886
segment,log,110,91,0.012243874143326904,0.9440993788819876,0.014252629190633862,0.9342857142857143,0.6459192370318263
segment,log,110,92,0.011013827669927721,0.9521739130434783,0.0133230597782391,0.9371428571428572,0.284249965332521
segment,log,110,93,0.011101315825368628,0.9496894409937888,0.013311002368257087,0.9314285714285714,0.4238585809823428
segment,log,110,94,0.011200684557624975,0.9527950310559006,0.013577014408686725,0.94,0.45504917557396524
segment,log,110,95,0.010918457277884661,0.9521739130434783,0.013363627733193955,0.9371428571428572,0.3182804361878707
segment,log,110,96,0.010864140972611703,0.9515527950310559,0.013219900400154848,0.9371428571428572,0.17755040739287076
segment,log,110,97,0.01085117946494275,0.9515527950310559,0.013218431627801204,0.9342857142857143,0.12158971685026686
segment,log,110,98,0.010896464353004547,0.9521739130434783,0.013538717426990877,0.94,0.4627242650436559
segment,log,110,99,0.011720510064646373,0.9515527950310559,0.013962997295296983,0.9285714285714286,0.5832874169772054
segment,log,110,100,0.013237535468421453,0.9422360248447205,0.01526299424417758,0.9314285714285714,0.5554797675735479
segment,log,110,101,0.011170654081131956,0.9527950310559006,0.01381382919371056,0.94,0.29771239140516004
segment,log,110,102,0.012047740934888071,0.9503105590062112,0.014713402076727848,0.9314285714285714,0.21718428545886598
segment,log,110,103,0.011355158518356247,0.9546583850931677,0.01373161285205627,0.9314285714285714,0.6692769533799606
segment,log,110,104,0.012008251438851418,0.9484472049689441,0.01413829745978453,0.9371428571428572,0.692270197084812
segment,log,110,105,0.010839839680242262,0.953416149068323,0.013110295186476087,0.9371428571428572,0.2258423804588787
segment,log,110,106,0.010410700297529088,0.9552795031055901,0.012909993449418145,0.94,0.13533330449383554
segment,log,110,107,0.010450265200824174,0.9559006211180124,0.01296162011472983,0.9428571428571428,0.26679549602706176
segment,log,110,108,0.010380825275084923,0.9565217391304348,0.013006480717731975,0.9371428571428572,0.4421231886923198
segment,log,110,109,0.010638919351892009,0.9552795031055901,0.012985604630986367,0.9342857142857143,0.6109308488360571
segment,log,110,110,0.010448412849847207,0.9552795031055901,0.012999568757045093,0.94,0.4610857909055305
segment,log,110,111,0.010755667399646176,0.9527950310559006,0.013174138040895962,0.9314285714285714,0.34212157418897393
segment,log,110,112,0.010181127142181038,0.9559006211180124,0.01277662417709748,0.9342857142857143,0.1715650467202498
segment,log,110,113,0.01018992639561731,0.9559006211180124,0.01277464718766655,0.9342857142857143,0.27725891410298126
segment,log,110,114,0.015530021880055263,0.9322981366459627,0.016610341253368677,0.9257142857142857,0.6216912492548501
segment,log,110,115,0.014318423702554947,0.9304347826086956,0.017093023361549834,0.9257142857142857,0.6677466119146312
segment,log,110,116,0.010114670085444677,0.9583850931677018,0.012682532586777023,0.9342857142857143,0.27444739007436164
segment,log,110,117,0.010152855532852011,0.9571428571428572,0.012665256812382763,0.9342857142857143,0.37098427766622644
segment,log,110,118,0.010316434522393097,0.9546583850931677,0.012707134432875166,0.9371428571428572,0.5758376942111079
segment,log,110,119,0.010289898359586788,0.9546583850931677,0.013114584892599328,0.9342857142857143,0.49999843954800127
segment,log,110,120,0.009994630315027227,0.9596273291925466,0.012803520516939554,0.9371428571428572,0.6367397449657745
segment,log,110,121,0.01597004874769774,0.9198757763975155,0.01871524358686215,0.9142857142857143,0.6994684210816506
segment,log,110,122,0.01221980906872573,0.9434782608695652,0.015196556880874987,0.9342857142857143,0.5618434023474371
segment,log,110,123,0.010431939597755586,0.9540372670807453,0.013446856412959484,0.9342857142857143,0.43646770409472846
segment,log,110,124,0.009771132918268755,0.9590062111801242,0.012531774078017126,0.9371428571428572,0.20969865664312645
segment,log,110,125,0.010840317056614977,0.9496894409937888,0.013246432207671612,0.9342857142857143,0.5939420383162756
segment,log,110,126,0.009751086237158096,0.9590062111801242,0.012756226481688332,0.9371428571428572,0.5871032416960946
segment,log,110,127,0.00970361647044094,0.9583850931677018,0.012554076880473735,0.9371428571428572,0.3293361400142764
segment,log,110,128,0.009674304814122119,0.9577639751552796,0.01253359685123403,0.9371428571428572,0.08924244450748225
segment,log,110,129,0.009742983188901447,0.9577639751552796,0.012571104967543056,0.9342857142857143,0.13219247938088252
segment,log,110,130,0.010323918568045671,0.9521739130434783,0.012887834533780866,0.9371428571428572,0.37927194335034403
segment,log,110,131,0.00953915207993021,0.9596273291925466,0.012403593307563396,0.9342857142857143,0.11171045616914826
segment,log,110,132,0.009619153024589057,0.9583850931677018,0.012826418770841008,0.9371428571428572,0.5234607637596144
segment,log,110,133,0.009736334231725938,0.9602484472049689,0.012767143812107081,0.9371428571428572,0.2884988432328366
segment,log,110,134,0.009469620716760517,0.9596273291925466,0.012468156966652948,0.9371428571428572,0.15947873414971073
segment,log,110,135,0.009654482421873002,0.9571428571428572,0.012491230096160068,0.9371428571428572,0.5000531174350783
segment,log,110,136,0.009464564779729207,0.9596273291925466,0.012408659054343196,0.9371428571428572,0.599320876184291
segment,log,110,137,0.009451765282835116,0.9614906832298137,0.01244259076042844,0.9371428571428572,0.1552726652672654
segment,log,110,138,0.00983813147108737,0.9571428571428572,0.012457201768474905,0.94,0.5867123902306043
segment,log,110,139,0.009460400424756649,0.9590062111801242,0.012498792904500575,0.9371428571428572,0.6027190890852304
segment,log,110,140,0.009416810607868191,0.9596273291925466,0.012214522797390928,0.9342857142857143,0.37839870157733274
segment,log,110,141,0.00926690934301637,0.9590062111801242,0.012126126305221854,0.9342857142857143,0.24172141243777703
segment,log,110,142,0.009473333435192058,0.9583850931677018,0.012341016223070515,0.9342857142857143,0.09285539305660075
segment,log,110,143,0.009349029602260835,0.9602484472049689,0.012431304042234055,0.9371428571428572,0.3732512960994601
segment,log,110,144,0.009451530791275335,0.9590062111801242,0.01239092775079116,0.9342857142857143,0.6389843288198053
segment,log,110,145,0.01149122834894336,0.9465838509316771,0.014690788627761853,0.9285714285714286,0.6477234632389046
segment,log,110,146,0.009137289495845618,0.962111801242236,0.012165588936016767,0.9371428571428572,0.35693550123903145
segment,log,110,147,0.009906732618940192,0.9559006211180124,0.013110767198183331,0.9342857142857143,0.5939123922034533
segment,log,110,148,0.009078833299921102,0.9608695652173913,0.012071958545927292,0.9342857142857143,0.5759831527966873
segment,log,110,149,0.009175725533225895,0.9608695652173913,0.012266891151131202,0.9371428571428572,0.43287887456581997
segment,log,110,150,0.009090049475680808,0.9614906832298137,0.012170985785003736,0.9371428571428572,0.13461568359442652
segment,log,110,151,0.020513738288086458,0.908695652173913,0.023005858217809275,0.9,0.6197259855083158
segment,log,110,152,0.00929248561453824,0.9608695652173913,0.012173009673421623,0.9371428571428572,0.5913580593440815
segment,log,110,153,0.010321837209969886,0.9527950310559006,0.012805514043645433,0.9457142857142857,0.43099030514989256
segment,log,110,154,0.009361108622458288,0.9577639751552796,0.012108847409991668,0.9371428571428572,0.31742584197808593
segment,log,110,155,0.0090988210602714,0.9602484472049689,0.012252166977267743,0.9371428571428572,0.2241006242970978
segment,log,110,156,0.009272655329752782,0.9583850931677018,0.012199127684992142,0.9428571428571428,0.3739497616431456
segment,log,110,157,0.008914078199514654,0.962111801242236,0.011893018660097733,0.9342857142857143,0.4179484303562802
segment,log,110,158,0.009117126028996921,0.9583850931677018,0.012004027279951559,0.94,0.3337587813310171
segment,log,110,159,0.009102380089800372,0.9590062111801242,0.012044244658973857,0.9457142857142857,0.5802689703705574
segment,log,110,160,0.008765949526051982,0.9614906832298137,0.011730023275347655,0.94,0.3310293767265475
segment,log,110,161,0.013480601026450665,0.9335403726708075,0.016496977166948163,0.9171428571428571,0.5628136228732507
segment,log,110,162,0.008707180761763605,0.9652173913043478,0.011826092643518608,0.9457142857142857,0.3307796637821371
segment,log,110,163,0.009369977349345233,0.9565217391304348,0.01210831320840079,0.9428571428571428,0.4451909347031316
segment,log,110,164,0.009155869165411255,0.9596273291925466,0.012372481449531353,0.94,0.2441573705629105
segment,log,110,165,0.008660359325558597,0.9627329192546584,0.011788045565585709,0.9428571428571428,0.3808928489582163
segment,log,110,166,0.008982968732210554,0.9608695652173913,0.012173188505819794,0.9371428571428572,0.5785770881318962
segment,log,110,167,0.00886177770612869,0.9614906832298137,0.01204962799978839,0.94,0.5480233465830684
segment,log,110,168,0.008913720079237988,0.9608695652173913,0.011751450004955716,0.9457142857142857,0.3551426711223959
segment,log,110,169,0.009482866220899873,0.9552795031055901,0.012054339877379826,0.9485714285714286,0.19989105598799792
segment,log,110,170,0.010699335942005249,0.953416149068323,0.013282780739862762,0.9514285714285714,0.6180504319631366
segment,log,110,171,0.008540775665380668,0.9639751552795031,0.011486987555312505,0.9457142857142857,0.3650001220259085
segment,log,110,172,0.008590976475623088,0.9627329192546584,0.011433127839840698,0.9457142857142857,0.1419411930462736
segment,log,110,173,0.008448421900766917,0.9645962732919254,0.01154358288915648,0.9428571428571428,0.23195481938553814
segment,log,110,174,0.008459902296807448,0.9652173913043478,0.011608416185078475,0.9457142857142857,0.14719745183653948
segment,log,110,175,0.01325461377646719,0.9440993788819876,0.015309730882921643,0.9371428571428572,0.648274781167979
segment,log,110,176,0.008706834911479453,0.9633540372670808,0.01193213394994996,0.94,0.4622200344777198
segment,log,110,177,0.008356653778550474,0.9633540372670808,0.011434541553868995,0.9428571428571428,0.2150036600856867
segment,log,110,178,0.009263662344559047,0.9596273291925466,0.012488009512266453,0.94,0.3356606662431395
segment,log,110,179,0.008398424053839356,0.9652173913043478,0.011433300214766353,0.9485714285714286,0.1845258141389801
segment,log,110,180,0.011113739720863797,0.9465838509316771,0.014276089604347683,0.9371428571428572,0.5013974675579154
segment,log,110,181,0.008601647745537046,0.9639751552795031,0.011514274859086555,0.9428571428571428,0.505395284817659
segment,log,110,182,0.008303454152441821,0.9652173913043478,0.011403948400080004,0.9428571428571428,0.2707575785395162
segment,log,110,183,0.012675945123003119,0.9459627329192547,0.014772689005507893,0.9342857142857143,0.6194412512398673
segment,log,110,184,0.009212141209089055,0.9571428571428572,0.011899466257098895,0.9514285714285714,0.5009541683388311
segment,log,110,185,0.00827089175403719,0.9652173913043478,0.011491602927893273,0.9428571428571428,0.03681254279641005
segment,log,110,186,0.008240212560621919,0.9652173913043478,0.011404303519798775,0.9457142857142857,0.13156740052264737
segment,log,110,187,0.010425971521888235,0.953416149068323,0.013342949147275641,0.9371428571428572,0.6519370750035609
segment,log,110,188,0.009337958956550263,0.9577639751552796,0.012803960614556601,0.9428571428571428,0.6380088972634459
segment,log,110,189,0.008582758845364373,0.9614906832298137,0.011810738845362224,0.9428571428571428,0.611813175923253
segment,log,110,190,0.008198031611666262,0.9639751552795031,0.01148391751671133,0.94,0.3922535755936041
segment,log,110,191,0.011448738430145104,0.9440993788819876,0.014557966661379962,0.9285714285714286,0.5893599383151437
segment,log,110,192,0.008162703085016008,0.9658385093167702,0.011213906556208823,0.9457142857142857,0.5936800861353824
segment,log,110,193,0.008068222925117047,0.9652173913043478,0.011203309555810592,0.9428571428571428,0.5610992832937403
segment,log,110,194,0.01082568494579899,0.9540372670807453,0.013203926275882141,0.9457142857142857,0.46137349837028874
segment,log,110,195,0.009040540864764423,0.962111801242236,0.012173124239354672,0.9428571428571428,0.5346571254500824
segment,log,110,196,0.008040245916594793,0.9627329192546584,0.011145765613294773,0.9428571428571428,0.267502821130174
segment,log,110,197,0.007965631707506252,0.9658385093167702,0.011077374593205512,0.9428571428571428,0.04886403201185838
segment,log,110,198,0.007972104962457843,0.9652173913043478,0.011034043327509579,0.9457142857142857,0.2446657325224956
segment,log,110,199,0.008918024940159081,0.9565217391304348,0.011765443534954794,0.9485714285714286,0.40961110298057457
segment,log,110,200,0.008020007971036577,0.9658385093167702,0.011136447992033708,0.9428571428571428,0.7246068100277375
segment,log,110,201,0.008193912467407066,0.962111801242236,0.01104510142639599,0.9542857142857143,0.41213403899770307
segment,log,110,202,0.00844559838925635,0.9627329192546584,0.011635584995357372,0.9428571428571428,0.5652026910646953
segment,log,110,203,0.008052180442085931,0.962111801242236,0.010977825068692259,0.9514285714285714,0.30354517789343755
segment,log,110,204,0.008354793983145162,0.9627329192546584,0.011412320037141797,0.9457142857142857,0.4433781512230927
segment,log,110,205,0.008890715185063146,0.9602484472049689,0.011575414394151145,0.9514285714285714,0.5033818916374083
segment,log,110,206,0.007996081918034402,0.9627329192546584,0.010945545715521338,0.9485714285714286,0.18476145339744476
segment,log,110,207,0.007809782192073827,0.9652173913043478,0.010902355360419941,0.9485714285714286,0.08355510439153259
segment,log,110,208,0.00784808921979699,0.9639751552795031,0.010895403982961308,0.9485714285714286,0.31253427953782464
segment,log,110,209,0.007768770134079497,0.9652173913043478,0.010809060281224683,0.9457142857142857,0.30444614699702305
segment,log,110,210,0.007753390780662644,0.9658385093167702,0.010876778156260753,0.9485714285714286,0.6514672111830915
segment,log,110,211,0.007817097583864663,0.9677018633540373,0.01091886492327079,0.9428571428571428,0.5810107282369213
segment,log,110,212,0.007717252597017015,0.9652173913043478,0.010817345778922882,0.9485714285714286,0.06368998295204925
segment,log,110,213,0.007855769305054196,0.9664596273291925,0.011019654851109737,0.9485714285714286,0.4574154849558325
segment,log,110,214,0.011140169937619075,0.9496894409937888,0.013016188103880336,0.9457142857142857,0.5480640465383817
segment,log,110,215,0.008363405035039259,0.9627329192546584,0.011783595835300625,0.9428571428571428,0.4360510776994859
segment,log,110,216,0.007635657686928057,0.9677018633540373,0.010889975522834603,0.9485714285714286,0.12496765647286556
segment,log,110,217,0.007697115494568873,0.9664596273291925,0.010866784065085493,0.9457142857142857,0.5619619741250743
segment,log,110,218,0.007728469920192578,0.9677018633540373,0.010892899007894748,0.9457142857142857,0.5530439039116977
segment,log,110,219,0.007662475709417458,0.9677018633540373,0.010815821861267795,0.9514285714285714,0.22767482090755764
segment,log,110,220,0.007612609637835389,0.9670807453416149,0.010750262640361887,0.9428571428571428,0.2551401463380847
segment,log,110,221,0.007676312997962523,0.9658385093167702,0.010672424108114423,0.9514285714285714,0.5675755261324478
segment,log,110,222,0.008541192345332075,0.9596273291925466,0.01120876276498754,0.9485714285714286,0.5834014869905367
segment,log,110,223,0.007617152247861774,0.9658385093167702,0.01075029248776855,0.9457142857142857,0.29024683937409845
segment,log,110,224,0.007768046692856736,0.9633540372670808,0.010771332082497162,0.9457142857142857,0.48307262356115116
segment,log,110,225,0.007574627503803731,0.9677018633540373,0.010634666265139273,0.9457142857142857,0.16541554320979868
segment,log,110,226,0.010034584190032182,0.9596273291925466,0.012597492279961897,0.9514285714285714,0.676580584084795
segment,log,110,227,0.008298026863279703,0.9639751552795031,0.010953724961575317,0.9542857142857143,0.5663610465130758
segment,log,110,228,0.0075363093265293155,0.9639751552795031,0.010445323486003959,0.9514285714285714,0.5698416566152178
segment,log,110,229,0.010926999632751008,0.9453416149068323,0.013951855139924897,0.9285714285714286,0.5296761288122933
segment,log,110,230,0.008166466593525006,0.9633540372670808,0.011248472633347436,0.9514285714285714,0.5216094011975583
segment,log,110,231,0.007790068449509216,0.9639751552795031,0.010665356347456951,0.9514285714285714,0.07738411462450792
segment,log,110,232,0.007661666959773612,0.9652173913043478,0.010364418513786926,0.9514285714285714,0.5708129131817188
segment,log,110,233,0.007806431866670964,0.9652173913043478,0.0106446620865005,0.9514285714285714,0.35070420753298065
segment,log,110,234,0.0076563975005057025,0.9664596273291925,0.01060316733469529,0.9457142857142857,0.09298858442858886
segment,log,110,235,0.0076200543944783495,0.9677018633540373,0.010439231520916472,0.9542857142857143,0.5644352747712847
segment,log,110,236,0.007372709766323286,0.9677018633540373,0.01041921122376428,0.9485714285714286,0.5578663646523746
segment,log,110,237,0.007344387131120318,0.9670807453416149,0.010313604037479463,0.9514285714285714,0.5764441763071425
segment,log,110,238,0.007501220343869175,0.9664596273291925,0.010452068993515314,0.9428571428571428,0.4124968270878097
segment,log,110,239,0.010145669986533514,0.9496894409937888,0.01316519753299972,0.9342857142857143,0.5190880928076979
segment,log,110,240,0.007518546598148654,0.9664596273291925,0.010499444792299903,0.9514285714285714,0.47697863405677643
segment,log,110,241,0.007289439465401702,0.9683229813664597,0.01034465299505531,0.9514285714285714,0.25722210983193416
segment,log,110,242,0.007223704196489438,0.9677018633540373,0.010213979620351808,0.9542857142857143,0.11931575373700336
segment,log,110,243,0.007326823548368024,0.9683229813664597,0.010207089400857261,0.9542857142857143,0.18917823719722485
segment,log,110,244,0.0071940502805266145,0.9714285714285714,0.010101718838966968,0.96,0.34083205782381365
segment,log,110,245,0.007239775687960213,0.9701863354037267,0.010185754151801552,0.9514285714285714,0.1431546161316707
segment,log,110,246,0.007492738582026338,0.9677018633540373,0.010345817579888542,0.9514285714285714,0.04370420578772663
segment,log,110,247,0.009394160383964054,0.9559006211180124,0.011546083268923419,0.9514285714285714,0.4925714173092258
segment,log,110,248,0.00725247741654282,0.9726708074534162,0.0102152080798078,0.9571428571428572,0.6530358388401202
segment,log,110,249,0.007169813527635803,0.9695652173913043,0.009946000400708305,0.9571428571428572,0.07309772082632393
segment,log,110,250,0.00869439091219228,0.9571428571428572,0.011607489069686443,0.9428571428571428,0.6057079644263977
segment,log,110,251,0.007056249337308782,0.9720496894409938,0.009932245398235734,0.9571428571428572,0.12993258608640346
segment,log,110,252,0.007135094164880618,0.9701863354037267,0.010001232742097875,0.96,0.4212411074165516
segment,log,110,253,0.007724132360485598,0.9658385093167702,0.010719599498655542,0.9514285714285714,0.5395861695836128
segment,log,110,254,0.007108556082542436,0.968944099378882,0.01009139090096626,0.9542857142857143,0.5592170034986151
segment,log,110,255,0.007076683306871557,0.9683229813664597,0.009979049497844499,0.9542857142857143,0.3812946288890848
segment,log,110,256,0.006970994512060621,0.9714285714285714,0.00992242677513152,0.96,0.12434147773609777
segment,log,110,257,0.007030186732805807,0.9732919254658385,0.009939238489339688,0.9542857142857143,0.31871702584757955
segment,log,110,258,0.0069941288051592445,0.9732919254658385,0.009991573931522994,0.9571428571428572,0.23702647332853855
segment,log,110,259,0.009364996973058795,0.9559006211180124,0.012215721483761119,0.94,0.5224048210743014
segment,log,110,260,0.007767897515187808,0.9633540372670808,0.010666829499316586,0.9514285714285714,0.45012404409790435
segment,log,110,261,0.008142895899554638,0.9645962732919254,0.011321897575780993,0.9485714285714286,0.49623304860689954
segment,log,110,262,0.0105051919808857,0.9465838509316771,0.013306867340210306,0.9314285714285714,0.6363386404427068
segment,log,110,263,0.007486990942426118,0.9701863354037267,0.010367146410887786,0.9514285714285714,0.4999623887266091
segment,log,110,264,0.011149387955906226,0.9409937888198758,0.014133378988145623,0.9285714285714286,0.5723169685954489
segment,log,110,265,0.006971689542967003,0.970807453416149,0.009911152280911809,0.9542857142857143,0.3425380332058578
segment,log,110,266,0.007090629490355909,0.9683229813664597,0.009995404666193928,0.9542857142857143,0.05143859499665225
segment,log,110,267,0.006785370403311884,0.970807453416149,0.009767271974870812,0.9542857142857143,0.023843065267685423
segment,log,110,268,0.006833606484948212,0.9732919254658385,0.009964522655576862,0.96,0.32559561943249765
segment,log,110,269,0.012939446774625218,0.9341614906832298,0.015665985743392723,0.9228571428571428,0.5410996475175138
segment,log,110,270,0.0069131627011852475,0.9714285714285714,0.010070030961730278,0.9542857142857143,0.634909784859658
segment,log,110,271,0.0078087587069788945,0.9714285714285714,0.010796531724812845,0.9514285714285714,0.6200423759442033
segment,log,110,272,0.006686476890681857,0.9726708074534162,0.009663326820893907,0.9571428571428572,0.15947431184419728
segment,log,110,273,0.00889321218038811,0.9583850931677018,0.011860403338311357,0.9428571428571428,0.486949615238063
segment,log,110,274,0.009608707228137078,0.9559006211180124,0.012108537555615048,0.9514285714285714,0.5505020945813293
segment,log,110,275,0.007446767391208247,0.9658385093167702,0.01024271971465461,0.9514285714285714,0.7072837571693523
segment,log,110,276,0.007440906033747338,0.9677018633540373,0.010466905445924568,0.96,0.4164353889101979
segment,log,110,277,0.006607527969029635,0.9726708074534162,0.009605024799594965,0.96,0.27690133757502633
segment,log,110,278,0.00959621042509894,0.9540372670807453,0.01253595990957131,0.9371428571428572,0.46421799330048696
segment,log,110,279,0.0065954484033686695,0.9701863354037267,0.009547505241740214,0.9542857142857143,0.0677890590431187
segment,log,110,280,0.007366178396973924,0.9695652173913043,0.010330524817845636,0.9485714285714286,0.66210109872046
segment,log,110,281,0.0065497274698032735,0.9732919254658385,0.009481437675311967,0.96,0.2547116909616697
segment,log,110,282,0.006920162582739222,0.970807453416149,0.010103901862541334,0.9485714285714286,0.5431082129413338
segment,log,110,283,0.006576034031717161,0.970807453416149,0.009574514570215291,0.9542857142857143,0.25525410202554155
segment,log,110,284,0.006693818294021969,0.970807453416149,0.009683173910231059,0.9542857142857143,0.05757416964132167
segment,log,110,285,0.012179567074205817,0.9354037267080745,0.014870543830401296,0.9228571428571428,0.5634889071421009
segment,log,110,286,0.006549211128841079,0.9714285714285714,0.009593273333166202,0.9542857142857143,0.23518878914196273
segment,log,110,287,0.006484581666452031,0.970807453416149,0.009561595673033066,0.9542857142857143,0.17275916080817558
segment,log,110,288,0.0065609976575925506,0.970807453416149,0.009646811884308527,0.9542857142857143,0.06164790273024512
segment,log,110,289,0.006436079912952765,0.9720496894409938,0.009547525878261508,0.96,0.2538235155224112
segment,log,110,290,0.006639992179342204,0.9714285714285714,0.00984852584734911,0.9571428571428572,0.419149486432545
segment,log,110,291,0.00860178575135637,0.9590062111801242,0.011197491630786144,0.9542857142857143,0.535273859074365
segment,log,110,292,0.006513929684097809,0.9714285714285714,0.00962525298683678,0.9571428571428572,0.32288114513431004
segment,log,110,293,0.006485677776987085,0.9714285714285714,0.00967694890348984,0.9571428571428572,0.31225531349275887
segment,log,110,294,0.006405806535219883,0.9732919254658385,0.00961830548835634,0.96,0.0822439721714274
segment,log,110,295,0.006639781154633324,0.9714285714285714,0.009832204935799838,0.9514285714285714,0.10964845409457763
segment,log,110,296,0.00677845023967547,0.9683229813664597,0.010084648449794611,0.9514285714285714,0.5442092124956343
segment,log,110,297,0.006799131897794596,0.9714285714285714,0.009930631585163711,0.9542857142857143,0.4154569423369887
segment,log,110,298,0.00953743689301885,0.9527950310559006,0.012458924766843217,0.94,0.4802098728358811
segment,log,110,299,0.00635461494427247,0.9739130434782609,0.009629846232925086,0.9542857142857143,0.27066404438419517
segment,log,110,300,0.006879840185202158,0.9677018633540373,0.010089463679708154,0.9485714285714286,0.40978112369016084
segment,log,110,301,0.006512467366717194,0.9695652173913043,0.009730219455403168,0.9571428571428572,0.5712566032691122
segment,log,110,302,0.006355504307036724,0.9726708074534162,0.009563908639226192,0.9542857142857143,0.26919711113967804
segment,log,110,303,0.006622920022982552,0.970807453416149,0.009730904462971058,0.9514285714285714,0.20385818099425795
segment,log,110,304,0.006340249824732706,0.970807453416149,0.009542219050402359,0.9514285714285714,0.34563321901130933
segment,log,110,305,0.0062380265685373125,0.9739130434782609,0.009496874133959825,0.9542857142857143,0.3045177904648234
segment,log,110,306,0.006699921546527062,0.9701863354037267,0.009961647853771028,0.9542857142857143,0.05757634427585535
segment,log,110,307,0.006334682476274999,0.9720496894409938,0.009612285498743288,0.9542857142857143,0.04516238240712277
segment,log,110,308,0.006221658301253203,0.9732919254658385,0.009555586213522368,0.9542857142857143,0.24979415166189287
segment,log,110,309,0.006218615905987814,0.9726708074534162,0.009497445446358279,0.9514285714285714,0.06296431621056153
segment,log,110,310,0.006178115402714028,0.9739130434782609,0.009407087583263442,0.9542857142857143,0.5675442469023653
segment,log,110,311,0.006238345541767632,0.9714285714285714,0.009434100599487986,0.9514285714285714,0.2950418491219446
segment,log,110,312,0.006270354932016199,0.9714285714285714,0.009510685455321232,0.9514285714285714,0.4102219853281325
segment,log,110,313,0.0061380113556270014,0.9745341614906833,0.009414715444618606,0.96,0.23954122083742327
segment,log,110,314,0.006191590731502849,0.9739130434782609,0.009550602032731666,0.9542857142857143,0.1568414261097253
segment,log,110,315,0.006385683563887511,0.9714285714285714,0.009686126542002104,0.9514285714285714,0.22753274367613388
segment,log,110,316,0.006125875495140378,0.9720496894409938,0.009451448609753426,0.9571428571428572,0.2974039615897974
segment,log,110,317,0.008209803643584705,0.9633540372670808,0.011433748243216062,0.9457142857142857,0.4906441951028244
segment,log,110,318,0.006136493401035833,0.9726708074534162,0.009514991089943189,0.9571428571428572,0.20154183821262053
segment,log,110,319,0.0061034904422055895,0.9720496894409938,0.009523080038066652,0.9542857142857143,0.22547976630394526
segment,log,110,320,0.006655883150018045,0.9751552795031055,0.010106962995263827,0.9514285714285714,0.4876438840358818
segment,log,110,321,0.00616742142314924,0.9720496894409938,0.009534983082667009,0.9571428571428572,0.0776183764464039
segment,log,110,322,0.006296867722779513,0.9720496894409938,0.009669410121795475,0.96,0.07497562429079872
segment,log,110,323,0.006086754994595628,0.9751552795031055,0.009480851977820452,0.9542857142857143,0.5488404419037708
segment,log,110,324,0.006045133957763645,0.9751552795031055,0.00948683162731807,0.9542857142857143,0.47632995581172405
segment,log,110,325,0.006100880040574049,0.9720496894409938,0.009497244449923725,0.9514285714285714,0.0688581621358559
segment,log,110,326,0.006059369135131164,0.9739130434782609,0.009493496614954557,0.9514285714285714,0.24154823648162668
segment,log,110,327,0.008211035508143505,0.962111801242236,0.011345738481578275,0.9428571428571428,0.6016680340219263
segment,log,110,328,0.0062914511720481014,0.9726708074534162,0.009704527572218461,0.9514285714285714,0.3371953562848972
segment,log,110,329,0.006076101533243213,0.9726708074534162,0.009574135552745172,0.9514285714285714,0.28157193671925257
segment,log,110,330,0.008522209139490465,0.9565217391304348,0.011826095351964796,0.9457142857142857,0.4569194645937102
segment,log,110,331,0.006137689052059191,0.9726708074534162,0.009749674250290696,0.9514285714285714,0.0606662047229367
segment,log,110,332,0.006993918958901278,0.9695652173913043,0.010470703692061618,0.9571428571428572,0.2282167471080645
segment,log,110,333,0.006292739744780756,0.9714285714285714,0.009727164201871178,0.9514285714285714,0.45874494389675124
segment,log,110,334,0.005943776304766781,0.9726708074534162,0.00953331270554782,0.9542857142857143,0.18304700680719938
segment,log,110,335,0.006166432804818978,0.9732919254658385,0.009761935013926042,0.9514285714285714,0.17371324769243365
segment,log,110,336,0.006322535225338146,0.9701863354037267,0.009855251258021837,0.9542857142857143,0.5422881818276567
segment,log,110,337,0.005974601962693649,0.9739130434782609,0.009638058969673577,0.9514285714285714,0.29802710929640663
segment,log,110,338,0.005901527966614909,0.9726708074534162,0.009472367438472108,0.9542857142857143,0.1015518561298516
segment,log,110,339,0.0059351857381235865,0.9757763975155279,0.009489826547370555,0.9571428571428572,0.5785520702477617
segment,log,110,340,0.010075832196067233,0.9503105590062112,0.013376361275021103,0.9314285714285714,0.6115590355558392
segment,log,110,341,0.005901176333624362,0.9739130434782609,0.009393189696939093,0.9514285714285714,0.024136491888854316
segment,log,110,342,0.0059366260419554985,0.9751552795031055,0.009444330436048086,0.9542857142857143,0.3674829540666025
segment,log,110,343,0.006027853511433881,0.9745341614906833,0.009565963768306316,0.9514285714285714,0.29999090379591997
segment,log,110,344,0.005847596815234888,0.9739130434782609,0.009376582237682663,0.9571428571428572,0.2786563870253658
segment,log,110,345,0.00796191706981432,0.9608695652173913,0.011264499359592377,0.9514285714285714,0.46074826781687545
segment,log,110,346,0.0058180894103692276,0.9745341614906833,0.00937618022510425,0.9571428571428572,0.05888996776912727
segment,log,110,347,0.006538238916208446,0.9714285714285714,0.009957452015207053,0.9514285714285714,0.42013894019851333
segment,log,110,348,0.005833440105897958,0.9739130434782609,0.009518012479799606,0.9514285714285714,0.07129637163372542
segment,log,110,349,0.00715134089520159,0.9652173913043478,0.010700323921647586,0.9514285714285714,0.6062216303075628
segment,log,110,350,0.005832536482450578,0.9763975155279503,0.009543930818792946,0.9514285714285714,0.12480195896362842
segment,log,111,1,0.09278701730874088,0.4540372670807453,0.0923469409553818,0.4514285714285714,0.9765831405777912
segment,log,111,2,0.08243185212200588,0.5627329192546584,0.08318973261077513,0.5714285714285714,0.9777651004183796
segment,log,111,3,0.07729757843761503,0.6440993788819875,0.07757382869397632,0.64,0.9462400533575587
segment,log,111,4,0.0631306915610186,0.6267080745341614,0.0630124530848518,0.6142857142857143,0.9020986448598326
segment,log,111,5,0.05716353368682973,0.6664596273291925,0.057395920645269945,0.6628571428571428,0.8966424494967169
segment,log,111,6,0.07019145273825148,0.6571428571428571,0.06929272940425457,0.6571428571428571,0.8530931059504684
segment,log,111,7,0.06737047659321779,0.7527950310559006,0.06858621591401591,0.7457142857142857,0.8033643381430662
segment,log,111,8,0.04285473897195938,0.7788819875776397,0.04403782757335371,0.7714285714285715,0.7831449939605157
segment,log,111,9,0.040648039023916185,0.815527950310559,0.04219974447019445,0.7971428571428572,0.7596712747902981
segment,log,111,10,0.042066868384713,0.7776397515527951,0.04262676835350818,0.7685714285714286,0.7898328399355399
segment,log,111,11,0.036978253436448026,0.8273291925465839,0.03872363050786673,0.8057142857142857,0.6774933877660887
segment,log,111,12,0.04154794870422526,0.8173913043478261,0.04391787778862429,0.8085714285714286,0.7175951581645114
segment,log,111,13,0.036983075491403554,0.8161490683229814,0.03882167726503222,0.8,0.6796430900649832
segment,log,111,14,0.03662151295571754,0.8093167701863354,0.038511210897430204,0.7971428571428572,0.760856438685004
segment,log,111,15,0.03777870965471911,0.8298136645962733,0.04068918032667319,0.8114285714285714,0.683850256627849
segment,log,111,16,0.03537813039682899,0.8211180124223603,0.036865545548961785,0.7971428571428572,0.7987209239133662
segment,log,111,17,0.03551940024969693,0.8111801242236025,0.037557510765922064,0.8,0.6560286431844031
segment,log,111,18,0.035154574118662206,0.831055900621118,0.03752240202619567,0.82,0.6686047294042994
segment,log,111,19,0.03392449741624847,0.831055900621118,0.03571606043307739,0.8171428571428572,0.8087158349150968
segment,log,111,20,0.035733805573833204,0.8279503105590063,0.03797391393076757,0.8142857142857143,0.6651996294753653
segment,log,111,21,0.034044916352515,0.8298136645962733,0.03604737987633204,0.8171428571428572,0.7966463640186465
segment,log,111,22,0.033346440956037046,0.8329192546583851,0.03525473270491652,0.8171428571428572,0.5118900254688044
segment,log,111,23,0.03351351500375284,0.8273291925465839,0.0352535356980805,0.8085714285714286,0.4771429943256652
segment,log,111,24,0.03386009439430068,0.8236024844720496,0.03548369219970097,0.8057142857142857,0.6565859439816741
segment,log,111,25,0.03308765953629166,0.8316770186335404,0.03492209041762038,0.8142857142857143,0.7679854992346006
segment,log,111,26,0.034155758046164206,0.8211180124223603,0.03586582132358346,0.8114285714285714,0.7707690853091903
segment,log,111,27,0.03265047452594569,0.8322981366459627,0.03452514922911567,0.8171428571428572,0.7190366208622789
segment,log,111,28,0.03255644473345322,0.8335403726708075,0.03457966775269892,0.8171428571428572,0.6173588078987902
segment,log,111,29,0.03287644907204954,0.8260869565217391,0.03467209821129484,0.8057142857142857,0.758757869264444
segment,log,111,30,0.03225258951229326,0.8341614906832299,0.03431838399875839,0.8171428571428572,0.3540919839109772
segment,log,111,31,0.032299079968062895,0.8322981366459627,0.0346989680500895,0.8171428571428572,0.7519209546097051
segment,log,111,32,0.03266499243422489,0.8304347826086956,0.03523562332537035,0.8142857142857143,0.6872755451554414
segment,log,111,33,0.03220391879649748,0.8316770186335404,0.034788187927025496,0.82,0.5234155210466419
segment,log,111,34,0.03239157358777166,0.8322981366459627,0.03495549999611786,0.82,0.3620686520147297
segment,log,111,35,0.03249332092143098,0.8329192546583851,0.03439299777103292,0.8171428571428572,0.7117433406139698
segment,log,111,36,0.03273795659430863,0.8298136645962733,0.03455659457770717,0.8142857142857143,0.813961636125244
segment,log,111,37,0.03223199694954369,0.831055900621118,0.034162770632834516,0.8171428571428572,0.7004754235624662
segment,log,111,38,0.03279029291771434,0.8298136645962733,0.035527681695503174,0.8171428571428572,0.5483405689554786
segment,log,111,39,0.03229787434165065,0.8329192546583851,0.034189998210880784,0.8171428571428572,0.7169886473118967
segment,log,111,40,0.03195680073357115,0.8322981366459627,0.033903000085167743,0.8171428571428572,0.7246427657002124
segment,log,111,41,0.03328025513630995,0.8279503105590063,0.035036657956921465,0.8171428571428572,0.8039481661574904
segment,log,111,42,0.0311810067450736,0.8304347826086956,0.03345875716034578,0.8171428571428572,0.717795321126769
segment,log,111,43,0.032567078125524854,0.8298136645962733,0.03539677675798601,0.8171428571428572,0.6022703134812871
segment,log,111,44,0.0352214663345312,0.8291925465838509,0.03833250792933446,0.8228571428571428,0.6460795279943536
segment,log,111,45,0.03182832340916671,0.8322981366459627,0.03433638971947517,0.8285714285714286,0.722989207540218
segment,log,111,46,0.03079193721274493,0.8341614906832299,0.033109494510269406,0.8228571428571428,0.20559483134263107
segment,log,111,47,0.03372829007246389,0.8291925465838509,0.03656836023470885,0.8171428571428572,0.8053510405082338
segment,log,111,48,0.0305412004016226,0.8329192546583851,0.03293123690470444,0.8228571428571428,0.6132134782275254
segment,log,111,49,0.030451108961778113,0.8335403726708075,0.032947426766337135,0.8228571428571428,0.8507056918409153
segment,log,111,50,0.0315067089436167,0.8298136645962733,0.03442634075811174,0.8171428571428572,0.733401606237345
segment,log,111,51,0.03315311935361287,0.8316770186335404,0.03622364782008651,0.82,0.6597899367410658
segment,log,111,52,0.030500508925427394,0.8322981366459627,0.033158272158739295,0.8228571428571428,0.6775765914169333
segment,log,111,53,0.031532890318922195,0.8316770186335404,0.033540231604421704,0.8171428571428572,0.7649509587866798
segment,log,111,54,0.030071014635468466,0.8335403726708075,0.03265100545704917,0.8228571428571428,0.7573556848711762
segment,log,111,55,0.030002568491239858,0.8322981366459627,0.032554520101321205,0.82,0.46061951290386544
segment,log,111,56,0.030308420182674878,0.8316770186335404,0.033268225925043325,0.8228571428571428,0.6263440062339631
segment,log,111,57,0.029961561949069033,0.8341614906832299,0.03251452097610527,0.8285714285714286,0.7118387154942415
segment,log,111,58,0.030180828395874895,0.8322981366459627,0.03301808031153901,0.8228571428571428,0.6295311168758143
segment,log,111,59,0.031051046579837146,0.8335403726708075,0.033211164125456015,0.8228571428571428,0.6379379878141862
segment,log,111,60,0.029611398851542695,0.8335403726708075,0.03229078152192956,0.8285714285714286,0.7068814383243011
segment,log,111,61,0.029866162327068745,0.8341614906832299,0.032889764727054877,0.8228571428571428,0.6280725293568972
segment,log,111,62,0.03249667354548695,0.8316770186335404,0.0358108761678492,0.82,0.6669143135290025
segment,log,111,63,0.02945404569434054,0.8347826086956521,0.03207560415544208,0.8228571428571428,0.42114683866776337
segment,log,111,64,0.029407578743516342,0.8335403726708075,0.03230387012698854,0.8228571428571428,0.6049267570786055
segment,log,111,65,0.03058003073492994,0.8329192546583851,0.03268142061232931,0.8228571428571428,0.8156194459101382
segment,log,111,66,0.029783882179971376,0.8316770186335404,0.03270120133794598,0.8228571428571428,0.7207813614968419
segment,log,111,67,0.03159970742704999,0.8347826086956521,0.03356839134770402,0.82,0.6520534453989124
segment,log,111,68,0.029151887955386365,0.8341614906832299,0.03191669236415103,0.8257142857142857,0.696159844272104
segment,log,111,69,0.030018186411529153,0.8347826086956521,0.03232259674912579,0.8228571428571428,0.7246883883015905
segment,log,111,70,0.03297342411613632,0.8267080745341615,0.03485861132374868,0.8171428571428572,0.8125543128474023
segment,log,111,71,0.029765483651819538,0.8347826086956521,0.03225930075099938,0.8228571428571428,0.7661053798636873
segment,log,111,72,0.03013277824783358,0.8335403726708075,0.03323140242154452,0.8228571428571428,0.7442157494161057
segment,log,111,73,0.029730152870236535,0.8354037267080745,0.03219345012147848,0.8228571428571428,0.7969714446179693
segment,log,111,74,0.028979007323329562,0.8335403726708075,0.03212937371136827,0.8257142857142857,0.6388711757970692
segment,log,111,75,0.025228647890918873,0.8658385093167702,0.02848477584268493,0.8514285714285714,0.8100704164938128
segment,log,111,76,0.016105667444476272,0.9298136645962732,0.017952892980510747,0.94,0.4887417439840443
segment,log,111,77,0.013922236884176846,0.9397515527950311,0.015957858027315416,0.9314285714285714,0.20619890117193443
segment,log,111,78,0.013602683054614574,0.9459627329192547,0.0160721270270317,0.9371428571428572,0.5349057724340095
segment,log,111,79,0.015188293570056638,0.9267080745341615,0.016691951942215615,0.9257142857142857,0.5210648311922275
segment,log,111,80,0.014597885933871435,0.9341614906832298,0.017285648553457482,0.9285714285714286,0.553639529943647
segment,log,111,81,0.013165390570279906,0.9366459627329192,0.015133462605719506,0.9314285714285714,0.2606272062272812
segment,log,111,82,0.012641839756163212,0.9403726708074535,0.014926647448916952,0.9314285714285714,0.455971099005821
segment,log,111,83,0.013654220043268637,0.9347826086956522,0.01557494552782431,0.9314285714285714,0.6332495981118679
segment,log,111,84,0.01398531381380909,0.9397515527950311,0.017172840004414266,0.9285714285714286,0.6936334822193232
segment,log,111,85,0.012436314258067072,0.9428571428571428,0.015096795189006003,0.9314285714285714,0.5180831740348012
segment,log,111,86,0.01211713207488815,0.9428571428571428,0.014552670470536665,0.9257142857142857,0.1465388217197241
segment,log,111,87,0.016983140276934233,0.9211180124223602,0.018180438551672094,0.9257142857142857,0.5683080999446711
segment,log,111,88,0.012423428594727833,0.9490683229813665,0.01493863209629757,0.9371428571428572,0.6421738623437163
segment,log,111,89,0.0191043924450862,0.9093167701863354,0.01969307804201602,0.9171428571428571,0.7259605293131207
segment,log,111,90,0.011735081192386927,0.9440993788819876,0.014115202690776863,0.94,0.37028495939241335
segment,log,111,91,0.013260142124127558,0.9366459627329192,0.016076751579704066,0.9285714285714286,0.6598430102790822
segment,log,111,92,0.0123479072981439,0.9472049689440993,0.015152105612689941,0.94,0.4567222060569888
segment,log,111,93,0.011901796995523146,0.9428571428571428,0.014243236324886591,0.9285714285714286,0.3780709118745387
segment,log,111,94,0.011442185744793783,0.9496894409937888,0.01404432017255627,0.9371428571428572,0.26003942788365947
segment,log,111,95,0.016129868363500933,0.9204968944099379,0.01743334820958728,0.9285714285714286,0.6393216652735824
segment,log,111,96,0.0121815443754008,0.9459627329192547,0.015028561474974098,0.9342857142857143,0.2970446404588505
segment,log,111,97,0.011475919235993696,0.953416149068323,0.014004713873144805,0.9428571428571428,0.6118253435994943
segment,log,111,98,0.01225681797374876,0.9409937888198758,0.014467912395461417,0.9314285714285714,0.6188880037080503
segment,log,111,99,0.01126822169313732,0.9509316770186336,0.013929024716842656,0.9428571428571428,0.3893186376856479
segment,log,111,100,0.01114215023912663,0.9527950310559006,0.013790296226583345,0.94,0.39376601136156925
segment,log,111,101,0.01113811611111084,0.9484472049689441,0.01370314923030187,0.9371428571428572,0.5910900305000114
segment,log,111,102,0.011073503380960928,0.9496894409937888,0.013715784368988,0.94,0.45929750593318036
segment,log,111,103,0.01107051344473913,0.9540372670807453,0.01361739888711713,0.9371428571428572,0.46673674972176854
segment,log,111,104,0.010859051329554791,0.953416149068323,0.013472931035830008,0.9371428571428572,0.24804066755165854
segment,log,111,105,0.014188974734561871,0.9279503105590062,0.017285332891418294,0.9228571428571428,0.6262812738766977
segment,log,111,106,0.010817582766680572,0.9527950310559006,0.013430557552003938,0.9342857142857143,0.1465898058882335
segment,log,111,107,0.010724679438085307,0.9527950310559006,0.013481318729669877,0.9371428571428572,0.35659311364296137
segment,log,111,108,0.01097353215579101,0.9521739130434783,0.013786128851441707,0.9428571428571428,0.4425238392804969
segment,log,111,109,0.01240521229718549,0.9403726708074535,0.015307007803838542,0.9228571428571428,0.6501121792155808
segment,log,111,110,0.012407609747850571,0.9403726708074535,0.014263332992938024,0.9285714285714286,0.554014485827733
segment,log,111,111,0.010614315621094942,0.953416149068323,0.01313059977809449,0.9371428571428572,0.20483298475889375
segment,log,111,112,0.011151529424677767,0.9521739130434783,0.014008203118370548,0.9342857142857143,0.6137727390046496
segment,log,111,113,0.01052614327370457,0.953416149068323,0.013277255994133555,0.9342857142857143,0.323881810959973
segment,log,111,114,0.01098727046328208,0.9472049689440993,0.01322333825550291,0.9342857142857143,0.37972411768943737
segment,log,111,115,0.010590669577671179,0.9559006211180124,0.013399022739451065,0.94,0.30628500116206764
segment,log,111,116,0.01122569964863414,0.9515527950310559,0.01423742252279858,0.9285714285714286,0.32843454887808576
segment,log,111,117,0.010329604284424783,0.9540372670807453,0.013069154064923597,0.9371428571428572,0.3965519286432977
segment,log,111,118,0.019342091216274858,0.9142857142857143,0.02257546347669855,0.8942857142857142,0.6029420544548051
segment,log,111,119,0.010857207974692416,0.9496894409937888,0.013300420964593154,0.9342857142857143,0.44723445416277574
segment,log,111,120,0.010677670175715137,0.9490683229813665,0.013169320617458288,0.9342857142857143,0.34024901353578657
segment,log,111,121,0.010301119788215303,0.9552795031055901,0.01306405977891189,0.9342857142857143,0.6272095111657132
segment,log,111,122,0.011043259624850586,0.9509316770186336,0.01343382735890001,0.9314285714285714,0.6561382605539661
segment,log,111,123,0.010833332541355838,0.9571428571428572,0.013809744021898716,0.9428571428571428,0.48960951866981395
segment,log,111,124,0.00996469824752097,0.9565217391304348,0.012724514289319968,0.9371428571428572,0.2808752075194477
segment,log,111,125,0.009870265759091995,0.9552795031055901,0.012706685834481965,0.9342857142857143,0.10386123288112298
segment,log,111,126,0.010638627869232708,0.9515527950310559,0.012886530685736917,0.9371428571428572,0.5827702582819412
segment,log,111,127,0.009959195358201682,0.9571428571428572,0.012502057551447964,0.94,0.6078939683999491
segment,log,111,128,0.013244367744211295,0.9391304347826087,0.016294711702968742,0.9257142857142857,0.5351041471211017
segment,log,111,129,0.010128592191348882,0.9546583850931677,0.013037112624101347,0.9371428571428572,0.4979441254494247
segment,log,111,130,0.010181959218766747,0.9577639751552796,0.013378767170971544,0.9371428571428572,0.6080015612263321
segment,log,111,131,0.009749430549858105,0.9559006211180124,0.012581117225179168,0.9342857142857143,0.33683831617028326
segment,log,111,132,0.010198358531675899,0.9546583850931677,0.013319071967166982,0.9342857142857143,0.05392738581578759
segment,log,111,133,0.009998319063278634,0.962111801242236,0.01301416102968029,0.9457142857142857,0.5817554596728627
segment,log,111,134,0.010618028060481816,0.9559006211180124,0.013109403090335472,0.9457142857142857,0.6306847641952901
segment,log,111,135,0.00951480792475203,0.9571428571428572,0.01242530081995336,0.94,0.3923639235782017
segment,log,111,136,0.009511471083198084,0.9577639751552796,0.012441036698310723,0.9371428571428572,0.435559755734478
segment,log,111,137,0.009449321017183768,0.9577639751552796,0.012286235165884403,0.94,0.05081508741933627
segment,log,111,138,0.009572077258725645,0.9590062111801242,0.012676102000190483,0.9371428571428572,0.4153187338271969
segment,log,111,139,0.009317913854832332,0.9577639751552796,0.012156113004349926,0.94,0.15928447853289943
segment,log,111,140,0.009342358035661,0.9602484472049689,0.012064866883614193,0.9428571428571428,0.09485002433660158
segment,log,111,141,0.00936723577189645,0.9583850931677018,0.012202531689316686,0.94,0.39332382181437353
segment,log,111,142,0.00925120920345867,0.9583850931677018,0.012087911275552216,0.9428571428571428,0.36515625243422717
segment,log,111,143,0.00931637695579385,0.9596273291925466,0.012328147713712184,0.9428571428571428,0.31409441487172113
segment,log,111,144,0.009247966310766971,0.9596273291925466,0.0120028657286903,0.9428571428571428,0.3900639385292424
segment,log,111,145,0.009169266187340477,0.9583850931677018,0.012308340132995872,0.9428571428571428,0.44890164984970476
segment,log,111,146,0.009775189063515759,0.9552795031055901,0.012396676257164875,0.9514285714285714,0.3116015132654037
segment,log,111,147,0.009499795869127662,0.9614906832298137,0.012323938370239996,0.9428571428571428,0.42542300180567894
segment,log,111,148,0.010115349357002345,0.9527950310559006,0.012577875129215993,0.9485714285714286,0.5775947231429479
segment,log,111,149,0.009725022679392951,0.9614906832298137,0.012521978934163007,0.9428571428571428,0.7021879240736154
segment,log,111,150,0.009051992675378602,0.9596273291925466,0.01206049929289247,0.9428571428571428,0.4622822412005127
segment,log,111,151,0.01035102657524787,0.9577639751552796,0.012869932854008058,0.94,0.5466224424058518
segment,log,111,152,0.0090727847601655,0.962111801242236,0.011748261071274897,0.9457142857142857,0.34130814166366896
segment,log,111,153,0.008919251178769006,0.9602484472049689,0.011741732406974667,0.9428571428571428,0.09398905747866668
segment,log,111,154,0.008830852806776117,0.9602484472049689,0.011711034704371194,0.9428571428571428,0.34011028305028945
segment,log,111,155,0.009428921852494334,0.9596273291925466,0.011777969037886374,0.9457142857142857,0.5688523212908801
segment,log,111,156,0.008963575692832895,0.9614906832298137,0.011885639421161791,0.9428571428571428,0.18745079822145003
segment,log,111,157,0.009258693572669861,0.9590062111801242,0.012228383337213104,0.9371428571428572,0.6114125059886205
segment,log,111,158,0.00889200454137431,0.9614906832298137,0.011704385313976886,0.9428571428571428,0.5805707520033113
segment,log,111,159,0.008717130677140111,0.9602484472049689,0.011579881717917559,0.9457142857142857,0.5811302197331291
segment,log,111,160,0.00917673768832572,0.9577639751552796,0.012316412100175006,0.9428571428571428,0.43637095782459534
segment,log,111,161,0.016329991756994525,0.929192546583851,0.017236426685844616,0.9285714285714286,0.7399925733454594
segment,log,111,162,0.01164869921496237,0.9428571428571428,0.014596013294501605,0.9285714285714286,0.5374752640174608
segment,log,111,163,0.009017391284961512,0.9596273291925466,0.012060953470530994,0.9457142857142857,0.36200638620892545
segment,log,111,164,0.008844161483195313,0.962111801242236,0.01195435751670904,0.94,0.45873367938945114
segment,log,111,165,0.00856337841110258,0.9614906832298137,0.011352902306891016,0.9457142857142857,0.19480368844512513
segment,log,111,166,0.00923317112059237,0.9596273291925466,0.011585335024182516,0.9514285714285714,0.5855528198274699
segment,log,111,167,0.008498064881659894,0.9633540372670808,0.011280591960554504,0.9485714285714286,0.20160362091134817
segment,log,111,168,0.011817771070812626,0.9496894409937888,0.013652704343532131,0.9514285714285714,0.702190582458458
segment,log,111,169,0.008549914199137894,0.9639751552795031,0.011376505848560977,0.9457142857142857,0.29786847114497866
segment,log,111,170,0.008591399438643623,0.9639751552795031,0.011187667638829757,0.9514285714285714,0.07829574568540269
segment,log,111,171,0.013663376010777476,0.9329192546583851,0.01648077900605316,0.92,0.505439803374249
segment,log,111,172,0.008328452888796798,0.9639751552795031,0.011059069658752222,0.9457142857142857,0.24544217294627715
segment,log,111,173,0.009452235749375438,0.9583850931677018,0.01233480102324421,0.94,0.6424242693728479
segment,log,111,174,0.008297094409166483,0.9639751552795031,0.01111312782949827,0.9485714285714286,0.1126314878946659
segment,log,111,175,0.008302046102494836,0.9627329192546584,0.011115691209082245,0.9428571428571428,0.18675159694641386
segment,log,111,176,0.01724689373990437,0.9192546583850931,0.019678196163062312,0.9142857142857143,0.595257047847475
segment,log,111,177,0.008302555010827311,0.9639751552795031,0.011211134072276077,0.9485714285714286,0.2776943043514516
segment,log,111,178,0.009789980852885615,0.9527950310559006,0.012561446554495275,0.94,0.6220080789648899
segment,log,111,179,0.008172681363919913,0.9664596273291925,0.010833205384015096,0.9485714285714286,0.39082474065220285
segment,log,111,180,0.008267549133184964,0.9652173913043478,0.011132279990568941,0.9485714285714286,0.2776147218724538
segment,log,111,181,0.008547678406696707,0.9614906832298137,0.011493157969742318,0.9428571428571428,0.5988234886535244
segment,log,111,182,0.008137134170089313,0.9664596273291925,0.010986978551160863,0.9457142857142857,0.20940175090905938
segment,log,111,183,0.008064303173012308,0.9670807453416149,0.010763126169272165,0.9485714285714286,0.14467094763960375
segment,log,111,184,0.008136257186579659,0.9664596273291925,0.010747280017826186,0.9542857142857143,0.12593806954325193
segment,log,111,185,0.008225425158215373,0.9664596273291925,0.010784287059313556,0.9485714285714286,0.5165506077071059
segment,log,111,186,0.007987020393234812,0.9670807453416149,0.010645800883352607,0.9457142857142857,0.23678813672831892
segment,log,111,187,0.008167701837260805,0.9658385093167702,0.010992657321265368,0.9485714285714286,0.3074302878904936
segment,log,111,188,0.007912273620983321,0.9670807453416149,0.010639946257427842,0.9457142857142857,0.5668104614979798
segment,log,111,189,0.007875181171885485,0.9670807453416149,0.010605489919882244,0.9457142857142857,0.2596555786287305
segment,log,111,190,0.00800017655233905,0.9664596273291925,0.010595286812653641,0.9571428571428572,0.4268720830718702
segment,log,111,191,0.010403233188000136,0.9527950310559006,0.01206463123462698,0.9514285714285714,0.46208228307635174
segment,log,111,192,0.008007770895856019,0.9664596273291925,0.010592647486943592,0.9542857142857143,0.4142170162313027
segment,log,111,193,0.007915803111429268,0.9664596273291925,0.010512149274090466,0.9571428571428572,0.13339323013099164
segment,log,111,194,0.008202344446165648,0.9652173913043478,0.01065612359568977,0.9571428571428572,0.3480266403748461
segment,log,111,195,0.007788445677702547,0.9701863354037267,0.010575092917287086,0.9514285714285714,0.4073793601030104
segment,log,111,196,0.007886510314079987,0.9670807453416149,0.010769666324079951,0.9485714285714286,0.12110324886365666
segment,log,111,197,0.00884751907732952,0.9602484472049689,0.011086745060977642,0.9514285714285714,0.39096954444476273
segment,log,111,198,0.008311485155733456,0.9670807453416149,0.010941613318086362,0.9485714285714286,0.632760669316994
segment,log,111,199,0.00773598671275388,0.9683229813664597,0.01072759053684737,0.9485714285714286,0.303141300417507
segment,log,111,200,0.007870031506591409,0.9664596273291925,0.01039603757377276,0.96,0.3077237458229082
segment,log,111,201,0.007940848873299362,0.9677018633540373,0.010670709480231813,0.9514285714285714,0.5982590436086229
segment,log,111,202,0.007843785939153209,0.9658385093167702,0.010708655842308358,0.9457142857142857,0.22178309557683765
segment,log,111,203,0.007651448387072196,0.9677018633540373,0.010352129741435664,0.9514285714285714,0.3498603977136869
segment,log,111,204,0.007617826990983074,0.968944099378882,0.01044582455644051,0.9514285714285714,0.26531517738674903
segment,log,111,205,0.007502980400694808,0.970807453416149,0.010289016149953329,0.9542857142857143,0.16652401498784886
segment,log,111,206,0.008148432048386637,0.9664596273291925,0.010926831942194862,0.9514285714285714,0.4200740879867443
segment,log,111,207,0.007448171740476876,0.9695652173913043,0.010267091336984214,0.9485714285714286,0.09648946186149787
segment,log,111,208,0.0085091261157373,0.9602484472049689,0.010981410007003277,0.9485714285714286,0.44953996591731826
segment,log,111,209,0.007622103523553024,0.9664596273291925,0.01045607742990248,0.9514285714285714,0.2742592105050794
segment,log,111,210,0.007456285301495238,0.9677018633540373,0.010303108984067439,0.9514285714285714,0.33784866615005904
segment,log,111,211,0.007466774146993688,0.9677018633540373,0.010269848152776161,0.9514285714285714,0.5690615729803019
segment,log,111,212,0.0075453352833264225,0.9683229813664597,0.010432678966407616,0.9542857142857143,0.5295548924616809
segment,log,111,213,0.007678275624538601,0.9670807453416149,0.010206657933350575,0.9542857142857143,0.07964945415095727
segment,log,111,214,0.008924744797429057,0.9602484472049689,0.01104109165177501,0.9485714285714286,0.6155823854167212
segment,log,111,215,0.007663725070782487,0.9683229813664597,0.010564593874686402,0.9514285714285714,0.4056069143348241
segment,log,111,216,0.007332308484251648,0.9714285714285714,0.010249644001570735,0.9514285714285714,0.334537514961152
segment,log,111,217,0.010306536839829765,0.9527950310559006,0.012100081852143297,0.9457142857142857,0.5089097734516741
segment,log,111,218,0.00739717846774302,0.9701863354037267,0.010334464670690083,0.9542857142857143,0.12200379315401501
segment,log,111,219,0.007241237038837783,0.968944099378882,0.010149938908360868,0.9514285714285714,0.1363036126928335
segment,log,111,220,0.009238817356310164,0.9627329192546584,0.011420025332835242,0.9457142857142857,0.7146119825498604
segment,log,111,221,0.007170289910524945,0.970807453416149,0.01019156738300665,0.9542857142857143,0.17095696597527257
segment,log,111,222,0.007433033586224864,0.968944099378882,0.01045883189224098,0.9514285714285714,0.3167940469908503
segment,log,111,223,0.007178389813598985,0.9683229813664597,0.010123400938091989,0.9485714285714286,0.14756434435180044
segment,log,111,224,0.017036927673728088,0.9186335403726708,0.019415416801807146,0.9171428571428571,0.5913326177610035
segment,log,111,225,0.0085460417420822,0.9608695652173913,0.011571997400063927,0.9514285714285714,0.4974350810266208
segment,log,111,226,0.0072387253510593896,0.970807453416149,0.010218236549113743,0.9542857142857143,0.3585521960006185
segment,log,111,227,0.007654421270505458,0.9658385093167702,0.010315030153108806,0.9457142857142857,0.4699438817444379
segment,log,111,228,0.007221370702182005,0.9726708074534162,0.010287831276722514,0.9514285714285714,0.5503535913344899
segment,log,111,229,0.007024394536183946,0.9720496894409938,0.010080725804196366,0.9571428571428572,0.21793178824131024
segment,log,111,230,0.007703124739616149,0.9670807453416149,0.010397465459707562,0.9514285714285714,0.0555531078975022
segment,log,111,231,0.007255273999714917,0.9714285714285714,0.010152413178582616,0.9514285714285714,0.4847116668229722
segment,log,111,232,0.007379728857844812,0.968944099378882,0.01046215871157796,0.9514285714285714,0.16296052280473824
segment,log,111,233,0.0069587456480515895,0.9720496894409938,0.01007302885166108,0.9542857142857143,0.14870186383484468
segment,log,111,234,0.007326652776722279,0.968944099378882,0.010187361653761363,0.9485714285714286,0.3229052066784255
segment,log,111,235,0.006914326123171358,0.9720496894409938,0.010038414022928365,0.9571428571428572,0.04712546581229799
segment,log,111,236,0.008091632954610442,0.9664596273291925,0.011142525572378352,0.9485714285714286,0.45152079278294327
segment,log,111,237,0.006890346042136166,0.9714285714285714,0.010031480040529346,0.9514285714285714,0.20803858197865352
segment,log,111,238,0.006864885308900838,0.970807453416149,0.010044749479614826,0.9514285714285714,0.31391509141287255
segment,log,111,239,0.0069108926481824505,0.9720496894409938,0.009988077658229486,0.9514285714285714,0.33221879920680053
segment,log,111,240,0.006977088509562776,0.9720496894409938,0.01009913179038397,0.9485714285714286,0.3444513492920353
segment,log,111,241,0.006816970187777154,0.970807453416149,0.00994098582777371,0.9542857142857143,0.1697291480291249
segment,log,111,242,0.007128020310559354,0.9695652173913043,0.010335488708972527,0.9542857142857143,0.43239910219615707
segment,log,111,243,0.006847978080564709,0.9745341614906833,0.009990441162385962,0.9514285714285714,0.29046508111991354
segment,log,111,244,0.0070600320711130945,0.970807453416149,0.010022608604465074,0.9571428571428572,0.05470831320210652
segment,log,111,245,0.0068303263658049335,0.9745341614906833,0.010000373943629355,0.9485714285714286,0.3335540276269046
segment,log,111,246,0.007811470119637742,0.9701863354037267,0.01076610622236982,0.9485714285714286,0.6208191101736464
segment,log,111,247,0.0068234143722967515,0.9739130434782609,0.009979423529164248,0.9542857142857143,0.22263923975918992
segment,log,111,248,0.00671335143830117,0.9745341614906833,0.009933512164299933,0.9571428571428572,0.16667035915189177
segment,log,111,249,0.007307858175367042,0.9714285714285714,0.01037248804177239,0.9485714285714286,0.6048697873149773
segment,log,111,250,0.0072941969573759105,0.9739130434782609,0.010470090586410236,0.9514285714285714,0.6243587139580222
segment,log,111,251,0.006852568638557961,0.9714285714285714,0.009917866913258593,0.9514285714285714,0.23551030409566123
segment,log,111,252,0.007317795952327694,0.9695652173913043,0.010598292082804488,0.9514285714285714,0.037770930945776694
segment,log,111,253,0.007312080841930513,0.9720496894409938,0.010381241556429725,0.9485714285714286,0.5877707236144324
segment,log,111,254,0.006587521276321848,0.9739130434782609,0.009888508624936157,0.9542857142857143,0.12772588254114342
segment,log,111,255,0.00667254445678966,0.9757763975155279,0.009956608139671093,0.9542857142857143,0.28155254956692044
segment,log,111,256,0.006652020342800187,0.9739130434782609,0.010044584312348333,0.9514285714285714,0.24845460590716983
segment,log,111,257,0.006530942501154934,0.9751552795031055,0.009900677894587291,0.9514285714285714,0.21973519096884886
segment,log,111,258,0.00656025620726151,0.9751552795031055,0.009969595744432928,0.9542857142857143,0.11487260795133705
segment,log,111,259,0.006478452086299561,0.9751552795031055,0.009829463293886271,0.96,0.3709241223479216
segment,log,111,260,0.009490692850144438,0.9540372670807453,0.01266441765785337,0.94,0.5507969038021695
segment,log,111,261,0.009212304081804878,0.9596273291925466,0.012049539857248165,0.9457142857142857,0.6171299748962175
segment,log,111,262,0.0064183165675813034,0.9751552795031055,0.009982483347397566,0.9542857142857143,0.2452127716301906
segment,log,111,263,0.006449547063683783,0.9732919254658385,0.010003199072174541,0.96,0.15315744072419898
segment,log,111,264,0.00642906788325781,0.977639751552795,0.010002747213084109,0.9571428571428572,0.6660061170410785
segment,log,111,265,0.0066746490214312695,0.9720496894409938,0.010264850284320016,0.9542857142857143,0.31882449249360617
segment,log,111,266,0.006310689726462343,0.9751552795031055,0.009913107754561055,0.9542857142857143,0.18377379916131367
segment,log,111,267,0.006269773159264395,0.9757763975155279,0.009865101828017617,0.9514285714285714,0.24134454865202346
segment,log,111,268,0.008979025588043178,0.9602484472049689,0.011804365584432852,0.9485714285714286,0.6174521612682865
segment,log,111,269,0.0062578577068659845,0.9751552795031055,0.009955236120701033,0.96,0.06070156489761268
segment,log,111,270,0.00620205651580079,0.9763975155279503,0.009946287586642327,0.9571428571428572,0.1626546199230305
segment,log,111,271,0.006154367392704531,0.9757763975155279,0.009855488007292107,0.9514285714285714,0.19860490971881573
segment,log,111,272,0.006379070587027821,0.9732919254658385,0.010109402852318474,0.9542857142857143,0.719963502410085
segment,log,111,273,0.006129930162128966,0.9751552795031055,0.009889579747671151,0.9571428571428572,0.31020273821390515
segment,log,111,274,0.006103724073870935,0.9757763975155279,0.009846689045178294,0.9571428571428572,0.2752142467209725
segment,log,111,275,0.00636289381451499,0.9751552795031055,0.009994922440863318,0.9542857142857143,0.3043882536835434
segment,log,111,276,0.006287834800331168,0.9739130434782609,0.009970549538143783,0.9542857142857143,0.20526328453038528
segment,log,111,277,0.006288139236270156,0.9732919254658385,0.009979352515345152,0.9571428571428572,0.059583614961666316
segment,log,111,278,0.007263654908180286,0.968944099378882,0.010809894637523399,0.9485714285714286,0.45137396284828935
segment,log,111,279,0.006624412493669321,0.9732919254658385,0.010257014550797302,0.9542857142857143,0.5095531506445041
segment,log,111,280,0.006127140766859879,0.9763975155279503,0.00997105194930814,0.96,0.38924913794473176
segment,log,111,281,0.006051508743164236,0.9763975155279503,0.009877965336675777,0.9542857142857143,0.1792098940664805
segment,log,111,282,0.006045477971966781,0.9763975155279503,0.0099115066537137,0.9514285714285714,0.5572467714497054
segment,log,111,283,0.00969447172490533,0.9496894409937888,0.013101955521962165,0.9371428571428572,0.5808995400350565
segment,log,111,284,0.0059734750529671435,0.9782608695652174,0.009800678401137554,0.96,0.24095428663129487
segment,log,111,285,0.0060548490452046,0.9763975155279503,0.009837243006321099,0.9542857142857143,0.28458089737169445
segment,log,111,286,0.005952871188502693,0.9782608695652174,0.009903963128727834,0.9571428571428572,0.31457757798556996
segment,log,111,287,0.005975310065939136,0.9770186335403727,0.009877008390138409,0.9542857142857143,0.37403131878748735
segment,log,111,288,0.005927160988620554,0.9763975155279503,0.009849020018877691,0.9571428571428572,0.04042533946649372
segment,log,111,289,0.005894838550481271,0.977639751552795,0.009802212666822983,0.96,0.5525152582245715
segment,log,111,290,0.006030521452953905,0.9732919254658385,0.009958203608628879,0.9542857142857143,0.23733235254186014
segment,log,111,291,0.005943923365216362,0.9770186335403727,0.009829083702707235,0.9571428571428572,0.30907962869923805
segment,log,111,292,0.009616907181905995,0.9515527950310559,0.01285317884030688,0.94,0.5339377004259898
segment,log,111,293,0.006432506089840702,0.9745341614906833,0.010097379803962591,0.9485714285714286,0.5457570442269559
segment,log,111,294,0.0059392525162818306,0.9739130434782609,0.009824609892201323,0.9514285714285714,0.23110818392044838
segment,log,111,295,0.006016903484984389,0.977639751552795,0.00991668991292197,0.9514285714285714,0.3793845851582367
segment,log,111,296,0.009152533121893186,0.953416149068323,0.012691705565818985,0.94,0.5070051194628248
segment,log,111,297,0.006912502782137867,0.970807453416149,0.010421117332892612,0.9457142857142857,0.36701746960958465
segment,log,111,298,0.008245378074033319,0.9633540372670808,0.011261477258429008,0.9457142857142857,0.5301643610964204
segment,log,111,299,0.005863850151193265,0.9770186335403727,0.00981309063218916,0.9542857142857143,0.2511469176647762
segment,log,111,300,0.0057694285200228955,0.9782608695652174,0.009669479726134553,0.9571428571428572,0.1976631586929905
segment,log,111,301,0.005839434464523593,0.9770186335403727,0.009758018409007805,0.9542857142857143,0.21695485483242338
segment,log,111,302,0.005849980526813731,0.9763975155279503,0.009706600725104252,0.96,0.08970780212128171
segment,log,111,303,0.005969735787155779,0.9788819875776398,0.0097880685503013,0.9514285714285714,0.572832132908877
segment,log,111,304,0.005774520193989314,0.9763975155279503,0.009664814306322064,0.9571428571428572,0.12409686707302438
segment,log,111,305,0.006692850740845989,0.9732919254658385,0.010681994966081642,0.9514285714285714,0.7432306286532415
segment,log,111,306,0.005740568903632562,0.977639751552795,0.009820396397115207,0.9542857142857143,0.4497795321055891
segment,log,111,307,0.005793182425531925,0.977639751552795,0.0097654582260113,0.9542857142857143,0.23585427449109506
segment,log,111,308,0.005922226041776182,0.9763975155279503,0.009816683187778326,0.9514285714285714,0.5626691879633303
segment,log,111,309,0.005664002262649524,0.9782608695652174,0.009640941726400114,0.9571428571428572,0.2668551238941929
segment,log,111,310,0.005675011322701584,0.977639751552795,0.009704072485567528,0.9514285714285714,0.19338659392106494
segment,log,111,311,0.006524452150744253,0.9739130434782609,0.01026316995253982,0.9457142857142857,0.5682119425325336
segment,log,111,312,0.0060187412876593245,0.9801242236024845,0.010002528157265633,0.9485714285714286,0.492949732094367
segment,log,111,313,0.005860711390926689,0.9739130434782609,0.009842538556752621,0.9485714285714286,0.050269347467378
segment,log,111,314,0.005603684357920706,0.977639751552795,0.009639222526088221,0.9514285714285714,0.5229976743037407
segment,log,111,315,0.006233427198806067,0.9726708074534162,0.010222452992674635,0.9542857142857143,0.4424778794902836
segment,log,111,316,0.005553900794175857,0.9782608695652174,0.009566755561618118,0.9542857142857143,0.2523658068664998
segment,log,111,317,0.005562382506194086,0.9788819875776398,0.009569156643087504,0.9542857142857143,0.2770148717965872
segment,log,111,318,0.008408964247382899,0.9677018633540373,0.011681177521402292,0.9457142857142857,0.6746585881275119
segment,log,111,319,0.006198470775328043,0.9732919254658385,0.010117956499318766,0.9514285714285714,0.4569103976846722
segment,log,111,320,0.005903400670867361,0.9745341614906833,0.009859714412213288,0.9485714285714286,0.31778156686939424
segment,log,111,321,0.005800041796279398,0.9720496894409938,0.009811219645439902,0.9542857142857143,0.413664455813032
segment,log,111,322,0.005566173591124642,0.9763975155279503,0.009576647294259718,0.9542857142857143,0.029966476317982937
segment,log,111,323,0.005469271858615113,0.9782608695652174,0.009448746180114346,0.96,0.027772704407266435
segment,log,111,324,0.006066340586645509,0.9732919254658385,0.009896448145699621,0.9542857142857143,0.6716094437441494
segment,log,111,325,0.005485104202809358,0.9795031055900622,0.00949471383224483,0.9542857142857143,0.378425700471877
segment,log,111,326,0.005441994005467778,0.9795031055900622,0.009499548477183706,0.9571428571428572,0.23667772344283367
segment,log,111,327,0.005447079710780533,0.9801242236024845,0.009444527668771213,0.96,0.08934776763775419
segment,log,111,328,0.005518701640343087,0.977639751552795,0.009534646408414185,0.9542857142857143,0.0791584202194507
segment,log,111,329,0.005494692939443649,0.9770186335403727,0.009553263972456571,0.9514285714285714,0.03733460055879132
segment,log,111,330,0.005511639746135239,0.9795031055900622,0.009466513289338811,0.9571428571428572,0.3073389783401906
segment,log,111,331,0.005477176357889376,0.9826086956521739,0.009425836845778465,0.96,0.5702986206750958
segment,log,111,332,0.007084750225408992,0.9701863354037267,0.010459347836875079,0.9457142857142857,0.4768492120344691
segment,log,111,333,0.005500926188806473,0.9795031055900622,0.009447235633975601,0.9571428571428572,0.30682629935652794
segment,log,111,334,0.005427967388771101,0.9807453416149068,0.009486500291054936,0.9542857142857143,0.6627204226242562
segment,log,111,335,0.005442106037641167,0.9807453416149068,0.00939971165597683,0.9571428571428572,0.027435198907720757
segment,log,111,336,0.005619192801597161,0.977639751552795,0.009604967348727598,0.9514285714285714,0.05670427503894565
segment,log,111,337,0.005344682781183192,0.9813664596273292,0.009320055043153738,0.9571428571428572,0.04310815432165243
segment,log,111,338,0.008499724471403715,0.9583850931677018,0.011958251654321397,0.9457142857142857,0.4855532212118034
segment,log,111,339,0.005337335154733829,0.9819875776397515,0.009213748137890042,0.96,0.020901443861814136
segment,log,111,340,0.0052390372232614555,0.9819875776397515,0.009200194899468437,0.96,0.2596569458975212
segment,log,111,341,0.006324251852570384,0.9745341614906833,0.009859283472006233,0.9485714285714286,0.4001358730643298
segment,log,111,342,0.005246523707882829,0.9819875776397515,0.009135453677003653,0.9571428571428572,0.36447649695743256
segment,log,111,343,0.005274804394287794,0.9813664596273292,0.009242335630795063,0.9657142857142857,0.38127297968627727
segment,log,111,344,0.005220526160392141,0.9819875776397515,0.009197552057580537,0.96,0.23007729118102344
segment,log,111,345,0.0055095474401336934,0.9782608695652174,0.009393951867622954,0.9542857142857143,0.36637318084306314
segment,log,111,346,0.005147389201462355,0.9819875776397515,0.009148704069080802,0.96,0.12323542125084684
segment,log,111,347,0.005592869345573809,0.977639751552795,0.009378650763108547,0.9571428571428572,0.5985377747288981
segment,log,111,348,0.005434743660225617,0.9782608695652174,0.009262266118474244,0.9571428571428572,0.32104710250008006
segment,log,111,349,0.005196899141724849,0.9813664596273292,0.00912234391301615,0.9571428571428572,0.3350680706724541
segment,log,111,350,0.0063315169326028055,0.9714285714285714,0.00996060234440261,0.9514285714285714,0.569337994594713
segment,log,112,1,0.11127541424673952,0.4260869565217391,0.10980688489527182,0.42857142857142855,0.9465574719953661
segment,log,112,2,0.11006865796774255,0.42732919254658386,0.10894190669590495,0.42857142857142855,0.9614755299525849
segment,log,112,3,0.09108141729842234,0.5658385093167702,0.0903240634432223,0.5685714285714286,0.8714555658438718
segment,log,112,4,0.0647011691076928,0.6813664596273292,0.06455021367826518,0.6742857142857143,0.6602016836872999
segment,log,112,5,0.06357968599044857,0.6826086956521739,0.06365443249502901,0.68,0.7705724223215512
segment,log,112,6,0.06237318168287614,0.6627329192546584,0.06256315358331158,0.6628571428571428,0.8625461993621638
segment,log,112,7,0.049670070884217626,0.7931677018633541,0.05173560485647143,0.7428571428571429,0.8415628181251674
segment,log,112,8,0.04095976374069442,0.8043478260869565,0.041849479395556735,0.7971428571428572,0.7312612684474126
segment,log,112,9,0.04105205639851958,0.824223602484472,0.04334812523574558,0.8114285714285714,0.7802512605830192
segment,log,112,10,0.03487709553456216,0.8204968944099379,0.036318197400666774,0.8,0.4225378985308891
segment,log,112,11,0.03074613370809363,0.9198757763975155,0.032246532159598724,0.9142857142857143,0.7773533118341459
segment,log,112,12,0.026361201505019513,0.9316770186335404,0.027756489298254413,0.9257142857142857,0.7535846600916447
segment,log,112,13,0.02971994492856851,0.8521739130434782,0.0312277706996193,0.8514285714285714,0.7912073794968804
segment,log,112,14,0.02778183240193273,0.9006211180124224,0.029403235513453627,0.8828571428571429,0.769438810399984
segment,log,112,15,0.02363033951875786,0.9267080745341615,0.025826435465424992,0.9,0.6787294177853559
segment,log,112,16,0.0323399637057804,0.8869565217391304,0.033137511049538174,0.86,1.3244785527673764
segment,log,112,17,0.020358806748916804,0.929192546583851,0.021817217856586718,0.9228571428571428,0.6807223153256401
segment,log,112,18,0.019886334327520683,0.9211180124223602,0.020978156753898036,0.9171428571428571,0.495559291921203
segment,log,112,19,0.020097541448096598,0.9298136645962732,0.021318590090601226,0.92,0.6283232222860236
segment,log,112,20,0.01855115839680588,0.9347826086956522,0.019849216521335068,0.9257142857142857,0.5817507685382439
segment,log,112,21,0.01777787732189675,0.9354037267080745,0.01898643226109201,0.9257142857142857,0.4417609924090196
segment,log,112,22,0.017872032879135597,0.9335403726708075,0.018951104511530502,0.92,0.5688126611443827
segment,log,112,23,0.017585552975344525,0.9385093167701863,0.018615732583071583,0.9314285714285714,0.5352340056325622
segment,log,112,24,0.020729682161697516,0.9285714285714286,0.0224799584435438,0.9285714285714286,0.6186237330339014
segment,log,112,25,0.017191841461046686,0.9372670807453416,0.019038288701081818,0.9285714285714286,0.6127681092058371
segment,log,112,26,0.016906974307449227,0.9397515527950311,0.018387154739361516,0.9314285714285714,0.44800716442693284
segment,log,112,27,0.01931970747904066,0.9273291925465839,0.02126833022753863,0.9228571428571428,0.6346098368257389
segment,log,112,28,0.01792080331310078,0.9397515527950311,0.01946560428003238,0.9371428571428572,0.6373566260028648
segment,log,112,29,0.016120150637713684,0.9385093167701863,0.017598721130424995,0.9342857142857143,0.6496140654442423
segment,log,112,30,0.015967912858468155,0.9409937888198758,0.017208901779740406,0.9371428571428572,0.6337036543512538
segment,log,112,31,0.01567833076490763,0.9403726708074535,0.01712390769289786,0.9314285714285714,0.177498207856476
segment,log,112,32,0.01573272455052952,0.9372670807453416,0.01712935851981051,0.9342857142857143,0.3052469535825959
segment,log,112,33,0.015263822701803655,0.9416149068322981,0.016730797212217104,0.9285714285714286,0.35390195060361046
segment,log,112,34,0.015237219534276732,0.9416149068322981,0.01660077666774628,0.9314285714285714,0.37303207340677685
segment,log,112,35,0.01498314664484994,0.9422360248447205,0.01642541695452664,0.9371428571428572,0.37639034663663046
segment,log,112,36,0.016827814727546173,0.9372670807453416,0.01801547334592753,0.9428571428571428,0.7419464154200308
segment,log,112,37,0.018607582101764854,0.9298136645962732,0.02060588615319658,0.9285714285714286,0.6326383968098882
segment,log,112,38,0.0145795626278145,0.9459627329192547,0.016107141827994,0.9485714285714286,0.29773495406110323
segment,log,112,39,0.01667733901772814,0.9335403726708075,0.018485651686734782,0.9285714285714286,0.7378381092824099
segment,log,112,40,0.01594685132830407,0.9403726708074535,0.01846998391258543,0.9342857142857143,0.7354549580094414
segment,log,112,41,0.015931897079563516,0.9329192546583851,0.017252083055700227,0.9257142857142857,0.7054832528520526
segment,log,112,42,0.014671872141667352,0.9472049689440993,0.016450586502244503,0.94,0.7809878726131397
segment,log,112,43,0.013983681608884782,0.9490683229813665,0.015390617736493145,0.9514285714285714,0.587203459631545
segment,log,112,44,0.013944351038861045,0.9472049689440993,0.01560465594117198,0.9485714285714286,0.2840735184813882
segment,log,112,45,0.014422246887993043,0.9397515527950311,0.015802796108417203,0.9342857142857143,0.5882933673702905
segment,log,112,46,0.014930728809000983,0.9409937888198758,0.016649290730266518,0.9371428571428572,0.6408666241645727
segment,log,112,47,0.013860081192978598,0.9484472049689441,0.015463629930738815,0.9371428571428572,0.6061031919486513
segment,log,112,48,0.021579592194346325,0.9043478260869565,0.02338853820703673,0.8914285714285715,0.6793520439209734
segment,log,112,49,0.01606881880461229,0.9273291925465839,0.017287107391286458,0.9285714285714286,0.5186453549535311
segment,log,112,50,0.01336313644862672,0.94472049689441,0.015214250827340358,0.94,0.714476873908507
segment,log,112,51,0.013379523813024034,0.9478260869565217,0.015200469087118355,0.9457142857142857,0.4186600761322857
segment,log,112,52,0.014009781705680922,0.9459627329192547,0.015965611554319328,0.9428571428571428,0.5522030251033834
segment,log,112,53,0.016401580057963674,0.9304347826086956,0.01864956362232299,0.9314285714285714,0.5942808160111469
segment,log,112,54,0.013002940755442373,0.9440993788819876,0.01500415569232632,0.94,0.5355228840346645
segment,log,112,55,0.012764600152526206,0.9459627329192547,0.014715003725825501,0.9428571428571428,0.5317659193803546
segment,log,112,56,0.016556686741518115,0.9409937888198758,0.018607632080521824,0.9314285714285714,0.6926884604967698
segment,log,112,57,0.012805381944546423,0.94472049689441,0.014596883717715822,0.9485714285714286,0.6093210317975317
segment,log,112,58,0.017359581766322445,0.924223602484472,0.018595434341666876,0.9257142857142857,0.7320804154043833
segment,log,112,59,0.014404593161604643,0.9347826086956522,0.015808839255166424,0.9314285714285714,0.4902663190861739
segment,log,112,60,0.012477264737298741,0.9490683229813665,0.014346965236446041,0.9457142857142857,0.4513408462964427
segment,log,112,61,0.012283996309902678,0.9478260869565217,0.014623693669968067,0.9428571428571428,0.5092513943778681
segment,log,112,62,0.01260897610798425,0.9478260869565217,0.014487669901343122,0.9428571428571428,0.7065038633692736
segment,log,112,63,0.012187888755552252,0.9453416149068323,0.014040752787439607,0.94,0.14262420944673188
segment,log,112,64,0.01207936545552066,0.9472049689440993,0.014037081906580828,0.9457142857142857,0.4446561884189238
segment,log,112,65,0.012883385446976578,0.9422360248447205,0.014505741379684252,0.9428571428571428,0.6325028588287799
segment,log,112,66,0.012369879306465372,0.9527950310559006,0.014228295432350878,0.9428571428571428,0.5612030878778953
segment,log,112,67,0.011970271153187662,0.9459627329192547,0.013703915047613913,0.9457142857142857,0.33460445263292754
segment,log,112,68,0.012748317413893354,0.9478260869565217,0.014555683543799727,0.9428571428571428,0.6709734004124117
segment,log,112,69,0.01175407070038381,0.9478260869565217,0.013543025769723402,0.9485714285714286,0.17680972107300255
segment,log,112,70,0.012704362648914242,0.9440993788819876,0.014360828176035567,0.9457142857142857,0.6589679267927026
segment,log,112,71,0.01164269678838088,0.9484472049689441,0.013550100740380962,0.9457142857142857,0.619469270559937
segment,log,112,72,0.013957084555502822,0.9403726708074535,0.015490229604173424,0.9428571428571428,0.7286226069547078
segment,log,112,73,0.012633835084670263,0.9409937888198758,0.014182105822998338,0.94,0.6893434008073718
segment,log,112,74,0.01188155174197889,0.9465838509316771,0.013590942598350936,0.9485714285714286,0.6170614083561996
segment,log,112,75,0.01171209126642018,0.94472049689441,0.01343521299398159,0.9428571428571428,0.2534727767722949
segment,log,112,76,0.01465727189278028,0.9416149068322981,0.016434538843686432,0.94,0.5437333351266875
segment,log,112,77,0.011185377663292707,0.9496894409937888,0.013042239910609087,0.9457142857142857,0.6823660738140028
segment,log,112,78,0.011347323973744392,0.9465838509316771,0.013275602025995934,0.9457142857142857,0.44119356027219514
segment,log,112,79,0.011068293988709106,0.9527950310559006,0.013065629059692682,0.9485714285714286,0.537402172617432
segment,log,112,80,0.011129932988879517,0.9490683229813665,0.013032873239354783,0.9485714285714286,0.5554024691775726
segment,log,112,81,0.012152879098544721,0.9453416149068323,0.013887138858031495,0.94,0.5809727753567249
segment,log,112,82,0.011791890171469225,0.9459627329192547,0.013590177130340306,0.9457142857142857,0.5652048952924642
segment,log,112,83,0.010994604391912976,0.9515527950310559,0.013007001066869653,0.9457142857142857,0.5008514779620198
segment,log,112,84,0.011048630877060473,0.9527950310559006,0.012920300324026803,0.9485714285714286,0.5898458228898563
segment,log,112,85,0.01290625386875347,0.9360248447204969,0.014398147208929962,0.9371428571428572,0.6378849717082149
segment,log,112,86,0.01098192810878557,0.9484472049689441,0.01290328180956221,0.9485714285714286,0.4859477537997415
segment,log,112,87,0.010700049952173963,0.9527950310559006,0.012691927517107215,0.9457142857142857,0.13908168799995885
segment,log,112,88,0.014409874409309745,0.9279503105590062,0.015746382267303256,0.9285714285714286,0.6824615657783398
segment,log,112,89,0.010626568251396462,0.9515527950310559,0.01255097056065513,0.9485714285714286,0.590620983588849
segment,log,112,90,0.010784441834638066,0.9496894409937888,0.012538948924455954,0.9485714285714286,0.40698886395534906
segment,log,112,91,0.011303498689899954,0.9540372670807453,0.013463268436849179,0.9457142857142857,0.6774380003587225
segment,log,112,92,0.010770004162286061,0.9503105590062112,0.013037275674522428,0.9485714285714286,0.4960110408671038
segment,log,112,93,0.013282687164907965,0.9360248447204969,0.014619038655637228,0.9371428571428572,0.6515356302510836
segment,log,112,94,0.010443507357978336,0.9521739130434783,0.012392072265940475,0.9485714285714286,0.18757758838653785
segment,log,112,95,0.010503411068010698,0.9552795031055901,0.012475078198178663,0.9485714285714286,0.524038832577853
segment,log,112,96,0.012533331392024116,0.9440993788819876,0.013881212270015302,0.9428571428571428,0.6499040799753087
segment,log,112,97,0.010422099572427374,0.9540372670807453,0.012190943193101834,0.9485714285714286,0.17118048960594107
segment,log,112,98,0.01034724632476332,0.9559006211180124,0.012294437296414062,0.9485714285714286,0.2086494933495671
segment,log,112,99,0.010999665205354133,0.9503105590062112,0.012410120462634523,0.9485714285714286,0.5606154730098071
segment,log,112,100,0.010253005927272235,0.9515527950310559,0.012059036873470612,0.9514285714285714,0.16504046084694
segment,log,112,101,0.011637952526421936,0.9503105590062112,0.013477686202316486,0.9457142857142857,0.5221180804595211
segment,log,112,102,0.01031684049581044,0.953416149068323,0.012072397867033905,0.9514285714285714,0.1885533657014864
segment,log,112,103,0.011290017129246425,0.9465838509316771,0.012482618520232478,0.9457142857142857,0.5844561227052943
segment,log,112,104,0.010140589279581344,0.953416149068323,0.011913270011366488,0.9485714285714286,0.3620385860756429
segment,log,112,105,0.011473932196057015,0.9496894409937888,0.013024134733271332,0.9485714285714286,0.7314593317916321
segment,log,112,106,0.010655615230163505,0.9527950310559006,0.012902628732150236,0.9428571428571428,0.5880812025147211
segment,log,112,107,0.01093791788052834,0.9565217391304348,0.013192337639404274,0.9457142857142857,0.5286121012866142
segment,log,112,108,0.010618759885137108,0.9559006211180124,0.01294584496571186,0.9485714285714286,0.14755253614322444
segment,log,112,109,0.012007846130124868,0.9465838509316771,0.014375264704560539,0.9457142857142857,0.6209218178261138
segment,log,112,110,0.01019049899438398,0.953416149068323,0.012162275098862618,0.9485714285714286,0.6524952375882631
segment,log,112,111,0.01081609768360052,0.9515527950310559,0.012567276715211993,0.9485714285714286,0.4991055592877682
segment,log,112,112,0.010525662566093502,0.9552795031055901,0.01267240504886059,0.9457142857142857,0.4631842563634682
segment,log,112,113,0.009927386096386886,0.9583850931677018,0.012021420228929956,0.9514285714285714,0.12427776273560427
segment,log,112,114,0.010641469193223166,0.9521739130434783,0.01228373736709666,0.9485714285714286,0.4651152918073114
segment,log,112,115,0.009909182682740578,0.9565217391304348,0.012103040884187653,0.9485714285714286,0.3360583610757236
segment,log,112,116,0.010157858095615757,0.953416149068323,0.01217350175099337,0.9457142857142857,0.6288567095115097
segment,log,112,117,0.0097944638243957,0.9583850931677018,0.011940872832684633,0.9485714285714286,0.23938776409159845
segment,log,112,118,0.011433077406192902,0.9496894409937888,0.012973594230790746,0.9485714285714286,0.7125674868897206
segment,log,112,119,0.00983460656196967,0.9552795031055901,0.01189765870525603,0.9485714285714286,0.44279949173591754
segment,log,112,120,0.010037698852909959,0.9590062111801242,0.011868748295695562,0.9514285714285714,0.6179587356609445
segment,log,112,121,0.010094104412489714,0.9559006211180124,0.011871240927631158,0.9542857142857143,0.4200659320510037
segment,log,112,122,0.010411231412196048,0.9540372670807453,0.012254558738749425,0.9485714285714286,0.5969546372741941
segment,log,112,123,0.009606037478290246,0.9559006211180124,0.011654167871594706,0.9542857142857143,0.2483342583284952
segment,log,112,124,0.01566693240494465,0.922360248447205,0.01745870207757432,0.9228571428571428,0.6254760509355005
segment,log,112,125,0.009707200221311899,0.9559006211180124,0.011657722860304866,0.9542857142857143,0.36263579234970517
segment,log,112,126,0.009620523376899785,0.9577639751552796,0.011515586316232135,0.9542857142857143,0.22039869206108262
segment,log,112,127,0.009464490870953988,0.9596273291925466,0.011466349451721411,0.9542857142857143,0.41059274611424035
segment,log,112,128,0.009611135133312004,0.9602484472049689,0.011718634811576445,0.9542857142857143,0.4226179135611517
segment,log,112,129,0.010180410758936132,0.9559006211180124,0.01226602015619748,0.9457142857142857,0.4157079048237304
segment,log,112,130,0.009290789561472699,0.962111801242236,0.011270605974575907,0.9542857142857143,0.587258302847507
segment,log,112,131,0.009473930854331009,0.9571428571428572,0.011281921495425498,0.9542857142857143,0.5788808091992095
segment,log,112,132,0.009715714001514535,0.9559006211180124,0.011503041380922679,0.9485714285714286,0.6203389950699871
segment,log,112,133,0.009217117605260651,0.9608695652173913,0.0113116207073291,0.9514285714285714,0.27277764666856363
segment,log,112,134,0.009174194605699576,0.9608695652173913,0.011111549487884533,0.9514285714285714,0.18330448145053488
segment,log,112,135,0.009189112472660224,0.9608695652173913,0.011062875106412583,0.9514285714285714,0.12446625007337928
segment,log,112,136,0.00919732990631561,0.9577639751552796,0.011097287699103271,0.9542857142857143,0.2952959237245918
segment,log,112,137,0.00906507416318777,0.9645962732919254,0.011047968532464623,0.9571428571428572,0.7395407238085006
segment,log,112,138,0.009010908367537667,0.9608695652173913,0.01098203934578442,0.9542857142857143,0.40496641577321946
segment,log,112,139,0.009032715252695483,0.962111801242236,0.011092547725612956,0.9485714285714286,0.3653416386590135
segment,log,112,140,0.009011185759723312,0.962111801242236,0.011072861712465625,0.9542857142857143,0.1205748294101739
segment,log,112,141,0.009004378686449425,0.9608695652173913,0.010813528694604257,0.9514285714285714,0.49108360730818723
segment,log,112,142,0.009880879757895793,0.9577639751552796,0.011881225571970954,0.9485714285714286,0.49535847823244583
segment,log,112,143,0.009692779929101147,0.9565217391304348,0.011400886497232091,0.9542857142857143,0.5433291130599082
segment,log,112,144,0.008979385971953321,0.9608695652173913,0.011180332684650698,0.9514285714285714,0.20620616271791647
segment,log,112,145,0.010690936949660508,0.9583850931677018,0.012632884711497065,0.9457142857142857,0.6074511494789069
segment,log,112,146,0.008742033084778835,0.9633540372670808,0.010762313573616922,0.9514285714285714,0.05568254714012959
segment,log,112,147,0.008787555775542986,0.9614906832298137,0.010719410372210773,0.9514285714285714,0.10452294405710273
segment,log,112,148,0.008848454398734372,0.9602484472049689,0.0106865153475324,0.9542857142857143,0.07861388340052838
segment,log,112,149,0.008621979225407203,0.9627329192546584,0.010639655331700977,0.9571428571428572,0.19261066806170898
segment,log,112,150,0.011059943516602569,0.9453416149068323,0.012921886988563907,0.94,0.522986730969505
segment,log,112,151,0.008734778068025225,0.9614906832298137,0.010583960716299303,0.9542857142857143,0.09352761923967706
segment,log,112,152,0.009409618967391002,0.9552795031055901,0.010915001777214483,0.9542857142857143,0.5671236229103065
segment,log,112,153,0.0087564859472402,0.9608695652173913,0.010534041435678501,0.9542857142857143,0.40333146487347715
segment,log,112,154,0.008474693325014875,0.9639751552795031,0.01039209219865208,0.9514285714285714,0.12382529596851172
segment,log,112,155,0.00943933908795845,0.9596273291925466,0.011549550347393646,0.9485714285714286,0.42227599753553285
segment,log,112,156,0.008622872432137928,0.9645962732919254,0.010476417814879775,0.96,0.6049197529009863
segment,log,112,157,0.008417953163649853,0.9658385093167702,0.010370219483214291,0.9571428571428572,0.10713352543093246
segment,log,112,158,0.008414967644885016,0.9652173913043478,0.010311186998517923,0.96,0.5819957880190412
segment,log,112,159,0.00859415656850693,0.9645962732919254,0.010637303353896342,0.9514285714285714,0.37667345070773256
segment,log,112,160,0.015535218354276356,0.9267080745341615,0.016742033918083012,0.9228571428571428,0.5961803464980951
segment,log,112,161,0.008284207217525104,0.9645962732919254,0.010200400061113613,0.9571428571428572,0.054837290383259234
segment,log,112,162,0.00826000877488424,0.9658385093167702,0.010209583619620547,0.9571428571428572,0.5915186631655336
segment,log,112,163,0.010607799103000432,0.9527950310559006,0.011838205967382297,0.9571428571428572,0.5152314803945538
segment,log,112,164,0.008351538657680593,0.9614906832298137,0.010196122635395623,0.96,0.19072154762541574
segment,log,112,165,0.008582852564457191,0.962111801242236,0.010640613158530649,0.9514285714285714,0.3950897729571068
segment,log,112,166,0.008241098042221192,0.9664596273291925,0.010243070299388717,0.9542857142857143,0.41532416371602743
segment,log,112,167,0.008181300764791535,0.9664596273291925,0.010139938364921363,0.9542857142857143,0.07518349474451451
segment,log,112,168,0.008296274891153766,0.9652173913043478,0.010242423015149943,0.9542857142857143,0.411234396517166
segment,log,112,169,0.008170532640192383,0.9683229813664597,0.010023212780402998,0.9571428571428572,0.5995245700199636
segment,log,112,170,0.008020101550528968,0.9683229813664597,0.009909419008564907,0.9571428571428572,0.017936603755958926
segment,log,112,171,0.008878033874618791,0.9596273291925466,0.010254868182652081,0.9685714285714285,0.5069204147394517
segment,log,112,172,0.008206610244307059,0.9645962732919254,0.010013882446596735,0.9542857142857143,0.4928455624513118
segment,log,112,173,0.007985886859270055,0.9670807453416149,0.009915433060882335,0.9571428571428572,0.3544897514805284
segment,log,112,174,0.007906958910831466,0.9670807453416149,0.00979890247546876,0.9571428571428572,0.13046013382272592
segment,log,112,175,0.007941659451717552,0.9683229813664597,0.009871865294720842,0.9571428571428572,0.1547490848024982
segment,log,112,176,0.008637393221182236,0.962111801242236,0.01049764159293917,0.9485714285714286,0.5213261420444402
segment,log,112,177,0.00800537146388301,0.9683229813664597,0.009890408157284142,0.9542857142857143,0.4107750860237806
segment,log,112,178,0.007828831323109749,0.968944099378882,0.009723298482999259,0.9542857142857143,0.2704930069948858
segment,log,112,179,0.007806346329777729,0.9683229813664597,0.009640446824784375,0.9542857142857143,0.28558448458832436
segment,log,112,180,0.008359326120704934,0.9645962732919254,0.010195218332595554,0.9457142857142857,0.4467390021085976
segment,log,112,181,0.007926321532961399,0.9658385093167702,0.009626729782917174,0.9571428571428572,0.49627293412787843
segment,log,112,182,0.007828246029111481,0.968944099378882,0.009727522909200863,0.9571428571428572,0.07781835851598194
segment,log,112,183,0.007724604988649244,0.9683229813664597,0.00969398245915682,0.96,0.4076643682710453
segment,log,112,184,0.007787332918000481,0.968944099378882,0.009770986478832275,0.9571428571428572,0.436794427383924
segment,log,112,185,0.007680282142611533,0.9701863354037267,0.009604547739607188,0.9542857142857143,0.1570846493928576
segment,log,112,186,0.007683628430434261,0.9701863354037267,0.009558244254669163,0.9571428571428572,0.575004171558968
segment,log,112,187,0.008125559608256597,0.9652173913043478,0.010066053675088256,0.9542857142857143,0.6113995086255714
segment,log,112,188,0.013104996609469916,0.9347826086956522,0.01438285783894271,0.9314285714285714,0.6464073628305547
segment,log,112,189,0.008083772324789061,0.9652173913043478,0.009438797311378725,0.9628571428571429,0.3700812819991261
segment,log,112,190,0.007589571758628604,0.9695652173913043,0.009428295514881342,0.9571428571428572,0.17953580518089757
segment,log,112,191,0.007933903783231838,0.9683229813664597,0.009845859815188826,0.9514285714285714,0.41067080345805107
segment,log,112,192,0.0075454198834982245,0.970807453416149,0.00937230431197843,0.9571428571428572,0.035652396193281345
segment,log,112,193,0.010094937638242724,0.9509316770186336,0.01178319689967204,0.94,0.6164474857420005
segment,log,112,194,0.00821038165586068,0.9627329192546584,0.009702658145660478,0.96,0.38615304359841296
segment,log,112,195,0.007536402504317166,0.968944099378882,0.009257001703097283,0.9571428571428572,0.13667292734172154
segment,log,112,196,0.007552207742078718,0.9695652173913043,0.009457321715654903,0.9542857142857143,0.35961787793877215
segment,log,112,197,0.0076031675818634525,0.9701863354037267,0.009497897536401928,0.9542857142857143,0.581900187254178
segment,log,112,198,0.012238559801287605,0.9385093167701863,0.013547417730564082,0.9285714285714286,0.5462363962952923
segment,log,112,199,0.007432701518614067,0.970807453416149,0.009089622156691813,0.9628571428571429,0.5718232938818905
segment,log,112,200,0.009936276888764266,0.9521739130434783,0.010529412458026797,0.96,0.504460518038893
segment,log,112,201,0.007630560896409601,0.9658385093167702,0.009179671941063746,0.9628571428571429,0.11815580470327544
segment,log,112,202,0.007370901376324965,0.970807453416149,0.00912138332744986,0.9542857142857143,0.5714911392862485
segment,log,112,203,0.00734956811491047,0.970807453416149,0.00914130164898647,0.9571428571428572,0.26306649398429804
segment,log,112,204,0.007451478413751469,0.9701863354037267,0.009122124441609,0.9571428571428572,0.16410919736062138
segment,log,112,205,0.0073327403251628,0.970807453416149,0.009164060544877756,0.9571428571428572,0.28356064943668563
segment,log,112,206,0.007328463894488817,0.9714285714285714,0.009049623391691235,0.96,0.2005360501400447
segment,log,112,207,0.007440941782632104,0.9695652173913043,0.009334861590674965,0.9542857142857143,0.25588517517608766
segment,log,112,208,0.007443227689143743,0.9683229813664597,0.009120625917466159,0.9571428571428572,0.13097860941185446
segment,log,112,209,0.007304066274344556,0.9701863354037267,0.00901966086955916,0.96,0.3144878413059974
segment,log,112,210,0.009909558764598515,0.9565217391304348,0.010945745221048407,0.9571428571428572,0.6456134991520877
segment,log,112,211,0.007197824044099334,0.9732919254658385,0.008989423950871989,0.9628571428571429,0.21538859797330553
segment,log,112,212,0.008258488067457118,0.9633540372670808,0.00949388220470319,0.9714285714285714,0.7687535586968759
segment,log,112,213,0.00745535902458806,0.9683229813664597,0.009020491362443536,0.9628571428571429,0.376897864709338
segment,log,112,214,0.0073184872445558324,0.9701863354037267,0.009170390419599224,0.9542857142857143,0.18624278048567564
segment,log,112,215,0.007356035770911153,0.968944099378882,0.009191234283886589,0.9571428571428572,0.13933150324887572
segment,log,112,216,0.007120081101300395,0.9720496894409938,0.008903782749670292,0.96,0.06559233842261628
segment,log,112,217,0.007410083665028407,0.9677018633540373,0.009255427764028882,0.9542857142857143,0.3842217930762626
segment,log,112,218,0.007110688456494148,0.9720496894409938,0.008901015342072766,0.96,0.37591314300363976
segment,log,112,219,0.008065371863811547,0.962111801242236,0.009160783720519613,0.9657142857142857,0.4935894627592783
segment,log,112,220,0.0070944322988474124,0.9714285714285714,0.0089603305512419,0.9542857142857143,0.30059047601017413
segment,log,112,221,0.007011695232133156,0.9732919254658385,0.00875636036953849,0.9571428571428572,0.3276131508183057
segment,log,112,222,0.007015656820113974,0.9726708074534162,0.008787079669701964,0.9571428571428572,0.32991348295126527
segment,log,112,223,0.008110757090062808,0.962111801242236,0.009171762190882171,0.9628571428571429,0.44346890508479536
segment,log,112,224,0.00749179446331316,0.968944099378882,0.00882204963511171,0.9657142857142857,0.5846453242733947
segment,log,112,225,0.0069818235138163105,0.9739130434782609,0.008622018088440243,0.96,0.07915254440551006
segment,log,112,226,0.007250044811702943,0.9701863354037267,0.008707779253957324,0.9628571428571429,0.587899123997873
segment,log,112,227,0.00699339153456837,0.9739130434782609,0.008612405808228748,0.9571428571428572,0.3454688776981908
segment,log,112,228,0.007172850125325142,0.9714285714285714,0.008681570172101364,0.96,0.6096447489470902
segment,log,112,229,0.007349743328582036,0.9683229813664597,0.008733138185337434,0.9628571428571429,0.2495903699451816
segment,log,112,230,0.0068709538515256035,0.9739130434782609,0.00869019614955013,0.9571428571428572,0.17018814507495883
segment,log,112,231,0.006971219413262293,0.9714285714285714,0.008529973905880173,0.9657142857142857,0.04903328601868093
segment,log,112,232,0.007053949266542766,0.9757763975155279,0.008520083639173247,0.9657142857142857,0.506320455170623
segment,log,112,233,0.0068306055505438406,0.9757763975155279,0.008527798825167115,0.9628571428571429,0.40689115776479
segment,log,112,234,0.006821872507569817,0.9751552795031055,0.008495765909117213,0.9657142857142857,0.4542992739886558
segment,log,112,235,0.006876240876401273,0.9745341614906833,0.008679057544563083,0.96,0.5810506560278427
segment,log,112,236,0.0067657737215284066,0.9751552795031055,0.00843117997212786,0.9628571428571429,0.5778369552301408
segment,log,112,237,0.006918770543507349,0.9726708074534162,0.008721462433068315,0.9571428571428572,0.24952013084753968
segment,log,112,238,0.006722761416678297,0.9751552795031055,0.008441570581805134,0.9628571428571429,0.2886405692263684
segment,log,112,239,0.006719622780611413,0.9745341614906833,0.008570182138496887,0.9571428571428572,0.4026507857306623
segment,log,112,240,0.006734918154361095,0.9739130434782609,0.008553621162282192,0.9542857142857143,0.06010322311319049
segment,log,112,241,0.006758431527731606,0.9739130434782609,0.008366246696755283,0.9628571428571429,0.034366681329581
segment,log,112,242,0.006927230587925663,0.9739130434782609,0.008553265657168536,0.9657142857142857,0.6533829755259485
segment,log,112,243,0.006935072957903657,0.9732919254658385,0.00882368703541654,0.9571428571428572,0.40318427920225547
segment,log,112,244,0.00677991210710429,0.9745341614906833,0.008344342916774314,0.9628571428571429,0.4812676086066625
segment,log,112,245,0.0068763451690289495,0.970807453416149,0.008310215128610098,0.9685714285714285,0.5620731334563466
segment,log,112,246,0.006629581167703267,0.9739130434782609,0.00836543386035142,0.96,0.6591555416600522
segment,log,112,247,0.007418248612857752,0.9695652173913043,0.008979895432850358,0.9628571428571429,0.6142169604540788
segment,log,112,248,0.006558707836583278,0.9757763975155279,0.008128555512135678,0.9571428571428572,0.5759135595425148
segment,log,112,249,0.006447983105036013,0.9763975155279503,0.008146690426293623,0.9571428571428572,0.2559674788266173
segment,log,112,250,0.00646899463647842,0.9751552795031055,0.008265609994760835,0.96,0.08978106469537914
segment,log,112,251,0.006419252043882168,0.9757763975155279,0.008233161993386527,0.9571428571428572,0.19926001657334416
segment,log,112,252,0.0067619555063678,0.9720496894409938,0.008646261686115573,0.9628571428571429,0.41597558204175017
segment,log,112,253,0.0064294782341083965,0.9751552795031055,0.00819621345814937,0.96,0.2188511737995159
segment,log,112,254,0.006960806830291118,0.970807453416149,0.008579789445941259,0.96,0.4247821925270118
segment,log,112,255,0.0066536580896102366,0.9745341614906833,0.008249291671354696,0.96,0.6194763530788485
segment,log,112,256,0.0066965370329407845,0.9714285714285714,0.008223025614336238,0.9628571428571429,0.12413064948598057
segment,log,112,257,0.006343365360775873,0.9770186335403727,0.008214750812108365,0.96,0.21399268006912395
segment,log,112,258,0.006325533797556513,0.9751552795031055,0.008199880576788991,0.9571428571428572,0.14631267726939803
segment,log,112,259,0.006409253906810921,0.9745341614906833,0.00823031434461501,0.9571428571428572,0.3734796050921253
segment,log,112,260,0.00630404465292211,0.9751552795031055,0.008213116026983812,0.9542857142857143,0.047505853835942184
segment,log,112,261,0.006922478172912402,0.970807453416149,0.00875747136213639,0.96,0.3539498432958232
segment,log,112,262,0.006376538961898632,0.9745341614906833,0.008446938199414625,0.9628571428571429,0.2053497177761499
segment,log,112,263,0.006360425913996887,0.9745341614906833,0.008427436094647134,0.9628571428571429,0.26139410558953646
segment,log,112,264,0.006349093367130066,0.9757763975155279,0.008350613641976402,0.96,0.33193502581558765
segment,log,112,265,0.00656611303721435,0.9739130434782609,0.008539489482624061,0.9571428571428572,0.48387567904752055
segment,log,112,266,0.006358527911906909,0.9745341614906833,0.008344367195119468,0.9571428571428572,0.08854194401156372
segment,log,112,267,0.0062141934102186,0.9757763975155279,0.008191069034639217,0.9628571428571429,0.25605809211371766
segment,log,112,268,0.0061901283698901355,0.9763975155279503,0.008220283388202866,0.9571428571428572,0.07650973372658432
segment,log,112,269,0.008501640528955554,0.9590062111801242,0.00957972914611284,0.9571428571428572,0.6781861283060724
segment,log,112,270,0.006199284273260581,0.9763975155279503,0.008129039305615803,0.96,0.3110238001206678
segment,log,112,271,0.006206144702228855,0.9757763975155279,0.008166039601572176,0.96,0.23157506866365277
segment,log,112,272,0.006379870824831223,0.9732919254658385,0.008440820641693231,0.96,0.19132041895937968
segment,log,112,273,0.006136148741863619,0.9763975155279503,0.008126720752245561,0.96,0.36827612931511555
segment,log,112,274,0.008347893106363049,0.9596273291925466,0.009450216861496977,0.9571428571428572,0.6096226492074417
segment,log,112,275,0.006239144397912455,0.9745341614906833,0.008141815939829367,0.9571428571428572,0.28059869728926373
segment,log,112,276,0.006113846642342195,0.9770186335403727,0.008086516760979837,0.9571428571428572,0.35644943747081703
segment,log,112,277,0.007626996666115177,0.9633540372670808,0.008963262407366326,0.9571428571428572,0.6284139008325358
segment,log,112,278,0.006212513715950222,0.9745341614906833,0.008195420503396169,0.9628571428571429,0.3288042146684119
segment,log,112,279,0.006162268290970185,0.9745341614906833,0.008267502466375571,0.9657142857142857,0.28085690542806335
segment,log,112,280,0.008108644805228216,0.962111801242236,0.010107381594487274,0.9485714285714286,0.48109937443973694
segment,log,112,281,0.00644021076180568,0.9745341614906833,0.00853812553727565,0.96,0.6436054184203723
segment,log,112,282,0.006553199144540427,0.9714285714285714,0.008482565961820654,0.96,0.43444842030540093
segment,log,112,283,0.007270836038497518,0.9658385093167702,0.008867366456613731,0.96,0.4529569873406278
segment,log,112,284,0.0060820895006442775,0.9751552795031055,0.008194482579672365,0.9657142857142857,0.415677902691225
segment,log,112,285,0.006077083690754049,0.9757763975155279,0.008173999293398328,0.9571428571428572,0.5733712620594582
segment,log,112,286,0.006053343355607765,0.9757763975155279,0.008194270387076553,0.96,0.08848729708454253
segment,log,112,287,0.006276454053170951,0.9739130434782609,0.008244226886295109,0.9571428571428572,0.570858654712368
segment,log,112,288,0.005940950129937725,0.9763975155279503,0.008074652557938895,0.96,0.3712167944264316
segment,log,112,289,0.006186136342158583,0.9732919254658385,0.008375040326723562,0.96,0.605648564130631
segment,log,112,290,0.006084437473015783,0.9745341614906833,0.00819338249449989,0.96,0.3538256263238564
segment,log,112,291,0.005916503319143292,0.9757763975155279,0.008052823182885175,0.96,0.0821389707278576
segment,log,112,292,0.006076830007826037,0.9739130434782609,0.008240550105694916,0.96,0.21525271412311683
segment,log,112,293,0.005942990964816189,0.9751552795031055,0.008016847219105235,0.9571428571428572,0.20546182789131956
segment,log,112,294,0.006448975549682142,0.9720496894409938,0.008314729183318612,0.9628571428571429,0.3820583914548314
segment,log,112,295,0.006005458091687915,0.9739130434782609,0.008202770677528665,0.96,0.17147947804863667
segment,log,112,296,0.005842973438070411,0.9770186335403727,0.008000810806148076,0.96,0.050584950588570377
segment,log,112,297,0.007111300497387516,0.9714285714285714,0.00884173874261698,0.9628571428571429,0.5646685063010836
segment,log,112,298,0.005901316289555501,0.9795031055900622,0.007924104481817774,0.96,0.007966963208165078
segment,log,112,299,0.005909307300084099,0.9770186335403727,0.007988160442723465,0.9628571428571429,0.3392111256715783
segment,log,112,300,0.006348490524822305,0.9739130434782609,0.00853263873413916,0.9628571428571429,0.30419181824406505
segment,log,112,301,0.0068159729862612576,0.970807453416149,0.008530496611420477,0.9628571428571429,0.4409844189475122
segment,log,112,302,0.010296408307365152,0.9472049689440993,0.01204577028915888,0.9428571428571428,0.5668472448735864
segment,log,112,303,0.0059607253642035,0.9788819875776398,0.007973976202474939,0.96,0.39726054678900213
segment,log,112,304,0.010137710046659398,0.9559006211180124,0.01089661637348441,0.9514285714285714,0.5426903090145467
segment,log,112,305,0.007860879935689104,0.9633540372670808,0.009075731668044063,0.9571428571428572,0.5427394570650313
segment,log,112,306,0.0061984949485809635,0.9739130434782609,0.00819638625133199,0.96,0.5338300313301837
segment,log,112,307,0.00577182383776461,0.9788819875776398,0.007996379098883054,0.96,0.14025569777500582
segment,log,112,308,0.005825884125049372,0.9770186335403727,0.008106716922701767,0.96,0.1545994734602123
segment,log,112,309,0.005648239354783407,0.9795031055900622,0.00799285472810776,0.9628571428571429,0.07689130382241327
segment,log,112,310,0.00558489562877162,0.9795031055900622,0.007980772168224093,0.9628571428571429,0.09292581326540256
segment,log,112,311,0.005564266545037306,0.9788819875776398,0.00799299942603515,0.9628571428571429,0.18188945513874588
segment,log,112,312,0.005721603305600165,0.9782608695652174,0.008106440443083111,0.96,0.5805881111075982
segment,log,112,313,0.005781817985037305,0.9763975155279503,0.008193541070322387,0.9571428571428572,0.1765110600701252
segment,log,112,314,0.005479350324379535,0.9788819875776398,0.008021324615010164,0.9628571428571429,0.29607829632871185
segment,log,112,315,0.005544480048178018,0.9788819875776398,0.008134583100506907,0.9628571428571429,0.393044560379307
segment,log,112,316,0.005610778569834819,0.9782608695652174,0.008065661689109523,0.9571428571428572,0.20610845474145337
segment,log,112,317,0.005607862932155991,0.977639751552795,0.008130651844239832,0.96,0.3326816756383658
segment,log,112,318,0.007842475090949258,0.9614906832298137,0.009617793350646869,0.96,0.556753773503615
segment,log,112,319,0.008173172371251895,0.9608695652173913,0.010262420436033618,0.96,0.5976044000519655
segment,log,112,320,0.006117703994057847,0.9732919254658385,0.008491552871761489,0.9542857142857143,0.4308432840304792
segment,log,112,321,0.005569820925452599,0.977639751552795,0.0081752166554249,0.9571428571428572,0.45223351754267754
segment,log,112,322,0.005358420445392082,0.9788819875776398,0.00803582825099238,0.96,0.3512498765531738
segment,log,112,323,0.005371973993533441,0.9782608695652174,0.008045210765097139,0.9628571428571429,0.12087169051977524
segment,log,112,324,0.005302005563358638,0.9788819875776398,0.007958558683355852,0.96,0.23270555154860778
segment,log,112,325,0.005402067202290344,0.9795031055900622,0.008005035408666301,0.9571428571428572,0.40486536813469165
segment,log,112,326,0.0053139109318759625,0.9782608695652174,0.007935624848335283,0.9571428571428572,0.3601014876576612
segment,log,112,327,0.005319131561954727,0.9807453416149068,0.007957723565872777,0.96,0.06543614548132225
segment,log,112,328,0.005266249259224576,0.9788819875776398,0.00790241956616671,0.96,0.23889296096655113
segment,log,112,329,0.005657374787238642,0.9788819875776398,0.008503595048441299,0.9657142857142857,0.6014971840663111
segment,log,112,330,0.005751385950843188,0.977639751552795,0.008418256136749127,0.9657142857142857,0.08714354271244505
segment,log,112,331,0.0054605634123000655,0.977639751552795,0.008153453332646757,0.9628571428571429,0.32654052963973723
segment,log,112,332,0.005304987104866862,0.9782608695652174,0.007980806795914156,0.96,0.23208687739234485
segment,log,112,333,0.009679069783329705,0.9546583850931677,0.01156173939648432,0.9457142857142857,0.5064896939756888
segment,log,112,334,0.005215028462861894,0.9801242236024845,0.007860374578717643,0.9571428571428572,0.19873132202906935
segment,log,112,335,0.005390172134893858,0.9788819875776398,0.007941083250396164,0.9571428571428572,0.20181975212011768
segment,log,112,336,0.005186632653451651,0.9782608695652174,0.00788763865959571,0.9571428571428572,0.22782254770428526
segment,log,112,337,0.0052374677401452584,0.9788819875776398,0.008001237088598264,0.96,0.11923691400486536
segment,log,112,338,0.0053834609906016845,0.9788819875776398,0.007971303914903364,0.9628571428571429,0.5071480632372078
segment,log,112,339,0.005480312998395132,0.9795031055900622,0.008051764747901312,0.9628571428571429,0.6937478744234077
segment,log,112,340,0.005350211450949147,0.9782608695652174,0.007962694136387638,0.9571428571428572,0.13431368308710157
segment,log,112,341,0.006849094686938876,0.9677018633540373,0.008980811372071441,0.9542857142857143,0.527347742047941
segment,log,112,342,0.005407894458310619,0.9770186335403727,0.008070001217092804,0.9571428571428572,0.36956342830740097
segment,log,112,343,0.0050944368884015025,0.9807453416149068,0.007895005539707256,0.96,0.1372293750317996
segment,log,112,344,0.005250021908358296,0.9788819875776398,0.00799867233298514,0.96,0.37863565601552623
segment,log,112,345,0.0050928458010890895,0.9807453416149068,0.007915792853622861,0.9628571428571429,0.38291191437991073
segment,log,112,346,0.005150227944076202,0.9788819875776398,0.00801577412253841,0.9628571428571429,0.2949492771588315
segment,log,112,347,0.005005973527349367,0.9801242236024845,0.007845973806069849,0.96,0.17486302841167134
segment,log,112,348,0.00499564716440721,0.9795031055900622,0.007869392238628238,0.96,0.20741236942807414
segment,log,112,349,0.00502100129010585,0.9795031055900622,0.007965539569956253,0.9628571428571429,0.22922813585488247
segment,log,112,350,0.005145513077473924,0.9788819875776398,0.008094977395961954,0.9628571428571429,0.3016445668129369
segment,log,113,1,0.12378928873504887,0.14409937888198757,0.12381291016847784,0.14285714285714285,1.01291519425841
segment,log,113,2,0.1177440106385183,0.4031055900621118,0.1177730872589204,0.4114285714285714,0.941068725335035
segment,log,113,3,0.08340242206071438,0.5527950310559007,0.0834295936859041,0.5571428571428572,0.9802349952767495
segment,log,113,4,0.07861371418159051,0.5720496894409938,0.07825381937233508,0.58,0.9857653828506762
segment,log,113,5,0.09379181649225626,0.5496894409937888,0.09350924563816464,0.5371428571428571,0.9027533012835898
segment,log,113,6,0.06921025998256293,0.6298136645962733,0.06955800322752055,0.6285714285714286,0.7733651007973904
segment,log,113,7,0.06703637136320778,0.6273291925465838,0.06804240190942246,0.62,0.7755974290854637
segment,log,113,8,0.06662843477998866,0.6267080745341614,0.06766569243319943,0.6314285714285715,0.8302193121470574
segment,log,113,9,0.0641607499256641,0.6291925465838509,0.06466599486694682,0.6228571428571429,0.9145328709662564
segment,log,113,10,0.062312480849893936,0.6360248447204969,0.06401558163808968,0.6371428571428571,0.7151639839335968
segment,log,113,11,0.06313790346490418,0.6285714285714286,0.06440948588486128,0.6285714285714286,0.8402568621286306
segment,log,113,12,0.06664920105568788,0.615527950310559,0.06694260672219633,0.62,0.8436201889189633
segment,log,113,13,0.060345568369541705,0.6360248447204969,0.06213166880076156,0.6342857142857142,0.7324900522779952
segment,log,113,14,0.06161341825555519,0.631055900621118,0.062009997685362826,0.6314285714285715,0.7991143660792247
segment,log,113,15,0.0587433091700488,0.6391304347826087,0.05982605380328834,0.6285714285714286,0.7799877595816692
segment,log,113,16,0.05982573776120509,0.6434782608695652,0.06215958279056283,0.6457142857142857,0.8784509588694256
segment,log,113,17,0.05814955086168281,0.6490683229813664,0.060161451465588905,0.64,0.8453564541404769
segment,log,113,18,0.06492669952319191,0.6161490683229813,0.06794871309529044,0.5885714285714285,0.8692081859248644
segment,log,113,19,0.06410947510021908,0.6279503105590062,0.0671807899922443,0.6057142857142858,0.8398814681591388
segment,log,113,20,0.06055735865769614,0.6285714285714286,0.06151646143354031,0.6285714285714286,0.6203632225389399
segment,log,113,21,0.05814004734358408,0.6385093167701863,0.05930697446303294,0.6342857142857142,0.8520535761419464
segment,log,113,22,0.056600752869793054,0.6496894409937888,0.05837506253577206,0.6371428571428571,0.7803017864467384
segment,log,113,23,0.05670509242731357,0.6478260869565218,0.05825525255005171,0.6342857142857142,0.8153967958743109
segment,log,113,24,0.05664601243590672,0.6478260869565218,0.05863659302738258,0.64,0.7495129240954733
segment,log,113,25,0.05967475632944302,0.6316770186335404,0.06087552659019695,0.6342857142857142,0.7958729811462341
segment,log,113,26,0.05910392439885355,0.6453416149068323,0.06187707113478067,0.6428571428571429,0.8627351180153932
segment,log,113,27,0.042438627615722896,0.7925465838509317,0.045377909919660085,0.78,0.6703251791834459
segment,log,113,28,0.03842691977187328,0.7913043478260869,0.04059002940950078,0.7857142857142857,0.6280771103526357
segment,log,113,29,0.038077368825875174,0.7850931677018633,0.039563035970009215,0.7771428571428571,0.6915625060862663
segment,log,113,30,0.03789607579778575,0.7857142857142857,0.03957513947669391,0.7771428571428571,0.7151861678241556
segment,log,113,31,0.03709979447901367,0.7881987577639752,0.03846220348154172,0.78,0.7703532240305274
segment,log,113,32,0.03619428352142573,0.7919254658385093,0.03826480222681526,0.7857142857142857,0.779383872898603
segment,log,113,33,0.03636393863097668,0.7937888198757764,0.03837156821431268,0.7885714285714286,0.7946271701174005
segment,log,113,34,0.03728505127701694,0.7931677018633541,0.040342338439882684,0.7914285714285715,0.678235941058458
segment,log,113,35,0.03559424942201808,0.7968944099378882,0.03775020754143717,0.7885714285714286,0.5010660387003459
segment,log,113,36,0.03517048797723723,0.7944099378881988,0.03723952634719552,0.7857142857142857,0.6422817604988926
segment,log,113,37,0.03854695367111596,0.7900621118012422,0.04174933201890274,0.78,0.6758872779176888
segment,log,113,38,0.035583649726692264,0.7944099378881988,0.03714414176075747,0.7885714285714286,0.7826579467535973
segment,log,113,39,0.03604635806593432,0.7913043478260869,0.037605179093545514,0.7857142857142857,0.7661149283817956
segment,log,113,40,0.03587339309603977,0.7950310559006211,0.03868280201362027,0.7828571428571428,0.7651410748294365
segment,log,113,41,0.03453696246637669,0.7944099378881988,0.03650639958753355,0.7885714285714286,0.6071539613124131
segment,log,113,42,0.0358100402173499,0.7913043478260869,0.03737546726562622,0.7857142857142857,0.7321824511038867
segment,log,113,43,0.035816172464520735,0.7900621118012422,0.03743216394873877,0.78,0.6930717749101273
segment,log,113,44,0.03532546407437036,0.7931677018633541,0.03686464230605341,0.7857142857142857,0.8150425079741954
segment,log,113,45,0.034305240297521855,0.8024844720496894,0.036675035754323244,0.7914285714285715,0.5851614297087091
segment,log,113,46,0.03400132698392875,0.7962732919254658,0.036273977781040724,0.7885714285714286,0.43910665778619495
segment,log,113,47,0.03389204761179193,0.8024844720496894,0.03642852721074609,0.7942857142857143,0.4290268476500728
segment,log,113,48,0.03450930581150384,0.7956521739130434,0.03642533437213837,0.7885714285714286,0.7173054382705395
segment,log,113,49,0.03496550907075024,0.7931677018633541,0.03659956399837349,0.7885714285714286,0.7675206566657996
segment,log,113,50,0.03462094667032019,0.801863354037267,0.037394173506402194,0.7885714285714286,0.692812506197604
segment,log,113,51,0.04440325312593621,0.753416149068323,0.047927169947251255,0.7342857142857143,0.7651801528866877
segment,log,113,52,0.03402137655995198,0.7956521739130434,0.03599160321202414,0.7885714285714286,0.7766161658921604
segment,log,113,53,0.033242721275382796,0.7975155279503106,0.03571024740160137,0.7914285714285715,0.6966333715543642
segment,log,113,54,0.033412939537677676,0.8024844720496894,0.036441175676453434,0.7885714285714286,0.7301325220621344
segment,log,113,55,0.036542291165255175,0.7906832298136646,0.037883575471327376,0.78,0.7933271123367894
segment,log,113,56,0.03412446619193569,0.801863354037267,0.0363276078199714,0.7914285714285715,0.7871707014083138
segment,log,113,57,0.033163945548035735,0.8062111801242235,0.035835257176564765,0.7942857142857143,0.6759228291430466
segment,log,113,58,0.032871656910967544,0.7981366459627329,0.03523767079793908,0.7914285714285715,0.6114333302255368
segment,log,113,59,0.03311299445036919,0.7962732919254658,0.03531964424678637,0.7828571428571428,0.7830138222340317
segment,log,113,60,0.03396765892144431,0.7975155279503106,0.0359324887306512,0.7885714285714286,0.7562977521182754
segment,log,113,61,0.03265522545802674,0.8024844720496894,0.03516205185300754,0.7942857142857143,0.6039893212328562
segment,log,113,62,0.03380654423134482,0.8043478260869565,0.03701582684770475,0.7885714285714286,0.5726815593525462
segment,log,113,63,0.03281277129579458,0.7981366459627329,0.03563538263337373,0.7857142857142857,0.6347382174099286
segment,log,113,64,0.03247582221580624,0.7981366459627329,0.035177140488252344,0.7885714285714286,0.755208353095538
segment,log,113,65,0.032989619882540115,0.7981366459627329,0.035260635371526655,0.7885714285714286,0.6919187112155987
segment,log,113,66,0.03280802652960983,0.8049689440993789,0.03583931038291344,0.7942857142857143,0.6517665694945988
segment,log,113,67,0.03253819513538869,0.7981366459627329,0.034886681124711216,0.7885714285714286,0.5980511693515224
segment,log,113,68,0.03253651856846633,0.7987577639751553,0.03488515648844441,0.7885714285714286,0.6946834577411714
segment,log,113,69,0.03207539739574816,0.8037267080745342,0.034698142791410966,0.7914285714285715,0.589332808598511
segment,log,113,70,0.03260045326809269,0.8062111801242235,0.03544572205397663,0.7885714285714286,0.853645869920876
segment,log,113,71,0.03206403821071122,0.801863354037267,0.03472931298102944,0.7914285714285715,0.386373097447551
segment,log,113,72,0.031956633388464925,0.8006211180124223,0.034638573228430954,0.7885714285714286,0.5967591951429412
segment,log,113,73,0.033237130101970616,0.8,0.03535369264858678,0.7942857142857143,0.7692072956377669
segment,log,113,74,0.03205369111479977,0.8043478260869565,0.0349039832194239,0.7885714285714286,0.7175715542478003
segment,log,113,75,0.031736662960884045,0.8062111801242235,0.03473465172723647,0.7942857142857143,0.7488289529213084
segment,log,113,76,0.03181147992978791,0.8068322981366459,0.03455677063645662,0.7971428571428572,0.6926914399869453
segment,log,113,77,0.03248122232001491,0.8055900621118013,0.03580761078736191,0.7942857142857143,0.6070581477503146
segment,log,113,78,0.032051932725813755,0.8074534161490683,0.03543929557303406,0.7942857142857143,0.4868675672130845
segment,log,113,79,0.03144900099075384,0.8105590062111802,0.03451887979182641,0.7942857142857143,0.5867390860826897
segment,log,113,80,0.031530449740835485,0.8074534161490683,0.03432655501292871,0.7942857142857143,0.7284102810263258
segment,log,113,81,0.03213861098796916,0.8049689440993789,0.03562454367294563,0.7914285714285715,0.5238040944784453
segment,log,113,82,0.03688550867868284,0.7832298136645963,0.0381774561237956,0.7885714285714286,0.7500848325209951
segment,log,113,83,0.03129367791167406,0.8080745341614907,0.03378919624820705,0.8028571428571428,0.7036807655262247
segment,log,113,84,0.03132028723606753,0.8068322981366459,0.033990455761743796,0.7942857142857143,0.5933737818330711
segment,log,113,85,0.031187254930847504,0.8105590062111802,0.03401736317280461,0.7942857142857143,0.695476219225398
segment,log,113,86,0.03115750339619602,0.8099378881987578,0.0340397863467491,0.7942857142857143,0.786086476327267
segment,log,113,87,0.0313248117524669,0.8124223602484472,0.034707381960424256,0.7971428571428572,0.7518267301967012
segment,log,113,88,0.03137709512205277,0.8043478260869565,0.03427211658160885,0.7942857142857143,0.6886078179293876
segment,log,113,89,0.032466096504995656,0.801863354037267,0.03505244586650256,0.7885714285714286,0.6378274816715914
segment,log,113,90,0.03219141896127514,0.8012422360248447,0.034774360853096056,0.7914285714285715,0.7066440877847388
segment,log,113,91,0.030943579443083815,0.8099378881987578,0.034044214362264076,0.7942857142857143,0.6117972788621924
segment,log,113,92,0.0320395047166798,0.8006211180124223,0.034547227707369066,0.7942857142857143,0.7686233432975568
segment,log,113,93,0.03220350519224372,0.8068322981366459,0.03485256768650997,0.7914285714285715,0.8120743225635445
segment,log,113,94,0.030794614964650042,0.8111801242236025,0.0342383914164254,0.8,0.5839642428721705
segment,log,113,95,0.030752261314100266,0.8124223602484472,0.03406759060581028,0.8,0.7245207608650853
segment,log,113,96,0.030644747975475103,0.8111801242236025,0.03389370198236004,0.7971428571428572,0.5847114876814136
segment,log,113,97,0.03076830474233041,0.8099378881987578,0.03393630482711973,0.7942857142857143,0.6933860765342926
segment,log,113,98,0.030688357208549275,0.8111801242236025,0.03424441367609807,0.8,0.6276955988188229
segment,log,113,99,0.030764151420138684,0.8093167701863354,0.033943203179120675,0.7942857142857143,0.6843503863822397
segment,log,113,100,0.03791518538361485,0.775776397515528,0.04199951527678757,0.7514285714285714,0.720651413378532
segment,log,113,101,0.030485542781405993,0.8099378881987578,0.03402644910523427,0.7942857142857143,0.7032065645046975
segment,log,113,102,0.03104264928141923,0.8111801242236025,0.0340985195500501,0.7914285714285715,0.7033589199494057
segment,log,113,103,0.03294761925488256,0.8012422360248447,0.03535564295587417,0.7885714285714286,0.7534621694977501
segment,log,113,104,0.03105299337084659,0.8099378881987578,0.03418530220646363,0.7828571428571428,0.7485092163981456
segment,log,113,105,0.03038070024915736,0.8111801242236025,0.034139648462511725,0.7942857142857143,0.5031699044261335
segment,log,113,106,0.03347565085784982,0.7956521739130434,0.037585215096961354,0.7828571428571428,0.54527579507465
segment,log,113,107,0.030341272169784536,0.8118012422360248,0.033914042951990485,0.7914285714285715,0.6111974005265134
segment,log,113,108,0.03023189850482599,0.8111801242236025,0.0336460092514086,0.7914285714285715,0.6346576305918722
segment,log,113,109,0.030522900345264583,0.8093167701863354,0.033849785080292356,0.7914285714285715,0.7140370986361436
segment,log,113,110,0.030011082794658993,0.8149068322981367,0.03366647320652282,0.7942857142857143,0.7051364920162753
segment,log,113,111,0.032872183971886626,0.7987577639751553,0.03710172314554613,0.7771428571428571,0.6461451909954334
segment,log,113,112,0.02992024745410418,0.8136645962732919,0.03358113654371572,0.7914285714285715,0.5916632501341347
segment,log,113,113,0.03026958548080034,0.8149068322981367,0.03386049982849944,0.7914285714285715,0.7865046275138692
segment,log,113,114,0.029849663930872277,0.8167701863354038,0.033555109599804074,0.7942857142857143,0.6797890062106543
segment,log,113,115,0.029788211188051666,0.815527950310559,0.03353368361358652,0.7942857142857143,0.7036199285661768
segment,log,113,116,0.029755364249608295,0.8142857142857143,0.03354070441654026,0.7942857142857143,0.5794577408759455
segment,log,113,117,0.02977037895477696,0.8142857142857143,0.03368252201018372,0.7942857142857143,0.6852463194467407
segment,log,113,118,0.030117530601016684,0.8124223602484472,0.03408578339105139,0.7914285714285715,0.5884632911259239
segment,log,113,119,0.030613051447889762,0.8111801242236025,0.03350405252094648,0.7885714285714286,0.7368893384118123
segment,log,113,120,0.030099182820437522,0.8118012422360248,0.03386721218729711,0.7857142857142857,0.8050822183007328
segment,log,113,121,0.029522647828841495,0.8173913043478261,0.03335951688212558,0.7914285714285715,0.5866888409007659
segment,log,113,122,0.029692212843710885,0.8167701863354038,0.03327916839294564,0.7914285714285715,0.6808057002374543
segment,log,113,123,0.03086888858384658,0.8136645962732919,0.03472545801686219,0.7942857142857143,0.7628990040625251
segment,log,113,124,0.031615985958930344,0.8037267080745342,0.03579295430935025,0.7857142857142857,0.6860854539998468
segment,log,113,125,0.02968184158880994,0.8180124223602484,0.03356511713582179,0.7942857142857143,0.6017450519275697
segment,log,113,126,0.03153513077359374,0.8099378881987578,0.034539892231838544,0.8028571428571428,0.7916560128623703
segment,log,113,127,0.029401432729474514,0.8173913043478261,0.03299089145033053,0.7914285714285715,0.3756791759429657
segment,log,113,128,0.02938651986477766,0.8173913043478261,0.03301136169094925,0.7942857142857143,0.67551111483007
segment,log,113,129,0.030739815886763916,0.8111801242236025,0.033668322636838006,0.8028571428571428,0.732840589144455
segment,log,113,130,0.029281427126295712,0.8186335403726708,0.03321571926047735,0.7942857142857143,0.36775418038670565
segment,log,113,131,0.029542759307557773,0.8180124223602484,0.03347020216487518,0.7914285714285715,0.6243664156456844
segment,log,113,132,0.029464192508368195,0.8180124223602484,0.03305395362079938,0.7914285714285715,0.7423685621630646
segment,log,113,133,0.02906420894096875,0.8186335403726708,0.03301336590906818,0.7942857142857143,0.3802073787640798
segment,log,113,134,0.03322093216238503,0.8,0.03554745097236694,0.7971428571428572,0.7013444105077412
segment,log,113,135,0.034221685424024074,0.7925465838509317,0.03849835467175811,0.7714285714285715,0.7377086349062206
segment,log,113,136,0.0308865125412221,0.8093167701863354,0.03392360533192043,0.8,0.70564710130931
segment,log,113,137,0.02891194287387203,0.8204968944099379,0.03279223609273901,0.7971428571428572,0.7323737347473729
segment,log,113,138,0.029708863895075318,0.8167701863354038,0.032896248428260146,0.8,0.7212788387008512
segment,log,113,139,0.02886695267994941,0.8211180124223603,0.03259537625784762,0.8,0.23702218499368494
segment,log,113,140,0.028888985511917993,0.8217391304347826,0.03267249310255919,0.8,0.7386985906260902
segment,log,113,141,0.029234446432174585,0.8198757763975155,0.032555174859224066,0.8,0.7319049085194522
segment,log,113,142,0.03196347615413675,0.8006211180124223,0.03597069071081339,0.78,0.6111385716534645
segment,log,113,143,0.0287880873820606,0.8211180124223603,0.032280199315194845,0.8,0.6742482895064396
segment,log,113,144,0.02879638987487711,0.8217391304347826,0.0324632729497442,0.8,0.6991577638281413
segment,log,113,145,0.03267108408946142,0.7968944099378882,0.03686854517863149,0.78,0.6731254948303568
segment,log,113,146,0.0289596421348584,0.8211180124223603,0.032821189873923406,0.8,0.7229409117107651
segment,log,113,147,0.03127280573399182,0.8149068322981367,0.035348856378319485,0.7914285714285715,0.6322087161464155
segment,log,113,148,0.029885408957560002,0.815527950310559,0.03276727496571666,0.8085714285714286,0.6699034739691934
segment,log,113,149,0.02872140382185414,0.8236024844720496,0.032421114101794574,0.8057142857142857,0.746278516064518
segment,log,113,150,0.028929632291267902,0.8229813664596274,0.03233181983689443,0.8,0.6084506229783919
segment,log,113,151,0.02852552489931037,0.8229813664596274,0.031999912366039045,0.8,0.7741391832753948
segment,log,113,152,0.02969782192591675,0.8167701863354038,0.03353545427358881,0.7914285714285715,0.7079313272451165
segment,log,113,153,0.028374116481579573,0.8236024844720496,0.031810342115803705,0.8,0.5768349755646536
segment,log,113,154,0.02835641356916881,0.8248447204968944,0.031768490106661704,0.8,0.2999027991915433
segment,log,113,155,0.028421351642261512,0.8211180124223603,0.03197302877120133,0.8,0.7703729006994569
segment,log,113,156,0.028542286286053146,0.822360248447205,0.0317311546649406,0.8028571428571428,0.592815164085282
segment,log,113,157,0.028281498907649145,0.8254658385093168,0.03174794342042584,0.8,0.7737165581886435
segment,log,113,158,0.028171783919068775,0.8267080745341615,0.03154641150440583,0.8028571428571428,0.5708319374139265
segment,log,113,159,0.029275563940029104,0.8217391304347826,0.032780006293599895,0.8,0.7789261158764444
segment,log,113,160,0.028661041176659935,0.8211180124223603,0.032154324232405565,0.7942857142857143,0.6776392011979853
segment,log,113,161,0.028283372996518043,0.8229813664596274,0.031288941448799346,0.8085714285714286,0.7333660089523225
segment,log,113,162,0.028214467559101744,0.8236024844720496,0.03129170877355615,0.8085714285714286,0.08806202681283068
segment,log,113,163,0.02853920846533854,0.824223602484472,0.0314768557870862,0.8085714285714286,0.5899800971203046
segment,log,113,164,0.028120862026922495,0.8273291925465839,0.031218692950445687,0.8057142857142857,0.6212169150982008
segment,log,113,165,0.027985763943670906,0.8279503105590063,0.03113987428527508,0.8085714285714286,0.387666447844628
segment,log,113,166,0.02792189681088468,0.8273291925465839,0.03120213938047271,0.8114285714285714,0.40911865371831385
segment,log,113,167,0.028328160873043618,0.8236024844720496,0.031124489883066007,0.8085714285714286,0.7288972163315548
segment,log,113,168,0.02802154607401755,0.8267080745341615,0.031229586675139708,0.8028571428571428,0.6897524429298125
segment,log,113,169,0.027908843530825678,0.8254658385093168,0.031165215170262193,0.8057142857142857,0.2329639707012066
segment,log,113,170,0.027768459597814057,0.8291925465838509,0.031015095139874292,0.8114285714285714,0.5692237816202639
segment,log,113,171,0.02881519657411596,0.8248447204968944,0.031696213079111996,0.8085714285714286,0.634995897020758
segment,log,113,172,0.028641787597783155,0.8204968944099379,0.03187322214021825,0.8057142857142857,0.7029746680870835
segment,log,113,173,0.028212428737610495,0.8229813664596274,0.031179637028508504,0.8057142857142857,0.3084084340515497
segment,log,113,174,0.027651814866837144,0.8273291925465839,0.030965817983815057,0.8057142857142857,0.5825838446696088
segment,log,113,175,0.029106147091916765,0.8173913043478261,0.031742175986183285,0.8057142857142857,0.7216985204367533
segment,log,113,176,0.02812766475995141,0.8248447204968944,0.031201117501136466,0.8028571428571428,0.6786616601192151
segment,log,113,177,0.027729239794046793,0.8279503105590063,0.03110321663018296,0.8085714285714286,0.5701906780513605
segment,log,113,178,0.028260790209012707,0.824223602484472,0.031356850196957414,0.8028571428571428,0.6799667233054785
segment,log,113,179,0.029032583656350044,0.8186335403726708,0.03248645208530685,0.7971428571428572,0.4483691445752689
segment,log,113,180,0.027606613676995382,0.8291925465838509,0.03094927592373781,0.8085714285714286,0.5786771769572854
segment,log,113,181,0.028228967954343487,0.8260869565217391,0.03128172539131388,0.8085714285714286,0.6808412215966101
segment,log,113,182,0.027618552702993456,0.8267080745341615,0.03095663391177296,0.8057142857142857,0.5951101289016316
segment,log,113,183,0.02818159766725731,0.8273291925465839,0.0312943856421523,0.8085714285714286,0.8033670893842317
segment,log,113,184,0.028073723423386647,0.8236024844720496,0.031067066167463044,0.8028571428571428,0.6735220936401414
segment,log,113,185,0.027780927755503844,0.8254658385093168,0.030769286012742404,0.8085714285714286,0.6677715595547347
segment,log,113,186,0.027438801685636886,0.8273291925465839,0.03057775870614015,0.8085714285714286,0.5692155202183267
segment,log,113,187,0.02756836174602898,0.8279503105590063,0.031084339600019426,0.8085714285714286,0.7316621737538284
segment,log,113,188,0.027357635516614853,0.8279503105590063,0.030630009907743963,0.8057142857142857,0.6663504447300893
segment,log,113,189,0.027752929831275277,0.8279503105590063,0.0312788338336243,0.8057142857142857,0.5820592968177215
segment,log,113,190,0.027513569262854087,0.8279503105590063,0.030816884532729794,0.8057142857142857,0.8310779369435608
segment,log,113,191,0.02804475396295835,0.8260869565217391,0.03163063286929951,0.8028571428571428,0.533526324796019
segment,log,113,192,0.02722781835284317,0.8291925465838509,0.030659757501342744,0.8085714285714286,0.7244197702476596
segment,log,113,193,0.0273738576773071,0.8285714285714286,0.0307112445868974,0.8057142857142857,0.5721364383514456
segment,log,113,194,0.027298397275163405,0.8304347826086956,0.0306369754866998,0.8057142857142857,0.6296336107190217
segment,log,113,195,0.027914705516866412,0.8236024844720496,0.03103304185028857,0.8028571428571428,0.6508206356313903
segment,log,113,196,0.027200020687488242,0.8279503105590063,0.0304080895700178,0.8085714285714286,0.6667889881928414
segment,log,113,197,0.028061094105001152,0.8254658385093168,0.031387362632652197,0.8114285714285714,0.6805052789273357
segment,log,113,198,0.02712209600576281,0.8279503105590063,0.030391232986212043,0.8114285714285714,0.6858231027243408
segment,log,113,199,0.027687781252673637,0.8273291925465839,0.03102940670192885,0.8057142857142857,0.7212827083753316
segment,log,113,200,0.027182539198731853,0.8298136645962733,0.03075719080359202,0.8114285714285714,0.5233328556678447
segment,log,113,201,0.027523030111762815,0.8254658385093168,0.03092851508851507,0.8085714285714286,0.6969438084346026
segment,log,113,202,0.031817101353783094,0.801863354037267,0.03471975168340019,0.7885714285714286,0.7086136584818736
segment,log,113,203,0.027103696032999166,0.8291925465838509,0.030332543364849404,0.8114285714285714,0.5684753397472051
segment,log,113,204,0.027633386119288963,0.8236024844720496,0.030655285304453536,0.8057142857142857,0.6682589212151444
segment,log,113,205,0.02710278304977431,0.8279503105590063,0.030411052460468276,0.8085714285714286,0.6679216986871478
segment,log,113,206,0.027249508543396306,0.8273291925465839,0.03055281887762593,0.8142857142857143,0.5794902985534813
segment,log,113,207,0.026917356286539372,0.8316770186335404,0.030379100643973325,0.8142857142857143,0.7231165907660321
segment,log,113,208,0.02691311929719934,0.8298136645962733,0.030482004713574762,0.8085714285714286,0.6790296805072865
segment,log,113,209,0.026960297786551745,0.8291925465838509,0.030506881114719227,0.8057142857142857,0.5641400390856477
segment,log,113,210,0.026920653161553173,0.8298136645962733,0.03051547718297898,0.8057142857142857,0.5710324509824356
segment,log,113,211,0.03571427114554631,0.7863354037267081,0.03883249328892205,0.7742857142857142,0.7298502899260364
segment,log,113,212,0.02687436201432662,0.8316770186335404,0.030226352279520908,0.8142857142857143,0.35493115518024365
segment,log,113,213,0.027638797912116996,0.8236024844720496,0.030674196899063148,0.8085714285714286,0.7202635423548264
segment,log,113,214,0.02785934802847452,0.8267080745341615,0.03140386237497771,0.8114285714285714,0.4672950774697388
segment,log,113,215,0.027521167352320835,0.8279503105590063,0.031077230943630154,0.8057142857142857,0.6966966974250599
segment,log,113,216,0.02684401810295307,0.8298136645962733,0.03028528518688416,0.8085714285714286,0.7612228329435934
segment,log,113,217,0.02698049545931082,0.8335403726708075,0.030471734879249323,0.8057142857142857,0.7384698974073032
segment,log,113,218,0.02669061794763757,0.8316770186335404,0.030181701470068736,0.8085714285714286,0.6707497692541702
segment,log,113,219,0.028754688341427897,0.8167701863354038,0.03146346156606377,0.8028571428571428,0.6489490751234397
segment,log,113,220,0.026670399996238336,0.8316770186335404,0.030173648568753896,0.8085714285714286,0.6700174889143977
segment,log,113,221,0.028672012818131663,0.8180124223602484,0.03146431615916783,0.8028571428571428,0.5968364911925613
segment,log,113,222,0.026684625027797837,0.8291925465838509,0.030047917404485803,0.8085714285714286,0.1727818451951698
segment,log,113,223,0.028707484159618813,0.8173913043478261,0.032052314667223414,0.8028571428571428,0.7914547432388853
segment,log,113,224,0.026599850636093103,0.8316770186335404,0.03010612422048641,0.8085714285714286,0.5682235204203029
segment,log,113,225,0.02670954932588675,0.8298136645962733,0.03005480014061937,0.8085714285714286,0.5641879843170019
segment,log,113,226,0.026949775603953997,0.8298136645962733,0.03059342163172786,0.8057142857142857,0.733797234158789
segment,log,113,227,0.026639863320291092,0.831055900621118,0.030173063216903565,0.8057142857142857,0.2500019096832065
segment,log,113,228,0.026572446225660223,0.831055900621118,0.030087747314896805,0.8085714285714286,0.26794023485794927
segment,log,113,229,0.026694257382718467,0.8298136645962733,0.030170826516863314,0.8085714285714286,0.15720467629843024
segment,log,113,230,0.027416291280843264,0.824223602484472,0.03062170489662862,0.8028571428571428,0.728348912949947
segment,log,113,231,0.026636259634354113,0.831055900621118,0.030031198241521315,0.8114285714285714,0.7456407456039897
segment,log,113,232,0.026698457460876956,0.8291925465838509,0.030203684941913233,0.8114285714285714,0.7706761226001286
segment,log,113,233,0.02650698953566886,0.8316770186335404,0.030061721296816574,0.8057142857142857,0.5638699988412399
segment,log,113,234,0.02771427981022106,0.824223602484472,0.030940993616326795,0.8028571428571428,0.42868737743262036
segment,log,113,235,0.026420652584615362,0.8322981366459627,0.029999266018314385,0.8085714285714286,0.5631586518004951
segment,log,113,236,0.026596307638792994,0.8291925465838509,0.030072706969075096,0.8085714285714286,0.029057619864082476
segment,log,113,237,0.02639596683890292,0.8322981366459627,0.029982433562315388,0.8085714285714286,0.6618881069203116
segment,log,113,238,0.026442906509626784,0.8316770186335404,0.029972534475801806,0.8114285714285714,0.583447484437377
segment,log,113,239,0.028555892588217086,0.8186335403726708,0.03122287665068983,0.8028571428571428,0.609782148206413
segment,log,113,240,0.02635784509793895,0.8322981366459627,0.030012480215251616,0.8114285714285714,0.5669185107208081
segment,log,113,241,0.026431758103080075,0.8316770186335404,0.030042749796369332,0.8085714285714286,0.5922887011039217
segment,log,113,242,0.0266210176813725,0.8298136645962733,0.0301609291481325,0.8085714285714286,0.5904742793463433
segment,log,113,243,0.026358359678022355,0.8316770186335404,0.0300008621921122,0.8085714285714286,0.5848865056021164
segment,log,113,244,0.02634628037181936,0.8322981366459627,0.0299682832291531,0.8085714285714286,0.6625780519797847
segment,log,113,245,0.026320883835720777,0.8322981366459627,0.029974138404586223,0.8114285714285714,0.7223503368645897
segment,log,113,246,0.02632248078017713,0.8329192546583851,0.03004425835397455,0.8114285714285714,0.587942025079872
segment,log,113,247,0.02626223328271393,0.8335403726708075,0.029910741594555756,0.8057142857142857,0.13007056144874676
segment,log,113,248,0.02834186012585689,0.8186335403726708,0.03155931973478636,0.8057142857142857,0.6116549451741297
segment,log,113,249,0.026432093937837266,0.8316770186335404,0.030100224712615354,0.8085714285714286,0.7630718614347475
segment,log,113,250,0.026302697842880845,0.8322981366459627,0.029953671327065043,0.8171428571428572,0.5961996085407409
segment,log,113,251,0.0263302485349854,0.8322981366459627,0.029993981378362202,0.8057142857142857,0.5666866449784868
segment,log,113,252,0.026207597731101036,0.8335403726708075,0.029935163690529037,0.8085714285714286,0.6617313022855608
segment,log,113,253,0.02619101230734627,0.8329192546583851,0.029865162285748318,0.8114285714285714,0.7667845178746584
segment,log,113,254,0.02662830196230713,0.831055900621118,0.030312790894821164,0.8114285714285714,0.6755257320933097
segment,log,113,255,0.02621238223387637,0.8316770186335404,0.029916572440190775,0.8085714285714286,0.05731101303704455
segment,log,113,256,0.026642962091140695,0.831055900621118,0.03019231530997985,0.8057142857142857,0.6703919391741291
segment,log,113,257,0.027622239487012038,0.824223602484472,0.03109149413044762,0.8085714285714286,0.6666236656197845
segment,log,113,258,0.026143422372513613,0.8341614906832299,0.029807084039581887,0.8142857142857143,0.765199047972707
segment,log,113,259,0.02649507449970215,0.8304347826086956,0.030117987291765787,0.8057142857142857,0.6700430387253092
segment,log,113,260,0.026059635639663493,0.8335403726708075,0.029807188031088085,0.8085714285714286,0.6623936594492901
segment,log,113,261,0.02630454622547718,0.8322981366459627,0.029949813886026386,0.8085714285714286,0.7236652760662201
segment,log,113,262,0.02640904612418091,0.8329192546583851,0.03005410152105273,0.8142857142857143,0.6736586442992298
segment,log,113,263,0.026021079102888575,0.8341614906832299,0.02976736239225233,0.8085714285714286,0.570059937666327
segment,log,113,264,0.0261818326409586,0.8341614906832299,0.02989022103934026,0.8085714285714286,0.5816171927764595
segment,log,113,265,0.026099261322882827,0.8341614906832299,0.02986919736754669,0.8171428571428572,0.758523257765171
segment,log,113,266,0.025928581951684876,0.8341614906832299,0.02969387027190318,0.8142857142857143,0.04056935212197873
segment,log,113,267,0.025928935927780655,0.8335403726708075,0.029723906037823322,0.8142857142857143,0.6624427149584577
segment,log,113,268,0.027262468853762625,0.8279503105590063,0.030817738691754647,0.8085714285714286,0.6015393713821795
segment,log,113,269,0.025872021013952827,0.8341614906832299,0.0296078875089911,0.8114285714285714,0.5650582450910456
segment,log,113,270,0.03153703720844297,0.8043478260869565,0.034342765346806275,0.7885714285714286,0.7381510970527203
segment,log,113,271,0.02593113672457801,0.8347826086956521,0.02977700682409009,0.8114285714285714,0.660071029260237
segment,log,113,272,0.027057438966896143,0.831055900621118,0.030587599455049415,0.8085714285714286,0.7284493262308239
segment,log,113,273,0.027104302962139983,0.8254658385093168,0.03046220853827627,0.8114285714285714,0.46913756437682924
segment,log,113,274,0.025844400409251515,0.8347826086956521,0.029406821625703333,0.82,0.7244059504906057
segment,log,113,275,0.025722306214628125,0.8372670807453416,0.029332003588457486,0.8171428571428572,0.5628376898890293
segment,log,113,276,0.02576030309310677,0.8366459627329192,0.029486969900044513,0.8142857142857143,0.6055383190598452
segment,log,113,277,0.02674853522652668,0.8298136645962733,0.03040860943691474,0.8085714285714286,0.6702496479115896
segment,log,113,278,0.02579807464368924,0.8366459627329192,0.029472771173236094,0.8142857142857143,0.7663968777848215
segment,log,113,279,0.025881003740953774,0.8347826086956521,0.02951957335553279,0.8142857142857143,0.5728867438852908
segment,log,113,280,0.02596888914420306,0.8347826086956521,0.029626464684290546,0.8114285714285714,0.6756585929770752
segment,log,113,281,0.02683991706642056,0.831055900621118,0.03034388221448418,0.8114285714285714,0.6767741285414803
segment,log,113,282,0.025651071680798946,0.8360248447204969,0.02932074956630651,0.82,0.39221372569128926
segment,log,113,283,0.0255547487392231,0.8366459627329192,0.02925766287910978,0.8142857142857143,0.562408799201075
segment,log,113,284,0.026367794561161232,0.8322981366459627,0.029791147585604767,0.8171428571428572,0.7663649772078183
segment,log,113,285,0.02732271684884091,0.8260869565217391,0.03064980204058321,0.8142857142857143,0.7095849034155066
segment,log,113,286,0.02554119856125285,0.8372670807453416,0.02917614981143347,0.8142857142857143,0.6661959118362457
segment,log,113,287,0.02592400329130111,0.8347826086956521,0.029767666049623255,0.8142857142857143,0.6815140662301905
segment,log,113,288,0.025490088499047138,0.8360248447204969,0.029297422541835254,0.8142857142857143,0.5711840194920129
segment,log,113,289,0.02636707702061329,0.8329192546583851,0.03000009786234376,0.8171428571428572,0.6993880459423735
segment,log,113,290,0.025455107362187573,0.8354037267080745,0.029256189546467568,0.8142857142857143,0.5635705997472975
segment,log,113,291,0.025713947142584476,0.8354037267080745,0.02946944505891763,0.8142857142857143,0.12345456831932462
segment,log,113,292,0.02553517428457548,0.8360248447204969,0.02920667038329658,0.8171428571428572,0.7190773322610561
segment,log,113,293,0.026664043771387584,0.831055900621118,0.02982227154659648,0.8085714285714286,0.5593138281677233
segment,log,113,294,0.025865425554695325,0.8335403726708075,0.029540503941181545,0.8142857142857143,0.571455434104311
segment,log,113,295,0.025446236351964878,0.8354037267080745,0.02922264635266771,0.8171428571428572,0.024713662731245856
segment,log,113,296,0.025362576412076038,0.8366459627329192,0.029243303607711588,0.8171428571428572,0.6702997467710375
segment,log,113,297,0.025476451994955136,0.8347826086956521,0.029373112495869703,0.8114285714285714,0.7274064479985696
segment,log,113,298,0.025528574449958725,0.8360248447204969,0.029338695057624,0.8114285714285714,0.6110026002578214
segment,log,113,299,0.025409634156751414,0.8360248447204969,0.029142039668774624,0.8171428571428572,0.5762090333593914
segment,log,113,300,0.02538379484554089,0.8366459627329192,0.02920855862841787,0.8171428571428572,0.5584352799099235
segment,log,113,301,0.025268971286440258,0.8360248447204969,0.02913541527743392,0.8171428571428572,0.5655710748429685
segment,log,113,302,0.02713890904184238,0.8267080745341615,0.030302464233059805,0.8142857142857143,0.685956361540043
segment,log,113,303,0.02586330217155731,0.8335403726708075,0.02959906420643774,0.8142857142857143,0.7143428372928703
segment,log,113,304,0.025217404673115635,0.837888198757764,0.02911095251674094,0.8142857142857143,0.027756200107289127
segment,log,113,305,0.025696721011649798,0.8341614906832299,0.02968222162573974,0.8142857142857143,0.589188797025186
segment,log,113,306,0.025203664047063437,0.837888198757764,0.02921809755101745,0.8142857142857143,0.5624699136300851
segment,log,113,307,0.02522015366255742,0.8372670807453416,0.029187723550198837,0.8171428571428572,0.028002041407692004
segment,log,113,308,0.02516932117224666,0.8372670807453416,0.02912166056515505,0.8142857142857143,0.18247161878680038
segment,log,113,309,0.025267123178367424,0.8372670807453416,0.02910720656106539,0.8171428571428572,0.5877923902121532
segment,log,113,310,0.026533900402392833,0.8285714285714286,0.030216452409981952,0.8114285714285714,0.4287174944743074
segment,log,113,311,0.02628921297985561,0.8322981366459627,0.03027341139458133,0.8171428571428572,0.6281206975522611
segment,log,113,312,0.025275046318799694,0.8372670807453416,0.029261186547045553,0.8142857142857143,0.33534685071847214
segment,log,113,313,0.025359438754646628,0.8347826086956521,0.02923082178302484,0.8142857142857143,0.6551666107353444
segment,log,113,314,0.025092015879405537,0.8372670807453416,0.02913410316542009,0.8171428571428572,0.7855538217876852
segment,log,113,315,0.02522227207451322,0.8372670807453416,0.029162385820036003,0.8171428571428572,0.564601767077883
segment,log,113,316,0.025116898876707584,0.8391304347826087,0.029221051805954273,0.8171428571428572,0.6618269700810318
segment,log,113,317,0.025107671930654787,0.837888198757764,0.029130551478388406,0.8171428571428572,0.6593212241808092
segment,log,113,318,0.025836014709957646,0.8322981366459627,0.02968966493977443,0.8228571428571428,0.7957732142656494
segment,log,113,319,0.02644221439639223,0.8372670807453416,0.029784485468792494,0.82,0.7304345807651844
segment,log,113,320,0.025074438070986416,0.8391304347826087,0.0291735460136154,0.8171428571428572,0.654179432087766
segment,log,113,321,0.02510326397183721,0.8372670807453416,0.029263030167070738,0.8142857142857143,0.6670553452787525
segment,log,113,322,0.02508179769006779,0.8397515527950311,0.029101969389627478,0.8171428571428572,0.7173344270041581
segment,log,113,323,0.025440365116508847,0.8354037267080745,0.029366709732049454,0.8142857142857143,0.720441221067622
segment,log,113,324,0.025035653238648134,0.8391304347826087,0.029091819853448768,0.8142857142857143,0.38497323579001763
segment,log,113,325,0.025104731416061385,0.8360248447204969,0.029186338869243406,0.8142857142857143,0.557359175183385
segment,log,113,326,0.025948766706670907,0.8354037267080745,0.030101565226603285,0.8171428571428572,0.7371381137887364
segment,log,113,327,0.024999978636280208,0.8403726708074534,0.029118083588294204,0.8114285714285714,0.26468871604789
segment,log,113,328,0.02497126694692555,0.8409937888198757,0.02907147891532912,0.8171428571428572,0.6572440953790584
segment,log,113,329,0.02501118487454231,0.837888198757764,0.029165731529454193,0.8171428571428572,0.3272315905710922
segment,log,113,330,0.025049207471972285,0.8372670807453416,0.029418611814133255,0.8114285714285714,0.591213465990392
segment,log,113,331,0.02494152625689036,0.8385093167701864,0.029178687770315313,0.8171428571428572,0.6577271057767805
segment,log,113,332,0.02497750014275569,0.8385093167701864,0.029146436793152458,0.8171428571428572,0.7108511427205373
segment,log,113,333,0.024894308496239113,0.8391304347826087,0.029040428303022236,0.8171428571428572,0.6557520611439789
segment,log,113,334,0.02657084865033308,0.8298136645962733,0.03068272504581215,0.8085714285714286,0.5915154901815521
segment,log,113,335,0.02593860283316898,0.8347826086956521,0.029476284809074996,0.8114285714285714,0.7011885068741067
segment,log,113,336,0.024900308692644906,0.8385093167701864,0.029141404317979108,0.8171428571428572,0.6550678721583295
segment,log,113,337,0.024915446156459,0.8409937888198757,0.02904033857787152,0.8142857142857143,0.7101114004962102
segment,log,113,338,0.02496092887151197,0.8385093167701864,0.029151777007701832,0.8142857142857143,0.7546027150173314
segment,log,113,339,0.024907015738788174,0.837888198757764,0.029021154468430458,0.8171428571428572,0.5718033378151153
segment,log,113,340,0.024974689349012355,0.8385093167701864,0.029147499742068813,0.8171428571428572,0.6405157800165189
segment,log,113,341,0.025888871705686562,0.8341614906832299,0.02996581474227477,0.8171428571428572,0.709685711389931
segment,log,113,342,0.02655654093929106,0.8360248447204969,0.03068231149660526,0.8142857142857143,0.7157989726410706
segment,log,113,343,0.024827227522272264,0.837888198757764,0.029068119928982457,0.8171428571428572,0.6539443833894016
segment,log,113,344,0.02482537361605709,0.8397515527950311,0.029078182413730048,0.8171428571428572,0.7134041342471619
segment,log,113,345,0.024878334141652598,0.837888198757764,0.029138976002303946,0.8171428571428572,0.5822987553861723
segment,log,113,346,0.02476377244610734,0.8391304347826087,0.029037633486138116,0.8171428571428572,0.7108906594703808
segment,log,113,347,0.024777768170583612,0.8403726708074534,0.029098958023388504,0.8142857142857143,0.6564826267709278
segment,log,113,348,0.024976747047851897,0.8366459627329192,0.02929801780078606,0.8142857142857143,0.7105585332881731
segment,log,113,349,0.02481309709431875,0.8391304347826087,0.029238887529621223,0.8114285714285714,0.5597147505902734
segment,log,113,350,0.024743249167773363,0.8403726708074534,0.02901628369003491,0.8171428571428572,0.6517727723060831
segment,log,114,1,0.12261787657776202,0.2857142857142857,0.12267325992456984,0.2857142857142857,1.0570391649714814
segment,log,114,2,0.10177481651236195,0.42795031055900623,0.10185788135092144,0.43142857142857144,1.0283650054014462
segment,log,114,3,0.0860614531072596,0.529192546583851,0.0853464491494019,0.5371428571428571,0.9226616400049305
segment,log,114,4,0.08578678413440217,0.49006211180124226,0.08525876217139979,0.4828571428571429,0.9755206550848629
segment,log,114,5,0.07586728153402887,0.5664596273291925,0.07488069351052432,0.5771428571428572,0.8490714886933309
segment,log,114,6,0.0723626709999296,0.5807453416149069,0.07210623300087855,0.58,0.9054544400298664
segment,log,114,7,0.06646985146298282,0.6403726708074534,0.06678154222637848,0.6342857142857142,0.7908770892739133
segment,log,114,8,0.07488974392060509,0.662111801242236,0.07642988658262044,0.6514285714285715,0.8892215623036966
segment,log,114,9,0.06262540661322913,0.6354037267080745,0.06367678742151561,0.6314285714285715,0.872891497332017
segment,log,114,10,0.05885223391427674,0.6751552795031056,0.05998332671768928,0.6628571428571428,0.8589531188881717
segment,log,114,11,0.05770686579648105,0.6819875776397516,0.059391860534043925,0.6657142857142857,0.8904816351098916
segment,log,114,12,0.057059704327540775,0.684472049689441,0.0591083182711524,0.6657142857142857,0.8749162080040007
segment,log,114,13,0.058283749008091565,0.6863354037267081,0.061117365019706334,0.6742857142857143,0.7898711234649136
segment,log,114,14,0.06168785400650935,0.6832298136645962,0.06570558061212074,0.6657142857142857,0.7498216992035703
segment,log,114,15,0.05537963540907071,0.6838509316770186,0.05728819760431349,0.6571428571428571,0.7537564237740995
segment,log,114,16,0.05506028756341101,0.6888198757763975,0.05742454531386647,0.6742857142857143,0.6509645331075068
segment,log,114,17,0.054870431399517736,0.6826086956521739,0.057101743460692175,0.6685714285714286,0.804462276084272
segment,log,114,18,0.05766194826575088,0.684472049689441,0.06090993534904913,0.6657142857142857,0.8867152176131731
segment,log,114,19,0.055269290283329484,0.6670807453416149,0.0571088619576072,0.6485714285714286,0.7622562398144006
segment,log,114,20,0.053780346073445985,0.6888198757763975,0.056268613444970944,0.6657142857142857,0.8472884136177544
segment,log,114,21,0.06662397828631755,0.6788819875776397,0.07022342397654567,0.6657142857142857,0.8114015043667977
segment,log,114,22,0.0534362970166371,0.6919254658385093,0.05609049747685571,0.68,0.9187113094091669
segment,log,114,23,0.053098104097909465,0.6906832298136646,0.05595281038943468,0.6742857142857143,0.7478915902676202
segment,log,114,24,0.04708522715766303,0.7658385093167702,0.04878899447116906,0.7542857142857143,0.8581333934361761
segment,log,114,25,0.04506919487571843,0.7453416149068323,0.04616584777564419,0.7428571428571429,0.758307970870648
segment,log,114,26,0.03877825423040176,0.7838509316770186,0.04099047264081038,0.7657142857142857,0.7542263453216754
segment,log,114,27,0.03860357809990791,0.7776397515527951,0.03962028923755642,0.7685714285714286,0.7043295246031691
segment,log,114,28,0.03822788937677886,0.7875776397515528,0.03981071244224569,0.78,0.7490750435671102
segment,log,114,29,0.04596504723516762,0.7428571428571429,0.04950361768318428,0.7085714285714285,0.7236530824325068
segment,log,114,30,0.0369577984537166,0.7850931677018633,0.03836505143786405,0.78,0.5999734476753621
segment,log,114,31,0.03728889423156732,0.7888198757763976,0.03893917917833481,0.7828571428571428,0.7133949211940327
segment,log,114,32,0.037720795283359296,0.7863354037267081,0.04038204046510447,0.7828571428571428,0.6639549756709604
segment,log,114,33,0.03601415673722734,0.7925465838509317,0.0376758152784184,0.7857142857142857,0.7095885524756906
segment,log,114,34,0.036562092949187656,0.7937888198757764,0.038747064737168255,0.78,0.8229788722491787
segment,log,114,35,0.03621228151860168,0.7931677018633541,0.03776597647739893,0.78,0.7148429870531702
segment,log,114,36,0.03605116740547562,0.7888198757763976,0.037757613463446985,0.7771428571428571,0.6204347342620886
segment,log,114,37,0.03604601463847995,0.7962732919254658,0.03870339676253152,0.7885714285714286,0.8081588939451201
segment,log,114,38,0.03529220053018285,0.7950310559006211,0.03704261756385311,0.7885714285714286,0.7060858408170895
segment,log,114,39,0.03479497795280213,0.7968944099378882,0.03681922976157684,0.7885714285714286,0.6585997404168428
segment,log,114,40,0.034888502537140986,0.7925465838509317,0.0369796963269515,0.78,0.6669870336777487
segment,log,114,41,0.03457081159322987,0.7956521739130434,0.036638282461927144,0.7857142857142857,0.694820275667201
segment,log,114,42,0.04887998677537073,0.7223602484472049,0.05250146244132833,0.7142857142857143,0.8083841722900718
segment,log,114,43,0.036822511263841395,0.7819875776397516,0.03806496217409035,0.78,0.7427876943033125
segment,log,114,44,0.03433906394026888,0.7981366459627329,0.03634053234984637,0.7885714285714286,0.6969258911544469
segment,log,114,45,0.034955725957301724,0.7906832298136646,0.036632786267482224,0.7914285714285715,0.5671600480335434
segment,log,114,46,0.03565655250676044,0.7981366459627329,0.03863354657871503,0.7828571428571428,0.6859600899207865
segment,log,114,47,0.036909110654271236,0.782608695652174,0.03803493352865119,0.7828571428571428,0.7271733005588608
segment,log,114,48,0.0394576399288629,0.7664596273291926,0.04007945222304294,0.7771428571428571,0.8081666536003519
segment,log,114,49,0.034445806018879636,0.7956521739130434,0.03610552916315161,0.7885714285714286,0.7166805231229536
segment,log,114,50,0.03487289034316701,0.7956521739130434,0.03784287237470497,0.78,0.824113702014184
segment,log,114,51,0.03376766931063866,0.7981366459627329,0.0361899978840369,0.7914285714285715,0.6294257252961318
segment,log,114,52,0.03515004742150855,0.7937888198757764,0.03839776354569405,0.7857142857142857,1.0898481369254922
segment,log,114,53,0.03395873008046609,0.7968944099378882,0.03605149076285759,0.7914285714285715,0.6524802814635826
segment,log,114,54,0.033922358054600095,0.7944099378881988,0.03594677194748517,0.7914285714285715,0.7412872376767504
segment,log,114,55,0.033118005151130815,0.8080745341614907,0.035588694850002815,0.7942857142857143,0.7643709703238399
segment,log,114,56,0.03611013885655059,0.7850931677018633,0.037482551482313914,0.7828571428571428,0.7401713871038705
segment,log,114,57,0.03363053324773755,0.8012422360248447,0.0361002869513703,0.7828571428571428,0.7563464946727082
segment,log,114,58,0.036033062814847874,0.7900621118012422,0.03954045154877195,0.7828571428571428,0.7674225947878639
segment,log,114,59,0.035706325651318496,0.7975155279503106,0.03928496244291147,0.7828571428571428,0.7420883043287728
segment,log,114,60,0.03358201665236252,0.801863354037267,0.036651556012119405,0.7885714285714286,0.6683474506956013
segment,log,114,61,0.033038256664949105,0.7987577639751553,0.03560016107846954,0.7857142857142857,0.735981459746618
segment,log,114,62,0.032546834699172585,0.8068322981366459,0.035601508269199784,0.8,0.6947914560646016
segment,log,114,63,0.03475780815704681,0.7968944099378882,0.03653220191115126,0.7914285714285715,0.7206998063892847
segment,log,114,64,0.03450109261072872,0.7956521739130434,0.036371551080986636,0.7914285714285715,0.7303786408190701
segment,log,114,65,0.03302105486533314,0.7993788819875777,0.035224661175895074,0.7857142857142857,0.5934508471377362
segment,log,114,66,0.03238463426797938,0.8080745341614907,0.0351331029432342,0.7942857142857143,0.5662850597027741
segment,log,114,67,0.0332614723335731,0.8,0.03546448813432404,0.7857142857142857,0.713359914749123
segment,log,114,68,0.03303081908837122,0.7981366459627329,0.03523730430778696,0.7885714285714286,0.5547356488046143
segment,log,114,69,0.03642071004322957,0.7813664596273292,0.03775422907897341,0.7914285714285715,0.7291970206879844
segment,log,114,70,0.03412890233260042,0.8006211180124223,0.03715583293199389,0.7885714285714286,0.856679659150693
segment,log,114,71,0.03238545118124527,0.8006211180124223,0.03472317290291485,0.7885714285714286,0.7525428619528145
segment,log,114,72,0.03284718538686197,0.8,0.03501642459604784,0.7914285714285715,0.6806020589586389
segment,log,114,73,0.03339059706512755,0.7956521739130434,0.03626325728417925,0.7885714285714286,0.5805952137538726
segment,log,114,74,0.031791003972078916,0.808695652173913,0.034580336794063436,0.8,0.6023306366293334
segment,log,114,75,0.03452829212139569,0.7881987577639752,0.036206244609267045,0.7857142857142857,0.7737911373625358
segment,log,114,76,0.03232034962299382,0.8,0.03451979069690886,0.7885714285714286,0.6699049353534168
segment,log,114,77,0.03227216980821953,0.7993788819875777,0.03444565651483268,0.7885714285714286,0.40613029421667785
segment,log,114,78,0.03396335327937022,0.7925465838509317,0.03574263789305133,0.7971428571428572,0.7614861490369415
segment,log,114,79,0.03189178098424657,0.8062111801242235,0.03389958014211073,0.7971428571428572,0.6543215688719458
segment,log,114,80,0.03163129167465534,0.8080745341614907,0.033970218755234406,0.7942857142857143,0.642687731219094
segment,log,114,81,0.0314883856124906,0.8093167701863354,0.03443350858221828,0.7971428571428572,0.6909861904536921
segment,log,114,82,0.03348081584103034,0.7968944099378882,0.03539749254538664,0.7971428571428572,0.6741429673530513
segment,log,114,83,0.036133620071788074,0.7801242236024845,0.03932941248904108,0.7742857142857142,0.7730094119590867
segment,log,114,84,0.03257853879820797,0.7981366459627329,0.03452508893204072,0.7942857142857143,0.6150624901572326
segment,log,114,85,0.030876687403438803,0.8105590062111802,0.033627564856562375,0.7971428571428572,0.6821098116730635
segment,log,114,86,0.03087831393543478,0.8136645962732919,0.03367980132977444,0.8,0.2756298852603966
segment,log,114,87,0.030798441512867862,0.8093167701863354,0.03356348448227596,0.7971428571428572,0.6406507172229119
segment,log,114,88,0.03776822846384751,0.782608695652174,0.04096091443903815,0.7771428571428571,0.7717474743122045
segment,log,114,89,0.031561301062257054,0.8080745341614907,0.03446430130145887,0.8,0.7496069631317271
segment,log,114,90,0.034149867269109395,0.7863354037267081,0.03693012539111096,0.7828571428571428,0.8065800354785885
segment,log,114,91,0.030537733959190995,0.8142857142857143,0.033158597685768336,0.8,0.6211041743079015
segment,log,114,92,0.03052749393908344,0.8136645962732919,0.03328355411987048,0.8,0.1297964618095067
segment,log,114,93,0.0312987509601266,0.8105590062111802,0.03408059000050714,0.7942857142857143,0.8043365538531653
segment,log,114,94,0.030344665890019943,0.8130434782608695,0.033043948508805335,0.7971428571428572,0.34565551268066763
segment,log,114,95,0.03087820047978594,0.8136645962732919,0.03366248640983273,0.8028571428571428,0.6391728168027383
segment,log,114,96,0.030481101926386134,0.8136645962732919,0.03332486747542734,0.8028571428571428,0.6854932514507355
segment,log,114,97,0.030230453855491442,0.8136645962732919,0.03292089937644547,0.7971428571428572,0.6831462634080873
segment,log,114,98,0.030184021157152255,0.8130434782608695,0.032908498857067356,0.7971428571428572,0.6934179396317592
segment,log,114,99,0.030764212288571978,0.8074534161490683,0.03302430775449733,0.8028571428571428,0.7521760900614236
segment,log,114,100,0.03010077377616875,0.8118012422360248,0.03281950076305208,0.7971428571428572,0.7432339196586762
segment,log,114,101,0.030526765327598484,0.8118012422360248,0.03290840820453419,0.8028571428571428,0.7871183979859259
segment,log,114,102,0.03006744847292017,0.815527950310559,0.032792930181773525,0.7971428571428572,0.6933249453567957
segment,log,114,103,0.0322568254615599,0.8012422360248447,0.035324136271509134,0.7942857142857143,0.6014329541248062
segment,log,114,104,0.030847452574313778,0.8111801242236025,0.0338966315317383,0.8,0.6036797762592844
segment,log,114,105,0.030442159426151482,0.8124223602484472,0.033325728873018275,0.8028571428571428,0.6137182229090528
segment,log,114,106,0.02992227487286866,0.8142857142857143,0.03269320630404945,0.8,0.6067848588323537
segment,log,114,107,0.03032520860334994,0.8142857142857143,0.03282419343444209,0.8057142857142857,0.5799899086689241
segment,log,114,108,0.030292758744134927,0.8149068322981367,0.03317660844437193,0.8057142857142857,0.6852158993434514
segment,log,114,109,0.02967056162195,0.8198757763975155,0.03245844766799053,0.8085714285714286,0.3069148717560055
segment,log,114,110,0.03085091988450722,0.8105590062111802,0.033878467426110156,0.7971428571428572,0.7048574022642526
segment,log,114,111,0.03020842088494483,0.8118012422360248,0.032669668143303875,0.8,0.5747640957412108
segment,log,114,112,0.030767877241256823,0.8068322981366459,0.03305025208427262,0.8028571428571428,0.6160524529170504
segment,log,114,113,0.03249379489972587,0.7987577639751553,0.0341703162555755,0.7942857142857143,0.6725105523141738
segment,log,114,114,0.030405633388069404,0.8186335403726708,0.03303737850080112,0.8085714285714286,0.760567993776972
segment,log,114,115,0.030387282050013287,0.8118012422360248,0.03354738882903997,0.8,0.7571884745171821
segment,log,114,116,0.029737098546178762,0.8142857142857143,0.03245356322265936,0.8028571428571428,0.7374633092441099
segment,log,114,117,0.03246227378278405,0.8043478260869565,0.03408790070141685,0.7942857142857143,0.8267920018077369
segment,log,114,118,0.030402487439459613,0.8124223602484472,0.033596989817427765,0.8028571428571428,0.7539614390358452
segment,log,114,119,0.029531431309050577,0.8198757763975155,0.032415072818991045,0.8,0.7493306895070194
segment,log,114,120,0.03159856454765092,0.8093167701863354,0.03418282839725634,0.7971428571428572,0.7624522273807861
segment,log,114,121,0.0318373560980662,0.801863354037267,0.03393126694009588,0.7971428571428572,0.7097171558028924
segment,log,114,122,0.031048104984819656,0.8049689440993789,0.03330280333343511,0.8,0.694717933831728
segment,log,114,123,0.029832841141363566,0.8118012422360248,0.03250241959972208,0.8,0.5979055586072002
segment,log,114,124,0.02989789479375641,0.8180124223602484,0.03272206234334106,0.8028571428571428,0.7411287566724498
segment,log,114,125,0.029781011572688473,0.8198757763975155,0.03246257142702023,0.8,0.634954416966783
segment,log,114,126,0.02912578987688536,0.8186335403726708,0.03199338069823016,0.8057142857142857,0.3938822700490352
segment,log,114,127,0.029175392710844166,0.8192546583850931,0.03208757093695451,0.8,0.7327403958400336
segment,log,114,128,0.036938304233925995,0.7776397515527951,0.04018520858628971,0.7714285714285715,0.7942147199392626
segment,log,114,129,0.031161846756370973,0.8068322981366459,0.0333746543596676,0.8028571428571428,0.6767174386133413
segment,log,114,130,0.0291238339140163,0.8204968944099379,0.032259560712551975,0.8085714285714286,0.5826909019361572
segment,log,114,131,0.02971651096508313,0.8124223602484472,0.032213818894199324,0.8,0.7381808340251959
segment,log,114,132,0.029038523732362216,0.8211180124223603,0.03219978062267595,0.8057142857142857,0.7394271671317844
segment,log,114,133,0.029147661476634078,0.8149068322981367,0.03167905982076842,0.8085714285714286,0.7188631874410154
segment,log,114,134,0.028970662009804683,0.8204968944099379,0.03199751838997952,0.8085714285714286,0.6657561734419912
segment,log,114,135,0.03172965291856308,0.8024844720496894,0.033780598064431254,0.8,0.6632979584295797
segment,log,114,136,0.028780388253836307,0.8186335403726708,0.03194295422080424,0.8057142857142857,0.5764762621295135
segment,log,114,137,0.029575632478540517,0.8142857142857143,0.032421365021405156,0.7971428571428572,0.7421442764624391
segment,log,114,138,0.028782941041865025,0.8198757763975155,0.03199061091150738,0.8085714285714286,0.677411473599875
segment,log,114,139,0.028722162206936287,0.8211180124223603,0.03191085910829204,0.8057142857142857,0.3561077832936028
segment,log,114,140,0.02879751709721936,0.8204968944099379,0.03187185122002042,0.8028571428571428,0.7338952103576165
segment,log,114,141,0.028931653325122646,0.8180124223602484,0.032194721141087984,0.8057142857142857,0.02027286449753477
segment,log,114,142,0.028782132451209055,0.8198757763975155,0.03183640155328114,0.7971428571428572,0.4104990476367899
segment,log,114,143,0.028620097247548222,0.8198757763975155,0.031840111173388766,0.8028571428571428,0.584477416072556
segment,log,114,144,0.02866996459133777,0.8204968944099379,0.03190549871017494,0.8085714285714286,0.6894050753143575
segment,log,114,145,0.028675474392378605,0.8198757763975155,0.03179806286550891,0.8057142857142857,0.6786007102857217
segment,log,114,146,0.028732857234768795,0.8204968944099379,0.031769310233565606,0.8057142857142857,0.5877329535184866
segment,log,114,147,0.02864734563499903,0.8204968944099379,0.03188065084112058,0.8085714285714286,0.8125447762697728
segment,log,114,148,0.02871854313321187,0.8180124223602484,0.03170230624404618,0.8,0.7354311671426395
segment,log,114,149,0.03287479692279461,0.7888198757763976,0.036293060498004716,0.7828571428571428,0.5650862224336872
segment,log,114,150,0.028683933532803012,0.8186335403726708,0.03166150398197562,0.8,0.7391492666175564
segment,log,114,151,0.028494394383386388,0.8186335403726708,0.03139354147658099,0.7971428571428572,0.4266561427716614
segment,log,114,152,0.028458236911439058,0.8186335403726708,0.03139066868853257,0.8,0.5961742616519741
segment,log,114,153,0.029599297462698234,0.8136645962732919,0.03226582637318094,0.8,0.750703323434764
segment,log,114,154,0.02854981651497832,0.8211180124223603,0.03175005965054838,0.8085714285714286,0.06378625454986839
segment,log,114,155,0.02864626056548034,0.8186335403726708,0.031920763964164975,0.7971428571428572,0.6551428580735577
segment,log,114,156,0.041765318871873076,0.760248447204969,0.0444226301829815,0.76,0.6808142506702065
segment,log,114,157,0.0323900648996431,0.8024844720496894,0.034297870283478055,0.7914285714285715,0.7126823469193071
segment,log,114,158,0.028377492135237315,0.8204968944099379,0.0317504270597034,0.8057142857142857,0.7289576689188265
segment,log,114,159,0.0286207947630444,0.8186335403726708,0.03203770443667055,0.8028571428571428,0.6946896461023121
segment,log,114,160,0.02854519900157001,0.8192546583850931,0.03195726967947275,0.8028571428571428,0.3201144602450932
segment,log,114,161,0.028447626147855936,0.8198757763975155,0.03191923036784131,0.8057142857142857,0.7736907598451588
segment,log,114,162,0.02871854090116752,0.8192546583850931,0.031749052582942514,0.8028571428571428,0.5798016027946946
segment,log,114,163,0.02822597217858468,0.8217391304347826,0.0315450086366451,0.8057142857142857,0.7707594525691629
segment,log,114,164,0.028549447099493766,0.8198757763975155,0.031817810503187445,0.8085714285714286,0.774422991689325
segment,log,114,165,0.028205304757790883,0.8217391304347826,0.03155545019366403,0.8057142857142857,0.6724088700572777
segment,log,114,166,0.02821283691330532,0.8211180124223603,0.031702870159653,0.8057142857142857,0.791358029043114
segment,log,114,167,0.02814615881658659,0.8211180124223603,0.03147569242405514,0.8028571428571428,0.5746720877693052
segment,log,114,168,0.02824330386119178,0.8211180124223603,0.03149280055111224,0.8057142857142857,0.6733376668534332
segment,log,114,169,0.028347634042207047,0.8198757763975155,0.031438999611705896,0.8028571428571428,0.674939847655292
segment,log,114,170,0.028592230615167386,0.8204968944099379,0.03157537890228531,0.8028571428571428,0.6773546253547417
segment,log,114,171,0.028265636374584013,0.8217391304347826,0.031340804363351384,0.8028571428571428,0.7364867418357055
segment,log,114,172,0.028192198834857376,0.8229813664596274,0.031664359445308224,0.8,0.5221702437467926
segment,log,114,173,0.028343797704155745,0.822360248447205,0.032011612230095646,0.8028571428571428,0.7433435039176203
segment,log,114,174,0.029330714736011752,0.8180124223602484,0.03295730901989046,0.8,0.7425778117217198
segment,log,114,175,0.02932445676777892,0.8161490683229814,0.03179039485890571,0.8028571428571428,0.5148252387393504
segment,log,114,176,0.027925608789665886,0.8260869565217391,0.031187090844621415,0.8028571428571428,0.22817106287157027
segment,log,114,177,0.028897706301767405,0.8198757763975155,0.03236577316270581,0.8028571428571428,0.7028882175201372
segment,log,114,178,0.02793241814214557,0.8236024844720496,0.03149264624894583,0.8,0.723216316110177
segment,log,114,179,0.028041268702827124,0.8229813664596274,0.031507694902467534,0.8,0.6786360012570639
segment,log,114,180,0.027967919621051048,0.8248447204968944,0.03159263484461765,0.7971428571428572,0.8476638832398686
segment,log,114,181,0.028794525567440495,0.8217391304347826,0.03181903576889793,0.8,0.6059228178071334
segment,log,114,182,0.028328680108722207,0.8229813664596274,0.032012245784531365,0.8028571428571428,0.600514860200473
segment,log,114,183,0.027966767196908687,0.8254658385093168,0.03142418049412682,0.8028571428571428,0.5514379750827579
segment,log,114,184,0.02790339143857269,0.8260869565217391,0.03127673031563027,0.8028571428571428,0.6637165625768305
segment,log,114,185,0.027846466319798254,0.8260869565217391,0.0312616977077349,0.8028571428571428,0.35904541817203234
segment,log,114,186,0.03002358518010577,0.815527950310559,0.03243588921144094,0.8028571428571428,0.7250188804856408
segment,log,114,187,0.027853872550155666,0.8279503105590063,0.031240274357137086,0.8085714285714286,0.5979652247124945
segment,log,114,188,0.02776748609545787,0.8279503105590063,0.03114452382524398,0.8028571428571428,0.6701641191881894
segment,log,114,189,0.027771783694074213,0.8273291925465839,0.03125036474532336,0.8028571428571428,0.7315750155759024
segment,log,114,190,0.030417243455332164,0.808695652173913,0.03390830548320863,0.7971428571428572,0.7074686658151763
segment,log,114,191,0.02789211909567688,0.8273291925465839,0.03105244420337049,0.8028571428571428,0.6694154470712337
segment,log,114,192,0.029756582723614755,0.8198757763975155,0.03266167097187989,0.8028571428571428,0.7143112475929659
segment,log,114,193,0.02772788865748929,0.8267080745341615,0.03116930838720366,0.8057142857142857,0.5646572512988907
segment,log,114,194,0.03164952701602491,0.808695652173913,0.03354431969826946,0.7971428571428572,0.630679828725054
segment,log,114,195,0.030968791035753136,0.8093167701863354,0.033289160477816465,0.7971428571428572,0.7508416464900229
segment,log,114,196,0.027578386727343102,0.8285714285714286,0.03107452487068554,0.8085714285714286,0.23624297563105073
segment,log,114,197,0.027689057974681335,0.8260869565217391,0.031057678476720318,0.8171428571428572,0.7289963470613579
segment,log,114,198,0.028039773896547552,0.8279503105590063,0.03153375770178949,0.8057142857142857,0.6978151397456158
segment,log,114,199,0.027487914180405526,0.8279503105590063,0.03122135816653918,0.8085714285714286,0.5973517949092157
segment,log,114,200,0.02745381247874628,0.8279503105590063,0.03116748372748346,0.8085714285714286,0.3731301553800699
segment,log,114,201,0.027358290406224506,0.8285714285714286,0.031003174810851943,0.8085714285714286,0.22194230607282625
segment,log,114,202,0.03187751922514651,0.8111801242236025,0.03371027966195928,0.7971428571428572,0.5951395053040472
segment,log,114,203,0.027338768542713995,0.831055900621118,0.03096786076386057,0.8085714285714286,0.7229191429049683
segment,log,114,204,0.02730603648078276,0.8316770186335404,0.03091686486769496,0.8085714285714286,0.41017676410383064
segment,log,114,205,0.027360074611953385,0.8304347826086956,0.030770838882786884,0.8114285714285714,0.7630971754160943
segment,log,114,206,0.028038234913015304,0.8260869565217391,0.03173819062250972,0.8085714285714286,0.6639096611218372
segment,log,114,207,0.027306493339718522,0.8304347826086956,0.03095191456689236,0.8057142857142857,0.5698485517902885
segment,log,114,208,0.02810284325672381,0.8267080745341615,0.03139110207134566,0.8085714285714286,0.6798569399387738
segment,log,114,209,0.02756769211004848,0.8285714285714286,0.03139549489664711,0.8085714285714286,0.674914840735394
segment,log,114,210,0.027138408148539607,0.8298136645962733,0.030733943551999116,0.8171428571428572,0.7199820912611005
segment,log,114,211,0.027244233766331886,0.8298136645962733,0.030547303312610692,0.8114285714285714,0.36363133665350555
segment,log,114,212,0.027437182102455767,0.8304347826086956,0.030767586699995245,0.8114285714285714,0.551433041987519
segment,log,114,213,0.030501322821825997,0.8149068322981367,0.03269326714149675,0.8028571428571428,0.7366486795535522
segment,log,114,214,0.027209253058664038,0.8291925465838509,0.030841093235219642,0.8085714285714286,0.6690865181050992
segment,log,114,215,0.027014718222755245,0.831055900621118,0.03071680958332858,0.8085714285714286,0.23352367675048824
segment,log,114,216,0.03140357996753232,0.8024844720496894,0.035089077125791686,0.7885714285714286,0.6424376899478073
segment,log,114,217,0.027024207401650447,0.831055900621118,0.030587511508401402,0.8085714285714286,0.6674447874998576
segment,log,114,218,0.027270604849014196,0.831055900621118,0.030708069554656468,0.8142857142857143,0.16438511145225843
segment,log,114,219,0.027842594215985138,0.8254658385093168,0.03162419110311989,0.8114285714285714,0.6151367038799052
segment,log,114,220,0.02712760498287809,0.8285714285714286,0.030591125403838015,0.8114285714285714,0.7462011140106006
segment,log,114,221,0.029930791833724265,0.8130434782608695,0.033385949706629565,0.8028571428571428,0.6866273717178478
segment,log,114,222,0.02683312975396375,0.831055900621118,0.030283659553136635,0.8085714285714286,0.7178975036985531
segment,log,114,223,0.026813483529882578,0.8329192546583851,0.030217498380182416,0.8142857142857143,0.34396182689503396
segment,log,114,224,0.027230566650383772,0.831055900621118,0.030593441345995166,0.8085714285714286,0.6318161578383227
segment,log,114,225,0.02742304956891292,0.8260869565217391,0.03109204537375985,0.8142857142857143,0.724790935659502
segment,log,114,226,0.0268330624101582,0.8316770186335404,0.0302058498976639,0.8085714285714286,0.38210985873710307
segment,log,114,227,0.02855278887383662,0.822360248447205,0.031168323207210375,0.8085714285714286,0.6846698252430051
segment,log,114,228,0.029840174446502832,0.8186335403726708,0.03206376759702454,0.8057142857142857,0.5788762252593644
segment,log,114,229,0.02673887400043166,0.8322981366459627,0.030429062295707607,0.8114285714285714,0.33116096423565183
segment,log,114,230,0.026646310791055578,0.8322981366459627,0.03030790646042449,0.8114285714285714,0.7163130916913265
segment,log,114,231,0.02739199004758244,0.831055900621118,0.030559026070276378,0.8114285714285714,0.7251729876683453
segment,log,114,232,0.02705544088687323,0.8335403726708075,0.030502826787743804,0.8085714285714286,0.6221186192523144
segment,log,114,233,0.02659953033505048,0.8322981366459627,0.03016963677061716,0.8085714285714286,0.6583199136229017
segment,log,114,234,0.027799475839384115,0.8267080745341615,0.03045954469020521,0.8114285714285714,0.7355454004272898
segment,log,114,235,0.026652476842236802,0.831055900621118,0.030264719253719416,0.8085714285714286,0.5601159464078165
segment,log,114,236,0.026526560637440664,0.8322981366459627,0.030120455516973833,0.8114285714285714,0.5864277254447265
segment,log,114,237,0.026569323090515875,0.831055900621118,0.03010373268493161,0.8171428571428572,0.6678184091468359
segment,log,114,238,0.026591068631690817,0.8316770186335404,0.03024529533377274,0.8114285714285714,0.727073994079873
segment,log,114,239,0.02763341933586033,0.8285714285714286,0.030765689729758853,0.8057142857142857,0.6995104488143163
segment,log,114,240,0.026439458865355436,0.8329192546583851,0.03003816788589433,0.8142857142857143,0.5735775127588095
segment,log,114,241,0.026712393271778597,0.8304347826086956,0.030481314117374834,0.8114285714285714,0.5610911730910513
segment,log,114,242,0.028221395094516544,0.8260869565217391,0.030973739180710443,0.8085714285714286,0.6309890846950301
segment,log,114,243,0.030940376287702565,0.8068322981366459,0.03452001085012346,0.7914285714285715,0.497500892772561
segment,log,114,244,0.026563392148493955,0.8322981366459627,0.03003442953534606,0.8114285714285714,0.716956821274064
segment,log,114,245,0.026938366937555615,0.8285714285714286,0.03058701318818614,0.8142857142857143,0.7555963691122125
segment,log,114,246,0.02660338712354315,0.8304347826086956,0.030261826955553146,0.8171428571428572,0.5973152386760597
segment,log,114,247,0.026456915672809334,0.8316770186335404,0.03016007203530162,0.8171428571428572,0.6793287393217584
segment,log,114,248,0.02655284924815908,0.8291925465838509,0.03031765661042141,0.8114285714285714,0.5720630325738936
segment,log,114,249,0.02652364785867637,0.8341614906832299,0.029988916545589956,0.8114285714285714,0.4041673549693254
segment,log,114,250,0.028510163459852175,0.8186335403726708,0.03219713005697468,0.8085714285714286,0.5110412650890412
segment,log,114,251,0.026367803879933795,0.8341614906832299,0.0299643146881826,0.8085714285714286,0.05136241910181209
segment,log,114,252,0.026915278415776584,0.8354037267080745,0.03041823640091684,0.8085714285714286,0.6097745786387313
segment,log,114,253,0.026228281519647734,0.8360248447204969,0.029856279464546213,0.8142857142857143,0.5577058167826029
segment,log,114,254,0.026165850455589276,0.8366459627329192,0.029890463095893098,0.8142857142857143,0.661421030318304
segment,log,114,255,0.02613703340364396,0.8360248447204969,0.02991513009490958,0.8142857142857143,0.7108696324554246
segment,log,114,256,0.02664286809841357,0.8335403726708075,0.030214890737683887,0.8114285714285714,0.5652563615350288
segment,log,114,257,0.02621672497190334,0.8341614906832299,0.03023196456602453,0.8057142857142857,0.4594586463258309
segment,log,114,258,0.02610929048984465,0.8347826086956521,0.030139485881800168,0.8085714285714286,0.5684342960098078
segment,log,114,259,0.025943820891478016,0.8372670807453416,0.029988328430521707,0.8142857142857143,0.343761214974552
segment,log,114,260,0.02680675856911636,0.8298136645962733,0.030455965973945436,0.8085714285714286,0.44419977362466984
segment,log,114,261,0.026240912751124015,0.8354037267080745,0.03027106590568593,0.8142857142857143,0.733032787065416
segment,log,114,262,0.025870863878788883,0.8360248447204969,0.02994847188495751,0.8142857142857143,0.6593852828249089
segment,log,114,263,0.025984562865252823,0.8341614906832299,0.02993702294889645,0.8142857142857143,0.7586535252262075
segment,log,114,264,0.02583467626164893,0.8360248447204969,0.029853288982968556,0.8171428571428572,0.5608682795743772
segment,log,114,265,0.025804228160204983,0.8354037267080745,0.02986954744450689,0.8142857142857143,0.5586838062139289
segment,log,114,266,0.02598252488015881,0.8354037267080745,0.030203734616669736,0.8114285714285714,0.7562604933734797
segment,log,114,267,0.0257384280932338,0.8360248447204969,0.029812791202681967,0.8114285714285714,0.561352596839895
segment,log,114,268,0.027725668805727417,0.8267080745341615,0.03096595708825508,0.8057142857142857,0.47468960073241384
segment,log,114,269,0.02576035117301366,0.8354037267080745,0.029846821393828517,0.8171428571428572,0.5826216838274604
segment,log,114,270,0.026472884435966872,0.8347826086956521,0.030225570296947647,0.8142857142857143,0.7665849208021636
segment,log,114,271,0.03497525506183912,0.7925465838509317,0.03838031021191711,0.78,0.7695474430421599
segment,log,114,272,0.02577956082485562,0.837888198757764,0.029798964162594248,0.8142857142857143,0.6621574813073117
segment,log,114,273,0.025782410890185906,0.8354037267080745,0.029765078590593307,0.8114285714285714,0.5647032330992591
segment,log,114,274,0.025659642937767926,0.8366459627329192,0.029714497934199467,0.8142857142857143,0.7522986700547094
segment,log,114,275,0.025786920286150046,0.8360248447204969,0.029762489978700797,0.8142857142857143,0.6578658812591061
segment,log,114,276,0.025801011107425723,0.8347826086956521,0.029728129418244945,0.8114285714285714,0.7500730116269092
segment,log,114,277,0.02560152074326135,0.8360248447204969,0.02975572606619118,0.82,0.361649369618604
segment,log,114,278,0.026780793768021883,0.8279503105590063,0.030666389710673835,0.8057142857142857,0.7476342118228932
segment,log,114,279,0.02554451603738175,0.8366459627329192,0.029717280300566754,0.8171428571428572,0.553595270827706
segment,log,114,280,0.034021273341777285,0.7931677018633541,0.0377179104080669,0.7828571428571428,0.7283281538559272
segment,log,114,281,0.025604211408685695,0.8354037267080745,0.029726779901585357,0.8142857142857143,0.5563988605802276
segment,log,114,282,0.02594067679046213,0.8341614906832299,0.029916108378856037,0.8114285714285714,0.6518701325040359
segment,log,114,283,0.025514050204446036,0.8372670807453416,0.029566209648767917,0.8142857142857143,0.04646237006326992
segment,log,114,284,0.02555785258790543,0.8354037267080745,0.02960105353209216,0.8142857142857143,0.24571536576117758
segment,log,114,285,0.02583140339002295,0.8335403726708075,0.030050774961049815,0.8142857142857143,0.7151225546340658
segment,log,114,286,0.025988522780525363,0.8347826086956521,0.02989527950749195,0.8114285714285714,0.38989737314857326
segment,log,114,287,0.02549301523472949,0.8354037267080745,0.029678160808203125,0.8171428571428572,0.7145253432029285
segment,log,114,288,0.027121119849236475,0.8279503105590063,0.030615003019427985,0.8085714285714286,0.7244887442893849
segment,log,114,289,0.02541357101271254,0.8366459627329192,0.02958400444918628,0.8171428571428572,0.654102444578007
segment,log,114,290,0.03186081574997663,0.8,0.035504176787364214,0.7857142857142857,0.7183175534335261
segment,log,114,291,0.025490069577441515,0.8360248447204969,0.029384892640338656,0.8171428571428572,0.4049556358578677
segment,log,114,292,0.025411445528473707,0.8360248447204969,0.029393459702394736,0.8171428571428572,0.6500631760780309
segment,log,114,293,0.02590253463653169,0.8347826086956521,0.02962236468155196,0.8142857142857143,0.662271328624412
segment,log,114,294,0.025398685435247887,0.8372670807453416,0.02936832435950842,0.8171428571428572,0.22285292488009928
segment,log,114,295,0.025561444024778654,0.837888198757764,0.0294239096610483,0.8171428571428572,0.5687467089079336
segment,log,114,296,0.02539222432930738,0.8366459627329192,0.02946682222013584,0.8171428571428572,0.3383012141536534
segment,log,114,297,0.03936796300927419,0.7763975155279503,0.041990926871652574,0.7657142857142857,0.6371698763477948
segment,log,114,298,0.025387419291642878,0.8360248447204969,0.029442958356630487,0.8171428571428572,0.6575534135553045
segment,log,114,299,0.02689884952191739,0.8285714285714286,0.030092983007336392,0.8114285714285714,0.6709121653090729
segment,log,114,300,0.02932533099634872,0.8130434782608695,0.03327649201128651,0.7914285714285715,0.6144033508112217
segment,log,114,301,0.025442352516836107,0.8360248447204969,0.029513958269144262,0.8171428571428572,0.5719861325648856
segment,log,114,302,0.025291357010424485,0.8366459627329192,0.02929538333677722,0.8142857142857143,0.709676803322826
segment,log,114,303,0.02533306105966037,0.837888198757764,0.029383467245828698,0.8142857142857143,0.5773562224205647
segment,log,114,304,0.02527494371268922,0.8391304347826087,0.02932578887556659,0.8171428571428572,0.705873075151452
segment,log,114,305,0.02578040409273066,0.8354037267080745,0.02970594508033638,0.8114285714285714,0.6637321537046212
segment,log,114,306,0.025453954212983007,0.8354037267080745,0.029456263136043503,0.82,0.6484642415558983
segment,log,114,307,0.025280707315060345,0.8372670807453416,0.02934188782568683,0.82,0.5559256080794961
segment,log,114,308,0.025520337064046987,0.8385093167701864,0.02957897873840816,0.8114285714285714,0.6366475495030847
segment,log,114,309,0.025243225272700204,0.8372670807453416,0.02923072395390034,0.8171428571428572,0.32517504216009485
segment,log,114,310,0.025194821648624497,0.8385093167701864,0.029228536953889717,0.82,0.6491692076783685
segment,log,114,311,0.026082930044051364,0.8335403726708075,0.030140459345524517,0.82,0.7067027783715137
segment,log,114,312,0.025173455547714465,0.837888198757764,0.029193841703655393,0.82,0.5576984644659256
segment,log,114,313,0.025377061131646127,0.8354037267080745,0.029493133478011586,0.8142857142857143,0.7138052667779701
segment,log,114,314,0.025848663110889427,0.8366459627329192,0.029838930065493156,0.82,0.6259078836760562
segment,log,114,315,0.025646459770577622,0.8347826086956521,0.029645931232420642,0.8171428571428572,0.7103687883866961
segment,log,114,316,0.02534132690377273,0.8372670807453416,0.02919080468049537,0.8171428571428572,0.5557245893208402
segment,log,114,317,0.02538911956298933,0.8366459627329192,0.029270969045145402,0.8171428571428572,0.1516230042881139
segment,log,114,318,0.02523754288299612,0.8354037267080745,0.029300084259476836,0.82,0.2775738483526286
segment,log,114,319,0.02512481804424848,0.837888198757764,0.029209011912954764,0.8171428571428572,0.5519517754259692
segment,log,114,320,0.025128441606786064,0.8372670807453416,0.029212529432678047,0.8171428571428572,0.7017367285048132
segment,log,114,321,0.025662023141872978,0.8341614906832299,0.02946497209039811,0.8142857142857143,0.6731028156613357
segment,log,114,322,0.025085070486420027,0.837888198757764,0.029170572439160485,0.8228571428571428,0.7096979037327397
segment,log,114,323,0.025092968947836854,0.837888198757764,0.02918417335484986,0.82,0.2630579421933735
segment,log,114,324,0.025663469830486074,0.8347826086956521,0.029513622976923892,0.8142857142857143,0.5565495236260553
segment,log,114,325,0.0250843488673471,0.8372670807453416,0.029183545261807324,0.8228571428571428,0.23462773112227636
segment,log,114,326,0.025355481486697407,0.8354037267080745,0.02943380168821537,0.8171428571428572,0.1939852820304476
segment,log,114,327,0.025226760655262526,0.8366459627329192,0.0292058026430624,0.8171428571428572,0.707268966058579
segment,log,114,328,0.025067943413161483,0.8372670807453416,0.029132779577076662,0.82,0.5543742304609998
segment,log,114,329,0.025210451251777392,0.8354037267080745,0.029344928124256833,0.8171428571428572,0.6516289213380233
segment,log,114,330,0.026198263763919018,0.8322981366459627,0.030172294189691088,0.8171428571428572,0.5763865297251597
segment,log,114,331,0.025182778861642177,0.8360248447204969,0.029210708713204237,0.82,0.6230175714565324
segment,log,114,332,0.02505015228916391,0.8372670807453416,0.029150913047199453,0.82,0.5751396751637984
segment,log,114,333,0.024958048130592016,0.8391304347826087,0.029081413180220072,0.8228571428571428,0.5582627789494602
segment,log,114,334,0.025242370037817402,0.8360248447204969,0.029400531682367136,0.8142857142857143,0.6195882426382687
segment,log,114,335,0.025631761970149408,0.8354037267080745,0.029527371855674063,0.82,0.45224469515736315
segment,log,114,336,0.025032082633856978,0.8366459627329192,0.029150141744544562,0.8228571428571428,0.5520860515416859
segment,log,114,337,0.025352688760705108,0.8372670807453416,0.02935044194326068,0.8171428571428572,0.7587987923555772
segment,log,114,338,0.025824808338516497,0.8366459627329192,0.029811424744786538,0.8114285714285714,0.6747017550234836
segment,log,114,339,0.025466315715328307,0.8372670807453416,0.029363409628376004,0.8142857142857143,0.5880380874702007
segment,log,114,340,0.024890230987701396,0.8385093167701864,0.02898255328527481,0.82,0.20442759077725922
segment,log,114,341,0.024875794149091496,0.8391304347826087,0.02895162317973477,0.8228571428571428,0.7063963033228517
segment,log,114,342,0.024900358209284445,0.8391304347826087,0.028982898564130253,0.8142857142857143,0.5739772592072331
segment,log,114,343,0.02489395923180135,0.8385093167701864,0.02899172295325727,0.82,0.5658464432438883
segment,log,114,344,0.02484129923407092,0.8385093167701864,0.028862506213747544,0.82,0.6533888460450127
segment,log,114,345,0.027927771155350143,0.822360248447205,0.03037853050510828,0.8057142857142857,0.7738715409775805
segment,log,114,346,0.024829749188551273,0.8397515527950311,0.028785045030041433,0.8228571428571428,0.266348416306853
segment,log,114,347,0.024788230414651405,0.8403726708074534,0.02881423082345727,0.82,0.6484901893803318
segment,log,114,348,0.02478676973252832,0.8403726708074534,0.02876933921710309,0.8228571428571428,0.29996770615620755
segment,log,114,349,0.025282208603491813,0.8397515527950311,0.029014370751537674,0.82,0.6488593595184173
segment,log,114,350,0.024946914243709588,0.8391304347826087,0.028794804251511402,0.82,0.2730527588848757
segment,log,115,1,0.11610247582775986,0.284472049689441,0.11604842331269229,0.2857142857142857,1.0407512897766662
segment,log,115,2,0.09122219410462128,0.5173913043478261,0.09100087204437377,0.5057142857142857,0.9600423954797408
segment,log,115,3,0.08804252411812202,0.5304347826086957,0.0876534047246568,0.5257142857142857,0.9054509716869242
segment,log,115,4,0.08366426267111977,0.5304347826086957,0.08571282392040638,0.5171428571428571,0.9302272466447901
segment,log,115,5,0.08360561887310972,0.5,0.08369512111038349,0.4857142857142857,0.8070849741824644
segment,log,115,6,0.07245427675003514,0.5608695652173913,0.07443952402826907,0.5371428571428571,0.807154347522406
segment,log,115,7,0.07079744459710041,0.562111801242236,0.07309546208857787,0.54,0.9368729572561828
segment,log,115,8,0.06967344692442357,0.5608695652173913,0.07182954583231364,0.5457142857142857,0.8451659200155498
segment,log,115,9,0.05718956618621869,0.6900621118012422,0.0603560761465459,0.66,0.8097501384415883
segment,log,115,10,0.05250411100540322,0.6919254658385093,0.05552516167184099,0.6685714285714286,0.7611957853973229
segment,log,115,11,0.05065531845764597,0.6894409937888198,0.05310776690920418,0.6685714285714286,0.8433590687514446
segment,log,115,12,0.04924505828384892,0.6869565217391305,0.05147135447488422,0.6685714285714286,0.7979661225949071
segment,log,115,13,0.048708079625534334,0.6869565217391305,0.05083302831995375,0.6685714285714286,0.7364514545489619
segment,log,115,14,0.04795975023655106,0.6925465838509317,0.05027551611941053,0.6771428571428572,0.7873612332600021
segment,log,115,15,0.04756120276069877,0.6931677018633541,0.049956712761587446,0.6771428571428572,0.7942851521404402
segment,log,115,16,0.04926688486171849,0.6937888198757765,0.051267225265058315,0.68,0.7824516180401554
segment,log,115,17,0.04721082595915895,0.6944099378881987,0.04968386267906375,0.6885714285714286,0.8818535338180724
segment,log,115,18,0.046775008062479036,0.6925465838509317,0.04892237620048094,0.6742857142857143,0.7198568180922839
segment,log,115,19,0.046542044402410984,0.6919254658385093,0.04867290453611352,0.6771428571428572,0.8028585011453159
segment,log,115,20,0.04631288549701514,0.6937888198757765,0.04855387879494848,0.68,0.8224069978207419
segment,log,115,21,0.04576323192284794,0.7279503105590062,0.04822107627758398,0.7142857142857143,0.821849433121198
segment,log,115,22,0.04245470567389545,0.8192546583850931,0.04462614254370449,0.8085714285714286,0.7387322727161416
segment,log,115,23,0.03355237149170188,0.8304347826086956,0.03535720753768769,0.8228571428571428,0.8022289659668368
segment,log,115,24,0.036505039567588896,0.8322981366459627,0.03749867787387048,0.82,0.6762522846891543
segment,log,115,25,0.03278231562275301,0.8316770186335404,0.03387405672572899,0.8257142857142857,0.8273166455871618
segment,log,115,26,0.030657337190015323,0.8279503105590063,0.032323137869101536,0.82,0.6774825790219429
segment,log,115,27,0.03118909393177507,0.8285714285714286,0.032417126847151846,0.8228571428571428,0.6683360447444454
segment,log,115,28,0.032204767899298166,0.8260869565217391,0.033983887851616316,0.8142857142857143,0.7838957090345136
segment,log,115,29,0.029760950572627662,0.8285714285714286,0.03134268206473537,0.82,0.7209809497138114
segment,log,115,30,0.02956864003447064,0.8279503105590063,0.0313483428259999,0.8228571428571428,0.7105008500994405
segment,log,115,31,0.030220315788685694,0.8279503105590063,0.03207498164175643,0.8257142857142857,0.7205802960959131
segment,log,115,32,0.029634072708611715,0.8260869565217391,0.031384271453237494,0.8142857142857143,0.7168282646980922
segment,log,115,33,0.0291308650955278,0.8273291925465839,0.030731204093003284,0.82,0.7160227657739054
segment,log,115,34,0.02901714497360841,0.8291925465838509,0.030651867328849305,0.8228571428571428,0.603178801836504
segment,log,115,35,0.028400419689182495,0.8496894409937888,0.030230042519195605,0.8428571428571429,0.7740959091951498
segment,log,115,36,0.02496663892255442,0.9024844720496894,0.026360191279209865,0.9142857142857143,0.7971296590286986
segment,log,115,37,0.020335609521162475,0.924223602484472,0.021977045237003064,0.9171428571428571,0.6115657714145013
segment,log,115,38,0.019320850760790806,0.9254658385093167,0.021117477457687307,0.92,0.5864248905897171
segment,log,115,39,0.01823795809142326,0.9322981366459627,0.019978873282658436,0.9228571428571428,0.41112738927014664
segment,log,115,40,0.020009774193720745,0.9130434782608695,0.021459146726174896,0.9142857142857143,0.6720990936240674
segment,log,115,41,0.030565959498033975,0.8900621118012423,0.032710064157840814,0.8657142857142858,0.7568123360233355
segment,log,115,42,0.01645794796156875,0.937888198757764,0.01804319661151075,0.9314285714285714,0.5808255660814505
segment,log,115,43,0.01630816498831491,0.9372670807453416,0.01794894474869501,0.9314285714285714,0.3921891644603308
segment,log,115,44,0.019463499004634847,0.915527950310559,0.02108917030536636,0.9171428571428571,0.6566296022954885
segment,log,115,45,0.0245800684084479,0.9099378881987578,0.026869277869981622,0.8971428571428571,0.6604396762154537
segment,log,115,46,0.017621577029260826,0.922360248447205,0.019037272690655135,0.9114285714285715,0.6804846086689428
segment,log,115,47,0.017014958279326243,0.9298136645962732,0.018852807769876936,0.9257142857142857,0.7158396695206047
segment,log,115,48,0.015773652869440487,0.937888198757764,0.017637938879026684,0.9342857142857143,0.42528537586047227
segment,log,115,49,0.015097396720682305,0.9403726708074535,0.016827415390969772,0.9285714285714286,0.6123250393387549
segment,log,115,50,0.01704500769869484,0.9217391304347826,0.018631144900228408,0.92,0.6047362966227885
segment,log,115,51,0.015715099381025912,0.9304347826086956,0.017330531006226474,0.9285714285714286,0.4826559216911705
segment,log,115,52,0.017898819815175635,0.9217391304347826,0.01989201971926971,0.9171428571428571,0.693206880961195
segment,log,115,53,0.015491252212997493,0.9428571428571428,0.017577431223251925,0.9314285714285714,0.48560568296645956
segment,log,115,54,0.014991276811698399,0.9434782608695652,0.016817158175075196,0.9342857142857143,0.7121729180134532
segment,log,115,55,0.014606172685679026,0.9366459627329192,0.016278057737156345,0.9285714285714286,0.43448216243556126
segment,log,115,56,0.016821796429642762,0.9341614906832298,0.019043967363134465,0.9342857142857143,0.553271978850756
segment,log,115,57,0.01730556817691184,0.9322981366459627,0.019869181046875285,0.9314285714285714,0.6210659190473874
segment,log,115,58,0.014015559458750708,0.9409937888198758,0.015950856318478118,0.9371428571428572,0.24243407830674074
segment,log,115,59,0.017210368452517406,0.924223602484472,0.01868923436549009,0.92,0.7143094666588891
segment,log,115,60,0.015068755522063517,0.9434782608695652,0.01733087570763389,0.9342857142857143,0.49707887797178163
segment,log,115,61,0.01525223815848845,0.9335403726708075,0.016976508105883695,0.9257142857142857,0.564580406283579
segment,log,115,62,0.02291934353820068,0.9055900621118013,0.02554050219006304,0.8914285714285715,0.5116695526957676
segment,log,115,63,0.013553312630467143,0.9416149068322981,0.015517276438933976,0.9342857142857143,0.3058374984539057
segment,log,115,64,0.013581271851735306,0.9472049689440993,0.01565964744046175,0.9428571428571428,0.524710356135625
segment,log,115,65,0.01332761214384985,0.94472049689441,0.01540110691296551,0.94,0.2153318091593838
segment,log,115,66,0.013384286802749074,0.9422360248447205,0.01536821435486725,0.9342857142857143,0.13434319938893977
segment,log,115,67,0.013198044224152765,0.9434782608695652,0.015198893828722377,0.9314285714285714,0.4651363696676183
segment,log,115,68,0.013320434204110394,0.9409937888198758,0.015304115299711905,0.9285714285714286,0.464219036217263
segment,log,115,69,0.013165491269071489,0.9416149068322981,0.015210476283344463,0.9285714285714286,0.4709950776657576
segment,log,115,70,0.01359883898053592,0.9484472049689441,0.015609297071906713,0.9371428571428572,0.7236481573165165
segment,log,115,71,0.012842610745959143,0.9496894409937888,0.014898466400002478,0.9457142857142857,0.6826412282679175
segment,log,115,72,0.012979564792210393,0.9416149068322981,0.014854543695177174,0.9371428571428572,0.4685702593402012
segment,log,115,73,0.014532571706805261,0.9347826086956522,0.016164609504224266,0.9314285714285714,0.6871567740711648
segment,log,115,74,0.01461240634427468,0.937888198757764,0.016307318917555127,0.9342857142857143,0.6159454363875484
segment,log,115,75,0.012462375171069257,0.9490683229813665,0.014567866287700713,0.9428571428571428,0.34794199844259893
segment,log,115,76,0.012763915956451412,0.9416149068322981,0.014728687215067983,0.94,0.34413445042540813
segment,log,115,77,0.012331130708368769,0.9484472049689441,0.014467342285263494,0.94,0.4256868240978475
segment,log,115,78,0.012236420801110112,0.9484472049689441,0.014268020520514565,0.9428571428571428,0.41779637704655953
segment,log,115,79,0.0128587628794856,0.9403726708074535,0.01480493116057145,0.9342857142857143,0.45353366929308253
segment,log,115,80,0.012678814310619376,0.9409937888198758,0.014557390658718108,0.9371428571428572,0.4104996088583738
segment,log,115,81,0.012511741728542573,0.9503105590062112,0.01472562853937014,0.9371428571428572,0.7486938647227295
segment,log,115,82,0.014507106877538244,0.9422360248447205,0.01709614252370775,0.9285714285714286,0.5594050777515429
segment,log,115,83,0.01224689353211957,0.9496894409937888,0.0145646144863356,0.94,0.28293056326882987
segment,log,115,84,0.012675466498269582,0.9459627329192547,0.014491686087939652,0.94,0.4324435168779638
segment,log,115,85,0.011917466547946821,0.9465838509316771,0.013994890732158342,0.94,0.08647496380403427
segment,log,115,86,0.011751819402826375,0.9496894409937888,0.013935391007640434,0.9428571428571428,0.697326291973635
segment,log,115,87,0.01180825945289676,0.9465838509316771,0.013991258649513217,0.9428571428571428,0.2356102362313736
segment,log,115,88,0.012060772149589876,0.9453416149068323,0.01408160305949686,0.94,0.5525952044544805
segment,log,115,89,0.011657619754046195,0.9503105590062112,0.013931010343968124,0.9428571428571428,0.41540681184783984
segment,log,115,90,0.011957939064933356,0.9490683229813665,0.014432639645871529,0.94,0.24459895907907583
segment,log,115,91,0.011529425977235119,0.9515527950310559,0.013698234598184585,0.9457142857142857,0.5443395254952766
segment,log,115,92,0.011539369373415051,0.9484472049689441,0.013833386799019229,0.9428571428571428,0.4258279490385648
segment,log,115,93,0.011352790632044347,0.9509316770186336,0.013717871079853828,0.9457142857142857,0.5966878181482126
segment,log,115,94,0.011342079370126894,0.9521739130434783,0.013779690700637105,0.9457142857142857,0.031747162818038896
segment,log,115,95,0.011770711312915294,0.9453416149068323,0.013971517005100995,0.94,0.6152206744235603
segment,log,115,96,0.011238115410683237,0.9515527950310559,0.013783423539225043,0.9485714285714286,0.33776890870996185
segment,log,115,97,0.015134899669826805,0.922360248447205,0.016511466328838587,0.9228571428571428,0.6591415472562674
segment,log,115,98,0.011124424126747684,0.9515527950310559,0.013598488438164311,0.9428571428571428,0.2159845514734263
segment,log,115,99,0.011269545759940826,0.9496894409937888,0.013528737174646036,0.9428571428571428,0.2285396020633719
segment,log,115,100,0.013505316061680959,0.9360248447204969,0.016036826041366276,0.9257142857142857,0.7116075812657502
segment,log,115,101,0.016277139339293735,0.9236024844720497,0.019110632849393898,0.9171428571428571,0.5444298482635521
segment,log,115,102,0.011534686007532713,0.9459627329192547,0.014008984910623188,0.9342857142857143,0.643277759245438
segment,log,115,103,0.013152549636877054,0.9372670807453416,0.015896476099098437,0.9285714285714286,0.44421846213329363
segment,log,115,104,0.011844725842785495,0.9428571428571428,0.014024931916979046,0.9428571428571428,0.531115065483985
segment,log,115,105,0.011625546493904272,0.9472049689440993,0.013917301825202245,0.94,0.6258036014063086
segment,log,115,106,0.011170847914654438,0.9472049689440993,0.013634525097458295,0.9428571428571428,0.10887569606553418
segment,log,115,107,0.010786233669983044,0.9521739130434783,0.013385730003765887,0.9457142857142857,0.4132631757096161
segment,log,115,108,0.01593455744318798,0.9211180124223602,0.018831119053301478,0.9142857142857143,0.7016163864324435
segment,log,115,109,0.01125298797763637,0.9521739130434783,0.013866341732209771,0.9428571428571428,0.5880912828073804
segment,log,115,110,0.010740023834837147,0.9546583850931677,0.013282594598568792,0.9457142857142857,0.4041768999316536
segment,log,115,111,0.01064927390049061,0.9521739130434783,0.013183051836334959,0.9457142857142857,0.39113059554995927
segment,log,115,112,0.010611609777058672,0.9521739130434783,0.013182791157638988,0.9485714285714286,0.5924032929898269
segment,log,115,113,0.012631530570785336,0.9453416149068323,0.014891269123387256,0.94,0.708664131912294
segment,log,115,114,0.010581624713189141,0.9527950310559006,0.013194769160658574,0.9428571428571428,0.6173253069096818
segment,log,115,115,0.01063797982291201,0.953416149068323,0.013214983755901435,0.9485714285714286,0.13782515172772558
segment,log,115,116,0.014323997840856638,0.9298136645962732,0.01602527992216784,0.9314285714285714,0.5835057062519126
segment,log,115,117,0.01089061678278248,0.9521739130434783,0.013690783207052321,0.9457142857142857,0.683191794749761
segment,log,115,118,0.01050055674568793,0.9546583850931677,0.013122130641925947,0.9428571428571428,0.3260861793437489
segment,log,115,119,0.010364446769523725,0.9527950310559006,0.013014189260701142,0.9371428571428572,0.37894545395713575
segment,log,115,120,0.01085582243513257,0.953416149068323,0.013289387485829359,0.9457142857142857,0.49271951656652513
segment,log,115,121,0.010901511786529278,0.9540372670807453,0.01345189222950246,0.9457142857142857,0.6119625563220622
segment,log,115,122,0.010516477953003141,0.9559006211180124,0.01313732688031132,0.9457142857142857,0.605212203836746
segment,log,115,123,0.012018498993626574,0.9422360248447205,0.01477007168239218,0.9371428571428572,0.5066420476869274
segment,log,115,124,0.010247066471828142,0.9527950310559006,0.012893277783735991,0.9457142857142857,0.47752806168589035
segment,log,115,125,0.010746874229527328,0.9490683229813665,0.013057452601640528,0.9457142857142857,0.4957699036469091
segment,log,115,126,0.010166370938473314,0.9527950310559006,0.012845595944551732,0.94,0.3241139103550971
segment,log,115,127,0.012049614290944187,0.9509316770186336,0.014723141746006925,0.9371428571428572,0.6494174031716821
segment,log,115,128,0.01013351989102407,0.9546583850931677,0.012774734050057367,0.9457142857142857,0.11120014890509494
segment,log,115,129,0.011872772564578011,0.9496894409937888,0.014703093720886552,0.9371428571428572,0.4600950876709522
segment,log,115,130,0.011099714498237672,0.9484472049689441,0.013842747911009317,0.9428571428571428,0.5313911382271955
segment,log,115,131,0.010409323034767303,0.9521739130434783,0.013034085150977736,0.94,0.592861265401588
segment,log,115,132,0.009987382498412559,0.9546583850931677,0.01265051905928897,0.9428571428571428,0.2884785145497616
segment,log,115,133,0.010250185456388677,0.9546583850931677,0.01285720538466249,0.94,0.15604624251141083
segment,log,115,134,0.010001099347558525,0.953416149068323,0.012733642441834036,0.94,0.14553144734574036
segment,log,115,135,0.009911521065950847,0.9546583850931677,0.0126085696987457,0.9428571428571428,0.23569937064624302
segment,log,115,136,0.009915349834352962,0.9540372670807453,0.01261785620605157,0.9457142857142857,0.4271486570937096
segment,log,115,137,0.010047016305564108,0.953416149068323,0.01288363108258993,0.9457142857142857,0.44893236066243813
segment,log,115,138,0.010730067239692463,0.9503105590062112,0.013565071327652084,0.9371428571428572,0.6933354387995349
segment,log,115,139,0.020362404665540717,0.9099378881987578,0.02327079859513578,0.9057142857142857,0.6573936583771168
segment,log,115,140,0.010823946071465316,0.9546583850931677,0.01323283492572485,0.9457142857142857,0.7059880005336042
segment,log,115,141,0.012928057333490188,0.9372670807453416,0.015104198206139622,0.9342857142857143,0.5261661914517958
segment,log,115,142,0.009783942808983186,0.9540372670807453,0.012526383844475077,0.9485714285714286,0.42638223638429823
segment,log,115,143,0.009838857643663152,0.9583850931677018,0.012573694006991109,0.9457142857142857,0.5632968105523406
segment,log,115,144,0.018481119353868966,0.9136645962732919,0.02128667072295735,0.9142857142857143,0.7433242779687921
segment,log,115,145,0.010332043573417157,0.9527950310559006,0.01299778851161028,0.9371428571428572,0.6051452635482405
segment,log,115,146,0.00964775366184807,0.9546583850931677,0.012437945228455986,0.9457142857142857,0.26738241836598203
segment,log,115,147,0.010697545675304574,0.9515527950310559,0.013231142639527332,0.9428571428571428,0.6355303842849823
segment,log,115,148,0.009616850674508477,0.9565217391304348,0.012460806112607435,0.9428571428571428,0.11225621770170713
segment,log,115,149,0.009634470795831237,0.9546583850931677,0.012408375269546966,0.9485714285714286,0.3057586972429517
segment,log,115,150,0.01128593786570844,0.9453416149068323,0.014235260783101748,0.94,0.5318726780205033
segment,log,115,151,0.009550907977559548,0.9559006211180124,0.012342412414112758,0.9457142857142857,0.15014961275522104
segment,log,115,152,0.010435976345090484,0.9527950310559006,0.013367235918681589,0.9371428571428572,0.46076664051034505
segment,log,115,153,0.009502466056294649,0.9546583850931677,0.01236611997425464,0.94,0.1601178206773075
segment,log,115,154,0.00959059393253708,0.9559006211180124,0.012456135346021075,0.9457142857142857,0.08293168282055388
segment,log,115,155,0.010493461100686139,0.9540372670807453,0.013295331912031806,0.94,0.5220495766506263
segment,log,115,156,0.009494965650496687,0.9552795031055901,0.01230566448883455,0.9428571428571428,0.18808780633804564
segment,log,115,157,0.009577401670524975,0.9552795031055901,0.012219748550991484,0.9457142857142857,0.3804138276407185
segment,log,115,158,0.011459558672572631,0.94472049689441,0.013580375889599464,0.9428571428571428,0.6119841535386628
segment,log,115,159,0.009614259345962752,0.9552795031055901,0.012285267531810242,0.9428571428571428,0.5944072596055667
segment,log,115,160,0.013257472057995184,0.9360248447204969,0.016091648493147793,0.9314285714285714,0.6782299735174185
segment,log,115,161,0.009383894137788501,0.9565217391304348,0.012232626072879877,0.94,0.57146055203808
segment,log,115,162,0.009574370755534356,0.9565217391304348,0.012422166537229043,0.9428571428571428,0.4552824613614557
segment,log,115,163,0.009513760842374354,0.9540372670807453,0.012571917126680519,0.9457142857142857,0.5991873093586053
segment,log,115,164,0.01749695989201304,0.9180124223602485,0.020376877167943737,0.9171428571428571,0.5831978691619215
segment,log,115,165,0.009368580083564594,0.9565217391304348,0.01223274013445111,0.94,0.17133897473421483
segment,log,115,166,0.009275906087939293,0.9546583850931677,0.012168994606732634,0.9457142857142857,0.36434354854966977
segment,log,115,167,0.009452724492469164,0.9571428571428572,0.012476188532818176,0.9457142857142857,0.39088520932000603
segment,log,115,168,0.009273681262882734,0.9565217391304348,0.012027429751666378,0.9485714285714286,0.16623793573103332
segment,log,115,169,0.010293621811292616,0.9527950310559006,0.013243874217069152,0.9428571428571428,0.5107607848671291
segment,log,115,170,0.009195445714379767,0.9565217391304348,0.012092714798863282,0.9457142857142857,0.2781781321549462
segment,log,115,171,0.0106194998761087,0.9465838509316771,0.013655036012583176,0.94,0.503902239940462
segment,log,115,172,0.009132060496262636,0.9559006211180124,0.012017517147728602,0.94,0.5793077463659494
segment,log,115,173,0.009193039361069428,0.9571428571428572,0.01192957137259882,0.9514285714285714,0.15728440720159018
segment,log,115,174,0.011428524543039892,0.9422360248447205,0.014517400284808267,0.9342857142857143,0.5407759231873949
segment,log,115,175,0.010828394913713067,0.9472049689440993,0.013778323323017285,0.9371428571428572,0.6216470345133738
segment,log,115,176,0.009048571673144925,0.9577639751552796,0.011764147735241133,0.9514285714285714,0.2364316346254713
segment,log,115,177,0.009028942187233982,0.9590062111801242,0.01182652800800667,0.9485714285714286,0.2501760073882376
segment,log,115,178,0.009195779041098778,0.9571428571428572,0.012003157897788342,0.9457142857142857,0.4329716727722118
segment,log,115,179,0.009609167636904014,0.9577639751552796,0.011959389460129019,0.9485714285714286,0.5645369696782596
segment,log,115,180,0.0130433234947874,0.9385093167701863,0.01580764738799172,0.9342857142857143,0.5085297278861578
segment,log,115,181,0.008975032179162228,0.9577639751552796,0.011783400559827796,0.9485714285714286,0.10198875897204052
segment,log,115,182,0.008913346419123,0.9571428571428572,0.011831120725851933,0.9514285714285714,0.3561928035577801
segment,log,115,183,0.010093697059325262,0.9596273291925466,0.01311787325880776,0.9457142857142857,0.6364305137270005
segment,log,115,184,0.009714646568960431,0.9546583850931677,0.012329663226967722,0.9457142857142857,0.5127245189075451
segment,log,115,185,0.008831133768247864,0.9583850931677018,0.01180486459053559,0.9485714285714286,0.1813659906555386
segment,log,115,186,0.008903138853497285,0.9602484472049689,0.012081676622249321,0.9457142857142857,0.31648887621219224
segment,log,115,187,0.008798802833932163,0.9577639751552796,0.011865903916393389,0.9485714285714286,0.0964443878604257
segment,log,115,188,0.008983084128245682,0.9577639751552796,0.012099574947022353,0.9428571428571428,0.5729387794566051
segment,log,115,189,0.009983720959949765,0.9602484472049689,0.012743009373406807,0.9457142857142857,0.6694407944348799
segment,log,115,190,0.00910952179171213,0.9614906832298137,0.012075100548774177,0.9485714285714286,0.5257647022352822
segment,log,115,191,0.01595707751001433,0.9211180124223602,0.018879180680672434,0.92,0.5983264350755615
segment,log,115,192,0.014789468586222355,0.9236024844720497,0.01778938380790318,0.92,0.6766093522683175
segment,log,115,193,0.00877557191131136,0.9602484472049689,0.011903550689171222,0.9485714285714286,0.5801132213420906
segment,log,115,194,0.008665898115573471,0.9602484472049689,0.011898960887161811,0.9485714285714286,0.13091655420183712
segment,log,115,195,0.008848073959095157,0.9590062111801242,0.012107936136694909,0.9485714285714286,0.3892207981847556
segment,log,115,196,0.011896004108027308,0.9434782608695652,0.014311555376762972,0.9428571428571428,0.6307841695201563
segment,log,115,197,0.016298021299126934,0.9192546583850931,0.019134731202827594,0.9171428571428571,0.6207651152183098
segment,log,115,198,0.00949882583326741,0.962111801242236,0.01243242470819019,0.9457142857142857,0.6088230666430542
segment,log,115,199,0.009014978358244238,0.9577639751552796,0.012215302733557629,0.9485714285714286,0.3661508609980258
segment,log,115,200,0.00873760278586686,0.9590062111801242,0.011920702503882047,0.9485714285714286,0.4293542185461737
segment,log,115,201,0.008646655337800953,0.962111801242236,0.011785916289298171,0.9457142857142857,0.5897241770223688
segment,log,115,202,0.008597691688443383,0.9596273291925466,0.011770931133567121,0.9485714285714286,0.07130091124423965
segment,log,115,203,0.008733157481433662,0.9614906832298137,0.01182893660675091,0.9485714285714286,0.5946910153869012
segment,log,115,204,0.008887721015050939,0.9614906832298137,0.011897946859558625,0.9457142857142857,0.5773314474151005
segment,log,115,205,0.008441696572397024,0.9590062111801242,0.011667829118463657,0.9457142857142857,0.5587637873572323
segment,log,115,206,0.015093883936119287,0.9229813664596274,0.01800797591036302,0.92,0.5992311419297605
segment,log,115,207,0.009798383639447026,0.9503105590062112,0.013233651665509117,0.9428571428571428,0.5353216673135313
segment,log,115,208,0.012001509901783962,0.9434782608695652,0.014363178730919558,0.9342857142857143,0.6502418819067999
segment,log,115,209,0.008457551256222402,0.9596273291925466,0.011658917754243225,0.9485714285714286,0.28798459679280325
segment,log,115,210,0.008386672073747978,0.9608695652173913,0.011606064272154054,0.9485714285714286,0.5872117322952005
segment,log,115,211,0.008382933853183507,0.9614906832298137,0.011587752873015998,0.9457142857142857,0.2760328725441375
segment,log,115,212,0.008533491519247096,0.962111801242236,0.011601631912535913,0.9457142857142857,0.3446186637163686
segment,log,115,213,0.009504430911459902,0.9577639751552796,0.01260417635953131,0.9485714285714286,0.5192519793697362
segment,log,115,214,0.008569379095753824,0.9608695652173913,0.011658997066214559,0.9485714285714286,0.3238550335294962
segment,log,115,215,0.009322536525846088,0.962111801242236,0.012694346678513583,0.9457142857142857,0.6935948082266769
segment,log,115,216,0.008760025289215616,0.9571428571428572,0.012011653114401888,0.9485714285714286,0.4621265105487995
segment,log,115,217,0.00857141626055726,0.9590062111801242,0.011913386753146286,0.9457142857142857,0.6062984911749415
segment,log,115,218,0.008763218239541504,0.9596273291925466,0.01206895205353079,0.9485714285714286,0.37949219905215886
segment,log,115,219,0.008436928494103352,0.9614906832298137,0.011516199032973845,0.9542857142857143,0.5636550165909019
segment,log,115,220,0.00834587003131277,0.962111801242236,0.011552138328125747,0.9514285714285714,0.1694554376473626
segment,log,115,221,0.00829491887080961,0.962111801242236,0.011409893273439276,0.9514285714285714,0.23449324707400487
segment,log,115,222,0.00841195983437276,0.9596273291925466,0.011622290351314325,0.9514285714285714,0.048079738261395784
segment,log,115,223,0.00833965409214607,0.962111801242236,0.011505668853322942,0.9542857142857143,0.32506942807381767
segment,log,115,224,0.00814201449775808,0.9633540372670808,0.011304025575063362,0.9514285714285714,0.018988150601436597
segment,log,115,225,0.011306308789574901,0.9472049689440993,0.013914069244753628,0.9342857142857143,0.58127727113083
segment,log,115,226,0.008208014266684086,0.9658385093167702,0.011531657401599785,0.9514285714285714,0.4067327865400529
segment,log,115,227,0.008129575819873508,0.9645962732919254,0.0115554492573802,0.9514285714285714,0.5272312784132689
segment,log,115,228,0.008190220238930734,0.9639751552795031,0.01176040562980389,0.9457142857142857,0.3550115249088937
segment,log,115,229,0.008160554800233494,0.9645962732919254,0.011620395141947671,0.9485714285714286,0.5919302384331022
segment,log,115,230,0.008138598594067535,0.9652173913043478,0.011650350601952455,0.9514285714285714,0.03446359290267043
segment,log,115,231,0.007924379136797041,0.9627329192546584,0.011562940065094353,0.9514285714285714,0.12977487073248523
segment,log,115,232,0.007908090217752456,0.9627329192546584,0.011503744404785889,0.9485714285714286,0.5662957253148031
segment,log,115,233,0.007896067024434466,0.9658385093167702,0.011423485801727959,0.9514285714285714,0.09559324622822629
segment,log,115,234,0.01081012411454322,0.9478260869565217,0.013592805673845652,0.9428571428571428,0.6515667060367074
segment,log,115,235,0.007892093444360874,0.9639751552795031,0.011523036734531745,0.9514285714285714,0.11371011606039576
segment,log,115,236,0.012102505589226948,0.9397515527950311,0.015646718844179983,0.9228571428571428,0.5043150029360425
segment,log,115,237,0.00782446766102187,0.9633540372670808,0.011342147586514001,0.9485714285714286,0.46818371726691804
segment,log,115,238,0.01008234445702245,0.9496894409937888,0.01370634682086755,0.9371428571428572,0.5627853333068464
segment,log,115,239,0.007729165938327913,0.9652173913043478,0.011358850131890261,0.9485714285714286,0.06043852581036887
segment,log,115,240,0.009535950120342975,0.9571428571428572,0.012765464372570168,0.9457142857142857,0.4096374444538438
segment,log,115,241,0.007970366371905317,0.9658385093167702,0.011563533451902546,0.9514285714285714,0.5323751960904751
segment,log,115,242,0.007745557771720646,0.9639751552795031,0.011340895852312462,0.9485714285714286,0.3679462824876903
segment,log,115,243,0.008210227377933099,0.9608695652173913,0.012000397716587573,0.9485714285714286,0.3554727395880871
segment,log,115,244,0.010423447652653158,0.9503105590062112,0.013637653668359758,0.9428571428571428,0.5482849385999838
segment,log,115,245,0.007653958612242006,0.962111801242236,0.01147152366670994,0.9514285714285714,0.350500307305807
segment,log,115,246,0.008519367973160608,0.9639751552795031,0.012347082738155884,0.9514285714285714,0.523526554339553
segment,log,115,247,0.007818723417768323,0.9677018633540373,0.011424509123718243,0.9485714285714286,0.5718673567330492
segment,log,115,248,0.007687132986022976,0.9658385093167702,0.011394632068337242,0.9514285714285714,0.26616491031757805
segment,log,115,249,0.007568277431860387,0.9639751552795031,0.011272511262769,0.9485714285714286,0.3499669400954001
segment,log,115,250,0.007576649005709368,0.9652173913043478,0.011392401007168755,0.9485714285714286,0.18126007825202184
segment,log,115,251,0.01393163589993715,0.9366459627329192,0.0166530459542392,0.9257142857142857,0.6411713742804007
segment,log,115,252,0.007677653764433173,0.9658385093167702,0.011547343575204365,0.9485714285714286,0.5651537729716059
segment,log,115,253,0.007523763275723168,0.9652173913043478,0.011368986957029677,0.9485714285714286,0.2909386329882133
segment,log,115,254,0.007518831710494729,0.9639751552795031,0.011312709559009553,0.9485714285714286,0.3426568670125411
segment,log,115,255,0.00749891103524084,0.9658385093167702,0.011323658938405963,0.9485714285714286,0.13467348648358987
segment,log,115,256,0.007529787800679768,0.9633540372670808,0.011391152436611419,0.9514285714285714,0.41420150308779996
segment,log,115,257,0.008074774012093104,0.9677018633540373,0.011548097355585166,0.9457142857142857,0.6145341081206503
segment,log,115,258,0.008062054157505948,0.9652173913043478,0.011965269655818712,0.9457142857142857,0.492424314569862
segment,log,115,259,0.0074266120528557475,0.9645962732919254,0.011216098947753848,0.9485714285714286,0.04195378189992532
segment,log,115,260,0.007407281155302928,0.9652173913043478,0.011150582855939561,0.9457142857142857,0.2817744460646233
segment,log,115,261,0.007763826796734676,0.962111801242236,0.01162341316704782,0.9457142857142857,0.3559093375908001
segment,log,115,262,0.007468718712861604,0.9652173913043478,0.01136164078919965,0.9485714285714286,0.209128549292354
segment,log,115,263,0.008005090631380708,0.9645962732919254,0.011875585531378092,0.9485714285714286,0.5986481000535837
segment,log,115,264,0.007447255610093522,0.9664596273291925,0.011241579417612165,0.9514285714285714,0.1425267287836559
segment,log,115,265,0.007351888308685489,0.9633540372670808,0.011241150359693943,0.9457142857142857,0.22316972550265357
segment,log,115,266,0.007352179289335268,0.9658385093167702,0.011278630033505052,0.9514285714285714,0.39314957880706575
segment,log,115,267,0.007401959184986334,0.9677018633540373,0.011344384004549768,0.9457142857142857,0.15215700551869665
segment,log,115,268,0.007632633356276081,0.9677018633540373,0.01139580221796444,0.9457142857142857,0.2817474565396859
segment,log,115,269,0.007500662801716595,0.9677018633540373,0.01126935976300502,0.9514285714285714,0.419936485577642
segment,log,115,270,0.007567907165064815,0.9645962732919254,0.011415192586624507,0.9457142857142857,0.08598677526484544
segment,log,115,271,0.009894710041146134,0.9509316770186336,0.013615039970162274,0.9371428571428572,0.581550899030325
segment,log,115,272,0.007284127542460128,0.9677018633540373,0.011126038674650944,0.9514285714285714,0.09075431585066099
segment,log,115,273,0.007292117861181073,0.9658385093167702,0.011192829268953718,0.9485714285714286,0.13863328266619823
segment,log,115,274,0.007319371188274368,0.9670807453416149,0.011186301992761832,0.9514285714285714,0.2172471018617042
segment,log,115,275,0.007320498765133759,0.9670807453416149,0.011238642838970834,0.9514285714285714,0.2519679909109583
segment,log,115,276,0.007564004583034319,0.9645962732919254,0.011761652440311222,0.9485714285714286,0.47234443665466985
segment,log,115,277,0.007272639576000641,0.9664596273291925,0.011425072088159726,0.9485714285714286,0.20765392491973939
segment,log,115,278,0.00731497106004944,0.9683229813664597,0.011383635784627906,0.9457142857142857,0.5326580088092824
segment,log,115,279,0.007264944085641049,0.9670807453416149,0.01118894505336608,0.9428571428571428,0.06035798907036767
segment,log,115,280,0.007302192506397088,0.9677018633540373,0.011287989257793313,0.9428571428571428,0.14832510100080212
segment,log,115,281,0.0075518834859121175,0.9633540372670808,0.011559770543498703,0.9457142857142857,0.21583882870673438
segment,log,115,282,0.0072100679978238475,0.9664596273291925,0.01113364715553506,0.9428571428571428,0.371338601077309
segment,log,115,283,0.008022529699270748,0.9645962732919254,0.011999108573605907,0.9485714285714286,0.6068397807232362
segment,log,115,284,0.007195986309825693,0.9677018633540373,0.011079371264335601,0.9428571428571428,0.32859147716293086
segment,log,115,285,0.007145659465523143,0.9677018633540373,0.011071229852371125,0.9428571428571428,0.36640629084789555
segment,log,115,286,0.00792037293375766,0.9633540372670808,0.011956614299850172,0.9485714285714286,0.5970876067481617
segment,log,115,287,0.0071343942643379635,0.9652173913043478,0.011121216366880722,0.9457142857142857,0.5672049336180659
segment,log,115,288,0.008871508253374788,0.9596273291925466,0.012132828274013043,0.9428571428571428,0.5451735177046834
segment,log,115,289,0.007429413042624728,0.9695652173913043,0.011181730159463658,0.9457142857142857,0.2449075776329802
segment,log,115,290,0.007163500108410276,0.9701863354037267,0.011044356849607318,0.9457142857142857,0.473385892981583
segment,log,115,291,0.007204691335431663,0.968944099378882,0.011076901535714827,0.9428571428571428,0.37826586854581007
segment,log,115,292,0.007207268074946675,0.9701863354037267,0.011050369560140877,0.9428571428571428,0.2734548698630346
segment,log,115,293,0.007049519646209924,0.9695652173913043,0.01098012375740391,0.9428571428571428,0.1258976344665967
segment,log,115,294,0.007062172226085083,0.9695652173913043,0.010988211932805208,0.9485714285714286,0.6591061172375874
segment,log,115,295,0.0071172724249023486,0.9701863354037267,0.011002011272766506,0.9428571428571428,0.04910819998419991
segment,log,115,296,0.007030134351221935,0.968944099378882,0.01103946536694499,0.9428571428571428,0.295627308362399
segment,log,115,297,0.007412696228763072,0.9652173913043478,0.011505917834475219,0.9428571428571428,0.07881729628178147
segment,log,115,298,0.007007166593696509,0.9714285714285714,0.010986586417847255,0.9457142857142857,0.06527875387435515
segment,log,115,299,0.007065561836019146,0.970807453416149,0.010922223589223148,0.9428571428571428,0.042327207550402764
segment,log,115,300,0.0069660639738919035,0.9701863354037267,0.010916943860726435,0.9457142857142857,0.2598226974966027
segment,log,115,301,0.00714838155464129,0.9714285714285714,0.011006391898744914,0.9428571428571428,0.26778388378778595
segment,log,115,302,0.0069694811099454195,0.9714285714285714,0.010973587668143065,0.9457142857142857,0.18400960942740066
segment,log,115,303,0.006949336840701452,0.970807453416149,0.010913228272270752,0.9428571428571428,0.06624613347579529
segment,log,115,304,0.006914120439958552,0.9695652173913043,0.010765386600812978,0.9428571428571428,0.6520846116157826
segment,log,115,305,0.007496183406192978,0.970807453416149,0.010973988855223969,0.9457142857142857,0.7193894217497913
segment,log,115,306,0.00691650726818713,0.970807453416149,0.010955387577604093,0.9428571428571428,0.3028242730336494
segment,log,115,307,0.006846084663898574,0.968944099378882,0.01095286219951006,0.94,0.2168994314841544
segment,log,115,308,0.00733714265176262,0.968944099378882,0.011139282859314294,0.9428571428571428,0.04514273961319363
segment,log,115,309,0.0072665925063012905,0.9683229813664597,0.01114379021129109,0.9428571428571428,0.5871012569918367
segment,log,115,310,0.00841138935752432,0.9645962732919254,0.01204211113005468,0.9428571428571428,0.6106871554635405
segment,log,115,311,0.006739468071827413,0.970807453416149,0.010941147335130038,0.94,0.0510661536838196
segment,log,115,312,0.007344834132626793,0.970807453416149,0.011715007233764242,0.94,0.4262873025548481
segment,log,115,313,0.0070417796447932125,0.9714285714285714,0.011265147601431255,0.9428571428571428,0.00770014083748581
segment,log,115,314,0.010142540684353942,0.9509316770186336,0.01437519262152338,0.9285714285714286,0.4255197951586359
segment,log,115,315,0.0068213549403767304,0.9720496894409938,0.01125195478733143,0.9457142857142857,0.35668594433287004
segment,log,115,316,0.007001059853503544,0.968944099378882,0.011023830010694704,0.9428571428571428,0.5403607276024158
segment,log,115,317,0.01697030947277655,0.9267080745341615,0.020675364667230137,0.9085714285714286,0.5905308281593992
segment,log,115,318,0.006683844590760171,0.970807453416149,0.011059929288694948,0.9428571428571428,0.009680697041860038
segment,log,115,319,0.00661085893116055,0.9732919254658385,0.010951457231106241,0.9428571428571428,0.18676802443262144
segment,log,115,320,0.006629308977685002,0.9732919254658385,0.01117117915455811,0.9428571428571428,0.03617470502704527
segment,log,115,321,0.008966000490010641,0.962111801242236,0.012431105711464378,0.9457142857142857,0.5336446684100599
segment,log,115,322,0.00678942574108913,0.970807453416149,0.011240459214699529,0.94,0.09787685841828549
segment,log,115,323,0.006543958395199927,0.9732919254658385,0.011019828414042152,0.9428571428571428,0.021690691322044636
segment,log,115,324,0.006715640210403116,0.9732919254658385,0.010995509257059687,0.9457142857142857,0.11218778132795833
segment,log,115,325,0.006593974248121896,0.9732919254658385,0.010842614031718266,0.9428571428571428,0.5891435530131349
segment,log,115,326,0.006686633846778629,0.9720496894409938,0.010918659276325487,0.9428571428571428,0.36709973858218764
segment,log,115,327,0.007835927563786526,0.9670807453416149,0.01262662179181124,0.94,0.5344486825118417
segment,log,115,328,0.006490924323676145,0.9720496894409938,0.011125896589384761,0.94,0.26041007841428165
segment,log,115,329,0.006670370195106114,0.970807453416149,0.011343882997714475,0.94,0.013188669835609767
segment,log,115,330,0.006505037601612978,0.9720496894409938,0.011199402122860044,0.94,0.16015866085626682
segment,log,115,331,0.006450330147036933,0.9739130434782609,0.011078490499873896,0.9428571428571428,0.06838846307358078
segment,log,115,332,0.006428780826691589,0.9763975155279503,0.011097536312307569,0.9457142857142857,0.16581275869428067
segment,log,115,333,0.007235339587049855,0.970807453416149,0.011438269804183464,0.9428571428571428,0.6546615172800526
segment,log,115,334,0.0064153216924389776,0.9757763975155279,0.011135166634669744,0.9457142857142857,0.026497961864419075
segment,log,115,335,0.006513664491504099,0.9739130434782609,0.011177747293683739,0.9428571428571428,0.29349900835344234
segment,log,115,336,0.006434083548737232,0.9745341614906833,0.011080156242532332,0.9428571428571428,0.08054816584096783
segment,log,115,337,0.006362785363980611,0.9751552795031055,0.01109811479133687,0.9428571428571428,0.1306862061805417
segment,log,115,338,0.006391126264334759,0.9739130434782609,0.010975599117243865,0.9457142857142857,0.1962100573486976
segment,log,115,339,0.006425102486909476,0.9739130434782609,0.010990956492711725,0.9457142857142857,0.5637472656398189
segment,log,115,340,0.006591141191232233,0.9757763975155279,0.011174212064047628,0.9485714285714286,0.46473766458600074
segment,log,115,341,0.006499489171436942,0.9720496894409938,0.011270248222562907,0.9428571428571428,0.31901192094412545
segment,log,115,342,0.006404169309141557,0.9751552795031055,0.011188552805835198,0.94,0.19579933439607794
segment,log,115,343,0.007192697582908636,0.9701863354037267,0.01212333255177326,0.9371428571428572,0.4989166223138301
segment,log,115,344,0.006301351700253516,0.9763975155279503,0.0111675697017251,0.9485714285714286,0.2211977699556662
segment,log,115,345,0.0065251803678112825,0.9726708074534162,0.011512814388544646,0.9428571428571428,0.3861458419100281
segment,log,115,346,0.00644162721973193,0.9745341614906833,0.011299588513290736,0.9457142857142857,0.6122000426185821
segment,log,115,347,0.006404314402170623,0.9745341614906833,0.011075496162237153,0.9457142857142857,0.12322860753275205
segment,log,115,348,0.006231192455569658,0.9757763975155279,0.011094444252885093,0.9457142857142857,0.5663340078156431
segment,log,115,349,0.006393762999577028,0.9745341614906833,0.011036322987866852,0.9457142857142857,0.4496153889229352
segment,log,115,350,0.006356486086473031,0.9739130434782609,0.011220797589647951,0.9485714285714286,0.5295567525165127
